1.000000000000000000e+00	-8.586226253445543577e-01	2.100108822596104818e-01	-1.240844678978078736e-01	1.104519508856133259e-01	-3.631536286842845795e-01	2.504833463758671108e-01	-1.727599265239303516e-01	1.101400300703714724e-01	-8.935886279859456272e-02	1.234285372309617823e-01	-1.198500117069545984e-01	1.134217257143297908e-01	-1.074024535878800451e-01	7.428093196469182091e-02	-7.546824205322158474e-02	6.841266483187466441e-02	-8.454239232871271770e-02	7.606716051584647142e-02	-7.491760581201516167e-02	5.336636922234140601e-02	-6.722193925214597909e-02	7.424135290963859712e-02	-7.307886357045102754e-02	4.720049546817698533e-02	-5.713994437140857557e-02	8.484425713234265698e-02	-5.656726578142795558e-02	6.068691917437118999e-02	-4.538118096736512563e-02	5.160964994937489170e-02	-4.411826822557862737e-02	5.488369528105104672e-02	-3.139611364934552507e-02	4.343497689450744742e-02
-8.586226253445543577e-01	1.000000000000000222e+00	-2.553933218881824230e-01	1.150962309136163569e-01	-1.017043234365148374e-01	2.607841420067493199e-01	-3.437204475143493254e-01	1.650036885947274989e-01	-1.059200456310067789e-01	8.016555557520070596e-02	-1.306171777567231018e-01	1.206845154079889126e-01	-1.078120168035944931e-01	9.855336340394145467e-02	-6.732537613452604930e-02	6.767896017674022990e-02	-6.228060927145432496e-02	7.593237621591671094e-02	-6.832404723585924766e-02	6.681223518322253196e-02	-4.737224751472525475e-02	5.949234753647120871e-02	-6.644351854579562400e-02	6.441953499623842561e-02	-4.175038102184233657e-02	5.033951830917985509e-02	-7.492767616116305374e-02	4.998256782372725165e-02	-5.360929833851913601e-02	3.997227709724136824e-02	-4.559765810127770769e-02	3.893195385001949754e-02	-4.854095792381957208e-02	2.770139592256129143e-02	-3.833995757542815741e-02
2.100108822596104818e-01	-2.553933218881824230e-01	1.000000000000000222e+00	-4.217096250597394125e-01	2.689851887106265993e-01	-3.877443363689246913e-01	2.668727502410095376e-01	-4.867569516108493088e-01	2.818151144081825765e-01	-2.263597930421067939e-01	1.623070317320366718e-01	-1.465585841521905297e-01	2.555395970754932855e-01	-2.676641060312332510e-01	1.784649214915914051e-01	-1.604596417081872450e-01	1.423318382791283754e-01	-1.931145093512192934e-01	1.753682514558008720e-01	-1.813044064206940642e-01	1.181148637870236134e-01	-1.514716855735463164e-01	1.658424202055111818e-01	-1.698007013728068948e-01	1.075067903981977852e-01	-1.289785276471260844e-01	1.868726565973134190e-01	-1.271953164972339512e-01	1.360046513209412222e-01	-1.041282412942094726e-01	1.143974491953634043e-01	-9.851776573098995626e-02	1.219145616247460095e-01	-7.049005252146436917e-02	9.701020699836764016e-02
-1.240844678978078736e-01	1.150962309136163569e-01	-4.217096250597394125e-01	9.999999999999997780e-01	-5.287593142769844157e-01	1.976143509479910687e-01	-1.815893712814768690e-01	2.779135127861982468e-01	-5.912150901246251422e-01	2.309728733024691005e-01	-1.172805747515467262e-01	1.003487968169527733e-01	-2.414269411383032082e-01	2.546774725414670537e-01	-1.875463396271345173e-01	1.143003802174898248e-01	-1.083176940378711983e-01	1.503766251023849199e-01	-1.558323367069462673e-01	1.545757523890217700e-01	-8.730036211105500488e-02	1.104070376920818219e-01	-1.306036304984655172e-01	1.270685030052143838e-01	-8.322750982692760091e-02	9.206930516444981893e-02	-1.382335429234318458e-01	9.428181607162487710e-02	-1.035752774750353933e-01	7.761895067998969555e-02	-8.441606897695556888e-02	7.222361042670655262e-02	-9.128230172299781064e-02	5.308407837918282385e-02	-7.354408706037038335e-02
1.104519508856133259e-01	-1.017043234365148374e-01	2.689851887106265993e-01	-5.287593142769844157e-01	1.000000000000000444e+00	-2.170431678169701117e-01	1.654848259625003037e-01	-2.470629285868784497e-01	2.667919654598331358e-01	-5.342362271906297977e-01	1.146206292503344770e-01	-9.949196718569014442e-02	2.224426226083253133e-01	-2.709491980191320870e-01	2.596932609558795790e-01	-1.480293942964111265e-01	1.324693045149299975e-01	-1.903794654505964745e-01	2.004189525124125681e-01	-2.385097432240945448e-01	1.112355709034395929e-01	-1.439875613657105868e-01	1.613215842413489032e-01	-1.751015455340426130e-01	1.095849491273701987e-01	-1.212242769888501326e-01	1.733815009736242307e-01	-1.218229209006331526e-01	1.328504167824180182e-01	-1.046188120643635477e-01	1.070918269368681397e-01	-9.276017689069859795e-02	1.155235985303366270e-01	-6.846890852845921582e-02	9.385241571238106539e-02
-3.631536286842845795e-01	2.607841420067493199e-01	-3.877443363689246913e-01	1.976143509479910687e-01	-2.170431678169701117e-01	9.999999999999994449e-01	-6.193824740860627287e-01	2.732146510295446196e-01	-2.055183968017175178e-01	1.536074157094656778e-01	-3.280001900586536623e-01	2.409181026716114560e-01	-2.215390488551645942e-01	1.850381460867571437e-01	-1.363003130875903579e-01	1.378392951965352053e-01	-1.335472948688584127e-01	1.526028336243446804e-01	-1.422295518195354769e-01	1.307515245135802973e-01	-1.005702322317313935e-01	1.228383042007860915e-01	-1.410800945519612160e-01	1.302810695534258045e-01	-8.802404378437883592e-02	1.042140127153171197e-01	-1.656883532538034887e-01	1.059882343489069179e-01	-1.161497966193430625e-01	8.292080527088752095e-02	-9.907944006242012935e-02	8.352750749441052724e-02	-1.055924534916546642e-01	5.976895694186466768e-02	-8.366496091653434497e-02
2.504833463758671108e-01	-3.437204475143493254e-01	2.668727502410095376e-01	-1.815893712814768690e-01	1.654848259625003037e-01	-6.193824740860627287e-01	9.999999999999994449e-01	-3.954719988913427686e-01	1.861218156620834674e-01	-1.331060408050910027e-01	2.671871878045373738e-01	-3.878523704955254003e-01	1.965564787306030847e-01	-1.765655434897838993e-01	1.136429951663412430e-01	-1.237606486546660306e-01	1.135870473890340931e-01	-1.336493733643418502e-01	1.160130552707238083e-01	-1.125354480287351078e-01	8.126549648342414056e-02	-1.019188843868262251e-01	1.141000185146658907e-01	-1.082786537020593715e-01	6.998309328580194777e-02	-8.548779905800567291e-02	1.255575658271942396e-01	-8.436791231338985897e-02	8.958649634677495754e-02	-6.688945108169770670e-02	7.678523342576101807e-02	-6.555144584979072375e-02	8.164676811780102739e-02	-4.626970259342864239e-02	6.393521380637207097e-02
-1.727599265239303516e-01	1.650036885947274989e-01	-4.867569516108493088e-01	2.779135127861982468e-01	-2.470629285868784497e-01	2.732146510295446196e-01	-3.954719988913427686e-01	9.999999999999982236e-01	-4.843023680383470864e-01	1.834631717756981251e-01	-1.801561819830825584e-01	1.609984830680971923e-01	-4.335118905492433283e-01	2.847717466990045132e-01	-1.657194264362681635e-01	1.308595796949006407e-01	-1.274893118859378172e-01	1.783865476124294747e-01	-1.576509691471187635e-01	1.492426468753357827e-01	-9.642474547679064090e-02	1.217149091564878605e-01	-1.491509688673530731e-01	1.327809519685804185e-01	-8.651763938175040247e-02	9.992171759665191555e-02	-1.492958187381319135e-01	1.019970989426619151e-01	-1.086971186227780606e-01	8.099250668769999995e-02	-9.137701555987533253e-02	7.797082861722118285e-02	-9.857680635491222754e-02	5.579052377215243386e-02	-7.711232853089729222e-02
1.101400300703714724e-01	-1.059200456310067789e-01	2.818151144081825765e-01	-5.912150901246251422e-01	2.667919654598331358e-01	-2.055183968017175178e-01	1.861218156620834674e-01	-4.843023680383470864e-01	9.999999999999987788e-01	-2.277128440034545676e-01	1.150912738509981548e-01	-1.048996695861011685e-01	2.776073359815904862e-01	-4.655396770260200046e-01	1.827294861838668349e-01	-1.132926387745459840e-01	1.064399810331239787e-01	-1.566186125263839268e-01	1.488709771178712837e-01	-1.551837486935866983e-01	8.386926409622579015e-02	-1.075252484432361183e-01	1.276841940686445354e-01	-1.227219139410221371e-01	7.858253841565247810e-02	-8.851976988126045165e-02	1.290852708083830014e-01	-9.001156847933186600e-02	9.660830732939912346e-02	-7.377353361149345534e-02	7.955231090196022981e-02	-6.836007951943896821e-02	8.598950542650744822e-02	-4.959717888621723719e-02	6.826470384363761412e-02
-8.935886279859456272e-02	8.016555557520070596e-02	-2.263597930421067939e-01	2.309728733024691005e-01	-5.342362271906297977e-01	1.536074157094656778e-01	-1.331060408050910027e-01	1.834631717756981251e-01	-2.277128440034545676e-01	9.999999999999987788e-01	-9.639456401619014847e-02	8.175155421697745395e-02	-2.154866910248585954e-01	2.326046797611681649e-01	-6.338217435193169713e-01	1.234465813614834817e-01	-1.210936560316110550e-01	1.740834814238969575e-01	-2.609884110063581675e-01	2.646632936525971092e-01	-9.875289696176027532e-02	1.242999807096629716e-01	-1.548376833061696767e-01	1.586385140196087118e-01	-1.087243306347662475e-01	1.023151106892214723e-01	-1.569952456535894103e-01	1.092583289205050351e-01	-1.282220033802032033e-01	9.548911225388387325e-02	-9.603987018576469470e-02	8.219011812611276557e-02	-1.063484030095468852e-01	6.463799117617957668e-02	-9.022280168541521594e-02
1.234285372309617823e-01	-1.306171777567231018e-01	1.623070317320366718e-01	-1.172805747515467262e-01	1.146206292503344770e-01	-3.280001900586536623e-01	2.671871878045373738e-01	-1.801561819830825584e-01	1.150912738509981548e-01	-9.639456401619014847e-02	9.999999999999996669e-01	-8.550752644635239985e-01	1.479918841736307944e-01	-1.303447557946629809e-01	8.364777009134614916e-02	-1.429866322603495499e-01	1.232946812976646878e-01	-1.124613387658099789e-01	9.026883999600020247e-02	-8.605376670702388764e-02	7.066997308573634562e-02	-8.685381196222052846e-02	9.358762035048055761e-02	-8.526798021667286731e-02	5.451482981390392418e-02	-7.186029044604910765e-02	9.967910791356360267e-02	-6.776741629398733147e-02	6.962020875814452225e-02	-5.233001095833091781e-02	6.200566111365472116e-02	-5.286977825965816918e-02	6.503217551042407563e-02	-3.602877115165348254e-02	4.949281346286484723e-02
-1.198500117069545984e-01	1.206845154079889126e-01	-1.465585841521905297e-01	1.003487968169527733e-01	-9.949196718569014442e-02	2.409181026716114560e-01	-3.878523704955254003e-01	1.609984830680971923e-01	-1.048996695861011685e-01	8.175155421697745395e-02	-8.550752644635239985e-01	9.999999999999988898e-01	-1.520761772963590830e-01	1.152705883629141642e-01	-7.264562285183266688e-02	1.163958798551597562e-01	-1.199642615690050818e-01	9.861487662447505909e-02	-7.841345162274054870e-02	7.318895177381865014e-02	-6.016374532280381604e-02	7.353702407970610921e-02	-8.159221729802680623e-02	7.169581603857512475e-02	-4.613592500932445911e-02	6.011495677180843378e-02	-8.448779332460058800e-02	5.730459494952452187e-02	-5.888540472123873770e-02	4.393845517535754919e-02	-5.247102251554282282e-02	4.459068944372783505e-02	-5.518566286607708149e-02	3.040224043297520828e-02	-4.181976974655735035e-02
1.134217257143297908e-01	-1.078120168035944931e-01	2.555395970754932855e-01	-2.414269411383032082e-01	2.224426226083253133e-01	-2.215390488551645942e-01	1.965564787306030847e-01	-4.335118905492433283e-01	2.776073359815904862e-01	-2.154866910248585954e-01	1.479918841736307944e-01	-1.520761772963590830e-01	9.999999999999998890e-01	-6.427984976258250827e-01	2.081749284754633444e-01	-1.687365757977900838e-01	1.615901605083758519e-01	-3.470222362646133152e-01	2.028676033057373040e-01	-2.012800823193406363e-01	1.172889262270001565e-01	-1.568392319996772810e-01	1.975152891103764963e-01	-1.673775704483060622e-01	1.031082558948468730e-01	-1.213511738801970469e-01	1.680859402188531748e-01	-1.246607386215726199e-01	1.246179622844636042e-01	-9.686703439541019534e-02	1.056614758788339270e-01	-9.148312323947346836e-02	1.150146377910327145e-01	-6.394586378572747476e-02	8.694773892687804318e-02
-1.074024535878800451e-01	9.855336340394145467e-02	-2.676641060312332510e-01	2.546774725414670537e-01	-2.709491980191320870e-01	1.850381460867571437e-01	-1.765655434897838993e-01	2.847717466990045132e-01	-4.655396770260200046e-01	2.326046797611681649e-01	-1.303447557946629809e-01	1.152705883629141642e-01	-6.427984976258250827e-01	1.000000000000000000e+00	-3.208948761235316804e-01	1.354819938321436268e-01	-1.369639030514116784e-01	2.127806355641686242e-01	-2.119293713860835315e-01	2.006849748188648808e-01	-1.028644390531410491e-01	1.308676467764988971e-01	-1.716224109092008843e-01	1.486587831510828295e-01	-9.705119500068469518e-02	1.046460460811786952e-01	-1.554038207217598166e-01	1.095501415060282785e-01	-1.174686745903378987e-01	8.835179656657864145e-02	-9.597565787293084461e-02	8.204193167315237956e-02	-1.049969526806126263e-01	5.980028304581613829e-02	-8.246549033340251633e-02
7.428093196469182091e-02	-6.732537613452604930e-02	1.784649214915914051e-01	-1.875463396271345173e-01	2.596932609558795790e-01	-1.363003130875903579e-01	1.136429951663412430e-01	-1.657194264362681635e-01	1.827294861838668349e-01	-6.338217435193169713e-01	8.364777009134614916e-02	-7.264562285183266688e-02	2.081749284754633444e-01	-3.208948761235316804e-01	9.999999999999998890e-01	-1.200233808711290984e-01	1.135252307944765865e-01	-1.829620450400530340e-01	2.600911209635501375e-01	-5.321365814478991041e-01	9.097580046011712052e-02	-1.184390692177711008e-01	1.451481632661527632e-01	-1.642980287963911878e-01	1.041423838013959546e-01	-9.549979244840917092e-02	1.378027501540239619e-01	-1.010385244813071792e-01	1.151227742795531694e-01	-9.315790981564196771e-02	8.592311426967860766e-02	-7.445242351982406248e-02	9.508252694152627416e-02	-5.825947000983525137e-02	7.971666330897120289e-02
-7.546824205322158474e-02	6.767896017674022990e-02	-1.604596417081872450e-01	1.143003802174898248e-01	-1.480293942964111265e-01	1.378392951965352053e-01	-1.237606486546660306e-01	1.308595796949006407e-01	-1.132926387745459840e-01	1.234465813614834817e-01	-1.429866322603495499e-01	1.163958798551597562e-01	-1.687365757977900838e-01	1.354819938321436268e-01	-1.200233808711290984e-01	1.000000000000000666e+00	-8.105514103521483937e-01	2.526547829912408338e-01	-1.767955115447446268e-01	1.350351091469015052e-01	-2.665156009603623644e-01	2.253231282111472500e-01	-2.377931593230409868e-01	1.573362464857923637e-01	-1.040529531590110995e-01	1.851115165489301273e-01	-2.337279796476695592e-01	1.479940508187388981e-01	-1.361871730142864279e-01	9.705784624807967109e-02	-1.538293043238611879e-01	1.229578120618563253e-01	-1.479785581469828804e-01	7.024854448421430364e-02	-9.572845278703004390e-02
6.841266483187466441e-02	-6.228060927145432496e-02	1.423318382791283754e-01	-1.083176940378711983e-01	1.324693045149299975e-01	-1.335472948688584127e-01	1.135870473890340931e-01	-1.274893118859378172e-01	1.064399810331239787e-01	-1.210936560316110550e-01	1.232946812976646878e-01	-1.199642615690050818e-01	1.615901605083758519e-01	-1.369639030514116784e-01	1.135252307944765865e-01	-8.105514103521483937e-01	9.999999999999996669e-01	-3.748689636292459326e-01	1.703800884144680283e-01	-1.393150586417391257e-01	1.935223156446641002e-01	-2.446308782401160342e-01	2.228962603327520331e-01	-1.555504364571148601e-01	9.575522567662812790e-02	-1.706082089071001284e-01	1.912750629370719435e-01	-1.366433553197094197e-01	1.202621687655802685e-01	-9.069854814377384389e-02	1.272538088352037911e-01	-1.071994751344255981e-01	1.268038783257827984e-01	-6.218949079473699848e-02	8.344178785145538180e-02
-8.454239232871271770e-02	7.593237621591671094e-02	-1.931145093512192934e-01	1.503766251023849199e-01	-1.903794654505964745e-01	1.526028336243446804e-01	-1.336493733643418502e-01	1.783865476124294747e-01	-1.566186125263839268e-01	1.740834814238969575e-01	-1.124613387658099789e-01	9.861487662447505909e-02	-3.470222362646133152e-01	2.127806355641686242e-01	-1.829620450400530340e-01	2.526547829912408338e-01	-3.748689636292459326e-01	1.000000000000000222e+00	-4.078603388432136545e-01	2.244222738769529879e-01	-1.858961494887917676e-01	2.446050196262733734e-01	-5.600929036701551844e-01	2.289535279973067827e-01	-1.424562655511389109e-01	1.672661475845424184e-01	-2.400057703309937951e-01	1.891690036786663476e-01	-1.696481564706849576e-01	1.260432261702421064e-01	-1.518275156997714037e-01	1.295166894503100297e-01	-1.744925505679991717e-01	8.533273444082194181e-02	-1.149792456143187008e-01
7.606716051584647142e-02	-6.832404723585924766e-02	1.753682514558008720e-01	-1.558323367069462673e-01	2.004189525124125681e-01	-1.422295518195354769e-01	1.160130552707238083e-01	-1.576509691471187635e-01	1.488709771178712837e-01	-2.609884110063581675e-01	9.026883999600020247e-02	-7.841345162274054870e-02	2.028676033057373040e-01	-2.119293713860835315e-01	2.600911209635501375e-01	-1.767955115447446268e-01	1.703800884144680283e-01	-4.078603388432136545e-01	1.000000000000000444e+00	-6.509723084441056962e-01	1.285953674939964986e-01	-1.751606837879624567e-01	2.324963231160596389e-01	-3.511626890357227859e-01	1.691928776904892961e-01	-1.323088132249199411e-01	1.824574735427952343e-01	-1.463418564350881246e-01	1.681468743422639966e-01	-1.450771399502511216e-01	1.163740850031306229e-01	-1.019377945779802452e-01	1.319760456128337700e-01	-8.341574090297652899e-02	1.123546513346774522e-01
-7.491760581201516167e-02	6.681223518322253196e-02	-1.813044064206940642e-01	1.545757523890217700e-01	-2.385097432240945448e-01	1.307515245135802973e-01	-1.125354480287351078e-01	1.492426468753357827e-01	-1.551837486935866983e-01	2.646632936525971092e-01	-8.605376670702388764e-02	7.318895177381865014e-02	-2.012800823193406363e-01	2.006849748188648808e-01	-5.321365814478991041e-01	1.350351091469015052e-01	-1.393150586417391257e-01	2.244222738769529879e-01	-6.509723084441056962e-01	1.000000000000001332e+00	-1.080608604099813769e-01	1.378770511729858483e-01	-1.883745079873070383e-01	2.098265641302661244e-01	-1.514723372010701730e-01	1.092776783689432402e-01	-1.647671488714378685e-01	1.217711083590052867e-01	-1.512370745980337050e-01	1.188894691375520646e-01	-1.024735031215207315e-01	8.816153301348828020e-02	-1.164264551405512077e-01	7.424699104983500941e-02	-1.029188702060815502e-01
5.336636922234140601e-02	-4.737224751472525475e-02	1.181148637870236134e-01	-8.730036211105500488e-02	1.112355709034395929e-01	-1.005702322317313935e-01	8.126549648342414056e-02	-9.642474547679064090e-02	8.386926409622579015e-02	-9.875289696176027532e-02	7.066997308573634562e-02	-6.016374532280381604e-02	1.172889262270001565e-01	-1.028644390531410491e-01	9.097580046011712052e-02	-2.665156009603623644e-01	1.935223156446641002e-01	-1.858961494887917676e-01	1.285953674939964986e-01	-1.080608604099813769e-01	1.000000000000000666e+00	-5.681477505346567147e-01	2.268775212205428327e-01	-1.505125983112830801e-01	9.384536807015309012e-02	-6.461004257116871319e-01	2.590138774869327754e-01	-1.702840724386125437e-01	1.253292589133326307e-01	-9.271161052040018113e-02	2.231521159221099559e-01	-1.798946087890680445e-01	1.630836259969306590e-01	-6.623550544620172842e-02	8.656065966600953732e-02
-6.722193925214597909e-02	5.949234753647120871e-02	-1.514716855735463164e-01	1.104070376920818219e-01	-1.439875613657105868e-01	1.228383042007860915e-01	-1.019188843868262251e-01	1.217149091564878605e-01	-1.075252484432361183e-01	1.242999807096629716e-01	-8.685381196222052846e-02	7.353702407970610921e-02	-1.568392319996772810e-01	1.308676467764988971e-01	-1.184390692177711008e-01	2.253231282111472500e-01	-2.446308782401160342e-01	2.446050196262733734e-01	-1.751606837879624567e-01	1.378770511729858483e-01	-5.681477505346567147e-01	1.000000000000000888e+00	-4.819391723408038009e-01	1.941821207937192983e-01	-1.269269525595082271e-01	2.900608764698877073e-01	-4.108491866159680872e-01	2.165256349059785645e-01	-1.681419231837327499e-01	1.191196206792123069e-01	-2.375157918689030645e-01	1.867648289111629445e-01	-2.126636752886627568e-01	8.694810081682576020e-02	-1.154865920499489607e-01
7.424135290963859712e-02	-6.644351854579562400e-02	1.658424202055111818e-01	-1.306036304984655172e-01	1.613215842413489032e-01	-1.410800945519612160e-01	1.141000185146658907e-01	-1.491509688673530731e-01	1.276841940686445354e-01	-1.548376833061696767e-01	9.358762035048055761e-02	-8.159221729802680623e-02	1.975152891103764963e-01	-1.716224109092008843e-01	1.451481632661527632e-01	-2.377931593230409868e-01	2.228962603327520331e-01	-5.600929036701551844e-01	2.324963231160596389e-01	-1.883745079873070383e-01	2.268775212205428327e-01	-4.819391723408038009e-01	1.000000000000001554e+00	-3.234436908814555256e-01	1.616509000901480697e-01	-2.187700869813917759e-01	2.647820433439245780e-01	-3.202147437782459916e-01	1.915625096800507576e-01	-1.512666245004768983e-01	1.752562396368961550e-01	-1.604109428686389949e-01	2.137096876486690999e-01	-9.735479351625367372e-02	1.252718957747998019e-01
-7.307886357045102754e-02	6.441953499623842561e-02	-1.698007013728068948e-01	1.270685030052143838e-01	-1.751015455340426130e-01	1.302810695534258045e-01	-1.082786537020593715e-01	1.327809519685804185e-01	-1.227219139410221371e-01	1.586385140196087118e-01	-8.526798021667286731e-02	7.169581603857512475e-02	-1.673775704483060622e-01	1.486587831510828295e-01	-1.642980287963911878e-01	1.573362464857923637e-01	-1.555504364571148601e-01	2.289535279973067827e-01	-3.511626890357227859e-01	2.098265641302661244e-01	-1.505125983112830801e-01	1.941821207937192983e-01	-3.234436908814555256e-01	1.000000000000001110e+00	-5.674727362009187592e-01	1.525134123982941625e-01	-2.366872975860984107e-01	2.034266222359493448e-01	-3.851479322465750643e-01	2.928002234126304004e-01	-1.512556172092826834e-01	1.331923855802870649e-01	-1.906267520441733421e-01	1.674063854512062854e-01	-2.353385787920632688e-01
4.720049546817698533e-02	-4.175038102184233657e-02	1.075067903981977852e-01	-8.322750982692760091e-02	1.095849491273701987e-01	-8.802404378437883592e-02	6.998309328580194777e-02	-8.651763938175040247e-02	7.858253841565247810e-02	-1.087243306347662475e-01	5.451482981390392418e-02	-4.613592500932445911e-02	1.031082558948468730e-01	-9.705119500068469518e-02	1.041423838013959546e-01	-1.040529531590110995e-01	9.575522567662812790e-02	-1.424562655511389109e-01	1.691928776904892961e-01	-1.514723372010701730e-01	9.384536807015309012e-02	-1.269269525595082271e-01	1.616509000901480697e-01	-5.674727362009187592e-01	1.000000000000000222e+00	-1.024091575795847003e-01	1.459941478241053303e-01	-1.438515396463457274e-01	2.729371250989089392e-01	-6.921321066416246115e-01	9.561338749877061616e-02	-8.776435785269150192e-02	1.216454734407237670e-01	-1.286527101744130985e-01	1.517847960955324149e-01
-5.713994437140857557e-02	5.033951830917985509e-02	-1.289785276471260844e-01	9.206930516444981893e-02	-1.212242769888501326e-01	1.042140127153171197e-01	-8.548779905800567291e-02	9.992171759665191555e-02	-8.851976988126045165e-02	1.023151106892214723e-01	-7.186029044604910765e-02	6.011495677180843378e-02	-1.213511738801970469e-01	1.046460460811786952e-01	-9.549979244840917092e-02	1.851115165489301273e-01	-1.706082089071001284e-01	1.672661475845424184e-01	-1.323088132249199411e-01	1.092776783689432402e-01	-6.461004257116871319e-01	2.900608764698877073e-01	-2.187700869813917759e-01	1.525134123982941625e-01	-1.024091575795847003e-01	1.000000000000000000e+00	-3.729690972677060512e-01	1.976139774346493960e-01	-1.460755479854644878e-01	1.013331110819541553e-01	-4.615249489233271829e-01	2.449478313840262322e-01	-2.248139253341649435e-01	7.802762413292632648e-02	-1.026711466789917843e-01
8.484425713234265698e-02	-7.492767616116305374e-02	1.868726565973134190e-01	-1.382335429234318458e-01	1.733815009736242307e-01	-1.656883532538034887e-01	1.255575658271942396e-01	-1.492958187381319135e-01	1.290852708083830014e-01	-1.569952456535894103e-01	9.967910791356360267e-02	-8.448779332460058800e-02	1.680859402188531748e-01	-1.554038207217598166e-01	1.378027501540239619e-01	-2.337279796476695592e-01	1.912750629370719435e-01	-2.400057703309937951e-01	1.824574735427952343e-01	-1.647671488714378685e-01	2.590138774869327754e-01	-4.108491866159680872e-01	2.647820433439245780e-01	-2.366872975860984107e-01	1.459941478241053303e-01	-3.729690972677060512e-01	1.000000000000000888e+00	-3.741896968373434884e-01	2.036149516009819471e-01	-1.555780697851555372e-01	2.812216709042816287e-01	-3.871542791821878104e-01	2.782099069058359131e-01	-1.106944509452538333e-01	1.384268612398818210e-01
-5.656726578142795558e-02	4.998256782372725165e-02	-1.271953164972339512e-01	9.428181607162487710e-02	-1.218229209006331526e-01	1.059882343489069179e-01	-8.436791231338985897e-02	1.019970989426619151e-01	-9.001156847933186600e-02	1.092583289205050351e-01	-6.776741629398733147e-02	5.730459494952452187e-02	-1.246607386215726199e-01	1.095501415060282785e-01	-1.010385244813071792e-01	1.479940508187388981e-01	-1.366433553197094197e-01	1.891690036786663476e-01	-1.463418564350881246e-01	1.217711083590052867e-01	-1.702840724386125437e-01	2.165256349059785645e-01	-3.202147437782459916e-01	2.034266222359493448e-01	-1.438515396463457274e-01	1.976139774346493960e-01	-3.741896968373434884e-01	1.000000000000000666e+00	-3.099462699820565437e-01	1.608361204624302043e-01	-2.555359396297175456e-01	2.571062761174859879e-01	-7.007231646104006284e-01	1.385466429177412140e-01	-1.608269565129323286e-01
6.068691917437118999e-02	-5.360929833851913601e-02	1.360046513209412222e-01	-1.035752774750353933e-01	1.328504167824180182e-01	-1.161497966193430625e-01	8.958649634677495754e-02	-1.086971186227780606e-01	9.660830732939912346e-02	-1.282220033802032033e-01	6.962020875814452225e-02	-5.888540472123873770e-02	1.246179622844636042e-01	-1.174686745903378987e-01	1.151227742795531694e-01	-1.361871730142864279e-01	1.202621687655802685e-01	-1.696481564706849576e-01	1.681468743422639966e-01	-1.512370745980337050e-01	1.253292589133326307e-01	-1.681419231837327499e-01	1.915625096800507576e-01	-3.851479322465750643e-01	2.729371250989089392e-01	-1.460755479854644878e-01	2.036149516009819471e-01	-3.099462699820565437e-01	1.000000000000001332e+00	-5.322549575033428404e-01	1.386341848467063098e-01	-1.371173432297124184e-01	2.013594839458363039e-01	-4.298974174664416115e-01	2.824835976770061485e-01
-4.538118096736512563e-02	3.997227709724136824e-02	-1.041282412942094726e-01	7.761895067998969555e-02	-1.046188120643635477e-01	8.292080527088752095e-02	-6.688945108169770670e-02	8.099250668769999995e-02	-7.377353361149345534e-02	9.548911225388387325e-02	-5.233001095833091781e-02	4.393845517535754919e-02	-9.686703439541019534e-02	8.835179656657864145e-02	-9.315790981564196771e-02	9.705784624807967109e-02	-9.069854814377384389e-02	1.260432261702421064e-01	-1.450771399502511216e-01	1.188894691375520646e-01	-9.271161052040018113e-02	1.191196206792123069e-01	-1.512666245004768983e-01	2.928002234126304004e-01	-6.921321066416246115e-01	1.013331110819541553e-01	-1.555780697851555372e-01	1.608361204624302043e-01	-5.322549575033428404e-01	1.000000000000000888e+00	-1.026084184157267931e-01	9.417062914956891850e-02	-1.427233532790275206e-01	1.798455458177428967e-01	-2.293439775364659594e-01
5.160964994937489170e-02	-4.559765810127770769e-02	1.143974491953634043e-01	-8.441606897695556888e-02	1.070918269368681397e-01	-9.907944006242012935e-02	7.678523342576101807e-02	-9.137701555987533253e-02	7.955231090196022981e-02	-9.603987018576469470e-02	6.200566111365472116e-02	-5.247102251554282282e-02	1.056614758788339270e-01	-9.597565787293084461e-02	8.592311426967860766e-02	-1.538293043238611879e-01	1.272538088352037911e-01	-1.518275156997714037e-01	1.163740850031306229e-01	-1.024735031215207315e-01	2.231521159221099559e-01	-2.375157918689030645e-01	1.752562396368961550e-01	-1.512556172092826834e-01	9.561338749877061616e-02	-4.615249489233271829e-01	2.812216709042816287e-01	-2.555359396297175456e-01	1.386341848467063098e-01	-1.026084184157267931e-01	1.000000000000001332e+00	-7.000309801980373337e-01	2.586198050732214093e-01	-7.776543377756518771e-02	9.498040075256153347e-02
-4.411826822557862737e-02	3.893195385001949754e-02	-9.851776573098995626e-02	7.222361042670655262e-02	-9.276017689069859795e-02	8.352750749441052724e-02	-6.555144584979072375e-02	7.797082861722118285e-02	-6.836007951943896821e-02	8.219011812611276557e-02	-5.286977825965816918e-02	4.459068944372783505e-02	-9.148312323947346836e-02	8.204193167315237956e-02	-7.445242351982406248e-02	1.229578120618563253e-01	-1.071994751344255981e-01	1.295166894503100297e-01	-1.019377945779802452e-01	8.816153301348828020e-02	-1.798946087890680445e-01	1.867648289111629445e-01	-1.604109428686389949e-01	1.331923855802870649e-01	-8.776435785269150192e-02	2.449478313840262322e-01	-3.871542791821878104e-01	2.571062761174859879e-01	-1.371173432297124184e-01	9.417062914956891850e-02	-7.000309801980373337e-01	1.000000000000001332e+00	-4.650209621990223918e-01	7.820501118557574016e-02	-9.493172581596846793e-02
5.488369528105104672e-02	-4.854095792381957208e-02	1.219145616247460095e-01	-9.128230172299781064e-02	1.155235985303366270e-01	-1.055924534916546642e-01	8.164676811780102739e-02	-9.857680635491222754e-02	8.598950542650744822e-02	-1.063484030095468852e-01	6.503217551042407563e-02	-5.518566286607708149e-02	1.150146377910327145e-01	-1.049969526806126263e-01	9.508252694152627416e-02	-1.479785581469828804e-01	1.268038783257827984e-01	-1.744925505679991717e-01	1.319760456128337700e-01	-1.164264551405512077e-01	1.630836259969306590e-01	-2.126636752886627568e-01	2.137096876486690999e-01	-1.906267520441733421e-01	1.216454734407237670e-01	-2.248139253341649435e-01	2.782099069058359131e-01	-7.007231646104006284e-01	2.013594839458363039e-01	-1.427233532790275206e-01	2.586198050732214093e-01	-4.650209621990223918e-01	1.000000000000001332e+00	-1.302229204835700926e-01	1.346810387919372687e-01
-3.139611364934552507e-02	2.770139592256129143e-02	-7.049005252146436917e-02	5.308407837918282385e-02	-6.846890852845921582e-02	5.976895694186466768e-02	-4.626970259342864239e-02	5.579052377215243386e-02	-4.959717888621723719e-02	6.463799117617957668e-02	-3.602877115165348254e-02	3.040224043297520828e-02	-6.394586378572747476e-02	5.980028304581613829e-02	-5.825947000983525137e-02	7.024854448421430364e-02	-6.218949079473699848e-02	8.533273444082194181e-02	-8.341574090297652899e-02	7.424699104983500941e-02	-6.623550544620172842e-02	8.694810081682576020e-02	-9.735479351625367372e-02	1.674063854512062854e-01	-1.286527101744130985e-01	7.802762413292632648e-02	-1.106944509452538333e-01	1.385466429177412140e-01	-4.298974174664416115e-01	1.798455458177428967e-01	-7.776543377756518771e-02	7.820501118557574016e-02	-1.302229204835700926e-01	1.000000000000000888e+00	-8.428629958223967655e-01
4.343497689450744742e-02	-3.833995757542815741e-02	9.701020699836764016e-02	-7.354408706037038335e-02	9.385241571238106539e-02	-8.366496091653434497e-02	6.393521380637207097e-02	-7.711232853089729222e-02	6.826470384363761412e-02	-9.022280168541521594e-02	4.949281346286484723e-02	-4.181976974655735035e-02	8.694773892687804318e-02	-8.246549033340251633e-02	7.971666330897120289e-02	-9.572845278703004390e-02	8.344178785145538180e-02	-1.149792456143187008e-01	1.123546513346774522e-01	-1.029188702060815502e-01	8.656065966600953732e-02	-1.154865920499489607e-01	1.252718957747998019e-01	-2.353385787920632688e-01	1.517847960955324149e-01	-1.026711466789917843e-01	1.384268612398818210e-01	-1.608269565129323286e-01	2.824835976770061485e-01	-2.293439775364659594e-01	9.498040075256153347e-02	-9.493172581596846793e-02	1.346810387919372687e-01	-8.428629958223967655e-01	1.000000000000000888e+00
