1.000000000000000222e+00	-4.727169790161582230e-01	2.775121901117685308e-01	-1.242157638760477550e-01	1.025358170278463377e-01	-6.215579652214602291e-01	1.888941196326307803e-01	-2.060562069751742109e-01	1.535931782898343478e-01	-1.117865625923881168e-01	2.938929101440911906e-01	-1.838086598189023479e-01	1.238156357770976573e-01	-1.378656773480027298e-01	1.052856291336779493e-01	-1.266284417759669378e-01	1.614511307704344090e-01	-1.437158499386507471e-01	1.248438002047751877e-01	-1.218315570863698905e-01	1.107429809122950914e-01	-1.222301032548876731e-01	9.931543293714510667e-02	-9.623672525869682304e-02	9.755831496054716279e-02	-6.046074731173244066e-02	1.058309391480482253e-01	-1.090756105171192814e-01	6.666061666644340633e-02	-8.319779544310576536e-02	6.273862742075121679e-02	-5.219979611918995621e-02	4.604832213053388495e-02	-7.713429854555321763e-02	1.095047203267468239e-01
-4.727169790161582230e-01	1.000000000000000222e+00	-7.047785187838302434e-01	1.584125711940216341e-01	-1.329415228890997724e-01	2.235983683307281589e-01	-3.240537128373786047e-01	2.374821665382274571e-01	-1.762954240041987586e-01	1.177856382780816669e-01	-1.998055321732311318e-01	1.493395930522035675e-01	-1.071244877844496068e-01	1.254174748584458987e-01	-1.026991443239174823e-01	8.418019299641266162e-02	-1.162978155795903190e-01	1.080188692898845504e-01	-9.942798801575840340e-02	9.199336120662843230e-02	-7.759207454829850081e-02	8.423160180931925367e-02	-7.319657721260704186e-02	6.995593809370080629e-02	-7.403938434683808578e-02	4.143229547380665456e-02	-7.450332618491102565e-02	7.495279477000270363e-02	-4.761812841944693120e-02	6.114424121757099789e-02	-4.351906525819683458e-02	3.574883280110238704e-02	-3.184876979448298534e-02	5.436115365966352059e-02	-8.210961278461965940e-02
2.775121901117685308e-01	-7.047785187838302434e-01	1.000000000000000000e+00	-2.821047700990736984e-01	1.761347576535208515e-01	-2.449384644974925973e-01	2.297441788286279929e-01	-2.802200921877426865e-01	2.122541165293255205e-01	-1.671957377357580488e-01	2.031318016857790731e-01	-1.775415526940573030e-01	1.231400345899818366e-01	-1.722876002829416553e-01	1.347008385962952803e-01	-1.041060953201847772e-01	1.444947233404405840e-01	-1.372702165020963649e-01	1.237522188090469238e-01	-1.206562394622941875e-01	9.638716856563701862e-02	-1.089246007110263731e-01	9.298364676228140779e-02	-9.027161838959751883e-02	9.448828565510761224e-02	-5.389398602753418810e-02	9.632543309727847891e-02	-9.886678275656163306e-02	6.187134197184524648e-02	-7.924737865378843338e-02	5.633135536653904873e-02	-4.716681127108499072e-02	4.180379378577846888e-02	-7.118014918499405985e-02	1.045790768805093252e-01
-1.242157638760477550e-01	1.584125711940216341e-01	-2.821047700990736984e-01	9.999999999999997780e-01	-7.470404376289384585e-01	9.771681797321257745e-02	-1.148627427130419210e-01	1.318968338837303578e-01	-4.529010424388200673e-01	2.877511465644639888e-01	-1.075420194081358888e-01	1.001804392938431820e-01	-7.738013301925628085e-02	2.031777557114448074e-01	-2.092777905024389429e-01	5.897470062300625565e-02	-8.739703381146714245e-02	8.633586489950809129e-02	-9.039589227499575386e-02	9.105524315855295647e-02	-5.733322226366167895e-02	6.498691184573877899e-02	-6.043301664325955586e-02	5.913804309919903912e-02	-6.772101702023464176e-02	3.167791456544795381e-02	-5.906451263809744251e-02	5.942053214618735202e-02	-3.954548653741051661e-02	5.388224402836375160e-02	-3.356768681100505414e-02	2.814076586762238874e-02	-2.527551719930496224e-02	4.476811583667072991e-02	-7.168841206442808089e-02
1.025358170278463377e-01	-1.329415228890997724e-01	1.761347576535208515e-01	-7.470404376289384585e-01	9.999999999999994449e-01	-8.570698945613443309e-02	9.364119876458464053e-02	-1.120617383966035496e-01	2.905657126953079539e-01	-5.041176908868245654e-01	9.434160318834126924e-02	-9.321628595724223976e-02	7.215349441864071789e-02	-2.294005779708137294e-01	2.114813986798531331e-01	-5.444231895812746969e-02	8.058925592302457197e-02	-8.257282171434697504e-02	8.685763243620200913e-02	-9.090645522222313979e-02	5.307869738630359435e-02	-6.111111751185372559e-02	5.707116596848416795e-02	-5.650757839058780790e-02	6.469276848837186844e-02	-2.960123019356293572e-02	5.535933706280456862e-02	-5.627040011423955351e-02	3.750948818815520031e-02	-5.164238048696412342e-02	3.131015469611075908e-02	-2.658074381617994697e-02	2.384470541821413769e-02	-4.256976547748258372e-02	6.749112761508760383e-02
-6.215579652214602291e-01	2.235983683307281589e-01	-2.449384644974925973e-01	9.771681797321257745e-02	-8.570698945613443309e-02	1.000000000000000222e+00	-1.683557675676868870e-01	1.561544410902492852e-01	-1.307901569268197783e-01	8.905401416088286337e-02	-6.301027228890175858e-01	1.617968167573408667e-01	-1.137943481406733792e-01	1.095675866326286524e-01	-8.691965298164772147e-02	1.307221291292654242e-01	-1.547998788174450857e-01	1.211510985730122059e-01	-1.086281983693450359e-01	1.005623425316740233e-01	-1.109049324375020185e-01	1.075171017424561420e-01	-8.631534340662537497e-02	8.172791084876422640e-02	-8.312839984674007254e-02	5.245950025479977075e-02	-9.128042344575658384e-02	9.062281291271497008e-02	-5.607861771021244862e-02	6.959126505214323355e-02	-5.468586217180354536e-02	4.342662572185009007e-02	-3.856260691522932216e-02	6.424670415816963187e-02	-9.347131398146943382e-02
1.888941196326307803e-01	-3.240537128373786047e-01	2.297441788286279929e-01	-1.148627427130419210e-01	9.364119876458464053e-02	-1.683557675676868870e-01	1.000000000000000666e+00	-8.292269105911037608e-01	1.732678500013963285e-01	-1.115040797633388842e-01	1.612743541466858666e-01	-2.705108470195531356e-01	1.576410032731944688e-01	-1.291146381152628586e-01	9.668830201375640254e-02	-7.592271226152393082e-02	1.118192692798905680e-01	-1.283990975916733945e-01	1.116710775078555429e-01	-9.325447132016614904e-02	7.206754900118911289e-02	-7.913110573835817341e-02	7.487858123084206730e-02	-7.014861454082725600e-02	7.550455863122162992e-02	-3.804193037427137242e-02	7.038742057000826891e-02	-6.979308659136537751e-02	4.612901618255633301e-02	-6.055216740332848568e-02	4.025256576520126056e-02	-3.303607238580940492e-02	2.969525452402034527e-02	-5.198250996334807805e-02	8.209031961207084727e-02
-2.060562069751742109e-01	2.374821665382274571e-01	-2.802200921877426865e-01	1.318968338837303578e-01	-1.120617383966035496e-01	1.561544410902492852e-01	-8.292269105911037608e-01	1.000000000000001332e+00	-2.507898491747231895e-01	1.276927093132769475e-01	-1.779150099097106252e-01	2.060016237703551079e-01	-1.689558219745627976e-01	1.423182050083419692e-01	-1.120912897381704798e-01	8.304199353476515721e-02	-1.255047180837942089e-01	1.303191388107983739e-01	-1.241858773639193531e-01	1.015156496260085084e-01	-8.014356815452738925e-02	8.652135916869765908e-02	-8.279132286725914003e-02	7.687314985964384395e-02	-8.431832111775898475e-02	4.190056355440729269e-02	-7.799467362766528133e-02	7.617425175606749865e-02	-5.085489258015338243e-02	6.697201417851879335e-02	-4.459763558154060392e-02	3.611725001674996605e-02	-3.259461013694350817e-02	5.701364702761631265e-02	-9.245326881153509424e-02
1.535931782898343478e-01	-1.762954240041987586e-01	2.122541165293255205e-01	-4.529010424388200673e-01	2.905657126953079539e-01	-1.307901569268197783e-01	1.732678500013963285e-01	-2.507898491747231895e-01	1.000000000000000222e+00	-5.274635563742540167e-01	1.515119482694649022e-01	-1.668703160913079797e-01	1.279278549034945645e-01	-4.704901669673863251e-01	2.919980282703339980e-01	-8.985627694112334474e-02	1.338064371213830706e-01	-1.438322596210752646e-01	1.475842463025819618e-01	-1.492322981022425332e-01	8.791448679113085529e-02	-1.019998873731712552e-01	9.557954343729091473e-02	-9.469667657277144879e-02	1.065970763053544351e-01	-4.921720136528043993e-02	9.210174938563618630e-02	-9.401415279200782404e-02	6.253482416756890594e-02	-8.578639713731159300e-02	5.200178476304205544e-02	-4.436636696869936114e-02	3.976256578211460196e-02	-7.106314071395533616e-02	1.115504144736254311e-01
-1.117865625923881168e-01	1.177856382780816669e-01	-1.671957377357580488e-01	2.877511465644639888e-01	-5.041176908868245654e-01	8.905401416088286337e-02	-1.115040797633388842e-01	1.276927093132769475e-01	-5.274635563742540167e-01	1.000000000000001110e+00	-1.095685743234846438e-01	1.097188874074921661e-01	-8.953134196378401133e-02	2.989067981453105705e-01	-5.368083479542294922e-01	6.476262707498239846e-02	-9.861336605908578579e-02	1.012639426822319888e-01	-1.168859883045053755e-01	1.239674535103362923e-01	-6.454815038061846588e-02	7.391887258525330073e-02	-7.237778388235614757e-02	7.143127234422089189e-02	-8.778328632949952692e-02	3.555864770491271726e-02	-6.785869035271728522e-02	6.784394148098416011e-02	-4.695477056800525378e-02	6.666344919868755214e-02	-3.787111326901811126e-02	3.195367397263251114e-02	-2.892116176972264058e-02	5.265918845632867884e-02	-8.860253554593569558e-02
2.938929101440911906e-01	-1.998055321732311318e-01	2.031318016857790731e-01	-1.075420194081358888e-01	9.434160318834126924e-02	-6.301027228890175858e-01	1.612743541466858666e-01	-1.779150099097106252e-01	1.515119482694649022e-01	-1.095685743234846438e-01	9.999999999999998890e-01	-2.813680006443992077e-01	1.692086514738355973e-01	-1.499872626536072617e-01	1.137702016135725414e-01	-2.517781377483797045e-01	2.326060711104007139e-01	-1.960994178275141664e-01	1.624175831206774723e-01	-1.566034264899666684e-01	1.744756232147030572e-01	-1.782918782740098573e-01	1.347057777428595782e-01	-1.295271321143793286e-01	1.267674967350300996e-01	-8.496073430091853618e-02	1.440278794361814774e-01	-1.475202833707630334e-01	8.882441924910311482e-02	-1.081191124013718974e-01	8.671706004328445794e-02	-7.060255983683326464e-02	6.212738328331325610e-02	-1.029214820600572178e-01	1.414272448695362561e-01
-1.838086598189023479e-01	1.493395930522035675e-01	-1.775415526940573030e-01	1.001804392938431820e-01	-9.321628595724223976e-02	1.617968167573408667e-01	-2.705108470195531356e-01	2.060016237703551079e-01	-1.668703160913079797e-01	1.097188874074921661e-01	-2.813680006443992077e-01	1.000000000000001554e+00	-7.063574016811358103e-01	1.616132283426644223e-01	-1.315502501549201120e-01	1.377870890242499646e-01	-2.263613651865680199e-01	2.937368317800331807e-01	-2.708064678970860117e-01	1.777368591775457529e-01	-1.363452994309058419e-01	1.475547475878456471e-01	-1.598353901400745292e-01	1.411743257174506716e-01	-1.553250532807095852e-01	6.883687471368418742e-02	-1.324460539651819979e-01	1.263092934513802557e-01	-8.866957469855345220e-02	1.177523781461683877e-01	-7.379911397152894015e-02	5.923808376867999159e-02	-5.413201398544346954e-02	9.744049797063639162e-02	-1.661097450572038559e-01
1.238156357770976573e-01	-1.071244877844496068e-01	1.231400345899818366e-01	-7.738013301925628085e-02	7.215349441864071789e-02	-1.137943481406733792e-01	1.576410032731944688e-01	-1.689558219745627976e-01	1.279278549034945645e-01	-8.953134196378401133e-02	1.692086514738355973e-01	-7.063574016811358103e-01	1.000000000000001110e+00	-1.585402689317815528e-01	1.125713004773303688e-01	-1.073014928260435791e-01	1.690107312676112916e-01	-5.517214984279057433e-01	2.317341545929247626e-01	-1.668445844260505184e-01	1.034703983982970810e-01	-1.227475349597672988e-01	1.359784448324088124e-01	-1.253211050340012345e-01	1.255378643814451523e-01	-5.370964745150721281e-02	1.039140844338229674e-01	-1.041705582860589507e-01	7.288686127393219361e-02	-9.722031274502614118e-02	5.668382672790718557e-02	-4.799884457231247403e-02	4.353164278115932706e-02	-8.089695439383255693e-02	1.265762817634958903e-01
-1.378656773480027298e-01	1.254174748584458987e-01	-1.722876002829416553e-01	2.031777557114448074e-01	-2.294005779708137294e-01	1.095675866326286524e-01	-1.291146381152628586e-01	1.423182050083419692e-01	-4.704901669673863251e-01	2.989067981453105705e-01	-1.499872626536072617e-01	1.616132283426644223e-01	-1.585402689317815528e-01	1.000000000000001110e+00	-7.019574268753321356e-01	9.413654580099670155e-02	-1.483895759688672600e-01	1.618851002686410023e-01	-2.178731180569587478e-01	1.890862036192848539e-01	-9.580327997668042217e-02	1.095337358087232621e-01	-1.129826531769044656e-01	1.109630142938359820e-01	-1.374542133245878484e-01	5.215682334117965196e-02	-1.015607650792397093e-01	9.987915702915388383e-02	-7.132441638661363159e-02	1.023895717459173266e-01	-5.594076942225785498e-02	4.686785349230118691e-02	-4.277031775000687125e-02	7.913227347792445299e-02	-1.383210192122064086e-01
1.052856291336779493e-01	-1.026991443239174823e-01	1.347008385962952803e-01	-2.092777905024389429e-01	2.114813986798531331e-01	-8.691965298164772147e-02	9.668830201375640254e-02	-1.120912897381704798e-01	2.919980282703339980e-01	-5.368083479542294922e-01	1.137702016135725414e-01	-1.315502501549201120e-01	1.125713004773303688e-01	-7.019574268753321356e-01	1.000000000000002220e+00	-7.459524338431978985e-02	1.139574139273337589e-01	-1.325893860152987380e-01	1.614228575233584706e-01	-2.096634681917888265e-01	7.531084474870888834e-02	-8.940987761007658519e-02	9.107946934020252905e-02	-9.322032803819575719e-02	1.188392173851285233e-01	-4.172470528460739403e-02	8.121105252881852254e-02	-8.264254759601355471e-02	5.901832311568826206e-02	-8.866396403201351473e-02	4.435854111095141605e-02	-3.846369927947982520e-02	3.489905722788751163e-02	-6.619026404066408187e-02	1.111990793167668412e-01
-1.266284417759669378e-01	8.418019299641266162e-02	-1.041060953201847772e-01	5.897470062300625565e-02	-5.444231895812746969e-02	1.307221291292654242e-01	-7.592271226152393082e-02	8.304199353476515721e-02	-8.985627694112334474e-02	6.476262707498239846e-02	-2.517781377483797045e-01	1.377870890242499646e-01	-1.073014928260435791e-01	9.413654580099670155e-02	-7.459524338431978985e-02	1.000000000000001998e+00	-5.776673732867154687e-01	1.518909299561402582e-01	-1.360766206193209094e-01	1.292040876446038378e-01	-6.586411741417684818e-01	2.729310402256651669e-01	-1.573025082523642204e-01	1.361866791048553516e-01	-1.184080813789239739e-01	1.257504791673513533e-01	-1.863030924140762490e-01	1.599593863311414288e-01	-9.185459723510741581e-02	9.878388920028774445e-02	-1.275948726183888382e-01	7.810655083326374648e-02	-6.962218539846065646e-02	1.042980891731616622e-01	-1.309790169061548770e-01
1.614511307704344090e-01	-1.162978155795903190e-01	1.444947233404405840e-01	-8.739703381146714245e-02	8.058925592302457197e-02	-1.547998788174450857e-01	1.118192692798905680e-01	-1.255047180837942089e-01	1.338064371213830706e-01	-9.861336605908578579e-02	2.326060711104007139e-01	-2.263613651865680199e-01	1.690107312676112916e-01	-1.483895759688672600e-01	1.139574139273337589e-01	-5.776673732867154687e-01	1.000000000000001554e+00	-2.798973306844889652e-01	2.045548759000256067e-01	-2.069924741702779680e-01	3.021205929380398891e-01	-3.745326243560296864e-01	2.075482274102763702e-01	-2.028601297679746007e-01	1.700768910234102815e-01	-1.399682018471640754e-01	2.258674852886499718e-01	-2.414690796340353551e-01	1.351158846456134988e-01	-1.471691288570266820e-01	1.331029091365036887e-01	-1.139605659363647633e-01	9.813805111593532082e-02	-1.598025788268939706e-01	1.832148717990989273e-01
-1.437158499386507471e-01	1.080188692898845504e-01	-1.372702165020963649e-01	8.633586489950809129e-02	-8.257282171434697504e-02	1.211510985730122059e-01	-1.283990975916733945e-01	1.303191388107983739e-01	-1.438322596210752646e-01	1.012639426822319888e-01	-1.960994178275141664e-01	2.937368317800331807e-01	-5.517214984279057433e-01	1.618851002686410023e-01	-1.325893860152987380e-01	1.518909299561402582e-01	-2.798973306844889652e-01	1.000000000000002220e+00	-5.432749420955226283e-01	2.468625240607601745e-01	-1.528310475671668389e-01	1.791445290427333137e-01	-2.489339504817889293e-01	1.989171965802459530e-01	-2.019307899606446743e-01	7.656306285143020529e-02	-1.534172938910992046e-01	1.491112124529491156e-01	-1.103338015821149487e-01	1.452545378976847212e-01	-8.149114197853152275e-02	6.796169273079381845e-02	-6.250751460609865751e-02	1.190898009542214753e-01	-1.954398508970104920e-01
1.248438002047751877e-01	-9.942798801575840340e-02	1.237522188090469238e-01	-9.039589227499575386e-02	8.685763243620200913e-02	-1.086281983693450359e-01	1.116710775078555429e-01	-1.241858773639193531e-01	1.475842463025819618e-01	-1.168859883045053755e-01	1.624175831206774723e-01	-2.708064678970860117e-01	2.317341545929247626e-01	-2.178731180569587478e-01	1.614228575233584706e-01	-1.360766206193209094e-01	2.045548759000256067e-01	-5.432749420955226283e-01	1.000000000000001332e+00	-5.736296577550593634e-01	1.379893917251790170e-01	-1.830116454850913288e-01	2.151445023197280648e-01	-2.703960408358473955e-01	2.507992899390568131e-01	-7.503149358684299552e-02	1.525058874887176563e-01	-1.630230102537818526e-01	1.256717568163706056e-01	-1.864334029122038383e-01	7.869332938349289652e-02	-7.261213062106849914e-02	6.618458501108320791e-02	-1.397032434830216829e-01	2.055788714220508906e-01
-1.218315570863698905e-01	9.199336120662843230e-02	-1.206562394622941875e-01	9.105524315855295647e-02	-9.090645522222313979e-02	1.005623425316740233e-01	-9.325447132016614904e-02	1.015156496260085084e-01	-1.492322981022425332e-01	1.239674535103362923e-01	-1.566034264899666684e-01	1.777368591775457529e-01	-1.668445844260505184e-01	1.890862036192848539e-01	-2.096634681917888265e-01	1.292040876446038378e-01	-2.069924741702779680e-01	2.468625240607601745e-01	-5.736296577550593634e-01	1.000000000000000888e+00	-1.411296291737647313e-01	1.727637490986065061e-01	-2.231755439546831976e-01	2.346783846651262495e-01	-5.412485306001931784e-01	7.649409311369005648e-02	-1.614469471485180385e-01	1.607257969845091727e-01	-1.381393733524459155e-01	2.457553119954135057e-01	-8.231868253544144531e-02	7.279028029404746580e-02	-6.811307799870792989e-02	1.458709699824897454e-01	-3.117626078109594356e-01
1.107429809122950914e-01	-7.759207454829850081e-02	9.638716856563701862e-02	-5.733322226366167895e-02	5.307869738630359435e-02	-1.109049324375020185e-01	7.206754900118911289e-02	-8.014356815452738925e-02	8.791448679113085529e-02	-6.454815038061846588e-02	1.744756232147030572e-01	-1.363452994309058419e-01	1.034703983982970810e-01	-9.580327997668042217e-02	7.531084474870888834e-02	-6.586411741417684818e-01	3.021205929380398891e-01	-1.528310475671668389e-01	1.379893917251790170e-01	-1.411296291737647313e-01	1.000000000000000888e+00	-5.341409859051676756e-01	1.901753828892466802e-01	-1.723972806033513272e-01	1.286429976154378485e-01	-1.860700056938330571e-01	2.161464297993709038e-01	-1.991110595766265035e-01	1.087832261308046417e-01	-1.096198670149909210e-01	1.533099719369787617e-01	-9.544461804152959417e-02	8.333665398731530949e-02	-1.257311964136184623e-01	1.376538836324264214e-01
-1.222301032548876731e-01	8.423160180931925367e-02	-1.089246007110263731e-01	6.498691184573877899e-02	-6.111111751185372559e-02	1.075171017424561420e-01	-7.913110573835817341e-02	8.652135916869765908e-02	-1.019998873731712552e-01	7.391887258525330073e-02	-1.782918782740098573e-01	1.475547475878456471e-01	-1.227475349597672988e-01	1.095337358087232621e-01	-8.940987761007658519e-02	2.729310402256651669e-01	-3.745326243560296864e-01	1.791445290427333137e-01	-1.830116454850913288e-01	1.727637490986065061e-01	-5.341409859051676756e-01	1.000000000000001110e+00	-4.103772779932014503e-01	2.393477535243164755e-01	-1.839967966712362235e-01	1.531249111858568879e-01	-4.321634245953132059e-01	2.547620708972711534e-01	-1.486261573710688233e-01	1.447853154394614927e-01	-1.563407858298901942e-01	1.149791362175268672e-01	-1.053149099494964380e-01	1.579774234717533921e-01	-1.932641946500254226e-01
9.931543293714510667e-02	-7.319657721260704186e-02	9.298364676228140779e-02	-6.043301664325955586e-02	5.707116596848416795e-02	-8.631534340662537497e-02	7.487858123084206730e-02	-8.279132286725914003e-02	9.557954343729091473e-02	-7.237778388235614757e-02	1.347057777428595782e-01	-1.598353901400745292e-01	1.359784448324088124e-01	-1.129826531769044656e-01	9.107946934020252905e-02	-1.573025082523642204e-01	2.075482274102763702e-01	-2.489339504817889293e-01	2.151445023197280648e-01	-2.231755439546831976e-01	1.901753828892466802e-01	-4.103772779932014503e-01	1.000000000000001554e+00	-7.154373297240471663e-01	2.319418729799390122e-01	-9.419613780406070613e-02	2.189990756564150765e-01	-2.533437963893984679e-01	1.876974174798489714e-01	-1.823338388460335191e-01	9.702844594318710270e-02	-9.425206691601385744e-02	8.886154273463088560e-02	-1.991575138299880865e-01	1.943288840226981562e-01
-9.623672525869682304e-02	6.995593809370080629e-02	-9.027161838959751883e-02	5.913804309919903912e-02	-5.650757839058780790e-02	8.172791084876422640e-02	-7.014861454082725600e-02	7.687314985964384395e-02	-9.469667657277144879e-02	7.143127234422089189e-02	-1.295271321143793286e-01	1.411743257174506716e-01	-1.253211050340012345e-01	1.109630142938359820e-01	-9.322032803819575719e-02	1.361866791048553516e-01	-2.028601297679746007e-01	1.989171965802459530e-01	-2.703960408358473955e-01	2.346783846651262495e-01	-1.723972806033513272e-01	2.393477535243164755e-01	-7.154373297240471663e-01	1.000000000000000888e+00	-3.822496049738082213e-01	8.624591850088970946e-02	-2.053100132875178285e-01	2.053229438057081746e-01	-2.625618369697415577e-01	2.057772602829853192e-01	-9.209213184026857069e-02	8.515065963856645326e-02	-8.310401599650382720e-02	2.060014498928183502e-01	-2.369284332785789593e-01
9.755831496054716279e-02	-7.403938434683808578e-02	9.448828565510761224e-02	-6.772101702023464176e-02	6.469276848837186844e-02	-8.312839984674007254e-02	7.550455863122162992e-02	-8.431832111775898475e-02	1.065970763053544351e-01	-8.778328632949952692e-02	1.267674967350300996e-01	-1.553250532807095852e-01	1.255378643814451523e-01	-1.374542133245878484e-01	1.188392173851285233e-01	-1.184080813789239739e-01	1.700768910234102815e-01	-2.019307899606446743e-01	2.507992899390568131e-01	-5.412485306001931784e-01	1.286429976154378485e-01	-1.839967966712362235e-01	2.319418729799390122e-01	-3.822496049738082213e-01	1.000000000000000888e+00	-7.324943516403795152e-02	1.577738368786601730e-01	-1.783508939433626483e-01	1.639704747818605257e-01	-5.490937466516219168e-01	7.694575134734417399e-02	-7.658698537721037036e-02	7.084867446406660496e-02	-1.790210467707411546e-01	3.004762976368151595e-01
-6.046074731173244066e-02	4.143229547380665456e-02	-5.389398602753418810e-02	3.167791456544795381e-02	-2.960123019356293572e-02	5.245950025479977075e-02	-3.804193037427137242e-02	4.190056355440729269e-02	-4.921720136528043993e-02	3.555864770491271726e-02	-8.496073430091853618e-02	6.883687471368418742e-02	-5.370964745150721281e-02	5.215682334117965196e-02	-4.172470528460739403e-02	1.257504791673513533e-01	-1.399682018471640754e-01	7.656306285143020529e-02	-7.503149358684299552e-02	7.649409311369005648e-02	-1.860700056938330571e-01	1.531249111858568879e-01	-9.419613780406070613e-02	8.624591850088970946e-02	-7.324943516403795152e-02	1.000000000000001776e+00	-2.452412866907248135e-01	1.683136739909134039e-01	-7.613841970425966332e-02	6.545158374568993409e-02	-9.112859188764451668e-01	1.346166225828065999e-01	-1.240001255289636950e-01	8.741979017371963312e-02	-8.637116818762141657e-02
1.058309391480482253e-01	-7.450332618491102565e-02	9.632543309727847891e-02	-5.906451263809744251e-02	5.535933706280456862e-02	-9.128042344575658384e-02	7.038742057000826891e-02	-7.799467362766528133e-02	9.210174938563618630e-02	-6.785869035271728522e-02	1.440278794361814774e-01	-1.324460539651819979e-01	1.039140844338229674e-01	-1.015607650792397093e-01	8.121105252881852254e-02	-1.863030924140762490e-01	2.258674852886499718e-01	-1.534172938910992046e-01	1.525058874887176563e-01	-1.614469471485180385e-01	2.161464297993709038e-01	-4.321634245953132059e-01	2.189990756564150765e-01	-2.053100132875178285e-01	1.577738368786601730e-01	-2.452412866907248135e-01	1.000000000000001998e+00	-6.618577657640137835e-01	2.078519701408962084e-01	-1.476636371663218872e-01	1.978847924897212673e-01	-2.369358278659585426e-01	1.941755357239720592e-01	-2.431864749406654203e-01	1.835035447657041852e-01
-1.090756105171192814e-01	7.495279477000270363e-02	-9.886678275656163306e-02	5.942053214618735202e-02	-5.627040011423955351e-02	9.062281291271497008e-02	-6.979308659136537751e-02	7.617425175606749865e-02	-9.401415279200782404e-02	6.784394148098416011e-02	-1.475202833707630334e-01	1.263092934513802557e-01	-1.041705582860589507e-01	9.987915702915388383e-02	-8.264254759601355471e-02	1.599593863311414288e-01	-2.414690796340353551e-01	1.491112124529491156e-01	-1.630230102537818526e-01	1.607257969845091727e-01	-1.991110595766265035e-01	2.547620708972711534e-01	-2.533437963893984679e-01	2.053229438057081746e-01	-1.783508939433626483e-01	1.683136739909134039e-01	-6.618577657640137835e-01	1.000000000000001998e+00	-3.429795644735000870e-01	1.598026941738426021e-01	-1.915263339187935621e-01	2.223983005767518062e-01	-2.986792842693266059e-01	2.492955990084829432e-01	-2.253644665296913596e-01
6.666061666644340633e-02	-4.761812841944693120e-02	6.187134197184524648e-02	-3.954548653741051661e-02	3.750948818815520031e-02	-5.607861771021244862e-02	4.612901618255633301e-02	-5.085489258015338243e-02	6.253482416756890594e-02	-4.695477056800525378e-02	8.882441924910311482e-02	-8.866957469855345220e-02	7.288686127393219361e-02	-7.132441638661363159e-02	5.901832311568826206e-02	-9.185459723510741581e-02	1.351158846456134988e-01	-1.103338015821149487e-01	1.256717568163706056e-01	-1.381393733524459155e-01	1.087832261308046417e-01	-1.486261573710688233e-01	1.876974174798489714e-01	-2.625618369697415577e-01	1.639704747818605257e-01	-7.613841970425966332e-02	2.078519701408962084e-01	-3.429795644735000870e-01	1.000000000000002220e+00	-1.999405509145329163e-01	8.315348069317320123e-02	-1.052569793006656595e-01	1.110252563528935643e-01	-8.297867073436744345e-01	2.117718712811768600e-01
-8.319779544310576536e-02	6.114424121757099789e-02	-7.924737865378843338e-02	5.388224402836375160e-02	-5.164238048696412342e-02	6.959126505214323355e-02	-6.055216740332848568e-02	6.697201417851879335e-02	-8.578639713731159300e-02	6.666344919868755214e-02	-1.081191124013718974e-01	1.177523781461683877e-01	-9.722031274502614118e-02	1.023895717459173266e-01	-8.866396403201351473e-02	9.878388920028774445e-02	-1.471691288570266820e-01	1.452545378976847212e-01	-1.864334029122038383e-01	2.457553119954135057e-01	-1.096198670149909210e-01	1.447853154394614927e-01	-1.823338388460335191e-01	2.057772602829853192e-01	-5.490937466516219168e-01	6.545158374568993409e-02	-1.476636371663218872e-01	1.598026941738426021e-01	-1.999405509145329163e-01	1.000000000000001998e+00	-7.017297673960008753e-02	7.001382903344552378e-02	-6.687815457832255173e-02	1.902105069458724929e-01	-7.071884134481701834e-01
6.273862742075121679e-02	-4.351906525819683458e-02	5.633135536653904873e-02	-3.356768681100505414e-02	3.131015469611075908e-02	-5.468586217180354536e-02	4.025256576520126056e-02	-4.459763558154060392e-02	5.200178476304205544e-02	-3.787111326901811126e-02	8.671706004328445794e-02	-7.379911397152894015e-02	5.668382672790718557e-02	-5.594076942225785498e-02	4.435854111095141605e-02	-1.275948726183888382e-01	1.331029091365036887e-01	-8.149114197853152275e-02	7.869332938349289652e-02	-8.231868253544144531e-02	1.533099719369787617e-01	-1.563407858298901942e-01	9.702844594318710270e-02	-9.209213184026857069e-02	7.694575134734417399e-02	-9.112859188764451668e-01	1.978847924897212673e-01	-1.915263339187935621e-01	8.315348069317320123e-02	-7.017297673960008753e-02	1.000000000000001998e+00	-1.740629383282804310e-01	1.310647528784504579e-01	-9.847110916429123451e-02	9.015351020219695977e-02
-5.219979611918995621e-02	3.574883280110238704e-02	-4.716681127108499072e-02	2.814076586762238874e-02	-2.658074381617994697e-02	4.342662572185009007e-02	-3.303607238580940492e-02	3.611725001674996605e-02	-4.436636696869936114e-02	3.195367397263251114e-02	-7.060255983683326464e-02	5.923808376867999159e-02	-4.799884457231247403e-02	4.686785349230118691e-02	-3.846369927947982520e-02	7.810655083326374648e-02	-1.139605659363647633e-01	6.796169273079381845e-02	-7.261213062106849914e-02	7.279028029404746580e-02	-9.544461804152959417e-02	1.149791362175268672e-01	-9.425206691601385744e-02	8.515065963856645326e-02	-7.658698537721037036e-02	1.346166225828065999e-01	-2.369358278659585426e-01	2.223983005767518062e-01	-1.052569793006656595e-01	7.001382903344552378e-02	-1.740629383282804310e-01	1.000000000000001998e+00	-9.068536215021523184e-01	1.121604987933975672e-01	-9.898878485977954944e-02
4.604832213053388495e-02	-3.184876979448298534e-02	4.180379378577846888e-02	-2.527551719930496224e-02	2.384470541821413769e-02	-3.856260691522932216e-02	2.969525452402034527e-02	-3.259461013694350817e-02	3.976256578211460196e-02	-2.892116176972264058e-02	6.212738328331325610e-02	-5.413201398544346954e-02	4.353164278115932706e-02	-4.277031775000687125e-02	3.489905722788751163e-02	-6.962218539846065646e-02	9.813805111593532082e-02	-6.250751460609865751e-02	6.618458501108320791e-02	-6.811307799870792989e-02	8.333665398731530949e-02	-1.053149099494964380e-01	8.886154273463088560e-02	-8.310401599650382720e-02	7.084867446406660496e-02	-1.240001255289636950e-01	1.941755357239720592e-01	-2.986792842693266059e-01	1.110252563528935643e-01	-6.687815457832255173e-02	1.310647528784504579e-01	-9.068536215021523184e-01	1.000000000000002220e+00	-1.285752708463215044e-01	9.034731302749268722e-02
-7.713429854555321763e-02	5.436115365966352059e-02	-7.118014918499405985e-02	4.476811583667072991e-02	-4.256976547748258372e-02	6.424670415816963187e-02	-5.198250996334807805e-02	5.701364702761631265e-02	-7.106314071395533616e-02	5.265918845632867884e-02	-1.029214820600572178e-01	9.744049797063639162e-02	-8.089695439383255693e-02	7.913227347792445299e-02	-6.619026404066408187e-02	1.042980891731616622e-01	-1.598025788268939706e-01	1.190898009542214753e-01	-1.397032434830216829e-01	1.458709699824897454e-01	-1.257311964136184623e-01	1.579774234717533921e-01	-1.991575138299880865e-01	2.060014498928183502e-01	-1.790210467707411546e-01	8.741979017371963312e-02	-2.431864749406654203e-01	2.492955990084829432e-01	-8.297867073436744345e-01	1.902105069458724929e-01	-9.847110916429123451e-02	1.121604987933975672e-01	-1.285752708463215044e-01	1.000000000000002220e+00	-2.926497366556450874e-01
1.095047203267468239e-01	-8.210961278461965940e-02	1.045790768805093252e-01	-7.168841206442808089e-02	6.749112761508760383e-02	-9.347131398146943382e-02	8.209031961207084727e-02	-9.245326881153509424e-02	1.115504144736254311e-01	-8.860253554593569558e-02	1.414272448695362561e-01	-1.661097450572038559e-01	1.265762817634958903e-01	-1.383210192122064086e-01	1.111990793167668412e-01	-1.309790169061548770e-01	1.832148717990989273e-01	-1.954398508970104920e-01	2.055788714220508906e-01	-3.117626078109594356e-01	1.376538836324264214e-01	-1.932641946500254226e-01	1.943288840226981562e-01	-2.369284332785789593e-01	3.004762976368151595e-01	-8.637116818762141657e-02	1.835035447657041852e-01	-2.253644665296913596e-01	2.117718712811768600e-01	-7.071884134481701834e-01	9.015351020219695977e-02	-9.898878485977954944e-02	9.034731302749268722e-02	-2.926497366556450874e-01	1.000000000000001998e+00
