1.000000000000000000e+00	-1.269745223305602799e-01	1.125997552284416781e-01	-2.517110367902243295e-01	1.308454595862382219e-01	-7.689622408534354525e-01	2.820168107287625014e-01	-2.726658396681759244e-01	1.659052740444307283e-01	-1.228886761576139519e-01	2.312820136645133418e-01	-2.399037439515332992e-01	1.996125731848521490e-01	-1.514859057041968993e-01	1.477234426044544413e-01	-2.296919229319542288e-01	1.833259330230133932e-01	-1.641469559812591406e-01	1.502114950798533188e-01	-1.192908287800710926e-01	1.535619252195568607e-01	-1.806583410560318737e-01	1.700852089043293214e-01	-1.321902919026929357e-01	1.142499340143872250e-01	-2.092769935919173985e-01	8.403516509414779567e-02	-9.330019238250020219e-02	1.130584614792311260e-01	-1.113712781283524300e-01	7.821383170247277195e-02	-6.484263613910759561e-02	1.466387174572749974e-01	-1.097382490329873173e-01	1.177454069778600954e-01
-1.269745223305602799e-01	9.999999999999996669e-01	-9.280275877587533806e-01	1.800659084833603485e-01	-1.047580663619292057e-01	1.084860199188194263e-01	-2.129725677611944978e-01	1.535790213283766137e-01	-1.204960912889966040e-01	8.148317752397925273e-02	-9.223636165464434156e-02	1.203848083046121509e-01	-1.178446652038796644e-01	9.100457183308993669e-02	-1.000039114118567996e-01	8.150485514926142372e-02	-9.002691093783873888e-02	8.434723773968882954e-02	-8.398593468274405394e-02	6.517581454733339941e-02	-6.394052435093341979e-02	7.910032393022413399e-02	-9.068199150835110078e-02	6.885141026729912905e-02	-6.475511849940655817e-02	7.839048204990493873e-02	-3.697775060923625540e-02	3.990715424158162300e-02	-5.871563522611959046e-02	5.634163079960655129e-02	-3.574187005741373546e-02	2.916965034469819543e-02	-7.174158282072529147e-02	5.439267786891318485e-02	-6.110530348936094036e-02
1.125997552284416781e-01	-9.280275877587533806e-01	9.999999999999997780e-01	-2.296356247106470239e-01	1.028830662985652095e-01	-1.029783970447052527e-01	1.675552310327148020e-01	-1.706915137451731068e-01	1.214217904648193930e-01	-8.277592751368199886e-02	8.624342420255541597e-02	-1.161306076806996324e-01	1.109491583650048935e-01	-9.083383309175323272e-02	9.670471063189270411e-02	-7.903523078908922250e-02	8.512257158573204030e-02	-8.149171801085031142e-02	8.057775753850263123e-02	-6.347614762989983728e-02	6.175436930331189289e-02	-7.700507539145545755e-02	8.623871953812461966e-02	-6.662409817300851689e-02	6.224200859197034225e-02	-7.734045185566605640e-02	3.589634745966643892e-02	-3.895204273543401152e-02	5.652328223627519493e-02	-5.465964261480648484e-02	3.454673998347722319e-02	-2.826912986378304210e-02	6.898198151901538400e-02	-5.267277960660709385e-02	5.871984135543862476e-02
-2.517110367902243295e-01	1.800659084833603485e-01	-2.296356247106470239e-01	1.000000000000000000e+00	-4.753266509537052431e-01	1.779162317026189155e-01	-2.646032112363973510e-01	3.015431770735830241e-01	-4.797621213569722154e-01	2.891460917114676565e-01	-1.835715959847276924e-01	2.038138198349892793e-01	-2.704758441321402085e-01	2.695824631318524678e-01	-3.346742649000883363e-01	1.632288111319984691e-01	-1.967371176239023911e-01	1.975852791242180273e-01	-2.228986763210592248e-01	1.798004080095102764e-01	-1.406172992896609075e-01	1.737307088331372928e-01	-2.272119371786974207e-01	1.771998849361375583e-01	-1.823103143967202411e-01	1.687905815715363966e-01	-9.032392119719874490e-02	9.620095823622358544e-02	-1.555305414180153667e-01	1.481689325689780345e-01	-9.038151254346860064e-02	7.303952380284542412e-02	-1.905285583809261107e-01	1.418719893952812838e-01	-1.654057168160968927e-01
1.308454595862382219e-01	-1.047580663619292057e-01	1.028830662985652095e-01	-4.753266509537052431e-01	1.000000000000000666e+00	-1.046428410394745906e-01	1.482808469361857062e-01	-2.478873309953782134e-01	2.727075254197243170e-01	-7.528893293757095151e-01	1.089147992587224389e-01	-1.294697481766343417e-01	1.649591369356337156e-01	-2.331358791612206105e-01	2.527561178561618105e-01	-1.042816941158144634e-01	1.199720394274471219e-01	-1.305062947008193974e-01	1.440747822558210711e-01	-1.359110470312139274e-01	8.899330919008022200e-02	-1.136196387303888139e-01	1.368330997828326734e-01	-1.194740645673733198e-01	1.192508682902282263e-01	-1.139045355149118227e-01	5.657437310860116697e-02	-6.196125805871677966e-02	9.827154079863775760e-02	-9.911875163492413210e-02	5.492655194250491840e-02	-4.506305808314270411e-02	1.127910712322424958e-01	-9.160394591289490462e-02	1.008591847981264028e-01
-7.689622408534354525e-01	1.084860199188194263e-01	-1.029783970447052527e-01	1.779162317026189155e-01	-1.046428410394745906e-01	1.000000000000000666e+00	-4.384985273348745438e-01	2.100594982763381857e-01	-1.353697206588578283e-01	9.572382892840629320e-02	-2.963999002259482540e-01	2.313684082122551833e-01	-1.874850955017188514e-01	1.228924036787796964e-01	-1.226156048181969993e-01	1.993455302338190405e-01	-1.697436452514200500e-01	1.408889596260107513e-01	-1.275813713153285400e-01	9.620770779357101787e-02	-1.305060988323930582e-01	1.480926043819706384e-01	-1.464679760433243993e-01	1.083769676631629597e-01	-9.392286132542362886e-02	1.573391239490861404e-01	-6.499085587932502961e-02	7.067031526118901230e-02	-9.112228098081548433e-02	8.779666491755268309e-02	-6.059425675657417742e-02	4.986263972636997832e-02	-1.139627747401208424e-01	8.608354231752919639e-02	-9.329948948650076956e-02
2.820168107287625014e-01	-2.129725677611944978e-01	1.675552310327148020e-01	-2.646032112363973510e-01	1.482808469361857062e-01	-4.384985273348745438e-01	1.000000000000000444e+00	-4.201128046682326422e-01	2.060543857444761540e-01	-1.407454943183763796e-01	2.477656746435529800e-01	-5.578484924166686731e-01	2.722591260049862516e-01	-1.826271302021416076e-01	1.713209227370055543e-01	-2.266733648015482327e-01	2.224957501365997237e-01	-2.015863430195305728e-01	1.715800236044038862e-01	-1.310754754151620405e-01	1.549893274030147428e-01	-1.998417279356545229e-01	1.905714872259355597e-01	-1.458430196763079445e-01	1.248324095801098405e-01	-1.960104646089286251e-01	8.029224769796874939e-02	-8.818739975569400702e-02	1.179203893647733786e-01	-1.151411317347357660e-01	7.443286764995923899e-02	-6.160952610015658915e-02	1.407130468004012536e-01	-1.111906584589890390e-01	1.188435766992562703e-01
-2.726658396681759244e-01	1.535790213283766137e-01	-1.706915137451731068e-01	3.015431770735830241e-01	-2.478873309953782134e-01	2.100594982763381857e-01	-4.201128046682326422e-01	1.000000000000000444e+00	-5.398469841048696427e-01	2.195104443537694294e-01	-2.089950604365503894e-01	2.604199501045862952e-01	-3.920426044078171857e-01	2.673164716602680624e-01	-2.774695968347891673e-01	1.819972785906815715e-01	-2.198186975199921400e-01	2.242599038602648420e-01	-2.275669794962267845e-01	1.673461863919055714e-01	-1.483242195798584739e-01	1.869505517515339665e-01	-2.348395881977740907e-01	1.761409828101904718e-01	-1.657613212275739489e-01	1.766397103896281684e-01	-8.578053505626663522e-02	9.228876928453763617e-02	-1.452953362034799245e-01	1.378690451634462522e-01	-8.274372725059703226e-02	6.751991757069607247e-02	-1.673630607411074611e-01	1.313537878926409053e-01	-1.471010950326018529e-01
1.659052740444307283e-01	-1.204960912889966040e-01	1.214217904648193930e-01	-4.797621213569722154e-01	2.727075254197243170e-01	-1.353697206588578283e-01	2.060543857444761540e-01	-5.398469841048696427e-01	9.999999999999994449e-01	-3.825257964104426534e-01	1.384544838114763754e-01	-1.741092782222824487e-01	2.326363567224314644e-01	-4.588567381567107972e-01	2.920098141069750186e-01	-1.301970381769822771e-01	1.523099684082475092e-01	-1.714800408952126543e-01	1.879745534216396563e-01	-1.553257656119764740e-01	1.084651582726259000e-01	-1.401768794430301168e-01	1.706113927762735738e-01	-1.476285552088765773e-01	1.409945971059366476e-01	-1.356562902714369412e-01	6.609093984324666826e-02	-7.212278960999990440e-02	1.165679943325851620e-01	-1.148658619119529989e-01	6.364831047065884484e-02	-5.224811737390904626e-02	1.296717457801871698e-01	-1.066889692541299894e-01	1.170425561947267129e-01
-1.228886761576139519e-01	8.148317752397925273e-02	-8.277592751368199886e-02	2.891460917114676565e-01	-7.528893293757095151e-01	9.572382892840629320e-02	-1.407454943183763796e-01	2.195104443537694294e-01	-3.825257964104426534e-01	1.000000000000000666e+00	-1.016132155503845780e-01	1.205736654358634252e-01	-1.646440473481958211e-01	2.428957636089719430e-01	-3.942005293282153100e-01	9.532745061236315431e-02	-1.134083846911773663e-01	1.246915199236694333e-01	-1.449490801164690090e-01	1.356110102097116688e-01	-8.149275880007186834e-02	1.046055773910019443e-01	-1.319011780684410384e-01	1.144750106494637348e-01	-1.229156447163912425e-01	1.017109325469156694e-01	-5.110210720559524300e-02	5.567087877772519677e-02	-9.300845894029589889e-02	9.221752949844692904e-02	-4.957787221311998199e-02	4.063630444249760609e-02	-1.023249725441512104e-01	8.432952595234065318e-02	-9.422593442568483191e-02
2.312820136645133418e-01	-9.223636165464434156e-02	8.624342420255541597e-02	-1.835715959847276924e-01	1.089147992587224389e-01	-2.963999002259482540e-01	2.477656746435529800e-01	-2.089950604365503894e-01	1.384544838114763754e-01	-1.016132155503845780e-01	1.000000000000000666e+00	-4.040242054870540334e-01	2.261350443669902233e-01	-1.397047455352903311e-01	1.348997163118400289e-01	-7.071650749435899330e-01	2.603564242226664160e-01	-1.939690424353763543e-01	1.566421325712764878e-01	-1.160808745243026019e-01	2.294875717087486444e-01	-2.359734143726184286e-01	1.893265641813567934e-01	-1.368568131495246920e-01	1.118327319029863570e-01	-2.705461286131998766e-01	8.832464451890592594e-02	-9.645226522801697566e-02	1.100618811682609471e-01	-1.062054625004835162e-01	7.813783878872275490e-02	-6.528076309974230329e-02	1.336128717982724701e-01	-1.041852521701580325e-01	1.093416734555842373e-01
-2.399037439515332992e-01	1.203848083046121509e-01	-1.161306076806996324e-01	2.038138198349892793e-01	-1.294697481766343417e-01	2.313684082122551833e-01	-5.578484924166686731e-01	2.604199501045862952e-01	-1.741092782222824487e-01	1.205736654358634252e-01	-4.040242054870540334e-01	9.999999999999975575e-01	-4.811662251015383918e-01	1.775196175557505474e-01	-1.686328060794035355e-01	2.571655782770633780e-01	-3.531149047340288449e-01	2.419661477905927782e-01	-1.908431130066105541e-01	1.316392877801677297e-01	-1.729119248037398748e-01	2.218615297109116091e-01	-2.189818751619320158e-01	1.538328186719743751e-01	-1.276416641801596252e-01	1.933048768776463311e-01	-7.893769657458669931e-02	8.537747255946780134e-02	-1.193690672431076127e-01	1.135307026728061275e-01	-7.224236287755597674e-02	5.962647296616897796e-02	-1.345351564155242707e-01	1.090938979328112679e-01	-1.160560767408625737e-01
1.996125731848521490e-01	-1.178446652038796644e-01	1.109491583650048935e-01	-2.704758441321402085e-01	1.649591369356337156e-01	-1.874850955017188514e-01	2.722591260049862516e-01	-3.920426044078171857e-01	2.326363567224314644e-01	-1.646440473481958211e-01	2.261350443669902233e-01	-4.811662251015383918e-01	1.000000000000001332e+00	-3.218982999559399372e-01	2.277823781331956288e-01	-2.276547304692491391e-01	2.685856838871683583e-01	-5.000751163012008282e-01	2.568561520324212366e-01	-1.816580105197528050e-01	1.701890804966617321e-01	-2.412833646401127408e-01	2.604809742183037402e-01	-2.088276187458949495e-01	1.639935248865648509e-01	-2.139445433706418376e-01	9.014904836673065525e-02	-9.976583349118356425e-02	1.492426071801169762e-01	-1.463601562531687550e-01	8.279496570444172532e-02	-6.891669201062051997e-02	1.584004972898768460e-01	-1.376344972218717100e-01	1.420972200201534308e-01
-1.514859057041968993e-01	9.100457183308993669e-02	-9.083383309175323272e-02	2.695824631318524678e-01	-2.331358791612206105e-01	1.228924036787796964e-01	-1.826271302021416076e-01	2.673164716602680624e-01	-4.588567381567107972e-01	2.428957636089719430e-01	-1.397047455352903311e-01	1.775196175557505474e-01	-3.218982999559399372e-01	1.000000000000001998e+00	-6.591516922987125104e-01	1.326930462759982887e-01	-1.660722015312756650e-01	2.081066855448647779e-01	-3.058016087840180197e-01	2.050807720704341530e-01	-1.127052153846161003e-01	1.506710495394905924e-01	-1.973814744099684215e-01	1.847231832970534782e-01	-1.857856842949296150e-01	1.390856380169159245e-01	-6.814330906985910374e-02	7.468767211032857622e-02	-1.357378754224809470e-01	1.312107581333786521e-01	-6.480251714335188984e-02	5.349903295942008696e-02	-1.326755927379932032e-01	1.179445818680956160e-01	-1.282859878711662127e-01
1.477234426044544413e-01	-1.000039114118567996e-01	9.670471063189270411e-02	-3.346742649000883363e-01	2.527561178561618105e-01	-1.226156048181969993e-01	1.713209227370055543e-01	-2.774695968347891673e-01	2.920098141069750186e-01	-3.942005293282153100e-01	1.348997163118400289e-01	-1.686328060794035355e-01	2.277823781331956288e-01	-6.591516922987125104e-01	9.999999999999966693e-01	-1.334020388109611321e-01	1.569476837536896707e-01	-1.918038452827754425e-01	2.292757415494920403e-01	-3.054805847407199848e-01	1.140383962323801570e-01	-1.520323698689879932e-01	1.857806869753955148e-01	-1.863845666495697884e-01	2.041567797561677500e-01	-1.469444174376448031e-01	7.162395000906014719e-02	-7.934264316530552363e-02	1.386758506355256215e-01	-1.450117741294619511e-01	6.818924010122184853e-02	-5.649776920044863315e-02	1.394878445027786795e-01	-1.258865444986601578e-01	1.355004020786476637e-01
-2.296919229319542288e-01	8.150485514926142372e-02	-7.903523078908922250e-02	1.632288111319984691e-01	-1.042816941158144634e-01	1.993455302338190405e-01	-2.266733648015482327e-01	1.819972785906815715e-01	-1.301970381769822771e-01	9.532745061236315431e-02	-7.071650749435899330e-01	2.571655782770633780e-01	-2.276547304692491391e-01	1.326930462759982887e-01	-1.334020388109611321e-01	1.000000000000003331e+00	-3.838952921654064654e-01	1.961852704171479223e-01	-1.647603981467692935e-01	1.146953679225637263e-01	-3.644908999317182929e-01	2.527333611790070211e-01	-2.103573842185468001e-01	1.392397312329576031e-01	-1.140854295361970888e-01	2.555416762982326562e-01	-8.955599301666741785e-02	9.349948572763212840e-02	-1.122929682911816135e-01	1.052017241025615529e-01	-7.952771323353841071e-02	6.516034151112923278e-02	-1.352216635111409548e-01	1.036408078861879162e-01	-1.102991969494606372e-01
1.833259330230133932e-01	-9.002691093783873888e-02	8.512257158573204030e-02	-1.967371176239023911e-01	1.199720394274471219e-01	-1.697436452514200500e-01	2.224957501365997237e-01	-2.198186975199921400e-01	1.523099684082475092e-01	-1.134083846911773663e-01	2.603564242226664160e-01	-3.531149047340288449e-01	2.685856838871683583e-01	-1.660722015312756650e-01	1.569476837536896707e-01	-3.838952921654064654e-01	9.999999999999978906e-01	-4.140044337458287371e-01	2.225911712064687908e-01	-1.514876768043710298e-01	2.547270858203170563e-01	-5.884139935920238429e-01	2.840545433947152532e-01	-1.961073514551656405e-01	1.430625931632637793e-01	-2.773671750072478903e-01	9.886549310140294033e-02	-1.073461410181027892e-01	1.390621475560894493e-01	-1.330715081196955363e-01	8.598211315076408068e-02	-7.201692568984810472e-02	1.506122285591285637e-01	-1.281024896182306749e-01	1.302763400313364239e-01
-1.641469559812591406e-01	8.434723773968882954e-02	-8.149171801085031142e-02	1.975852791242180273e-01	-1.305062947008193974e-01	1.408889596260107513e-01	-2.015863430195305728e-01	2.242599038602648420e-01	-1.714800408952126543e-01	1.246915199236694333e-01	-1.939690424353763543e-01	2.419661477905927782e-01	-5.000751163012008282e-01	2.081066855448647779e-01	-1.918038452827754425e-01	1.961852704171479223e-01	-4.140044337458287371e-01	1.000000000000002220e+00	-4.786076276684589903e-01	1.907595403575239879e-01	-1.691615473054918495e-01	2.620311656684027324e-01	-4.585303983991198540e-01	2.612673207066024128e-01	-1.834894008825256329e-01	1.916031035994884002e-01	-8.531645272272740665e-02	9.350351799975220590e-02	-1.665583551229473103e-01	1.506099494983582365e-01	-7.721875913067083319e-02	6.427845157087566652e-02	-1.497421898576778154e-01	1.403966171593321877e-01	-1.426427222683717411e-01
1.502114950798533188e-01	-8.398593468274405394e-02	8.057775753850263123e-02	-2.228986763210592248e-01	1.440747822558210711e-01	-1.275813713153285400e-01	1.715800236044038862e-01	-2.275669794962267845e-01	1.879745534216396563e-01	-1.449490801164690090e-01	1.566421325712764878e-01	-1.908431130066105541e-01	2.568561520324212366e-01	-3.058016087840180197e-01	2.292757415494920403e-01	-1.647603981467692935e-01	2.225911712064687908e-01	-4.786076276684589903e-01	9.999999999999995559e-01	-3.602474952337264558e-01	1.468417262118703048e-01	-2.228008300013857024e-01	3.028827940066955438e-01	-5.438655241451095801e-01	2.615310725962124994e-01	-1.857036481862923138e-01	9.004869620406728836e-02	-1.015398340822675771e-01	2.234261298724530831e-01	-2.127046088087792275e-01	8.293926259950634705e-02	-6.984985474975563546e-02	1.703529441168311898e-01	-1.906290562694251123e-01	1.777737229869414404e-01
-1.192908287800710926e-01	6.517581454733339941e-02	-6.347614762989983728e-02	1.798004080095102764e-01	-1.359110470312139274e-01	9.620770779357101787e-02	-1.310754754151620405e-01	1.673461863919055714e-01	-1.553257656119764740e-01	1.356110102097116688e-01	-1.160808745243026019e-01	1.316392877801677297e-01	-1.816580105197528050e-01	2.050807720704341530e-01	-3.054805847407199848e-01	1.146953679225637263e-01	-1.514876768043710298e-01	1.907595403575239879e-01	-3.602474952337264558e-01	9.999999999999993339e-01	-1.055340767716070743e-01	1.452444001514613392e-01	-2.233297435729403313e-01	2.580426906890903038e-01	-7.672516752218757619e-01	1.307132582678901533e-01	-7.192484462154810632e-02	7.949178506635641572e-02	-1.983163867766162269e-01	2.110561908115811403e-01	-6.848828380290822304e-02	5.705362148262837357e-02	-1.488666767360734555e-01	1.547158634683496459e-01	-1.923601547195072925e-01
1.535619252195568607e-01	-6.394052435093341979e-02	6.175436930331189289e-02	-1.406172992896609075e-01	8.899330919008022200e-02	-1.305060988323930582e-01	1.549893274030147428e-01	-1.483242195798584739e-01	1.084651582726259000e-01	-8.149275880007186834e-02	2.294875717087486444e-01	-1.729119248037398748e-01	1.701890804966617321e-01	-1.127052153846161003e-01	1.140383962323801570e-01	-3.644908999317182929e-01	2.547270858203170563e-01	-1.691615473054918495e-01	1.468417262118703048e-01	-1.055340767716070743e-01	1.000000000000001998e+00	-4.530848421575887630e-01	2.127254298899582119e-01	-1.347534558055970277e-01	1.056180335219437660e-01	-7.172086416396741271e-01	1.246387966501576183e-01	-1.298120538583781014e-01	1.094131841926712367e-01	-1.022409205927274078e-01	1.020352526691231387e-01	-8.660874609490765152e-02	1.398656552410128540e-01	-1.037203149818576586e-01	1.069826682220446357e-01
-1.806583410560318737e-01	7.910032393022413399e-02	-7.700507539145545755e-02	1.737307088331372928e-01	-1.136196387303888139e-01	1.480926043819706384e-01	-1.998417279356545229e-01	1.869505517515339665e-01	-1.401768794430301168e-01	1.046055773910019443e-01	-2.359734143726184286e-01	2.218615297109116091e-01	-2.412833646401127408e-01	1.506710495394905924e-01	-1.520323698689879932e-01	2.527333611790070211e-01	-5.884139935920238429e-01	2.620311656684027324e-01	-2.228008300013857024e-01	1.452444001514613392e-01	-4.530848421575887630e-01	9.999999999999994449e-01	-4.469428465125214189e-01	2.018147314208020848e-01	-1.485484341060329949e-01	2.816105190213700760e-01	-1.112260704557274382e-01	1.125012648374921903e-01	-1.476997509132894626e-01	1.331398689627103227e-01	-9.320679149191254953e-02	7.667727430261148114e-02	-1.585241724491664173e-01	1.297777400287038752e-01	-1.349406411837104913e-01
1.700852089043293214e-01	-9.068199150835110078e-02	8.623871953812461966e-02	-2.272119371786974207e-01	1.368330997828326734e-01	-1.464679760433243993e-01	1.905714872259355597e-01	-2.348395881977740907e-01	1.706113927762735738e-01	-1.319011780684410384e-01	1.893265641813567934e-01	-2.189818751619320158e-01	2.604809742183037402e-01	-1.973814744099684215e-01	1.857806869753955148e-01	-2.103573842185468001e-01	2.840545433947152532e-01	-4.585303983991198540e-01	3.028827940066955438e-01	-2.233297435729403313e-01	2.127254298899582119e-01	-4.469428465125214189e-01	1.000000000000000444e+00	-4.837668386869644066e-01	2.111786037273183370e-01	-2.645259085016231637e-01	1.128604229169901246e-01	-1.288458405238858961e-01	2.179920667957898350e-01	-2.054755921683362463e-01	9.863387860886853320e-02	-8.343976243336570509e-02	1.869049080692707365e-01	-1.948161378838570157e-01	1.792587115685450316e-01
-1.321902919026929357e-01	6.885141026729912905e-02	-6.662409817300851689e-02	1.771998849361375583e-01	-1.194740645673733198e-01	1.083769676631629597e-01	-1.458430196763079445e-01	1.761409828101904718e-01	-1.476285552088765773e-01	1.144750106494637348e-01	-1.368568131495246920e-01	1.538328186719743751e-01	-2.088276187458949495e-01	1.847231832970534782e-01	-1.863845666495697884e-01	1.392397312329576031e-01	-1.961073514551656405e-01	2.612673207066024128e-01	-5.438655241451095801e-01	2.580426906890903038e-01	-1.347534558055970277e-01	2.018147314208020848e-01	-4.837668386869644066e-01	1.000000000000000222e+00	-3.558459068295768413e-01	1.622460314364329026e-01	-8.983721372129327420e-02	1.005158477638759401e-01	-4.167280333899091582e-01	2.356204170891896543e-01	-8.245346765862154870e-02	6.944699979673334134e-02	-1.804292663735233004e-01	2.149892541333975338e-01	-2.026570268807953157e-01
1.142499340143872250e-01	-6.475511849940655817e-02	6.224200859197034225e-02	-1.823103143967202411e-01	1.192508682902282263e-01	-9.392286132542362886e-02	1.248324095801098405e-01	-1.657613212275739489e-01	1.409945971059366476e-01	-1.229156447163912425e-01	1.118327319029863570e-01	-1.276416641801596252e-01	1.639935248865648509e-01	-1.857856842949296150e-01	2.041567797561677500e-01	-1.140854295361970888e-01	1.430625931632637793e-01	-1.834894008825256329e-01	2.615310725962124994e-01	-7.672516752218757619e-01	1.056180335219437660e-01	-1.485484341060329949e-01	2.111786037273183370e-01	-3.558459068295768413e-01	9.999999999999996669e-01	-1.362738292986264976e-01	7.436271817152402541e-02	-8.392671013423554094e-02	2.139923768842883767e-01	-3.137752554209449762e-01	7.012271124794561272e-02	-5.902696256555918508e-02	1.520130718051883323e-01	-1.760302270951753789e-01	1.993018237490768729e-01
-2.092769935919173985e-01	7.839048204990493873e-02	-7.734045185566605640e-02	1.687905815715363966e-01	-1.139045355149118227e-01	1.573391239490861404e-01	-1.960104646089286251e-01	1.766397103896281684e-01	-1.356562902714369412e-01	1.017109325469156694e-01	-2.705461286131998766e-01	1.933048768776463311e-01	-2.139445433706418376e-01	1.390856380169159245e-01	-1.469444174376448031e-01	2.555416762982326562e-01	-2.773671750072478903e-01	1.916031035994884002e-01	-1.857036481862923138e-01	1.307132582678901533e-01	-7.172086416396741271e-01	2.816105190213700760e-01	-2.645259085016231637e-01	1.622460314364329026e-01	-1.362738292986264976e-01	9.999999999999997780e-01	-2.063590516150926035e-01	1.724592088865418982e-01	-1.441130097554009226e-01	1.305222889956707544e-01	-1.665706168192773728e-01	1.275940305932533603e-01	-2.031619979577904134e-01	1.360217933141446567e-01	-1.446609236152217592e-01
8.403516509414779567e-02	-3.697775060923625540e-02	3.589634745966643892e-02	-9.032392119719874490e-02	5.657437310860116697e-02	-6.499085587932502961e-02	8.029224769796874939e-02	-8.578053505626663522e-02	6.609093984324666826e-02	-5.110210720559524300e-02	8.832464451890592594e-02	-7.893769657458669931e-02	9.014904836673065525e-02	-6.814330906985910374e-02	7.162395000906014719e-02	-8.955599301666741785e-02	9.886549310140294033e-02	-8.531645272272740665e-02	9.004869620406728836e-02	-7.192484462154810632e-02	1.246387966501576183e-01	-1.112260704557274382e-01	1.128604229169901246e-01	-8.983721372129327420e-02	7.436271817152402541e-02	-2.063590516150926035e-01	9.999999999999991118e-01	-8.576941030333306015e-01	1.094843397346460939e-01	-9.591775570392319095e-02	2.354781078793216631e-01	-3.207130528937309211e-01	1.967488475049942453e-01	-1.174866999452548466e-01	1.037332751543432879e-01
-9.330019238250020219e-02	3.990715424158162300e-02	-3.895204273543401152e-02	9.620095823622358544e-02	-6.196125805871677966e-02	7.067031526118901230e-02	-8.818739975569400702e-02	9.228876928453763617e-02	-7.212278960999990440e-02	5.567087877772519677e-02	-9.645226522801697566e-02	8.537747255946780134e-02	-9.976583349118356425e-02	7.468767211032857622e-02	-7.934264316530552363e-02	9.349948572763212840e-02	-1.073461410181027892e-01	9.350351799975220590e-02	-1.015398340822675771e-01	7.949178506635641572e-02	-1.298120538583781014e-01	1.125012648374921903e-01	-1.288458405238858961e-01	1.005158477638759401e-01	-8.392671013423554094e-02	1.724592088865418982e-01	-8.576941030333306015e-01	9.999999999999987788e-01	-1.345169510881333852e-01	1.069084549196353678e-01	-2.820684803919868422e-01	2.336345642303685743e-01	-2.549330872419077743e-01	1.315914967292356741e-01	-1.210066724674908334e-01
1.130584614792311260e-01	-5.871563522611959046e-02	5.652328223627519493e-02	-1.555305414180153667e-01	9.827154079863775760e-02	-9.112228098081548433e-02	1.179203893647733786e-01	-1.452953362034799245e-01	1.165679943325851620e-01	-9.300845894029589889e-02	1.100618811682609471e-01	-1.193690672431076127e-01	1.492426071801169762e-01	-1.357378754224809470e-01	1.386758506355256215e-01	-1.122929682911816135e-01	1.390621475560894493e-01	-1.665583551229473103e-01	2.234261298724530831e-01	-1.983163867766162269e-01	1.094131841926712367e-01	-1.476997509132894626e-01	2.179920667957898350e-01	-4.167280333899091582e-01	2.139923768842883767e-01	-1.441130097554009226e-01	1.094843397346460939e-01	-1.345169510881333852e-01	9.999999999999984457e-01	-5.338889323385026531e-01	9.851242728949628769e-02	-8.652441581453740316e-02	2.394802928520122220e-01	-5.592706125237774106e-01	3.100934870960387890e-01
-1.113712781283524300e-01	5.634163079960655129e-02	-5.465964261480648484e-02	1.481689325689780345e-01	-9.911875163492413210e-02	8.779666491755268309e-02	-1.151411317347357660e-01	1.378690451634462522e-01	-1.148658619119529989e-01	9.221752949844692904e-02	-1.062054625004835162e-01	1.135307026728061275e-01	-1.463601562531687550e-01	1.312107581333786521e-01	-1.450117741294619511e-01	1.052017241025615529e-01	-1.330715081196955363e-01	1.506099494983582365e-01	-2.127046088087792275e-01	2.110561908115811403e-01	-1.022409205927274078e-01	1.331398689627103227e-01	-2.054755921683362463e-01	2.356204170891896543e-01	-3.137752554209449762e-01	1.305222889956707544e-01	-9.591775570392319095e-02	1.069084549196353678e-01	-5.338889323385026531e-01	9.999999999999988898e-01	-9.309091416782305783e-02	7.873062435970615280e-02	-2.306294450925702177e-01	3.036947232886594294e-01	-6.423233203662056523e-01
7.821383170247277195e-02	-3.574187005741373546e-02	3.454673998347722319e-02	-9.038151254346860064e-02	5.492655194250491840e-02	-6.059425675657417742e-02	7.443286764995923899e-02	-8.274372725059703226e-02	6.364831047065884484e-02	-4.957787221311998199e-02	7.813783878872275490e-02	-7.224236287755597674e-02	8.279496570444172532e-02	-6.480251714335188984e-02	6.818924010122184853e-02	-7.952771323353841071e-02	8.598211315076408068e-02	-7.721875913067083319e-02	8.293926259950634705e-02	-6.848828380290822304e-02	1.020352526691231387e-01	-9.320679149191254953e-02	9.863387860886853320e-02	-8.245346765862154870e-02	7.012271124794561272e-02	-1.665706168192773728e-01	2.354781078793216631e-01	-2.820684803919868422e-01	9.851242728949628769e-02	-9.309091416782305783e-02	9.999999999999991118e-01	-8.594751005420937506e-01	2.261737517429995847e-01	-1.294468667968702302e-01	1.044851824751466818e-01
-6.484263613910759561e-02	2.916965034469819543e-02	-2.826912986378304210e-02	7.303952380284542412e-02	-4.506305808314270411e-02	4.986263972636997832e-02	-6.160952610015658915e-02	6.751991757069607247e-02	-5.224811737390904626e-02	4.063630444249760609e-02	-6.528076309974230329e-02	5.962647296616897796e-02	-6.891669201062051997e-02	5.349903295942008696e-02	-5.649776920044863315e-02	6.516034151112923278e-02	-7.201692568984810472e-02	6.427845157087566652e-02	-6.984985474975563546e-02	5.705362148262837357e-02	-8.660874609490765152e-02	7.667727430261148114e-02	-8.343976243336570509e-02	6.944699979673334134e-02	-5.902696256555918508e-02	1.275940305932533603e-01	-3.207130528937309211e-01	2.336345642303685743e-01	-8.652441581453740316e-02	7.873062435970615280e-02	-8.594751005420937506e-01	9.999999999999986677e-01	-2.791866179123734804e-01	1.139711998114517622e-01	-9.136987369555392424e-02
1.466387174572749974e-01	-7.174158282072529147e-02	6.898198151901538400e-02	-1.905285583809261107e-01	1.127910712322424958e-01	-1.139627747401208424e-01	1.407130468004012536e-01	-1.673630607411074611e-01	1.296717457801871698e-01	-1.023249725441512104e-01	1.336128717982724701e-01	-1.345351564155242707e-01	1.584004972898768460e-01	-1.326755927379932032e-01	1.394878445027786795e-01	-1.352216635111409548e-01	1.506122285591285637e-01	-1.497421898576778154e-01	1.703529441168311898e-01	-1.488666767360734555e-01	1.398656552410128540e-01	-1.585241724491664173e-01	1.869049080692707365e-01	-1.804292663735233004e-01	1.520130718051883323e-01	-2.031619979577904134e-01	1.967488475049942453e-01	-2.549330872419077743e-01	2.394802928520122220e-01	-2.306294450925702177e-01	2.261737517429995847e-01	-2.791866179123734804e-01	9.999999999999987788e-01	-4.687873213307414133e-01	2.597946603685899469e-01
-1.097382490329873173e-01	5.439267786891318485e-02	-5.267277960660709385e-02	1.418719893952812838e-01	-9.160394591289490462e-02	8.608354231752919639e-02	-1.111906584589890390e-01	1.313537878926409053e-01	-1.066889692541299894e-01	8.432952595234065318e-02	-1.041852521701580325e-01	1.090938979328112679e-01	-1.376344972218717100e-01	1.179445818680956160e-01	-1.258865444986601578e-01	1.036408078861879162e-01	-1.281024896182306749e-01	1.403966171593321877e-01	-1.906290562694251123e-01	1.547158634683496459e-01	-1.037203149818576586e-01	1.297777400287038752e-01	-1.948161378838570157e-01	2.149892541333975338e-01	-1.760302270951753789e-01	1.360217933141446567e-01	-1.174866999452548466e-01	1.315914967292356741e-01	-5.592706125237774106e-01	3.036947232886594294e-01	-1.294468667968702302e-01	1.139711998114517622e-01	-4.687873213307414133e-01	9.999999999999988898e-01	-5.254948739708686922e-01
1.177454069778600954e-01	-6.110530348936094036e-02	5.871984135543862476e-02	-1.654057168160968927e-01	1.008591847981264028e-01	-9.329948948650076956e-02	1.188435766992562703e-01	-1.471010950326018529e-01	1.170425561947267129e-01	-9.422593442568483191e-02	1.093416734555842373e-01	-1.160560767408625737e-01	1.420972200201534308e-01	-1.282859878711662127e-01	1.355004020786476637e-01	-1.102991969494606372e-01	1.302763400313364239e-01	-1.426427222683717411e-01	1.777737229869414404e-01	-1.923601547195072925e-01	1.069826682220446357e-01	-1.349406411837104913e-01	1.792587115685450316e-01	-2.026570268807953157e-01	1.993018237490768729e-01	-1.446609236152217592e-01	1.037332751543432879e-01	-1.210066724674908334e-01	3.100934870960387890e-01	-6.423233203662056523e-01	1.044851824751466818e-01	-9.136987369555392424e-02	2.597946603685899469e-01	-5.254948739708686922e-01	9.999999999999988898e-01
