1.000000000000000000e+00	-5.913971720443076396e-01	2.638587020449886800e-01	-9.313732538858762733e-02	1.056113846756306651e-01	-4.211917931059068199e-01	3.180017276684374283e-01	-2.275601872628959799e-01	1.807272666568646990e-01	-2.699681879278907903e-01	2.566794302366137148e-01	-3.483477325853730489e-01	2.096330828873898822e-01	-1.730804737779546021e-01	1.112553509489594278e-01	-1.171071326303185639e-01	1.294539896494031062e-01	-1.369613715158194966e-01	1.920898080544084785e-01	-8.316984941561239575e-02	1.016834038999350071e-01	-1.093356964057256436e-01	1.123355516503960344e-01	-1.395859343322421176e-01	1.188731651341724954e-01	-5.452214198675833096e-02	5.102763956319071592e-02	-8.509361006274865358e-02	6.698805424018101917e-02	-5.651878681934632137e-02	8.834758473545187285e-02	-5.356597645548316633e-02	6.575304395720343864e-02	-8.168623840872177300e-02	5.745118087052081268e-02
-5.913971720443076396e-01	9.999999999999998890e-01	-3.898956214517261265e-01	7.489154370419795481e-02	-8.353266821163661537e-02	2.210432800382610974e-01	-6.151345343709735403e-01	2.352875151969028300e-01	-1.514574532143198315e-01	1.846217637496727071e-01	-1.826810584706921869e-01	2.470006303010726656e-01	-1.810591983789812121e-01	1.374878348830662900e-01	-7.808877896011491571e-02	7.933048073057540062e-02	-9.183982385541647475e-02	9.436266605782606121e-02	-1.391704248700995628e-01	5.810715016723509707e-02	-7.036181220963705352e-02	7.438544978174610467e-02	-7.791552853656860678e-02	9.677605629206208204e-02	-8.236238340002949299e-02	3.638593536605749801e-02	-3.424847216407824607e-02	5.692016230781089120e-02	-4.525922336335580498e-02	3.832167515116625262e-02	-5.886784348760162183e-02	3.566641573946263688e-02	-4.398394976094741754e-02	5.455736454108228717e-02	-3.902314335698460479e-02
2.638587020449886800e-01	-3.898956214517261265e-01	1.000000000000000222e+00	-1.354061298043353900e-01	1.376112722189780091e-01	-2.058046674998227910e-01	2.902757711517385264e-01	-6.431618907585996414e-01	2.503964149289021890e-01	-3.236646075740448047e-01	1.791677785287255908e-01	-2.893860677606076570e-01	2.766243457646400117e-01	-2.374268067750746336e-01	1.238116094901112185e-01	-1.037638526174353704e-01	1.173227725782141212e-01	-1.289346301321525057e-01	2.088535519185901745e-01	-9.317489369566632484e-02	9.257722445718732929e-02	-1.005107204757646616e-01	1.065611535056085329e-01	-1.518806958798770979e-01	1.276798856016109762e-01	-5.282986116893838291e-02	4.952652388564533770e-02	-8.650713399846758633e-02	6.907662210804992042e-02	-5.941426423947596819e-02	8.848853706742287883e-02	-5.363952530804845520e-02	6.632879803785959871e-02	-8.378684608526357214e-02	6.017640127035350783e-02
-9.313732538858762733e-02	7.489154370419795481e-02	-1.354061298043353900e-01	9.999999999999998890e-01	-8.778797322441294071e-01	6.859447143428558380e-02	-9.288933031214126335e-02	1.346928797513470555e-01	-3.622888485933735692e-01	2.058743708580556275e-01	-6.931711590784918331e-02	1.044248491388054811e-01	-1.385891528571665809e-01	1.662250372657271824e-01	-7.528300680493504871e-02	4.488955628365386141e-02	-5.142578629413188662e-02	5.865794099238284126e-02	-1.273364107173583504e-01	5.478042563399520420e-02	-4.170011208747641251e-02	4.497376972787296701e-02	-5.021229441800229704e-02	8.422727082198085136e-02	-7.305185590787399708e-02	2.494318615581534587e-02	-2.356951568562882030e-02	4.311719930765552100e-02	-3.553122538998312874e-02	3.170556228073016791e-02	-4.378259465937638095e-02	2.634491110048302678e-02	-3.307464328709452950e-02	4.220487667589893632e-02	-3.230688762420297344e-02
1.056113846756306651e-01	-8.353266821163661537e-02	1.376112722189780091e-01	-8.778797322441294071e-01	1.000000000000000222e+00	-8.009521134511257690e-02	1.024994889267640125e-01	-1.449808269560954599e-01	2.527974232573546032e-01	-2.850746257491998947e-01	8.028055656577227917e-02	-1.228029494038875014e-01	1.453973450012928936e-01	-1.863325720869604962e-01	8.946743207722314406e-02	-5.333026466096985052e-02	6.028558558186566940e-02	-6.908439391860278500e-02	1.410986045474272588e-01	-6.633127674166422461e-02	4.929278863468179034e-02	-5.348586827972475616e-02	5.925600109283558209e-02	-1.013828216252788683e-01	8.672190240344253287e-02	-3.017263611288732369e-02	2.843848448596038303e-02	-5.240710002237311538e-02	4.296589314485708966e-02	-3.826520702285021724e-02	5.305151431518179139e-02	-3.198292416253683407e-02	4.007310255088368522e-02	-5.137490872340728931e-02	3.882875753653330930e-02
-4.211917931059068199e-01	2.210432800382610974e-01	-2.058046674998227910e-01	6.859447143428558380e-02	-8.009521134511257690e-02	1.000000000000000888e+00	-3.239231751745416665e-01	1.643032691046487914e-01	-1.402339372016147834e-01	1.708158100509899469e-01	-7.540759240991166124e-01	2.840167614723483891e-01	-1.771995791186409264e-01	1.298005437281836150e-01	-7.971776930558428786e-02	1.073447435739083855e-01	-1.137093316432939982e-01	1.098537099743644857e-01	-1.491033652106533436e-01	5.881047794331082518e-02	-9.537225872080591638e-02	8.981364036135934537e-02	-9.441382504912962381e-02	1.000027661103610743e-01	-8.615974070991012923e-02	4.135190123685125035e-02	-3.923156057889477105e-02	6.090778062438803597e-02	-4.825882819031825088e-02	4.005434655212392059e-02	-6.394013814218382774e-02	3.870051807044188469e-02	-4.759460244794992689e-02	5.757424348242643625e-02	-4.105496846573511438e-02
3.180017276684374283e-01	-6.151345343709735403e-01	2.902757711517385264e-01	-9.288933031214126335e-02	1.024994889267640125e-01	-3.239231751745416665e-01	1.000000000000000444e+00	-3.464335502277327561e-01	1.873332448217806534e-01	-2.361666806673197450e-01	2.351195989287991062e-01	-4.415424753788282364e-01	2.295063214814963837e-01	-1.787485785557276774e-01	9.973265706979131395e-02	-1.106058529783954941e-01	1.303463012639395346e-01	-1.320498494258064426e-01	1.777619593968522149e-01	-7.451898990224969932e-02	9.570368702157945606e-02	-1.030413047228482676e-01	1.054726209598114278e-01	-1.252389447381474785e-01	1.055376868952996872e-01	-4.819813807984769938e-02	4.532341936623084794e-02	-7.423163585096775874e-02	5.882551267406439799e-02	-4.939777678126318350e-02	7.642805182989252655e-02	-4.647349991684556619e-02	5.720587338384193477e-02	-7.081322319087476891e-02	5.024647310909306774e-02
-2.275601872628959799e-01	2.352875151969028300e-01	-6.431618907585996414e-01	1.346928797513470555e-01	-1.449808269560954599e-01	1.643032691046487914e-01	-3.464335502277327561e-01	1.000000000000000222e+00	-3.735086677235003871e-01	2.514178346096539451e-01	-1.557885201221479166e-01	2.439664630067303330e-01	-4.580160943913413885e-01	2.561462671505710942e-01	-1.073522611809002436e-01	8.567992704587361341e-02	-1.008185980084950611e-01	1.094974582750600500e-01	-1.957159346417479684e-01	7.934104373153093304e-02	-7.771965131277099037e-02	8.324439861769108995e-02	-9.031419266265698631e-02	1.286348150692128711e-01	-1.082102601401403463e-01	4.242200162055943802e-02	-4.001966684426598586e-02	6.962222594149004851e-02	-5.640151110192908462e-02	4.867980353929632353e-02	-7.078156710681623998e-02	4.287427121028310195e-02	-5.335158863720488448e-02	6.725866083723316957e-02	-4.946829441876025857e-02
1.807272666568646990e-01	-1.514574532143198315e-01	2.503964149289021890e-01	-3.622888485933735692e-01	2.527974232573546032e-01	-1.402339372016147834e-01	1.873332448217806534e-01	-3.735086677235003871e-01	1.000000000000001776e+00	-4.552114850592707818e-01	1.393529110368674773e-01	-2.229112789794482075e-01	2.963090675976357558e-01	-5.449124408591071722e-01	1.516590657013973387e-01	-9.215577061765020672e-02	1.054046529638196505e-01	-1.216053168836292026e-01	2.524950187060706064e-01	-1.133483508087317904e-01	8.462509465762409200e-02	-9.221097612088165196e-02	1.018853989790687586e-01	-1.753931795424386042e-01	1.444554225824897509e-01	-5.054002865578206827e-02	4.764468340010175051e-02	-8.779128137519084940e-02	7.221662990481431121e-02	-6.372148879622001327e-02	8.768213690260523441e-02	-5.310332023999315976e-02	6.660752900708080682e-02	-8.576503675401062066e-02	6.439289890076491107e-02
-2.699681879278907903e-01	1.846217637496727071e-01	-3.236646075740448047e-01	2.058743708580556275e-01	-2.850746257491998947e-01	1.708158100509899469e-01	-2.361666806673197450e-01	2.514178346096539451e-01	-4.552114850592707818e-01	1.000000000000000444e+00	-1.875031325157626438e-01	2.389928771796249463e-01	-3.179562569695997265e-01	2.846415685886169999e-01	-3.227447043765761525e-01	1.184589789250644204e-01	-1.372277387083685185e-01	1.545193155138752106e-01	-3.875965810369009223e-01	1.936437028425361528e-01	-1.160374068896988936e-01	1.208551634465695052e-01	-1.424379627566791651e-01	2.446133446248889565e-01	-2.771917383467362717e-01	7.155059412717945655e-02	-6.875691108916605343e-02	1.252973652638832980e-01	-1.068900113463590040e-01	1.057612685279680775e-01	-1.376190358711577022e-01	7.961998083611455945e-02	-1.016895289704358579e-01	1.249635410641182776e-01	-1.120968582102825351e-01
2.566794302366137148e-01	-1.826810584706921869e-01	1.791677785287255908e-01	-6.931711590784918331e-02	8.028055656577227917e-02	-7.540759240991166124e-01	2.351195989287991062e-01	-1.557885201221479166e-01	1.393529110368674773e-01	-1.875031325157626438e-01	1.000000000000000000e+00	-4.639275116290647594e-01	1.809430210487664725e-01	-1.377261743307829356e-01	8.508115350345331340e-02	-1.449792764937913037e-01	1.421466237075923456e-01	-1.368776656418989879e-01	1.567404899639230076e-01	-6.342360096885442389e-02	1.138155470851771878e-01	-1.112830554539536859e-01	1.107406322314273966e-01	-1.100454469605582214e-01	9.246904205399862631e-02	-4.799437269142505652e-02	4.516845569511582226e-02	-6.875576194509870620e-02	5.384005259126823512e-02	-4.389678477256121758e-02	7.105395990824281416e-02	-4.349297149818832919e-02	5.314419813636239026e-02	-6.444341377586246256e-02	4.477147960547789296e-02
-3.483477325853730489e-01	2.470006303010726656e-01	-2.893860677606076570e-01	1.044248491388054811e-01	-1.228029494038875014e-01	2.840167614723483891e-01	-4.415424753788282364e-01	2.439664630067303330e-01	-2.229112789794482075e-01	2.389928771796249463e-01	-4.639275116290647594e-01	1.000000000000002220e+00	-3.868097215914701459e-01	2.182045666450797283e-01	-1.214682065254153731e-01	1.725067320884195454e-01	-2.842836076990750138e-01	2.017841809690213706e-01	-2.461296645984824560e-01	8.906713022210172026e-02	-1.579736790392509416e-01	1.573921417668210920e-01	-1.674812459264106435e-01	1.536079210270868134e-01	-1.316407672076467250e-01	6.442164726779020523e-02	-6.181332341929333257e-02	9.241596225099135697e-02	-7.366582024490365976e-02	6.013803629401799633e-02	-9.649996226128280952e-02	5.854542155508121737e-02	-7.223984960565213442e-02	8.612720167409584904e-02	-6.184380484911872200e-02
2.096330828873898822e-01	-1.810591983789812121e-01	2.766243457646400117e-01	-1.385891528571665809e-01	1.453973450012928936e-01	-1.771995791186409264e-01	2.295063214814963837e-01	-4.580160943913413885e-01	2.963090675976357558e-01	-3.179562569695997265e-01	1.809430210487664725e-01	-3.868097215914701459e-01	1.000000000000001998e+00	-5.746549483437810579e-01	1.428817469769487480e-01	-1.154111253648039265e-01	1.387063452943221309e-01	-1.581909934780900973e-01	2.601395840564773021e-01	-1.087870703878376782e-01	1.032589078801056798e-01	-1.131507113862493252e-01	1.220829614941158769e-01	-1.787483450041450483e-01	1.417119312595528646e-01	-5.624822120225213273e-02	5.296018084885027039e-02	-9.336041690591792563e-02	7.565224384542813818e-02	-6.462095357388115968e-02	9.271858449923704726e-02	-5.662945010462870632e-02	7.050004666894123251e-02	-8.995373159795116980e-02	6.506487137687694267e-02
-1.730804737779546021e-01	1.374878348830662900e-01	-2.374268067750746336e-01	1.662250372657271824e-01	-1.863325720869604962e-01	1.298005437281836150e-01	-1.787485785557276774e-01	2.561462671505710942e-01	-5.449124408591071722e-01	2.846415685886169999e-01	-1.377261743307829356e-01	2.182045666450797283e-01	-5.746549483437810579e-01	1.000000000000001554e+00	-1.741775129872646655e-01	9.248429517945812306e-02	-1.114165057432132400e-01	1.305812406906163015e-01	-4.134860804092790887e-01	1.198658858075481448e-01	-8.639070655249646291e-02	9.355659746640290764e-02	-1.070530729320297303e-01	1.871348217169706285e-01	-1.515383403050222788e-01	4.913180244046038564e-02	-4.657505860645226592e-02	8.616907651345351304e-02	-7.253961850086987351e-02	6.351689985647500369e-02	-8.425109893398888272e-02	5.125431120986106981e-02	-6.482222181804769834e-02	8.380268696420990759e-02	-6.423142742207342548e-02
1.112553509489594278e-01	-7.808877896011491571e-02	1.238116094901112185e-01	-7.528300680493504871e-02	8.946743207722314406e-02	-7.971776930558428786e-02	9.973265706979131395e-02	-1.073522611809002436e-01	1.516590657013973387e-01	-3.227447043765761525e-01	8.508115350345331340e-02	-1.214682065254153731e-01	1.428817469769487480e-01	-1.741775129872646655e-01	1.000000000000000222e+00	-7.011391371018299568e-02	7.699180421636744875e-02	-9.286185939659950817e-02	2.018705486705996976e-01	-7.800623767588639179e-01	6.672722275132761394e-02	-7.657836022956629463e-02	8.910319698739661842e-02	-3.022802934342088133e-01	2.942647854025731147e-01	-5.097543162454228755e-02	4.834821074876193697e-02	-1.096274231732004834e-01	9.826074621832947553e-02	-1.112530033575047789e-01	9.564828859335434974e-02	-5.973570015592275656e-02	7.805068331437919893e-02	-1.138165667990036489e-01	9.929018830358669889e-02
-1.171071326303185639e-01	7.933048073057540062e-02	-1.037638526174353704e-01	4.488955628365386141e-02	-5.333026466096985052e-02	1.073447435739083855e-01	-1.106058529783954941e-01	8.567992704587361341e-02	-9.215577061765020672e-02	1.184589789250644204e-01	-1.449792764937913037e-01	1.725067320884195454e-01	-1.154111253648039265e-01	9.248429517945812306e-02	-7.011391371018299568e-02	1.000000000000000222e+00	-4.822802655672433492e-01	2.607506052725948598e-01	-1.505923051104204879e-01	5.289230580589299180e-02	-7.329900136384919218e-01	2.868310585772916310e-01	-2.870391895604345600e-01	1.089583415167071911e-01	-8.517973872581491301e-02	9.408387003658912062e-02	-9.187039061514933047e-02	8.793081750410372543e-02	-6.592931408127997162e-02	4.369265184523923873e-02	-9.253226020036012245e-02	5.921646536277090644e-02	-6.957576512816684988e-02	7.303382244397677026e-02	-4.492199601432454031e-02
1.294539896494031062e-01	-9.183982385541647475e-02	1.173227725782141212e-01	-5.142578629413188662e-02	6.028558558186566940e-02	-1.137093316432939982e-01	1.303463012639395346e-01	-1.008185980084950611e-01	1.054046529638196505e-01	-1.372277387083685185e-01	1.421466237075923456e-01	-2.842836076990750138e-01	1.387063452943221309e-01	-1.114165057432132400e-01	7.699180421636744875e-02	-4.822802655672433492e-01	1.000000000000000000e+00	-6.349066454452111374e-01	1.753318153324567585e-01	-5.888016657824717698e-02	2.835459460324091241e-01	-3.887054596610929891e-01	2.933700661490458717e-01	-1.244330717567406069e-01	9.238901422107423378e-02	-8.178854495577553285e-02	7.822520338552324537e-02	-9.063799899006937111e-02	6.785908029373878547e-02	-4.628793848350293977e-02	8.744314056346684516e-02	-5.658111064673970736e-02	6.765424062135677596e-02	-7.524395324835292387e-02	4.722324592552714501e-02
-1.369613715158194966e-01	9.436266605782606121e-02	-1.289346301321525057e-01	5.865794099238284126e-02	-6.908439391860278500e-02	1.098537099743644857e-01	-1.320498494258064426e-01	1.094974582750600500e-01	-1.216053168836292026e-01	1.545193155138752106e-01	-1.368776656418989879e-01	2.017841809690213706e-01	-1.581909934780900973e-01	1.305812406906163015e-01	-9.286185939659950817e-02	2.607506052725948598e-01	-6.349066454452111374e-01	1.000000000000000444e+00	-2.651828052192797824e-01	7.093190168359025938e-02	-2.832613375776303899e-01	2.961553892237161478e-01	-5.408785515267821031e-01	1.550470144619078283e-01	-1.145214813339442139e-01	8.429071623032903526e-02	-8.324526267839896243e-02	1.115410177974817119e-01	-8.522617812883004351e-02	5.595622995963769886e-02	-1.049639006304511346e-01	6.592497785271211885e-02	-8.224975353874419692e-02	8.993737699486809012e-02	-5.748618930955244621e-02
1.920898080544084785e-01	-1.391704248700995628e-01	2.088535519185901745e-01	-1.273364107173583504e-01	1.410986045474272588e-01	-1.491033652106533436e-01	1.777619593968522149e-01	-1.957159346417479684e-01	2.524950187060706064e-01	-3.875965810369009223e-01	1.567404899639230076e-01	-2.461296645984824560e-01	2.601395840564773021e-01	-4.134860804092790887e-01	2.018705486705996976e-01	-1.505923051104204879e-01	1.753318153324567585e-01	-2.651828052192797824e-01	1.000000000000003331e+00	-1.704439044816790927e-01	1.386750695892224328e-01	-1.598477934358008834e-01	1.849664259369903085e-01	-4.916701539352861805e-01	2.478331735933015367e-01	-8.532621287429784096e-02	8.033506058088789314e-02	-1.646288537486775005e-01	1.414795387662883819e-01	-1.114315409367579585e-01	1.445297163917481087e-01	-9.048218427708477896e-02	1.155167448331581720e-01	-1.583393059478883091e-01	1.100450159210352719e-01
-8.316984941561239575e-02	5.810715016723509707e-02	-9.317489369566632484e-02	5.478042563399520420e-02	-6.633127674166422461e-02	5.881047794331082518e-02	-7.451898990224969932e-02	7.934104373153093304e-02	-1.133483508087317904e-01	1.936437028425361528e-01	-6.342360096885442389e-02	8.906713022210172026e-02	-1.087870703878376782e-01	1.198658858075481448e-01	-7.800623767588639179e-01	5.289230580589299180e-02	-5.888016657824717698e-02	7.093190168359025938e-02	-1.704439044816790927e-01	1.000000000000001998e+00	-5.110459938191071194e-02	5.813193315532375061e-02	-6.949540794205860683e-02	2.334381526153173347e-01	-5.015314040294153175e-01	3.884305201210649233e-02	-3.720990967452757897e-02	8.366958507411198509e-02	-7.874070258923053511e-02	1.031435400616447923e-01	-7.540530636126280273e-02	4.633912927723282671e-02	-6.158959623391515453e-02	8.800183292921461009e-02	-9.755228329584957059e-02
1.016834038999350071e-01	-7.036181220963705352e-02	9.257722445718732929e-02	-4.170011208747641251e-02	4.929278863468179034e-02	-9.537225872080591638e-02	9.570368702157945606e-02	-7.771965131277099037e-02	8.462509465762409200e-02	-1.160374068896988936e-01	1.138155470851771878e-01	-1.579736790392509416e-01	1.032589078801056798e-01	-8.639070655249646291e-02	6.672722275132761394e-02	-7.329900136384919218e-01	2.835459460324091241e-01	-2.832613375776303899e-01	1.386750695892224328e-01	-5.110459938191071194e-02	1.000000000000001554e+00	-4.927799312320974012e-01	2.618901215097985125e-01	-1.091226236140497019e-01	8.152169696616054506e-02	-1.245297972971203954e-01	1.077017841351634586e-01	-9.123072179078930977e-02	6.629076583256977850e-02	-4.342979723505552281e-02	9.320920251919523336e-02	-6.296984041502395879e-02	7.075931532104458299e-02	-7.521633847990694122e-02	4.418404263600581028e-02
-1.093356964057256436e-01	7.438544978174610467e-02	-1.005107204757646616e-01	4.497376972787296701e-02	-5.348586827972475616e-02	8.981364036135934537e-02	-1.030413047228482676e-01	8.324439861769108995e-02	-9.221097612088165196e-02	1.208551634465695052e-01	-1.112830554539536859e-01	1.573921417668210920e-01	-1.131507113862493252e-01	9.355659746640290764e-02	-7.657836022956629463e-02	2.868310585772916310e-01	-3.887054596610929891e-01	2.961553892237161478e-01	-1.598477934358008834e-01	5.813193315532375061e-02	-4.927799312320974012e-01	1.000000000000002665e+00	-6.611557814448404402e-01	1.280612611787626531e-01	-9.718608321777570669e-02	1.189251693477202804e-01	-1.301222316514471511e-01	1.144276422829973022e-01	-8.409952262985471994e-02	5.063063104545096477e-02	-1.098907409778948213e-01	7.334586239378013128e-02	-8.653170291601421094e-02	8.779608659557239236e-02	-5.217686687773532422e-02
1.123355516503960344e-01	-7.791552853656860678e-02	1.065611535056085329e-01	-5.021229441800229704e-02	5.925600109283558209e-02	-9.441382504912962381e-02	1.054726209598114278e-01	-9.031419266265698631e-02	1.018853989790687586e-01	-1.424379627566791651e-01	1.107406322314273966e-01	-1.674812459264106435e-01	1.220829614941158769e-01	-1.070530729320297303e-01	8.910319698739661842e-02	-2.870391895604345600e-01	2.933700661490458717e-01	-5.408785515267821031e-01	1.849664259369903085e-01	-6.949540794205860683e-02	2.618901215097985125e-01	-6.611557814448404402e-01	1.000000000000002665e+00	-1.771056658300940723e-01	1.157042894258691335e-01	-1.079630959964174852e-01	1.035684205747350595e-01	-1.581753832351121269e-01	1.042757368081123903e-01	-6.065726275571456383e-02	1.174587891177207716e-01	-7.819450954236947804e-02	9.711046318775862218e-02	-1.062782656808265169e-01	6.168357508518293453e-02
-1.395859343322421176e-01	9.677605629206208204e-02	-1.518806958798770979e-01	8.422727082198085136e-02	-1.013828216252788683e-01	1.000027661103610743e-01	-1.252389447381474785e-01	1.286348150692128711e-01	-1.753931795424386042e-01	2.446133446248889565e-01	-1.100454469605582214e-01	1.536079210270868134e-01	-1.787483450041450483e-01	1.871348217169706285e-01	-3.022802934342088133e-01	1.089583415167071911e-01	-1.244330717567406069e-01	1.550470144619078283e-01	-4.916701539352861805e-01	2.334381526153173347e-01	-1.091226236140497019e-01	1.280612611787626531e-01	-1.771056658300940723e-01	1.000000000000001776e+00	-6.040675862193950474e-01	8.146215335945485025e-02	-8.012574051355700333e-02	1.883063491096147180e-01	-2.394691649557096902e-01	1.623351973596104947e-01	-1.649059622854934237e-01	9.952936700579184670e-02	-1.386065049721294518e-01	1.888334054727937028e-01	-1.718688272693322250e-01
1.188731651341724954e-01	-8.236238340002949299e-02	1.276798856016109762e-01	-7.305185590787399708e-02	8.672190240344253287e-02	-8.615974070991012923e-02	1.055376868952996872e-01	-1.082102601401403463e-01	1.444554225824897509e-01	-2.771917383467362717e-01	9.246904205399862631e-02	-1.316407672076467250e-01	1.417119312595528646e-01	-1.515383403050222788e-01	2.942647854025731147e-01	-8.517973872581491301e-02	9.238901422107423378e-02	-1.145214813339442139e-01	2.478331735933015367e-01	-5.015314040294153175e-01	8.152169696616054506e-02	-9.718608321777570669e-02	1.157042894258691335e-01	-6.040675862193950474e-01	1.000000000000001110e+00	-6.720748487109118319e-02	6.422754938954630677e-02	-1.582992839203421764e-01	1.524711008011538915e-01	-2.373859573770089604e-01	1.297933534380147913e-01	-8.193571917864093945e-02	1.100053492317365905e-01	-1.686768642171325716e-01	1.792075934271768478e-01
-5.452214198675833096e-02	3.638593536605749801e-02	-5.282986116893838291e-02	2.494318615581534587e-02	-3.017263611288732369e-02	4.135190123685125035e-02	-4.819813807984769938e-02	4.242200162055943802e-02	-5.054002865578206827e-02	7.155059412717945655e-02	-4.799437269142505652e-02	6.442164726779020523e-02	-5.624822120225213273e-02	4.913180244046038564e-02	-5.097543162454228755e-02	9.408387003658912062e-02	-8.178854495577553285e-02	8.429071623032903526e-02	-8.532621287429784096e-02	3.884305201210649233e-02	-1.245297972971203954e-01	1.189251693477202804e-01	-1.079630959964174852e-01	8.146215335945485025e-02	-6.720748487109118319e-02	1.000000000000002665e+00	-9.019203700944700142e-01	1.528328871465451932e-01	-1.051889907443741418e-01	5.425778810020527587e-02	-2.805919629520741698e-01	2.070408141363479226e-01	-1.820832162725997405e-01	1.301571126569454617e-01	-5.531688946780167343e-02
5.102763956319071592e-02	-3.424847216407824607e-02	4.952652388564533770e-02	-2.356951568562882030e-02	2.843848448596038303e-02	-3.923156057889477105e-02	4.532341936623084794e-02	-4.001966684426598586e-02	4.764468340010175051e-02	-6.875691108916605343e-02	4.516845569511582226e-02	-6.181332341929333257e-02	5.296018084885027039e-02	-4.657505860645226592e-02	4.834821074876193697e-02	-9.187039061514933047e-02	7.822520338552324537e-02	-8.324526267839896243e-02	8.033506058088789314e-02	-3.720990967452757897e-02	1.077017841351634586e-01	-1.301222316514471511e-01	1.035684205747350595e-01	-8.012574051355700333e-02	6.422754938954630677e-02	-9.019203700944700142e-01	1.000000000000002887e+00	-1.750885023750956282e-01	1.065050124797074366e-01	-5.438175201094082312e-02	2.216592921963689844e-01	-2.628708144399652391e-01	1.721736837107342710e-01	-1.376358109941591690e-01	5.437068549459640743e-02
-8.509361006274865358e-02	5.692016230781089120e-02	-8.650713399846758633e-02	4.311719930765552100e-02	-5.240710002237311538e-02	6.090778062438803597e-02	-7.423163585096775874e-02	6.962222594149004851e-02	-8.779128137519084940e-02	1.252973652638832980e-01	-6.875576194509870620e-02	9.241596225099135697e-02	-9.336041690591792563e-02	8.616907651345351304e-02	-1.096274231732004834e-01	8.793081750410372543e-02	-9.063799899006937111e-02	1.115410177974817119e-01	-1.646288537486775005e-01	8.366958507411198509e-02	-9.123072179078930977e-02	1.144276422829973022e-01	-1.581753832351121269e-01	1.883063491096147180e-01	-1.582992839203421764e-01	1.528328871465451932e-01	-1.750885023750956282e-01	1.000000000000003109e+00	-6.529476871388850689e-01	1.381711510162484668e-01	-3.804214799784088608e-01	2.341526816408658340e-01	-4.429923641239286169e-01	3.258363367437154823e-01	-1.488632125729115740e-01
6.698805424018101917e-02	-4.525922336335580498e-02	6.907662210804992042e-02	-3.553122538998312874e-02	4.296589314485708966e-02	-4.825882819031825088e-02	5.882551267406439799e-02	-5.640151110192908462e-02	7.221662990481431121e-02	-1.068900113463590040e-01	5.384005259126823512e-02	-7.366582024490365976e-02	7.565224384542813818e-02	-7.253961850086987351e-02	9.826074621832947553e-02	-6.592931408127997162e-02	6.785908029373878547e-02	-8.522617812883004351e-02	1.414795387662883819e-01	-7.874070258923053511e-02	6.629076583256977850e-02	-8.409952262985471994e-02	1.042757368081123903e-01	-2.394691649557096902e-01	1.524711008011538915e-01	-1.051889907443741418e-01	1.065050124797074366e-01	-6.529476871388850689e-01	1.000000000000002220e+00	-1.756288302496736842e-01	2.266099629273104488e-01	-1.591012454865788073e-01	2.509148840588812934e-01	-6.094647364058672911e-01	1.632007068351800927e-01
-5.651878681934632137e-02	3.832167515116625262e-02	-5.941426423947596819e-02	3.170556228073016791e-02	-3.826520702285021724e-02	4.005434655212392059e-02	-4.939777678126318350e-02	4.867980353929632353e-02	-6.372148879622001327e-02	1.057612685279680775e-01	-4.389678477256121758e-02	6.013803629401799633e-02	-6.462095357388115968e-02	6.351689985647500369e-02	-1.112530033575047789e-01	4.369265184523923873e-02	-4.628793848350293977e-02	5.595622995963769886e-02	-1.114315409367579585e-01	1.031435400616447923e-01	-4.342979723505552281e-02	5.063063104545096477e-02	-6.065726275571456383e-02	1.623351973596104947e-01	-2.373859573770089604e-01	5.425778810020527587e-02	-5.438175201094082312e-02	1.381711510162484668e-01	-1.756288302496736842e-01	1.000000000000002665e+00	-1.373557953381500663e-01	8.182217733011479255e-02	-1.232676670713022671e-01	1.917788340001593539e-01	-9.054067886843082391e-01
8.834758473545187285e-02	-5.886784348760162183e-02	8.848853706742287883e-02	-4.378259465937638095e-02	5.305151431518179139e-02	-6.394013814218382774e-02	7.642805182989252655e-02	-7.078156710681623998e-02	8.768213690260523441e-02	-1.376190358711577022e-01	7.105395990824281416e-02	-9.649996226128280952e-02	9.271858449923704726e-02	-8.425109893398888272e-02	9.564828859335434974e-02	-9.253226020036012245e-02	8.744314056346684516e-02	-1.049639006304511346e-01	1.445297163917481087e-01	-7.540530636126280273e-02	9.320920251919523336e-02	-1.098907409778948213e-01	1.174587891177207716e-01	-1.649059622854934237e-01	1.297933534380147913e-01	-2.805919629520741698e-01	2.216592921963689844e-01	-3.804214799784088608e-01	2.266099629273104488e-01	-1.373557953381500663e-01	1.000000000000002665e+00	-6.411489749768407576e-01	3.238807690967536734e-01	-3.890180000503639657e-01	1.284988549739277675e-01
-5.356597645548316633e-02	3.566641573946263688e-02	-5.363952530804845520e-02	2.634491110048302678e-02	-3.198292416253683407e-02	3.870051807044188469e-02	-4.647349991684556619e-02	4.287427121028310195e-02	-5.310332023999315976e-02	7.961998083611455945e-02	-4.349297149818832919e-02	5.854542155508121737e-02	-5.662945010462870632e-02	5.125431120986106981e-02	-5.973570015592275656e-02	5.921646536277090644e-02	-5.658111064673970736e-02	6.592497785271211885e-02	-9.048218427708477896e-02	4.633912927723282671e-02	-6.296984041502395879e-02	7.334586239378013128e-02	-7.819450954236947804e-02	9.952936700579184670e-02	-8.193571917864093945e-02	2.070408141363479226e-01	-2.628708144399652391e-01	2.341526816408658340e-01	-1.591012454865788073e-01	8.182217733011479255e-02	-6.411489749768407576e-01	1.000000000000002665e+00	-6.273476921756426794e-01	2.360464942040543523e-01	-8.257712127835639682e-02
6.575304395720343864e-02	-4.398394976094741754e-02	6.632879803785959871e-02	-3.307464328709452950e-02	4.007310255088368522e-02	-4.759460244794992689e-02	5.720587338384193477e-02	-5.335158863720488448e-02	6.660752900708080682e-02	-1.016895289704358579e-01	5.314419813636239026e-02	-7.223984960565213442e-02	7.050004666894123251e-02	-6.482222181804769834e-02	7.805068331437919893e-02	-6.957576512816684988e-02	6.765424062135677596e-02	-8.224975353874419692e-02	1.155167448331581720e-01	-6.158959623391515453e-02	7.075931532104458299e-02	-8.653170291601421094e-02	9.711046318775862218e-02	-1.386065049721294518e-01	1.100053492317365905e-01	-1.820832162725997405e-01	1.721736837107342710e-01	-4.429923641239286169e-01	2.509148840588812934e-01	-1.232676670713022671e-01	3.238807690967536734e-01	-6.273476921756426794e-01	1.000000000000002665e+00	-4.627083151395121052e-01	1.206772709915709119e-01
-8.168623840872177300e-02	5.455736454108228717e-02	-8.378684608526357214e-02	4.220487667589893632e-02	-5.137490872340728931e-02	5.757424348242643625e-02	-7.081322319087476891e-02	6.725866083723316957e-02	-8.576503675401062066e-02	1.249635410641182776e-01	-6.444341377586246256e-02	8.612720167409584904e-02	-8.995373159795116980e-02	8.380268696420990759e-02	-1.138165667990036489e-01	7.303382244397677026e-02	-7.524395324835292387e-02	8.993737699486809012e-02	-1.583393059478883091e-01	8.800183292921461009e-02	-7.521633847990694122e-02	8.779608659557239236e-02	-1.062782656808265169e-01	1.888334054727937028e-01	-1.686768642171325716e-01	1.301571126569454617e-01	-1.376358109941591690e-01	3.258363367437154823e-01	-6.094647364058672911e-01	1.917788340001593539e-01	-3.890180000503639657e-01	2.360464942040543523e-01	-4.627083151395121052e-01	1.000000000000002665e+00	-2.519548864836869129e-01
5.745118087052081268e-02	-3.902314335698460479e-02	6.017640127035350783e-02	-3.230688762420297344e-02	3.882875753653330930e-02	-4.105496846573511438e-02	5.024647310909306774e-02	-4.946829441876025857e-02	6.439289890076491107e-02	-1.120968582102825351e-01	4.477147960547789296e-02	-6.184380484911872200e-02	6.506487137687694267e-02	-6.423142742207342548e-02	9.929018830358669889e-02	-4.492199601432454031e-02	4.722324592552714501e-02	-5.748618930955244621e-02	1.100450159210352719e-01	-9.755228329584957059e-02	4.418404263600581028e-02	-5.217686687773532422e-02	6.168357508518293453e-02	-1.718688272693322250e-01	1.792075934271768478e-01	-5.531688946780167343e-02	5.437068549459640743e-02	-1.488632125729115740e-01	1.632007068351800927e-01	-9.054067886843082391e-01	1.284988549739277675e-01	-8.257712127835639682e-02	1.206772709915709119e-01	-2.519548864836869129e-01	1.000000000000002665e+00
