1.000000000000000000e+00	-8.389034016156203810e-01	2.742262933528099023e-01	-8.080319404550119489e-02	7.892031967185916819e-02	-1.589508878460334784e-01	2.013585122851752340e-01	-2.746826000462108675e-01	8.336213092510358358e-02	-6.416893901694609159e-02	1.123741899597529570e-01	-2.136333067602474156e-01	1.494875093283743184e-01	-1.180767091321542617e-01	7.400768757963424593e-02	-1.163922492677622877e-01	1.105259963066926171e-01	-1.796610303958758315e-01	6.607356507734393758e-02	-7.467269202940363115e-02	8.612314965640514852e-02	-7.835481561930891792e-02	8.743789065202355049e-02	-6.355932145043845238e-02	6.773722435123406826e-02	-5.380341430049892515e-02	5.120382633437084441e-02	-5.309590060648926996e-02	4.823281539190207856e-02	-3.984630349480258737e-02	7.654708366218385129e-02	-4.637753559493887345e-02	6.151442909972187206e-02	-5.904790212625656703e-02	5.785951143922551249e-02
-8.389034016156203810e-01	1.000000000000000222e+00	-4.133777890208994998e-01	7.860045100533942508e-02	-8.040575865543019007e-02	1.131357516874959279e-01	-2.119008861194401350e-01	2.287078617258137270e-01	-6.370297040934834454e-02	4.816906440735826966e-02	-8.458652654300162499e-02	1.634195978238439095e-01	-1.179256761839258538e-01	8.671786270770857896e-02	-5.567812690931253639e-02	8.422126904952069448e-02	-8.280902969967915417e-02	1.283534617963811297e-01	-4.801896074081658111e-02	5.403991657334002857e-02	-6.281514146909529528e-02	5.676070502173587856e-02	-6.385649978473953436e-02	4.579733081289041885e-02	-4.953038328628914938e-02	3.900327846671268472e-02	-3.711249761063887403e-02	3.817393951870043378e-02	-3.473409720739969314e-02	2.895868475436206776e-02	-5.562995977838607053e-02	3.351081206465138934e-02	-4.435307296187816078e-02	4.220974984010718301e-02	-4.219149072136214873e-02
2.742262933528099023e-01	-4.133777890208994998e-01	1.000000000000000000e+00	-2.041712259914126859e-01	1.660059012166354708e-01	-1.988977318722372212e-01	2.753977161417661135e-01	-6.509541008903011461e-01	1.161285808750837784e-01	-8.939387761024376877e-02	1.432784306668239138e-01	-2.792933691348894465e-01	2.092057262622105396e-01	-1.606520465126818065e-01	1.001208227455492039e-01	-1.482350477293917224e-01	1.422654067264868816e-01	-2.396442215367013961e-01	8.578558428572229111e-02	-9.752653708599161309e-02	1.096243703267600483e-01	-1.004926381838121274e-01	1.125780164502593883e-01	-8.219497084134996800e-02	8.800327550869843640e-02	-6.842235724312527301e-02	6.513890667219091046e-02	-6.771711972730955209e-02	6.171051363917528371e-02	-5.150734684606261132e-02	9.714396584360227016e-02	-5.897166722939085892e-02	7.827353921120991376e-02	-7.526939750010883112e-02	7.479839628530698947e-02
-8.080319404550119489e-02	7.860045100533942508e-02	-2.041712259914126859e-01	1.000000000000000000e+00	-9.566775859256058112e-01	5.837388353060102980e-02	-7.663723325581259238e-02	1.218494281540834917e-01	-6.692444055938542857e-02	6.278170022807123829e-02	-4.279119204631522816e-02	7.653793547562071087e-02	-6.678170812257804012e-02	6.789126901706762918e-02	-5.853710275000961055e-02	4.552870385246397117e-02	-4.467920529242518785e-02	7.499959370276311488e-02	-3.176595967300925583e-02	4.277177964036271013e-02	-3.798241291961242799e-02	3.394437878689453986e-02	-3.882473529950819513e-02	2.995132775179270776e-02	-3.773881191187065942e-02	2.370023423624430942e-02	-2.283747181708078305e-02	2.427616128889073868e-02	-2.278709392477197559e-02	2.121214009235986714e-02	-3.416320481816137455e-02	2.062950819410505621e-02	-2.817893140089408957e-02	2.744641943650286825e-02	-3.101208817928673145e-02
7.892031967185916819e-02	-8.040575865543019007e-02	1.660059012166354708e-01	-9.566775859256058112e-01	9.999999999999997780e-01	-6.821988348943185121e-02	8.246983213204653329e-02	-1.369503151744226876e-01	7.040266662511404649e-02	-7.181408254816321057e-02	4.915426391828354308e-02	-8.783922395756799117e-02	7.461594962177675594e-02	-7.655807705247047457e-02	6.309516744023506429e-02	-5.278503939102928422e-02	5.113581881921228783e-02	-8.719840682521622088e-02	3.612405034855179636e-02	-4.835740361831519785e-02	4.338483089354661093e-02	-3.898828235166183070e-02	4.434795036552456604e-02	-3.426760286470244277e-02	4.209719679928933950e-02	-2.713562280319977565e-02	2.611830871740452448e-02	-2.779854409439009785e-02	2.599231349233729199e-02	-2.383663337038690808e-02	3.901165568300687253e-02	-2.362895351422849427e-02	3.220345766565782530e-02	-3.146341589383938597e-02	3.471669143153589820e-02
-1.589508878460334784e-01	1.131357516874959279e-01	-1.988977318722372212e-01	5.837388353060102980e-02	-6.821988348943185121e-02	1.000000000000000222e+00	-2.578959885379015771e-01	1.654144019837817392e-01	-9.585895287494015926e-02	6.864032013608603600e-02	-7.992947009103107403e-01	2.561732335530301219e-01	-1.916010450022242462e-01	1.200430093629716310e-01	-8.747880411678045365e-02	2.577723450869457977e-01	-2.951765819703278670e-01	1.805059106081603471e-01	-8.381820826702976457e-02	8.395287053516345410e-02	-1.421457203433703076e-01	1.214651540284059222e-01	-1.322704746592074654e-01	7.830569747011124904e-02	-8.297735338375704373e-02	8.309753686580971521e-02	-7.658526445625049583e-02	7.028352270817171676e-02	-6.174238378008672229e-02	4.871210723939613241e-02	-1.165785911997716251e-01	6.774251125744357171e-02	-8.297102641541906354e-02	7.287081378952227351e-02	-7.169953791114978825e-02
2.013585122851752340e-01	-2.119008861194401350e-01	2.753977161417661135e-01	-7.663723325581259238e-02	8.246983213204653329e-02	-2.578959885379015771e-01	1.000000000000000444e+00	-5.300004165104830189e-01	1.081379993149743785e-01	-7.825759722810925190e-02	2.001958007724533029e-01	-6.471288886836701337e-01	2.424890648787384473e-01	-1.528687721349685225e-01	9.224576577166108959e-02	-1.767827470992130723e-01	1.734887801395542384e-01	-2.370359173507751160e-01	8.150482240013336155e-02	-8.755372076653583635e-02	1.078720856030080666e-01	-1.010041397885984571e-01	1.112468314245295409e-01	-7.734702029826784342e-02	8.076139469582685471e-02	-6.648593259127873190e-02	6.244701113758467648e-02	-6.330152179694999159e-02	5.721656169795546337e-02	-4.713723436590011584e-02	9.266731636769702518e-02	-5.632209670427413412e-02	7.294971090325026719e-02	-6.894124351918407001e-02	6.866738676464242963e-02
-2.746826000462108675e-01	2.287078617258137270e-01	-6.509541008903011461e-01	1.218494281540834917e-01	-1.369503151744226876e-01	1.654144019837817392e-01	-5.300004165104830189e-01	9.999999999999998890e-01	-1.213615644318149361e-01	8.321812430331138044e-02	-1.377731084393513661e-01	2.713643728151781676e-01	-2.667465112452137577e-01	1.485814587374649220e-01	-9.617680989116794699e-02	1.295389414847724907e-01	-1.367791438196604425e-01	2.068112731526309811e-01	-7.739412398991962760e-02	8.582726305993203242e-02	-9.957869397246388310e-02	8.940600146927205061e-02	-1.029522487847357171e-01	7.228867308260143731e-02	-7.999353646402350415e-02	6.116395560808117471e-02	-5.828002103988062788e-02	5.930124248825386496e-02	-5.425814679871739099e-02	4.616619656719346543e-02	-8.761652362624999801e-02	5.231666403498307083e-02	-6.916025967179342815e-02	6.488045285641812210e-02	-6.767505657951357334e-02
8.336213092510358358e-02	-6.370297040934834454e-02	1.161285808750837784e-01	-6.692444055938542857e-02	7.040266662511404649e-02	-9.585895287494015926e-02	1.081379993149743785e-01	-1.213615644318149361e-01	1.000000000000000222e+00	-5.811806690914065321e-01	7.552351173116213234e-02	-1.238595281045223595e-01	1.934354753208802624e-01	-6.498451770726209054e-01	2.977422586940391414e-01	-9.115763316178795983e-02	9.436380722263136567e-02	-2.029494157097099793e-01	1.107127960980292536e-01	-1.964099406820739857e-01	9.745446761444830075e-02	-8.870701910942677126e-02	1.054779281074854913e-01	-1.020060265965708202e-01	1.453219347330863276e-01	-6.136091538438634418e-02	6.080760389162398472e-02	-7.068444402543935801e-02	7.108214950275265620e-02	-7.864073156295871281e-02	8.913606294561703114e-02	-5.501498438015016423e-02	8.043006741614908139e-02	-8.409270307867403038e-02	1.126410332672222736e-01
-6.416893901694609159e-02	4.816906440735826966e-02	-8.939387761024376877e-02	6.278170022807123829e-02	-7.181408254816321057e-02	6.864032013608603600e-02	-7.825759722810925190e-02	8.321812430331138044e-02	-5.811806690914065321e-01	9.999999999999997780e-01	-5.440345486664422553e-02	8.525076457772652605e-02	-1.300734607033236789e-01	2.820538299741824906e-01	-6.890810442590722396e-01	6.616612170749981703e-02	-6.943112078174261403e-02	1.333001968235964785e-01	-9.700044856646516944e-02	2.080532440075814893e-01	-8.011827081794992145e-02	7.013327808724545420e-02	-8.538624886727602670e-02	8.522871793978449573e-02	-1.718039317392577592e-01	5.040989688368185256e-02	-5.080396411336421392e-02	6.125940220936691716e-02	-6.483570314004903634e-02	8.540706813901516314e-02	-7.435812331945590437e-02	4.582308843288802891e-02	-7.018898864199363263e-02	7.427357717604549103e-02	-1.260939469702834215e-01
1.123741899597529570e-01	-8.458652654300162499e-02	1.432784306668239138e-01	-4.279119204631522816e-02	4.915426391828354308e-02	-7.992947009103107403e-01	2.001958007724533029e-01	-1.377731084393513661e-01	7.552351173116213234e-02	-5.440345486664422553e-02	9.999999999999997780e-01	-3.319013719609598123e-01	1.612469491715307346e-01	-1.001773006321580589e-01	6.819452478350192248e-02	-3.766471098704058940e-01	2.476091241572684065e-01	-1.620232614808637950e-01	6.662078216633886274e-02	-6.639995196379695763e-02	1.119451473928859686e-01	-1.010618197235665372e-01	1.044238782047537395e-01	-6.316233520783506861e-02	6.404993150152103742e-02	-6.643793159844328666e-02	5.947081053521627303e-02	-5.543020225743127555e-02	4.845962659527931760e-02	-3.778223618510836296e-02	8.832793168596818345e-02	-5.321510138497042436e-02	6.413167963560989504e-02	-5.775796816624301916e-02	5.520542283653347843e-02
-2.136333067602474156e-01	1.634195978238439095e-01	-2.792933691348894465e-01	7.653793547562071087e-02	-8.783922395756799117e-02	2.561732335530301219e-01	-6.471288886836701337e-01	2.713643728151781676e-01	-1.238595281045223595e-01	8.525076457772652605e-02	-3.319013719609598123e-01	1.000000000000001776e+00	-3.996900319958430203e-01	1.656690024244257819e-01	-1.056706093573194644e-01	2.090792896036101911e-01	-2.571194196916977703e-01	2.509835420671487349e-01	-9.218875392729918017e-02	9.539439414596762035e-02	-1.268293622720666480e-01	1.168034085318019610e-01	-1.308337170882941658e-01	8.556390812563330339e-02	-9.093719739593511542e-02	7.648783160067616771e-02	-7.173107621601702844e-02	7.067084765707747074e-02	-6.375877396304022171e-02	5.267575355581403940e-02	-1.071217108823114550e-01	6.409647199548287877e-02	-8.215708931488367728e-02	7.557009998629747594e-02	-7.731221336297605662e-02
1.494875093283743184e-01	-1.179256761839258538e-01	2.092057262622105396e-01	-6.678170812257804012e-02	7.461594962177675594e-02	-1.916010450022242462e-01	2.424890648787384473e-01	-2.667465112452137577e-01	1.934354753208802624e-01	-1.300734607033236789e-01	1.612469491715307346e-01	-3.996900319958430203e-01	1.000000000000001554e+00	-3.774693432170576624e-01	1.562441345599631104e-01	-1.814259338387763654e-01	1.921315454763174446e-01	-6.638133233356899865e-01	1.340940927399197347e-01	-1.352570589198524575e-01	1.408955728465526858e-01	-1.424073309900582840e-01	1.670466636728369647e-01	-1.246949713246827129e-01	1.223816585462905587e-01	-8.759805570972517552e-02	8.375730657841592985e-02	-8.919356899504918279e-02	8.242406198237864356e-02	-7.012188532188504131e-02	1.218306529557549173e-01	-7.565528781353256238e-02	1.006304427151764880e-01	-9.757046361449239757e-02	1.020674955974351511e-01
-1.180767091321542617e-01	8.671786270770857896e-02	-1.606520465126818065e-01	6.789126901706762918e-02	-7.655807705247047457e-02	1.200430093629716310e-01	-1.528687721349685225e-01	1.485814587374649220e-01	-6.498451770726209054e-01	2.820538299741824906e-01	-1.001773006321580589e-01	1.656690024244257819e-01	-3.774693432170576624e-01	1.000000000000000666e+00	-3.870317686622746223e-01	1.157014505715748820e-01	-1.260787337400866015e-01	2.436599742856584982e-01	-1.534078663773815188e-01	2.074732068582933187e-01	-1.335610621665559439e-01	1.157205976250873652e-01	-1.434981911679468758e-01	1.286434582860301878e-01	-2.005311172608902348e-01	8.265767086887107484e-02	-8.204041221746567747e-02	9.222683078262552958e-02	-9.351985407228255442e-02	1.052864904302003579e-01	-1.222479489084777743e-01	7.343321922224502196e-02	-1.074754027669440060e-01	1.068336980173346246e-01	-1.590512347846719243e-01
7.400768757963424593e-02	-5.567812690931253639e-02	1.001208227455492039e-01	-5.853710275000961055e-02	6.309516744023506429e-02	-8.747880411678045365e-02	9.224576577166108959e-02	-9.617680989116794699e-02	2.977422586940391414e-01	-6.890810442590722396e-01	6.819452478350192248e-02	-1.056706093573194644e-01	1.562441345599631104e-01	-3.870317686622746223e-01	1.000000000000000222e+00	-8.488412649971383006e-02	8.760615581136250996e-02	-1.786398126907595418e-01	1.293857270805600923e-01	-4.089313765440993897e-01	9.942355914396795724e-02	-9.017319970704337773e-02	1.078973835108748419e-01	-1.183621035405964528e-01	2.052393703271254422e-01	-6.313143623145835159e-02	6.357904639369811595e-02	-7.842597523574947049e-02	8.247914234355066543e-02	-1.066067230487171280e-01	9.203309053695071795e-02	-5.769088154147821584e-02	8.804914243926798001e-02	-9.678760348390084978e-02	1.459581440031573196e-01
-1.163922492677622877e-01	8.422126904952069448e-02	-1.482350477293917224e-01	4.552870385246397117e-02	-5.278503939102928422e-02	2.577723450869457977e-01	-1.767827470992130723e-01	1.295389414847724907e-01	-9.115763316178795983e-02	6.616612170749981703e-02	-3.766471098704058940e-01	2.090792896036101911e-01	-1.814259338387763654e-01	1.157014505715748820e-01	-8.488412649971383006e-02	9.999999999999992228e-01	-7.891760337107267542e-01	2.033417859799808991e-01	-9.432305008309019301e-02	8.646166333416349659e-02	-2.098772800013536111e-01	1.774894264817373779e-01	-1.727180136077572092e-01	8.986669999412706666e-02	-8.435380689172332358e-02	1.114386036181400641e-01	-9.509794942290958342e-02	8.198773955426758020e-02	-6.934256999728588555e-02	5.056141090446035491e-02	-1.389063882057772759e-01	8.389251492433147384e-02	-9.363138459234293665e-02	8.209987130957409340e-02	-7.338641037806632739e-02
1.105259963066926171e-01	-8.280902969967915417e-02	1.422654067264868816e-01	-4.467920529242518785e-02	5.113581881921228783e-02	-2.951765819703278670e-01	1.734887801395542384e-01	-1.367791438196604425e-01	9.436380722263136567e-02	-6.943112078174261403e-02	2.476091241572684065e-01	-2.571194196916977703e-01	1.921315454763174446e-01	-1.260787337400866015e-01	8.760615581136250996e-02	-7.891760337107267542e-01	1.000000000000002887e+00	-2.801701498326362727e-01	1.007539956343774523e-01	-9.161996146818117415e-02	1.809432516006319047e-01	-2.354200983077478493e-01	1.819789841409694686e-01	-9.887926321970899601e-02	8.696576320448180797e-02	-1.088078375466308007e-01	9.442771366734220573e-02	-8.627882186949541177e-02	7.265287777863678464e-02	-5.244114579630194256e-02	1.308605821495022747e-01	-8.528049824086508801e-02	9.563730801361353118e-02	-8.709909299563373120e-02	7.549508341640878695e-02
-1.796610303958758315e-01	1.283534617963811297e-01	-2.396442215367013961e-01	7.499959370276311488e-02	-8.719840682521622088e-02	1.805059106081603471e-01	-2.370359173507751160e-01	2.068112731526309811e-01	-2.029494157097099793e-01	1.333001968235964785e-01	-1.620232614808637950e-01	2.509835420671487349e-01	-6.638133233356899865e-01	2.436599742856584982e-01	-1.786398126907595418e-01	2.033417859799808991e-01	-2.801701498326362727e-01	9.999999999999990008e-01	-2.070352384746794172e-01	1.583045887124621964e-01	-2.003303278156638445e-01	1.944701051066667630e-01	-2.808573759768541733e-01	1.679422035483761344e-01	-1.549699966252732763e-01	1.203412555112764737e-01	-1.162402652704586925e-01	1.192987818119509713e-01	-1.099956045535376292e-01	8.888750926409587361e-02	-1.711836953063728961e-01	1.029578022901329604e-01	-1.369101145874476733e-01	1.250933534974708050e-01	-1.308868655901026246e-01
6.607356507734393758e-02	-4.801896074081658111e-02	8.578558428572229111e-02	-3.176595967300925583e-02	3.612405034855179636e-02	-8.381820826702976457e-02	8.150482240013336155e-02	-7.739412398991962760e-02	1.107127960980292536e-01	-9.700044856646516944e-02	6.662078216633886274e-02	-9.218875392729918017e-02	1.340940927399197347e-01	-1.534078663773815188e-01	1.293857270805600923e-01	-9.432305008309019301e-02	1.007539956343774523e-01	-2.070352384746794172e-01	9.999999999999980016e-01	-2.643804796232849808e-01	1.332131472969914077e-01	-1.713232244261848336e-01	2.085009084143513436e-01	-8.455820842356448486e-01	1.699831968723864717e-01	-8.831475365655171161e-02	9.110971584577347293e-02	-1.393066078427970256e-01	1.638008910062401791e-01	-1.016819114502824639e-01	1.168354872317458465e-01	-8.441284068322899015e-02	1.335526258204468297e-01	-1.797034676163248301e-01	1.345864843321616100e-01
-7.467269202940363115e-02	5.403991657334002857e-02	-9.752653708599161309e-02	4.277177964036271013e-02	-4.835740361831519785e-02	8.395287053516345410e-02	-8.755372076653583635e-02	8.582726305993203242e-02	-1.964099406820739857e-01	2.080532440075814893e-01	-6.639995196379695763e-02	9.539439414596762035e-02	-1.352570589198524575e-01	2.074732068582933187e-01	-4.089313765440993897e-01	8.646166333416349659e-02	-9.161996146818117415e-02	1.583045887124621964e-01	-2.643804796232849808e-01	1.000000000000000222e+00	-1.283007954620846158e-01	1.144414034224580240e-01	-1.442920175727559762e-01	1.891506864969337842e-01	-6.426695192028664128e-01	8.208835089271056262e-02	-8.607195139501620795e-02	1.188764665836636591e-01	-1.415598180535420914e-01	2.447667222897518813e-01	-1.207604841756633324e-01	7.799019057449553538e-02	-1.320421500151743588e-01	1.528196017362374315e-01	-3.508447987051482309e-01
8.612314965640514852e-02	-6.281514146909529528e-02	1.096243703267600483e-01	-3.798241291961242799e-02	4.338483089354661093e-02	-1.421457203433703076e-01	1.078720856030080666e-01	-9.957869397246388310e-02	9.745446761444830075e-02	-8.011827081794992145e-02	1.119451473928859686e-01	-1.268293622720666480e-01	1.408955728465526858e-01	-1.335610621665559439e-01	9.942355914396795724e-02	-2.098772800013536111e-01	1.809432516006319047e-01	-2.003303278156638445e-01	1.332131472969914077e-01	-1.283007954620846158e-01	9.999999999999995559e-01	-4.398054500494623098e-01	2.580895714812091457e-01	-1.439681369114736986e-01	1.187081352793750849e-01	-5.849691845204871843e-01	2.300437034348611076e-01	-1.655860228742372375e-01	1.241706398002727224e-01	-7.680336611800384072e-02	3.033672623521621037e-01	-2.257681676379567071e-01	1.717481611299221111e-01	-1.602766999044138718e-01	1.068763229758206701e-01
-7.835481561930891792e-02	5.676070502173587856e-02	-1.004926381838121274e-01	3.394437878689453986e-02	-3.898828235166183070e-02	1.214651540284059222e-01	-1.010041397885984571e-01	8.940600146927205061e-02	-8.870701910942677126e-02	7.013327808724545420e-02	-1.010618197235665372e-01	1.168034085318019610e-01	-1.424073309900582840e-01	1.157205976250873652e-01	-9.017319970704337773e-02	1.774894264817373779e-01	-2.354200983077478493e-01	1.944701051066667630e-01	-1.713232244261848336e-01	1.144414034224580240e-01	-4.398054500494623098e-01	1.000000000000000222e+00	-7.216329255113502761e-01	1.733698320322239750e-01	-1.091640023628016737e-01	2.067530513786606794e-01	-2.126019164290610108e-01	1.573716749200063936e-01	-1.213422192965367130e-01	6.975354325969088110e-02	-2.324270151294995368e-01	1.656999102783435485e-01	-1.650078097179577818e-01	1.365265190081638991e-01	-9.728937641029954120e-02
8.743789065202355049e-02	-6.385649978473953436e-02	1.125780164502593883e-01	-3.882473529950819513e-02	4.434795036552456604e-02	-1.322704746592074654e-01	1.112468314245295409e-01	-1.029522487847357171e-01	1.054779281074854913e-01	-8.538624886727602670e-02	1.044238782047537395e-01	-1.308337170882941658e-01	1.670466636728369647e-01	-1.434981911679468758e-01	1.078973835108748419e-01	-1.727180136077572092e-01	1.819789841409694686e-01	-2.808573759768541733e-01	2.085009084143513436e-01	-1.442920175727559762e-01	2.580895714812091457e-01	-7.216329255113502761e-01	9.999999999999991118e-01	-2.908333270871879539e-01	1.296553928541274991e-01	-1.758719982219357492e-01	1.656479599947895953e-01	-2.140383970808431013e-01	1.492607766087934440e-01	-8.423644243238062601e-02	1.917400522568145915e-01	-1.548556250822464841e-01	1.826444514628419169e-01	-1.713862533155504630e-01	1.150293547051832455e-01
-6.355932145043845238e-02	4.579733081289041885e-02	-8.219497084134996800e-02	2.995132775179270776e-02	-3.426760286470244277e-02	7.830569747011124904e-02	-7.734702029826784342e-02	7.228867308260143731e-02	-1.020060265965708202e-01	8.522871793978449573e-02	-6.316233520783506861e-02	8.556390812563330339e-02	-1.246949713246827129e-01	1.286434582860301878e-01	-1.183621035405964528e-01	8.986669999412706666e-02	-9.887926321970899601e-02	1.679422035483761344e-01	-8.455820842356448486e-01	1.891506864969337842e-01	-1.439681369114736986e-01	1.733698320322239750e-01	-2.908333270871879539e-01	1.000000000000001110e+00	-1.714060115730911271e-01	9.183884233327677116e-02	-9.643387932679052532e-02	1.445489197659897140e-01	-2.085002919167862068e-01	1.024805229190908912e-01	-1.237666545771783227e-01	8.719626732178724360e-02	-1.437715453796379328e-01	1.732957380801380676e-01	-1.404023868410496367e-01
6.773722435123406826e-02	-4.953038328628914938e-02	8.800327550869843640e-02	-3.773881191187065942e-02	4.209719679928933950e-02	-8.297735338375704373e-02	8.076139469582685471e-02	-7.999353646402350415e-02	1.453219347330863276e-01	-1.718039317392577592e-01	6.404993150152103742e-02	-9.093719739593511542e-02	1.223816585462905587e-01	-2.005311172608902348e-01	2.052393703271254422e-01	-8.435380689172332358e-02	8.696576320448180797e-02	-1.549699966252732763e-01	1.699831968723864717e-01	-6.426695192028664128e-01	1.187081352793750849e-01	-1.091640023628016737e-01	1.296553928541274991e-01	-1.714060115730911271e-01	9.999999999999986677e-01	-7.811422684967746222e-02	8.300174224698965431e-02	-1.299001231853617322e-01	1.546739616947787055e-01	-5.032391195110414994e-01	1.131960836876265142e-01	-7.650561403747155320e-02	1.320943665331348882e-01	-1.827697548210597267e-01	3.061635333750600818e-01
-5.380341430049892515e-02	3.900327846671268472e-02	-6.842235724312527301e-02	2.370023423624430942e-02	-2.713562280319977565e-02	8.309753686580971521e-02	-6.648593259127873190e-02	6.116395560808117471e-02	-6.136091538438634418e-02	5.040989688368185256e-02	-6.643793159844328666e-02	7.648783160067616771e-02	-8.759805570972517552e-02	8.265767086887107484e-02	-6.313143623145835159e-02	1.114386036181400641e-01	-1.088078375466308007e-01	1.203412555112764737e-01	-8.831475365655171161e-02	8.208835089271056262e-02	-5.849691845204871843e-01	2.067530513786606794e-01	-1.758719982219357492e-01	9.183884233327677116e-02	-7.811422684967746222e-02	1.000000000000001110e+00	-3.789999695110373157e-01	1.336250846287890537e-01	-9.375835981164049038e-02	5.203905595954957941e-02	-6.155719733764547508e-01	2.625041985159829450e-01	-1.475374170844555854e-01	1.172693027838634106e-01	-7.170196136095849382e-02
5.120382633437084441e-02	-3.711249761063887403e-02	6.513890667219091046e-02	-2.283747181708078305e-02	2.611830871740452448e-02	-7.658526445625049583e-02	6.244701113758467648e-02	-5.828002103988062788e-02	6.080760389162398472e-02	-5.080396411336421392e-02	5.947081053521627303e-02	-7.173107621601702844e-02	8.375730657841592985e-02	-8.204041221746567747e-02	6.357904639369811595e-02	-9.509794942290958342e-02	9.442771366734220573e-02	-1.162402652704586925e-01	9.110971584577347293e-02	-8.607195139501620795e-02	2.300437034348611076e-01	-2.126019164290610108e-01	1.656479599947895953e-01	-9.643387932679052532e-02	8.300174224698965431e-02	-3.789999695110373157e-01	9.999999999999993339e-01	-2.292891879067706917e-01	1.266950799692257712e-01	-5.925280816764200154e-02	2.941913362746694238e-01	-7.806632707942176008e-01	2.148985240441667610e-01	-1.586710232173855761e-01	7.884381829894845928e-02
-5.309590060648926996e-02	3.817393951870043378e-02	-6.771711972730955209e-02	2.427616128889073868e-02	-2.779854409439009785e-02	7.028352270817171676e-02	-6.330152179694999159e-02	5.930124248825386496e-02	-7.068444402543935801e-02	6.125940220936691716e-02	-5.543020225743127555e-02	7.067084765707747074e-02	-8.919356899504918279e-02	9.222683078262552958e-02	-7.842597523574947049e-02	8.198773955426758020e-02	-8.627882186949541177e-02	1.192987818119509713e-01	-1.393066078427970256e-01	1.188764665836636591e-01	-1.655860228742372375e-01	1.573716749200063936e-01	-2.140383970808431013e-01	1.445489197659897140e-01	-1.299001231853617322e-01	1.336250846287890537e-01	-2.292891879067706917e-01	9.999999999999998890e-01	-5.118176305269077631e-01	1.156499344449968825e-01	-1.786350321991043433e-01	1.921410007130474329e-01	-6.968430897424356951e-01	3.127516628663041254e-01	-1.410569323672679620e-01
4.823281539190207856e-02	-3.473409720739969314e-02	6.171051363917528371e-02	-2.278709392477197559e-02	2.599231349233729199e-02	-6.174238378008672229e-02	5.721656169795546337e-02	-5.425814679871739099e-02	7.108214950275265620e-02	-6.483570314004903634e-02	4.845962659527931760e-02	-6.375877396304022171e-02	8.242406198237864356e-02	-9.351985407228255442e-02	8.247914234355066543e-02	-6.934256999728588555e-02	7.265287777863678464e-02	-1.099956045535376292e-01	1.638008910062401791e-01	-1.415598180535420914e-01	1.241706398002727224e-01	-1.213422192965367130e-01	1.492607766087934440e-01	-2.085002919167862068e-01	1.546739616947787055e-01	-9.375835981164049038e-02	1.266950799692257712e-01	-5.118176305269077631e-01	1.000000000000000666e+00	-1.958456300041337139e-01	1.274591074777431110e-01	-1.194667345236863493e-01	2.974828049687478493e-01	-7.235194761670614705e-01	1.795047105847182023e-01
-3.984630349480258737e-02	2.895868475436206776e-02	-5.150734684606261132e-02	2.121214009235986714e-02	-2.383663337038690808e-02	4.871210723939613241e-02	-4.713723436590011584e-02	4.616619656719346543e-02	-7.864073156295871281e-02	8.540706813901516314e-02	-3.778223618510836296e-02	5.267575355581403940e-02	-7.012188532188504131e-02	1.052864904302003579e-01	-1.066067230487171280e-01	5.056141090446035491e-02	-5.244114579630194256e-02	8.888750926409587361e-02	-1.016819114502824639e-01	2.447667222897518813e-01	-7.680336611800384072e-02	6.975354325969088110e-02	-8.423644243238062601e-02	1.024805229190908912e-01	-5.032391195110414994e-01	5.203905595954957941e-02	-5.925280816764200154e-02	1.156499344449968825e-01	-1.958456300041337139e-01	1.000000000000000666e+00	-7.494058570976554201e-02	5.474639625452959457e-02	-1.100442701769499404e-01	1.675704289413065262e-01	-7.751134898127911566e-01
7.654708366218385129e-02	-5.562995977838607053e-02	9.714396584360227016e-02	-3.416320481816137455e-02	3.901165568300687253e-02	-1.165785911997716251e-01	9.266731636769702518e-02	-8.761652362624999801e-02	8.913606294561703114e-02	-7.435812331945590437e-02	8.832793168596818345e-02	-1.071217108823114550e-01	1.218306529557549173e-01	-1.222479489084777743e-01	9.203309053695071795e-02	-1.389063882057772759e-01	1.308605821495022747e-01	-1.711836953063728961e-01	1.168354872317458465e-01	-1.207604841756633324e-01	3.033672623521621037e-01	-2.324270151294995368e-01	1.917400522568145915e-01	-1.237666545771783227e-01	1.131960836876265142e-01	-6.155719733764547508e-01	2.941913362746694238e-01	-1.786350321991043433e-01	1.274591074777431110e-01	-7.494058570976554201e-02	9.999999999999998890e-01	-4.319304656244105090e-01	1.927316919475050017e-01	-1.701220354135093982e-01	1.035591769682820962e-01
-4.637753559493887345e-02	3.351081206465138934e-02	-5.897166722939085892e-02	2.062950819410505621e-02	-2.362895351422849427e-02	6.774251125744357171e-02	-5.632209670427413412e-02	5.231666403498307083e-02	-5.501498438015016423e-02	4.582308843288802891e-02	-5.321510138497042436e-02	6.409647199548287877e-02	-7.565528781353256238e-02	7.343321922224502196e-02	-5.769088154147821584e-02	8.389251492433147384e-02	-8.528049824086508801e-02	1.029578022901329604e-01	-8.441284068322899015e-02	7.799019057449553538e-02	-2.257681676379567071e-01	1.656999102783435485e-01	-1.548556250822464841e-01	8.719626732178724360e-02	-7.650561403747155320e-02	2.625041985159829450e-01	-7.806632707942176008e-01	1.921410007130474329e-01	-1.194667345236863493e-01	5.474639625452959457e-02	-4.319304656244105090e-01	1.000000000000000000e+00	-2.784951127530066461e-01	1.462644853945696821e-01	-7.318100996119009105e-02
6.151442909972187206e-02	-4.435307296187816078e-02	7.827353921120991376e-02	-2.817893140089408957e-02	3.220345766565782530e-02	-8.297102641541906354e-02	7.294971090325026719e-02	-6.916025967179342815e-02	8.043006741614908139e-02	-7.018898864199363263e-02	6.413167963560989504e-02	-8.215708931488367728e-02	1.006304427151764880e-01	-1.074754027669440060e-01	8.804914243926798001e-02	-9.363138459234293665e-02	9.563730801361353118e-02	-1.369101145874476733e-01	1.335526258204468297e-01	-1.320421500151743588e-01	1.717481611299221111e-01	-1.650078097179577818e-01	1.826444514628419169e-01	-1.437715453796379328e-01	1.320943665331348882e-01	-1.475374170844555854e-01	2.148985240441667610e-01	-6.968430897424356951e-01	2.974828049687478493e-01	-1.100442701769499404e-01	1.927316919475050017e-01	-2.784951127530066461e-01	1.000000000000000000e+00	-4.619367472030183608e-01	1.358008740728136043e-01
-5.904790212625656703e-02	4.220974984010718301e-02	-7.526939750010883112e-02	2.744641943650286825e-02	-3.146341589383938597e-02	7.287081378952227351e-02	-6.894124351918407001e-02	6.488045285641812210e-02	-8.409270307867403038e-02	7.427357717604549103e-02	-5.775796816624301916e-02	7.557009998629747594e-02	-9.757046361449239757e-02	1.068336980173346246e-01	-9.678760348390084978e-02	8.209987130957409340e-02	-8.709909299563373120e-02	1.250933534974708050e-01	-1.797034676163248301e-01	1.528196017362374315e-01	-1.602766999044138718e-01	1.365265190081638991e-01	-1.713862533155504630e-01	1.732957380801380676e-01	-1.827697548210597267e-01	1.172693027838634106e-01	-1.586710232173855761e-01	3.127516628663041254e-01	-7.235194761670614705e-01	1.675704289413065262e-01	-1.701220354135093982e-01	1.462644853945696821e-01	-4.619367472030183608e-01	1.000000000000000222e+00	-2.174077592647661594e-01
5.785951143922551249e-02	-4.219149072136214873e-02	7.479839628530698947e-02	-3.101208817928673145e-02	3.471669143153589820e-02	-7.169953791114978825e-02	6.866738676464242963e-02	-6.767505657951357334e-02	1.126410332672222736e-01	-1.260939469702834215e-01	5.520542283653347843e-02	-7.731221336297605662e-02	1.020674955974351511e-01	-1.590512347846719243e-01	1.459581440031573196e-01	-7.338641037806632739e-02	7.549508341640878695e-02	-1.308868655901026246e-01	1.345864843321616100e-01	-3.508447987051482309e-01	1.068763229758206701e-01	-9.728937641029954120e-02	1.150293547051832455e-01	-1.404023868410496367e-01	3.061635333750600818e-01	-7.170196136095849382e-02	7.884381829894845928e-02	-1.410569323672679620e-01	1.795047105847182023e-01	-7.751134898127911566e-01	1.035591769682820962e-01	-7.318100996119009105e-02	1.358008740728136043e-01	-2.174077592647661594e-01	1.000000000000000222e+00
