1.000000000000000222e+00	-8.741941465460445482e-01	1.585122354826212776e-01	-1.682213839915778220e-01	8.310210128815770370e-02	-3.017146559696957109e-01	1.998738631760107465e-01	-1.366427239786399406e-01	9.740180592439624807e-02	-7.083540486714175188e-02	1.925158974716261184e-01	-1.600345497321108701e-01	8.755209730635395149e-02	-7.754436635905834208e-02	8.156551177924639684e-02	-1.124469478356667496e-01	1.037272410627104735e-01	-7.671957277766223993e-02	6.449872466527246939e-02	-6.411069590088824821e-02	8.904005431937872528e-02	-5.778441266655077319e-02	5.468664792867196367e-02	-3.552231114968053272e-02	3.581802862046586100e-02	-3.728003409842709642e-02	6.336844859279168463e-02	-4.442886045809308487e-02	3.431896413772434623e-02	-3.028332081004860704e-02	3.867065743178330767e-02	-2.745846876297281317e-02	2.590193940324973798e-02	-3.968647494345241972e-02	4.024679135200197322e-02
-8.741941465460445482e-01	1.000000000000000000e+00	-2.139980132508342847e-01	1.659294556943836652e-01	-9.135331237765696721e-02	2.121177577644500212e-01	-2.509966335226306300e-01	1.428219679101739858e-01	-1.072752651012202629e-01	7.512686152799775974e-02	-2.044989383527432147e-01	1.526839180281865660e-01	-9.579115910384998489e-02	8.207424970494590910e-02	-8.835862180743901673e-02	1.098456168102129454e-01	-1.070493133701733990e-01	8.011344430071415390e-02	-6.896915095412178842e-02	6.746604619773712008e-02	-9.410177668768854309e-02	5.993199017836149667e-02	-5.750699627200914210e-02	3.708837693781946027e-02	-3.758602193565573069e-02	3.861471686552151589e-02	-6.682716752582709696e-02	4.627708401483340145e-02	-3.583151925921520403e-02	3.158875059269205393e-02	-4.046750941912693328e-02	2.850028042402122028e-02	-2.699631497465063146e-02	4.110904412464416735e-02	-4.213884970083908721e-02
1.585122354826212776e-01	-2.139980132508342847e-01	1.000000000000000000e+00	-8.562051289227796680e-01	1.345996160760559446e-01	-8.948189689614655107e-02	1.597460188995255548e-01	-3.481541412333480356e-01	2.109230703870822454e-01	-1.188296394228061104e-01	8.301690097847427841e-02	-1.049929383013404327e-01	1.447611714381309700e-01	-1.413321214828200112e-01	1.100658182398912138e-01	-8.038844658058873216e-02	8.000427351993412428e-02	-9.446316372093623015e-02	8.069537661243808557e-02	-8.316993665217094212e-02	7.149147695635262034e-02	-4.809535898088436456e-02	4.879506866691218220e-02	-3.236780506770675636e-02	3.260860580009204007e-02	-3.201585524746222017e-02	5.400498554998522244e-02	-3.925685038956489015e-02	3.071912054645395407e-02	-2.732904519064258825e-02	3.344754742309343637e-02	-2.421742631583733568e-02	2.284620252909458360e-02	-3.549964768788747838e-02	3.613969822757048811e-02
-1.682213839915778220e-01	1.659294556943836652e-01	-8.562051289227796680e-01	9.999999999999997780e-01	-1.751631729368351431e-01	9.213258955227299207e-02	-1.743762703994500840e-01	2.577052923730854816e-01	-2.836460219670240424e-01	1.362797111730273680e-01	-8.925770360030026163e-02	1.095974840612638640e-01	-1.719183138908124964e-01	1.558491100042690980e-01	-1.305656657308918445e-01	8.616992310455094672e-02	-8.778402871849125266e-02	1.058493863544910513e-01	-9.378173526478901512e-02	9.417506742052902946e-02	-7.936675577759705336e-02	5.304434460813661073e-02	-5.440387225770719481e-02	3.600035457440572267e-02	-3.635822667435076316e-02	3.527156038918514286e-02	-6.007424344493871721e-02	4.349041565502362316e-02	-3.410550189443055380e-02	3.033877753560755217e-02	-3.705339247917459333e-02	2.676173932520312451e-02	-2.530460376264614258e-02	3.922444360870155911e-02	-4.017791017600359088e-02
8.310210128815770370e-02	-9.135331237765696721e-02	1.345996160760559446e-01	-1.751631729368351431e-01	9.999999999999990008e-01	-8.992863436980436109e-02	1.693211442903812536e-01	-2.434679794658551055e-01	2.167524467584578951e-01	-8.181511797005599496e-01	8.554280448215328958e-02	-1.409961516192116682e-01	1.739846655469665104e-01	-1.872370488849776915e-01	2.525650331818392602e-01	-1.235514380649967436e-01	1.192832858886390679e-01	-1.741037403043736442e-01	1.459187682755244131e-01	-2.117940725024349546e-01	1.144671565591763446e-01	-7.973576809775979879e-02	8.399941269512772868e-02	-5.764789854022634580e-02	5.811176097455816869e-02	-5.580096719281283507e-02	9.071278362506940418e-02	-6.864629089210450008e-02	5.437521316780567771e-02	-4.893728123319320000e-02	5.813321568955850949e-02	-4.284635472439207032e-02	4.020050419914076439e-02	-6.381938908642692532e-02	6.435790443696268182e-02
-3.017146559696957109e-01	2.121177577644500212e-01	-8.948189689614655107e-02	9.213258955227299207e-02	-8.992863436980436109e-02	9.999999999999998890e-01	-3.446707857421048016e-01	1.300575839255187771e-01	-9.665741364684043990e-02	7.387652246928265443e-02	-8.006080088677927087e-01	2.503141106630464852e-01	-9.948533332499380488e-02	8.101746129108466921e-02	-9.793765673434852437e-02	1.786755390827617918e-01	-1.765039313155481182e-01	9.693248965718848087e-02	-8.226255270973392708e-02	7.642658535140411935e-02	-1.422159166143037168e-01	8.680358203749466428e-02	-7.976541387427740770e-02	5.033120057810690912e-02	-5.088856912102762003e-02	5.334651164683196917e-02	-9.503382009048302881e-02	6.383288565015626803e-02	-4.880807269743251547e-02	4.271154565176751849e-02	-5.578234052813655502e-02	3.893252011112910416e-02	-3.695390310237846310e-02	5.551327756621297904e-02	-5.684669153339193953e-02
1.998738631760107465e-01	-2.509966335226306300e-01	1.597460188995255548e-01	-1.743762703994500840e-01	1.693211442903812536e-01	-3.446707857421048016e-01	9.999999999999995559e-01	-3.831260684215423984e-01	2.011695513321744844e-01	-1.504130589595884526e-01	2.558704734666152336e-01	-5.219438523724739820e-01	1.937361454961616936e-01	-1.738982815391446335e-01	1.806609117177402635e-01	-2.749014539547331437e-01	2.529496540925949555e-01	-1.847820404404285355e-01	1.481883811917718841e-01	-1.497993505060263297e-01	2.031589964334051535e-01	-1.390415018656449009e-01	1.295843807674204873e-01	-8.561221459049006555e-02	8.562452650359360373e-02	-9.130114414460796524e-02	1.489315025225212419e-01	-1.073779216580116186e-01	8.282664008573706327e-02	-7.329828760735870863e-02	9.304392990727661239e-02	-6.702863604506598127e-02	6.272851396733600260e-02	-9.742096307920658504e-02	9.695316234186866777e-02
-1.366427239786399406e-01	1.428219679101739858e-01	-3.481541412333480356e-01	2.577052923730854816e-01	-2.434679794658551055e-01	1.300575839255187771e-01	-3.831260684215423984e-01	1.000000000000000888e+00	-5.730000451325976130e-01	2.012846322487361894e-01	-1.232458250220066776e-01	1.867254440056433373e-01	-3.879702841404338298e-01	2.847983206816618318e-01	-2.272223537280204375e-01	1.423394089085541214e-01	-1.494113585058754468e-01	1.939205399225240323e-01	-1.724683864292411994e-01	1.616861557594801713e-01	-1.307079459465253224e-01	8.840151336847501540e-02	-9.166708301519388424e-02	6.073509947376551366e-02	-6.117864953468696992e-02	5.859108210850756671e-02	-9.992229089961209010e-02	7.291440565549751895e-02	-5.720533448914862096e-02	5.090808057484449284e-02	-6.151021296326318610e-02	4.471909630053374357e-02	-4.228053705283914276e-02	6.567192408283480110e-02	-6.724052748831903237e-02
9.740180592439624807e-02	-1.072752651012202629e-01	2.109230703870822454e-01	-2.836460219670240424e-01	2.167524467584578951e-01	-9.665741364684043990e-02	2.011695513321744844e-01	-5.730000451325976130e-01	9.999999999999995559e-01	-2.736297793022740565e-01	9.000194621841149656e-02	-1.462335111087177120e-01	2.929793851995723952e-01	-5.799430729326761069e-01	2.015047123331688284e-01	-1.160320864668621527e-01	1.170602255847025958e-01	-1.802113541809631792e-01	1.435547306551272495e-01	-1.543560001804707427e-01	1.022137412531392980e-01	-7.093689643442134540e-02	7.385541765460863772e-02	-4.975899125291320668e-02	4.967177301862334138e-02	-4.747294719674306079e-02	7.908557738182631081e-02	-5.940781722604464299e-02	4.653623283059918347e-02	-4.159266624050139000e-02	4.925638097859053044e-02	-3.652276126515133226e-02	3.431355523986853034e-02	-5.402062282664843451e-02	5.439945030738566056e-02
-7.083540486714175188e-02	7.512686152799775974e-02	-1.188296394228061104e-01	1.362797111730273680e-01	-8.181511797005599496e-01	7.387652246928265443e-02	-1.504130589595884526e-01	2.012846322487361894e-01	-2.736297793022740565e-01	1.000000000000000000e+00	-7.162366211656955028e-02	1.148971396763439762e-01	-1.750748394945207953e-01	1.794112119879431033e-01	-3.659317697297788108e-01	1.004007373103622813e-01	-1.016161318095463173e-01	1.521574161629157818e-01	-1.430024061996111595e-01	1.916063464681102280e-01	-9.565509021817444890e-02	6.606522223119432047e-02	-7.058462107919838413e-02	4.820737932906385415e-02	-4.877468481460205119e-02	4.527585700472082364e-02	-7.551437053799307797e-02	5.673494814465080555e-02	-4.505264083057330948e-02	4.051490631375695428e-02	-4.752701982891206767e-02	3.505225969422470778e-02	-3.304101980114111659e-02	5.217396453156818159e-02	-5.323044377318061904e-02
1.925158974716261184e-01	-2.044989383527432147e-01	8.301690097847427841e-02	-8.925770360030026163e-02	8.554280448215328958e-02	-8.006080088677927087e-01	2.558704734666152336e-01	-1.232458250220066776e-01	9.000194621841149656e-02	-7.162366211656955028e-02	9.999999999999998890e-01	-3.832865531169336037e-01	9.541694081720600296e-02	-7.874238280754403130e-02	9.554873236284568139e-02	-2.445563703540792055e-01	1.974374647434240515e-01	-1.010035475582438808e-01	8.266108442865494066e-02	-7.697568691652127704e-02	1.456221919935954123e-01	-9.199875665971284089e-02	8.066266128425962634e-02	-5.138304690256124269e-02	5.130280385706689761e-02	-5.511157111132222730e-02	9.557727458121371977e-02	-6.556573078099454943e-02	4.965677501282313860e-02	-4.346195545143708566e-02	5.628458370828787888e-02	-4.001940760037762945e-02	3.768898155007890244e-02	-5.713371268483442150e-02	5.723427495789135816e-02
-1.600345497321108701e-01	1.526839180281865660e-01	-1.049929383013404327e-01	1.095974840612638640e-01	-1.409961516192116682e-01	2.503141106630464852e-01	-5.219438523724739820e-01	1.867254440056433373e-01	-1.462335111087177120e-01	1.148971396763439762e-01	-3.832865531169336037e-01	1.000000000000000444e+00	-1.674639202957382000e-01	1.281956084135695006e-01	-1.658171220778187627e-01	2.880725904450561203e-01	-5.452939018035940499e-01	1.805238452405986127e-01	-1.520888115313700772e-01	1.298437525575355522e-01	-2.456901740678554824e-01	1.566760381314169503e-01	-1.411682019958336587e-01	8.745423986260723870e-02	-8.818864796824571473e-02	9.120374391497590438e-02	-1.692863588879867098e-01	1.113078595365456364e-01	-8.444137447442812139e-02	7.352391191047555341e-02	-9.558096420830888840e-02	6.692989711212085635e-02	-6.370523629455457360e-02	9.495531497458156722e-02	-9.739471577726724338e-02
8.755209730635395149e-02	-9.579115910384998489e-02	1.447611714381309700e-01	-1.719183138908124964e-01	1.739846655469665104e-01	-9.948533332499380488e-02	1.937361454961616936e-01	-3.879702841404338298e-01	2.929793851995723952e-01	-1.750748394945207953e-01	9.541694081720600296e-02	-1.674639202957382000e-01	1.000000000000000222e+00	-6.432655107751488188e-01	2.280477785758294185e-01	-1.441043887178130312e-01	1.537783204153015393e-01	-4.299181272037136403e-01	2.256086468931339239e-01	-2.191730779315978206e-01	1.207479514711883029e-01	-8.729518035269188958e-02	9.412131012746485781e-02	-6.336093721360744335e-02	6.147451772257564451e-02	-5.629771629457783200e-02	9.440888201239740207e-02	-7.435854735465587118e-02	5.732896106911097162e-02	-5.124915198399348365e-02	5.774154147845001611e-02	-4.456060363329880647e-02	4.167270908709241883e-02	-6.619523803177623789e-02	6.546447867249968744e-02
-7.754436635905834208e-02	8.207424970494590910e-02	-1.413321214828200112e-01	1.558491100042690980e-01	-1.872370488849776915e-01	8.101746129108466921e-02	-1.738982815391446335e-01	2.847983206816618318e-01	-5.799430729326761069e-01	1.794112119879431033e-01	-7.874238280754403130e-02	1.281956084135695006e-01	-6.432655107751488188e-01	1.000000000000000666e+00	-2.629272280904137449e-01	1.095857282569865226e-01	-1.189700363104081726e-01	2.187406925563558369e-01	-1.880784912985241641e-01	1.734914010466765133e-01	-9.935797703312247708e-02	6.952284964960622760e-02	-7.506776332616617309e-02	5.049319888654096866e-02	-5.011332067148557834e-02	4.561116834401135467e-02	-7.749552986981488034e-02	5.902439144171205826e-02	-4.629264657599533456e-02	4.138918222225060339e-02	-4.744278398041389122e-02	3.575525172819492281e-02	-3.366756151351059378e-02	5.310006257359416171e-02	-5.367599470851583399e-02
8.156551177924639684e-02	-8.835862180743901673e-02	1.100658182398912138e-01	-1.305656657308918445e-01	2.525650331818392602e-01	-9.793765673434852437e-02	1.806609117177402635e-01	-2.272223537280204375e-01	2.015047123331688284e-01	-3.659317697297788108e-01	9.554873236284568139e-02	-1.658171220778187627e-01	2.280477785758294185e-01	-2.629272280904137449e-01	1.000000000000001332e+00	-1.551201513455142122e-01	1.555194395032404864e-01	-3.119410563288600446e-01	2.763075771176634610e-01	-6.606038709527695119e-01	1.369503928183089525e-01	-9.914823815817511155e-02	1.077320542720429375e-01	-7.748604822323933161e-02	7.731460041239800185e-02	-6.710819434337013389e-02	1.097987262375461348e-01	-8.758146995204292573e-02	6.950831965576320659e-02	-6.364282026506314083e-02	6.888646517949482961e-02	-5.353625074983039966e-02	4.992639557621150054e-02	-8.130511772091453260e-02	8.020030647917983369e-02
-1.124469478356667496e-01	1.098456168102129454e-01	-8.038844658058873216e-02	8.616992310455094672e-02	-1.235514380649967436e-01	1.786755390827617918e-01	-2.749014539547331437e-01	1.423394089085541214e-01	-1.160320864668621527e-01	1.004007373103622813e-01	-2.445563703540792055e-01	2.880725904450561203e-01	-1.441043887178130312e-01	1.095857282569865226e-01	-1.551201513455142122e-01	1.000000000000000888e+00	-6.249351448601923043e-01	1.800392739204128567e-01	-1.505035084880353424e-01	1.240259451931000623e-01	-5.053933007573152558e-01	2.258039239223012806e-01	-1.775060206122834328e-01	1.060835370256892896e-01	-1.047035524893449171e-01	1.161793849303215109e-01	-2.207744164824752275e-01	1.395810877471074518e-01	-1.020244178671090990e-01	8.760649789937130505e-02	-1.176424063446457891e-01	8.212095031560731617e-02	-7.784932372536432221e-02	1.138818530646526911e-01	-1.133414172317311619e-01
1.037272410627104735e-01	-1.070493133701733990e-01	8.000427351993412428e-02	-8.778402871849125266e-02	1.192832858886390679e-01	-1.765039313155481182e-01	2.529496540925949555e-01	-1.494113585058754468e-01	1.170602255847025958e-01	-1.016161318095463173e-01	1.974374647434240515e-01	-5.452939018035940499e-01	1.537783204153015393e-01	-1.189700363104081726e-01	1.555194395032404864e-01	-6.249351448601923043e-01	1.000000000000000222e+00	-2.736544815095067196e-01	1.666113615944169735e-01	-1.393321099723460188e-01	2.573379809629813275e-01	-2.050414403575819555e-01	1.444518862935045278e-01	-9.140816735621591638e-02	8.755510508648416124e-02	-9.581526058380608613e-02	1.688083369277395829e-01	-1.184609620508032951e-01	8.601980095796997461e-02	-7.483253264991228393e-02	9.323334727328241867e-02	-6.994696458103194514e-02	6.505295073654782101e-02	-9.924491647003175210e-02	9.503096552390863372e-02
-7.671957277766223993e-02	8.011344430071415390e-02	-9.446316372093623015e-02	1.058493863544910513e-01	-1.741037403043736442e-01	9.693248965718848087e-02	-1.847820404404285355e-01	1.939205399225240323e-01	-1.802113541809631792e-01	1.521574161629157818e-01	-1.010035475582438808e-01	1.805238452405986127e-01	-4.299181272037136403e-01	2.187406925563558369e-01	-3.119410563288600446e-01	1.800392739204128567e-01	-2.736544815095067196e-01	1.000000000000001332e+00	-6.607949405814761423e-01	2.758813302835275705e-01	-1.532284489201788946e-01	1.139631105448951631e-01	-1.402456156440693713e-01	8.714119582900005379e-02	-8.206577093191262662e-02	6.779382029789346453e-02	-1.202977686870109475e-01	9.796933616919593912e-02	-7.467932185191664129e-02	6.594848064927312514e-02	-6.943042911737826173e-02	5.581671228729186141e-02	-5.254341475063344091e-02	8.293834774940897492e-02	-8.230988820960982721e-02
6.449872466527246939e-02	-6.896915095412178842e-02	8.069537661243808557e-02	-9.378173526478901512e-02	1.459187682755244131e-01	-8.226255270973392708e-02	1.481883811917718841e-01	-1.724683864292411994e-01	1.435547306551272495e-01	-1.430024061996111595e-01	8.266108442865494066e-02	-1.520888115313700772e-01	2.256086468931339239e-01	-1.880784912985241641e-01	2.763075771176634610e-01	-1.505035084880353424e-01	1.666113615944169735e-01	-6.607949405814761423e-01	1.000000000000001776e+00	-5.671171527133297419e-01	1.212531397581656095e-01	-9.256598264290059885e-02	1.063671081522373635e-01	-8.165595324882536643e-02	7.408849049873693360e-02	-5.762008506342457259e-02	9.740634053018450145e-02	-8.246420245061004961e-02	6.497397307587154947e-02	-5.880558589493518895e-02	5.833448420763521353e-02	-4.784301229184183962e-02	4.458876024986080377e-02	-7.317730176565778732e-02	7.145225322265273682e-02
-6.411069590088824821e-02	6.746604619773712008e-02	-8.316993665217094212e-02	9.417506742052902946e-02	-2.117940725024349546e-01	7.642658535140411935e-02	-1.497993505060263297e-01	1.616861557594801713e-01	-1.543560001804707427e-01	1.916063464681102280e-01	-7.697568691652127704e-02	1.298437525575355522e-01	-2.191730779315978206e-01	1.734914010466765133e-01	-6.606038709527695119e-01	1.240259451931000623e-01	-1.393321099723460188e-01	2.758813302835275705e-01	-5.671171527133297419e-01	1.000000000000001998e+00	-1.176599521294502820e-01	8.448824299732546339e-02	-9.689084235928943634e-02	7.248128935001693640e-02	-7.541489028068361355e-02	5.518708887994606266e-02	-9.477712932550760860e-02	7.544945294616663134e-02	-6.173619801410711733e-02	5.720634419930935993e-02	-5.738237759545061073e-02	4.507163093934676845e-02	-4.250959055323236258e-02	6.943686494275093379e-02	-7.085124554323544988e-02
8.904005431937872528e-02	-9.410177668768854309e-02	7.149147695635262034e-02	-7.936675577759705336e-02	1.144671565591763446e-01	-1.422159166143037168e-01	2.031589964334051535e-01	-1.307079459465253224e-01	1.022137412531392980e-01	-9.565509021817444890e-02	1.456221919935954123e-01	-2.456901740678554824e-01	1.207479514711883029e-01	-9.935797703312247708e-02	1.369503928183089525e-01	-5.053933007573152558e-01	2.573379809629813275e-01	-1.532284489201788946e-01	1.212531397581656095e-01	-1.176599521294502820e-01	1.000000000000001110e+00	-5.453004315167917504e-01	2.333281122180216327e-01	-1.509640689726000906e-01	1.354113115685000313e-01	-1.945048128569438761e-01	2.832172804308741298e-01	-2.102616393278957663e-01	1.410557932079426202e-01	-1.215691681172167832e-01	1.611803644630643018e-01	-1.229966079689013003e-01	1.108471540401131938e-01	-1.685012598954540586e-01	1.469843177267350920e-01
-5.778441266655077319e-02	5.993199017836149667e-02	-4.809535898088436456e-02	5.304434460813661073e-02	-7.973576809775979879e-02	8.680358203749466428e-02	-1.390415018656449009e-01	8.840151336847501540e-02	-7.093689643442134540e-02	6.606522223119432047e-02	-9.199875665971284089e-02	1.566760381314169503e-01	-8.729518035269188958e-02	6.952284964960622760e-02	-9.914823815817511155e-02	2.258039239223012806e-01	-2.050414403575819555e-01	1.139631105448951631e-01	-9.256598264290059885e-02	8.448824299732546339e-02	-5.453004315167917504e-01	1.000000000000001554e+00	-4.114231023398874920e-01	1.732096263268707859e-01	-1.562720993723203666e-01	1.622859696637374560e-01	-5.921955922015349483e-01	2.555121707943170395e-01	-1.603047085164521213e-01	1.286466015787132711e-01	-1.504618618515193851e-01	1.248928224759119354e-01	-1.189984853127012965e-01	1.660342068336606580e-01	-1.516280989781720878e-01
5.468664792867196367e-02	-5.750699627200914210e-02	4.879506866691218220e-02	-5.440387225770719481e-02	8.399941269512772868e-02	-7.976541387427740770e-02	1.295843807674204873e-01	-9.166708301519388424e-02	7.385541765460863772e-02	-7.058462107919838413e-02	8.066266128425962634e-02	-1.411682019958336587e-01	9.412131012746485781e-02	-7.506776332616617309e-02	1.077320542720429375e-01	-1.775060206122834328e-01	1.444518862935045278e-01	-1.402456156440693713e-01	1.063671081522373635e-01	-9.689084235928943634e-02	2.333281122180216327e-01	-4.114231023398874920e-01	1.000000000000001110e+00	-4.558063040037091951e-01	2.539484349202817959e-01	-1.562423298200915078e-01	2.951770051160340080e-01	-5.404335687732101379e-01	2.628034349633107669e-01	-2.217050454633444634e-01	1.446610398649401108e-01	-1.940156769251427660e-01	1.751266136494404324e-01	-2.740780024034372708e-01	2.183310313237630529e-01
-3.552231114968053272e-02	3.708837693781946027e-02	-3.236780506770675636e-02	3.600035457440572267e-02	-5.764789854022634580e-02	5.033120057810690912e-02	-8.561221459049006555e-02	6.073509947376551366e-02	-4.975899125291320668e-02	4.820737932906385415e-02	-5.138304690256124269e-02	8.745423986260723870e-02	-6.336093721360744335e-02	5.049319888654096866e-02	-7.748604822323933161e-02	1.060835370256892896e-01	-9.140816735621591638e-02	8.714119582900005379e-02	-8.165595324882536643e-02	7.248128935001693640e-02	-1.509640689726000906e-01	1.732096263268707859e-01	-4.558063040037091951e-01	1.000000000000002665e+00	-6.773714585249434039e-01	9.950204273497251228e-02	-1.917332084425551475e-01	2.501163230500841328e-01	-3.791784831927219046e-01	2.805139180085158834e-01	-9.846704734945854742e-02	1.188604092567571435e-01	-1.165855896661877056e-01	2.539112966001368932e-01	-2.852417089171430109e-01
3.581802862046586100e-02	-3.758602193565573069e-02	3.260860580009204007e-02	-3.635822667435076316e-02	5.811176097455816869e-02	-5.088856912102762003e-02	8.562452650359360373e-02	-6.117864953468696992e-02	4.967177301862334138e-02	-4.877468481460205119e-02	5.130280385706689761e-02	-8.818864796824571473e-02	6.147451772257564451e-02	-5.011332067148557834e-02	7.731460041239800185e-02	-1.047035524893449171e-01	8.755510508648416124e-02	-8.206577093191262662e-02	7.408849049873693360e-02	-7.541489028068361355e-02	1.354113115685000313e-01	-1.562720993723203666e-01	2.539484349202817959e-01	-6.773714585249434039e-01	1.000000000000001998e+00	-9.958834682554289219e-02	1.677331256445369068e-01	-2.404397441810632308e-01	2.781448387101420616e-01	-5.194751634609756641e-01	9.568180886801930241e-02	-1.244699931683647814e-01	1.141559428381935526e-01	-2.947564758734396162e-01	2.748826127259569319e-01
-3.728003409842709642e-02	3.861471686552151589e-02	-3.201585524746222017e-02	3.527156038918514286e-02	-5.580096719281283507e-02	5.334651164683196917e-02	-9.130114414460796524e-02	5.859108210850756671e-02	-4.747294719674306079e-02	4.527585700472082364e-02	-5.511157111132222730e-02	9.120374391497590438e-02	-5.629771629457783200e-02	4.561116834401135467e-02	-6.710819434337013389e-02	1.161793849303215109e-01	-9.581526058380608613e-02	6.779382029789346453e-02	-5.762008506342457259e-02	5.518708887994606266e-02	-1.945048128569438761e-01	1.622859696637374560e-01	-1.562423298200915078e-01	9.950204273497251228e-02	-9.958834682554289219e-02	1.000000000000001998e+00	-2.801008352721235384e-01	1.614334238388822895e-01	-1.103417884038328245e-01	8.853783708241411143e-02	-8.779806251871239420e-01	1.751013000079047477e-01	-1.701918979264385179e-01	1.252255379432838378e-01	-1.162615874461837284e-01
6.336844859279168463e-02	-6.682716752582709696e-02	5.400498554998522244e-02	-6.007424344493871721e-02	9.071278362506940418e-02	-9.503382009048302881e-02	1.489315025225212419e-01	-9.992229089961209010e-02	7.908557738182631081e-02	-7.551437053799307797e-02	9.557727458121371977e-02	-1.692863588879867098e-01	9.440888201239740207e-02	-7.749552986981488034e-02	1.097987262375461348e-01	-2.207744164824752275e-01	1.688083369277395829e-01	-1.202977686870109475e-01	9.740634053018450145e-02	-9.477712932550760860e-02	2.832172804308741298e-01	-5.921955922015349483e-01	2.951770051160340080e-01	-1.917332084425551475e-01	1.677331256445369068e-01	-2.801008352721235384e-01	1.000000000000001554e+00	-4.587577726526808064e-01	2.032300648569626833e-01	-1.598314269733482063e-01	2.050056697875666800e-01	-1.890948429106730777e-01	1.682187016753232400e-01	-2.293928906363717490e-01	1.798970321616210621e-01
-4.442886045809308487e-02	4.627708401483340145e-02	-3.925685038956489015e-02	4.349041565502362316e-02	-6.864629089210450008e-02	6.383288565015626803e-02	-1.073779216580116186e-01	7.291440565549751895e-02	-5.940781722604464299e-02	5.673494814465080555e-02	-6.556573078099454943e-02	1.113078595365456364e-01	-7.435854735465587118e-02	5.902439144171205826e-02	-8.758146995204292573e-02	1.395810877471074518e-01	-1.184609620508032951e-01	9.796933616919593912e-02	-8.246420245061004961e-02	7.544945294616663134e-02	-2.102616393278957663e-01	2.555121707943170395e-01	-5.404335687732101379e-01	2.501163230500841328e-01	-2.404397441810632308e-01	1.614334238388822895e-01	-4.587577726526808064e-01	1.000000000000000888e+00	-4.269941341945892588e-01	2.106874590322569685e-01	-1.657784622960303822e-01	2.244465150228109607e-01	-3.101084435902679570e-01	2.662712544780868051e-01	-2.424033379141717348e-01
3.431896413772434623e-02	-3.583151925921520403e-02	3.071912054645395407e-02	-3.410550189443055380e-02	5.437521316780567771e-02	-4.880807269743251547e-02	8.282664008573706327e-02	-5.720533448914862096e-02	4.653623283059918347e-02	-4.505264083057330948e-02	4.965677501282313860e-02	-8.444137447442812139e-02	5.732896106911097162e-02	-4.629264657599533456e-02	6.950831965576320659e-02	-1.020244178671090990e-01	8.601980095796997461e-02	-7.467932185191664129e-02	6.497397307587154947e-02	-6.173619801410711733e-02	1.410557932079426202e-01	-1.603047085164521213e-01	2.628034349633107669e-01	-3.791784831927219046e-01	2.781448387101420616e-01	-1.103417884038328245e-01	2.032300648569626833e-01	-4.269941341945892588e-01	1.000000000000000666e+00	-4.362254842767915863e-01	1.091913514804845609e-01	-1.561840423935589306e-01	1.562462057957805239e-01	-6.057410587551581571e-01	3.089547122637548715e-01
-3.028332081004860704e-02	3.158875059269205393e-02	-2.732904519064258825e-02	3.033877753560755217e-02	-4.893728123319320000e-02	4.271154565176751849e-02	-7.329828760735870863e-02	5.090808057484449284e-02	-4.159266624050139000e-02	4.051490631375695428e-02	-4.346195545143708566e-02	7.352391191047555341e-02	-5.124915198399348365e-02	4.138918222225060339e-02	-6.364282026506314083e-02	8.760649789937130505e-02	-7.483253264991228393e-02	6.594848064927312514e-02	-5.880558589493518895e-02	5.720634419930935993e-02	-1.215691681172167832e-01	1.286466015787132711e-01	-2.217050454633444634e-01	2.805139180085158834e-01	-5.194751634609756641e-01	8.853783708241411143e-02	-1.598314269733482063e-01	2.106874590322569685e-01	-4.362254842767915863e-01	1.000000000000001110e+00	-8.872250946861140464e-02	1.100451272377098583e-01	-1.084987638265718229e-01	3.039984415724904521e-01	-6.271664341196860892e-01
3.867065743178330767e-02	-4.046750941912693328e-02	3.344754742309343637e-02	-3.705339247917459333e-02	5.813321568955850949e-02	-5.578234052813655502e-02	9.304392990727661239e-02	-6.151021296326318610e-02	4.925638097859053044e-02	-4.752701982891206767e-02	5.628458370828787888e-02	-9.558096420830888840e-02	5.774154147845001611e-02	-4.744278398041389122e-02	6.888646517949482961e-02	-1.176424063446457891e-01	9.323334727328241867e-02	-6.943042911737826173e-02	5.833448420763521353e-02	-5.738237759545061073e-02	1.611803644630643018e-01	-1.504618618515193851e-01	1.446610398649401108e-01	-9.846704734945854742e-02	9.568180886801930241e-02	-8.779806251871239420e-01	2.050056697875666800e-01	-1.657784622960303822e-01	1.091913514804845609e-01	-8.872250946861140464e-02	1.000000000000001332e+00	-2.418538871408934809e-01	1.706379063058266476e-01	-1.343566349168576479e-01	1.127834949714455748e-01
-2.745846876297281317e-02	2.850028042402122028e-02	-2.421742631583733568e-02	2.676173932520312451e-02	-4.284635472439207032e-02	3.893252011112910416e-02	-6.702863604506598127e-02	4.471909630053374357e-02	-3.652276126515133226e-02	3.505225969422470778e-02	-4.001940760037762945e-02	6.692989711212085635e-02	-4.456060363329880647e-02	3.575525172819492281e-02	-5.353625074983039966e-02	8.212095031560731617e-02	-6.994696458103194514e-02	5.581671228729186141e-02	-4.784301229184183962e-02	4.507163093934676845e-02	-1.229966079689013003e-01	1.248928224759119354e-01	-1.940156769251427660e-01	1.188604092567571435e-01	-1.244699931683647814e-01	1.751013000079047477e-01	-1.890948429106730777e-01	2.244465150228109607e-01	-1.561840423935589306e-01	1.100451272377098583e-01	-2.418538871408934809e-01	1.000000000000000888e+00	-8.749847892696180907e-01	1.656903183137435065e-01	-1.522914573539141947e-01
2.590193940324973798e-02	-2.699631497465063146e-02	2.284620252909458360e-02	-2.530460376264614258e-02	4.020050419914076439e-02	-3.695390310237846310e-02	6.272851396733600260e-02	-4.228053705283914276e-02	3.431355523986853034e-02	-3.304101980114111659e-02	3.768898155007890244e-02	-6.370523629455457360e-02	4.167270908709241883e-02	-3.366756151351059378e-02	4.992639557621150054e-02	-7.784932372536432221e-02	6.505295073654782101e-02	-5.254341475063344091e-02	4.458876024986080377e-02	-4.250959055323236258e-02	1.108471540401131938e-01	-1.189984853127012965e-01	1.751266136494404324e-01	-1.165855896661877056e-01	1.141559428381935526e-01	-1.701918979264385179e-01	1.682187016753232400e-01	-3.101084435902679570e-01	1.562462057957805239e-01	-1.084987638265718229e-01	1.706379063058266476e-01	-8.749847892696180907e-01	1.000000000000000888e+00	-1.958863209797049587e-01	1.396359490329560915e-01
-3.968647494345241972e-02	4.110904412464416735e-02	-3.549964768788747838e-02	3.922444360870155911e-02	-6.381938908642692532e-02	5.551327756621297904e-02	-9.742096307920658504e-02	6.567192408283480110e-02	-5.402062282664843451e-02	5.217396453156818159e-02	-5.713371268483442150e-02	9.495531497458156722e-02	-6.619523803177623789e-02	5.310006257359416171e-02	-8.130511772091453260e-02	1.138818530646526911e-01	-9.924491647003175210e-02	8.293834774940897492e-02	-7.317730176565778732e-02	6.943686494275093379e-02	-1.685012598954540586e-01	1.660342068336606580e-01	-2.740780024034372708e-01	2.539112966001368932e-01	-2.947564758734396162e-01	1.252255379432838378e-01	-2.293928906363717490e-01	2.662712544780868051e-01	-6.057410587551581571e-01	3.039984415724904521e-01	-1.343566349168576479e-01	1.656903183137435065e-01	-1.958863209797049587e-01	1.000000000000001332e+00	-5.655574118093744662e-01
4.024679135200197322e-02	-4.213884970083908721e-02	3.613969822757048811e-02	-4.017791017600359088e-02	6.435790443696268182e-02	-5.684669153339193953e-02	9.695316234186866777e-02	-6.724052748831903237e-02	5.439945030738566056e-02	-5.323044377318061904e-02	5.723427495789135816e-02	-9.739471577726724338e-02	6.546447867249968744e-02	-5.367599470851583399e-02	8.020030647917983369e-02	-1.133414172317311619e-01	9.503096552390863372e-02	-8.230988820960982721e-02	7.145225322265273682e-02	-7.085124554323544988e-02	1.469843177267350920e-01	-1.516280989781720878e-01	2.183310313237630529e-01	-2.852417089171430109e-01	2.748826127259569319e-01	-1.162615874461837284e-01	1.798970321616210621e-01	-2.424033379141717348e-01	3.089547122637548715e-01	-6.271664341196860892e-01	1.127834949714455748e-01	-1.522914573539141947e-01	1.396359490329560915e-01	-5.655574118093744662e-01	1.000000000000001332e+00
