1.000000000000000000e+00	-6.479500679382270700e-01	2.673270319017529428e-01	-3.082745672600457620e-01	1.649031992764237176e-01	-3.740771537938291647e-01	2.966209027917571239e-01	-2.054997274301348653e-01	1.712014206092465907e-01	-1.902528570471419267e-01	2.264568818775563319e-01	-3.173947691363709911e-01	9.511161648255465895e-02	-1.396744042658752960e-01	1.307396272562569017e-01	-2.330384839819636678e-01	1.770592405383353551e-01	-9.117889410462923228e-02	1.113469068030661230e-01	-1.413787306804457078e-01	1.525803297574308548e-01	-1.456979886446185257e-01	1.243043399499093454e-01	-1.074610587216454083e-01	1.040953997980808565e-01	-8.562538174420124271e-02	1.029879563121419983e-01	-1.112832081265634349e-01	9.069268850680869964e-02	-7.068434396674047604e-02	8.084827045427099568e-02	-9.258100272276659215e-02	1.297542654588370592e-01	-1.805495756025709414e-02	1.842958233524514405e-02
-6.479500679382270700e-01	9.999999999999997780e-01	-4.725272572002038318e-01	2.601014288780410522e-01	-1.524261433270650556e-01	2.081269318238012922e-01	-4.332205199126871187e-01	1.859954392046182237e-01	-1.655859519104283251e-01	1.501887016493261284e-01	-1.703006924934575561e-01	2.357974510322867479e-01	-7.527182729642693804e-02	1.085874140937800880e-01	-1.049714437171264947e-01	1.545096225462929129e-01	-1.371089665494341914e-01	6.990990450070511120e-02	-8.788320714952192747e-02	1.052582315515886990e-01	-1.196501060788773135e-01	1.076142831902357350e-01	-9.606241490664968463e-02	8.182169238091294150e-02	-8.077643333437894979e-02	6.469916449983743878e-02	-7.866776645631995413e-02	8.382953771312350033e-02	-6.999715743614234875e-02	5.394902514841051072e-02	-6.176232801057424809e-02	6.876569341496661936e-02	-9.910877335178912284e-02	1.374061599843933237e-02	-1.407025391410468562e-02
2.673270319017529428e-01	-4.725272572002038318e-01	9.999999999999998890e-01	-7.020723237091034408e-01	2.209964726115858369e-01	-1.404888109838619836e-01	2.127487050798193835e-01	-2.863217494492843462e-01	2.177466853784359169e-01	-2.352384125146352867e-01	1.132903609451665489e-01	-1.738080481862681048e-01	7.417539911155637822e-02	-1.227624354969727161e-01	1.207564984235424826e-01	-1.191863485998639199e-01	1.020819979275671141e-01	-6.948424105137110396e-02	9.241654359890670578e-02	-1.199358474039592809e-01	1.005586641685392579e-01	-9.094194421758801383e-02	8.926612842963976835e-02	-8.124416352135253871e-02	7.957617254046260580e-02	-5.559867300721696437e-02	6.710034970460282411e-02	-7.848628866801050930e-02	6.753455328899354848e-02	-5.282664505127071530e-02	5.321205088695896146e-02	-6.009077741593913530e-02	9.215642443990826327e-02	-1.326805836155471770e-02	1.357241921874284725e-02
-3.082745672600457620e-01	2.601014288780410522e-01	-7.020723237091034408e-01	9.999999999999997780e-01	-4.070957552263159140e-01	1.342116562424791326e-01	-2.096062283127714254e-01	2.324361057552706833e-01	-2.817571722958132074e-01	2.546515151873765537e-01	-1.155394321278366554e-01	1.579661792126102471e-01	-7.797330212889387602e-02	1.304034266440753098e-01	-1.382899286118903226e-01	1.153727285920331802e-01	-1.029615022011156622e-01	7.169603011653602476e-02	-1.009899030488156796e-01	1.255581440580512131e-01	-1.081461298316417352e-01	9.308740467677334429e-02	-9.559888478537807710e-02	8.634879050016784630e-02	-8.673608249951975102e-02	5.850217498265451038e-02	-7.070120936210427809e-02	8.320491341279749598e-02	-7.319694211487060009e-02	5.672976075942182811e-02	-5.649397041144952475e-02	6.279482808408064221e-02	-9.981728873131431867e-02	1.428570224749199646e-02	-1.465342075656639147e-02
1.649031992764237176e-01	-1.524261433270650556e-01	2.209964726115858369e-01	-4.070957552263159140e-01	9.999999999999997780e-01	-9.568379134847176948e-02	1.366411759478559362e-01	-2.183159248018991527e-01	2.170382035689941147e-01	-7.988814332814694330e-01	8.100957626866715777e-02	-1.216036093040129135e-01	7.603720766346340476e-02	-1.501107634725934725e-01	1.813854121836797895e-01	-9.220372280983017699e-02	8.020482438930347235e-02	-7.204978737917688836e-02	1.061491725669583969e-01	-1.741761155481656720e-01	9.218605591273475175e-02	-8.154138424754070469e-02	9.116595225313536832e-02	-8.943519113783669761e-02	8.846561510830085184e-02	-5.151999194752263089e-02	6.209414416447998908e-02	-8.091183027417236939e-02	7.252928061986081698e-02	-5.821295267353100017e-02	4.965630633459898469e-02	-5.635375369875149365e-02	9.401545152002727113e-02	-1.424960228883808723e-02	1.455831428400833870e-02
-3.740771537938291647e-01	2.081269318238012922e-01	-1.404888109838619836e-01	1.342116562424791326e-01	-9.568379134847176948e-02	1.000000000000000000e+00	-3.550245159135437256e-01	1.294783708654857202e-01	-1.182245716733984209e-01	9.984593599608390657e-02	-7.456682434419675820e-01	2.725397447361381786e-01	-7.635169187685146575e-02	9.849997822721556773e-02	-9.106197001674164182e-02	2.513567642020960169e-01	-2.179400697914378737e-01	7.087433748591416560e-02	-8.562712147487951120e-02	9.504672472085641532e-02	-1.611781906333746295e-01	1.395874884646698677e-01	-1.107832179627966235e-01	8.620914056566378325e-02	-8.498218174603033859e-02	8.266134509429176602e-02	-1.026680432234084173e-01	9.438778141443060488e-02	-7.567904818974741099e-02	5.735967610283757706e-02	-7.862259241629758477e-02	8.471160422840318116e-02	-1.095838865680592300e-01	1.467446939645532591e-02	-1.503549461309797858e-02
2.966209027917571239e-01	-4.332205199126871187e-01	2.127487050798193835e-01	-2.096062283127714254e-01	1.366411759478559362e-01	-3.550245159135437256e-01	1.000000000000000444e+00	-2.824369285459623069e-01	1.935302492568716504e-01	-1.490646260689678648e-01	2.460180829945151637e-01	-6.205920911635812720e-01	1.040293852553542814e-01	-1.333286856888720728e-01	1.170971557159033033e-01	-2.485355289031145332e-01	2.156471087240353912e-01	-9.749224894024702270e-02	1.076526618564346005e-01	-1.212444354827873216e-01	1.542464000388626411e-01	-1.550056620975160671e-01	1.233866127738751789e-01	-1.028983018684469508e-01	9.762118369877370583e-02	-8.575951069941487037e-02	1.050915406126256696e-01	-1.063064361298360627e-01	8.589378564181678055e-02	-6.619172767040885919e-02	8.026413938611014209e-02	-9.072727267251712302e-02	1.196300358816167891e-01	-1.671646601591636125e-02	1.708012493592052372e-02
-2.054997274301348653e-01	1.859954392046182237e-01	-2.863217494492843462e-01	2.324361057552706833e-01	-2.183159248018991527e-01	1.294783708654857202e-01	-2.824369285459623069e-01	1.000000000000000000e+00	-8.066201816329889862e-01	2.144402462643698881e-01	-1.103288664218874671e-01	1.749530877440859944e-01	-1.119486629518439830e-01	1.746285555816571577e-01	-1.521041199077468598e-01	1.157162676395351031e-01	-1.050476115746242223e-01	9.541695564070674929e-02	-1.321677996203394490e-01	1.305608914552107702e-01	-1.088556612589751116e-01	9.635335492838219273e-02	-1.076874452158565337e-01	9.966677755875215372e-02	-9.628583308320648459e-02	5.963139091389563912e-02	-7.268935506662178858e-02	8.933837723159203381e-02	-8.098180307880464834e-02	6.226052352825257180e-02	-5.735372865416750454e-02	6.398413396103608264e-02	-1.024876738107563662e-01	1.536294644611420346e-02	-1.576635914070060457e-02
1.712014206092465907e-01	-1.655859519104283251e-01	2.177466853784359169e-01	-2.817571722958132074e-01	2.170382035689941147e-01	-1.182245716733984209e-01	1.935302492568716504e-01	-8.066201816329889862e-01	9.999999999999996669e-01	-3.078146148868785570e-01	9.752254852148783959e-02	-1.639814437011566095e-01	1.036745224006866695e-01	-2.286598665495331306e-01	1.566527921420943770e-01	-1.092439070199062306e-01	9.559859559571559640e-02	-9.452477495338219848e-02	1.343672526476663298e-01	-1.387089024708914042e-01	1.008410333896718608e-01	-9.164481792109557823e-02	1.036551535880731317e-01	-1.011996898999474176e-01	9.379826963607464096e-02	-5.626804349482542739e-02	6.841680341315693747e-02	-8.686642702085868584e-02	7.855632163959681835e-02	-6.119979034282981706e-02	5.388656982981381710e-02	-6.086663381287286262e-02	9.738104780215389722e-02	-1.493524946164914713e-02	1.529056068064262724e-02
-1.902528570471419267e-01	1.501887016493261284e-01	-2.352384125146352867e-01	2.546515151873765537e-01	-7.988814332814694330e-01	9.984593599608390657e-02	-1.490646260689678648e-01	2.144402462643698881e-01	-3.078146148868785570e-01	1.000000000000000666e+00	-8.702975020857732502e-02	1.240414587951282066e-01	-8.343395480845514078e-02	1.615656527943525045e-01	-2.615424855639507662e-01	9.550089114623269704e-02	-8.543881134665387567e-02	7.699427787812360147e-02	-1.188561977302231565e-01	1.779089631036398778e-01	-1.011918743956849442e-01	8.672774228893846693e-02	-9.990076113996368412e-02	9.625234018269858416e-02	-9.775436462147052419e-02	5.555565162614187202e-02	-6.713470238667948453e-02	8.701456444022859227e-02	-7.981213541701409619e-02	6.306803600325359971e-02	-5.383719656167493955e-02	6.026985156989034947e-02	-1.028572683531590870e-01	1.548614488529940700e-02	-1.587568021075748056e-02
2.264568818775563319e-01	-1.703006924934575561e-01	1.132903609451665489e-01	-1.155394321278366554e-01	8.100957626866715777e-02	-7.456682434419675820e-01	2.460180829945151637e-01	-1.103288664218874671e-01	9.752254852148783959e-02	-8.702975020857732502e-02	9.999999999999992228e-01	-3.628297065352942830e-01	7.328381513020813809e-02	-9.049942494689716677e-02	8.133278476488436937e-02	-4.224452827893411810e-01	2.316172551418924364e-01	-6.907474734238140679e-02	7.854997970324609224e-02	-8.717059489440905085e-02	1.492307456469760540e-01	-1.454115722484310980e-01	1.046040719132080993e-01	-8.107330093909724533e-02	7.772873339767712164e-02	-7.962515336883554951e-02	9.868136011935124685e-02	-8.925651545788891583e-02	6.976678154383175734e-02	-5.313658306498093148e-02	7.403864549220570690e-02	-8.189150882405241139e-02	9.989695998938093180e-02	-1.350227084370853904e-02	1.380389053914711506e-02
-3.173947691363709911e-01	2.357974510322867479e-01	-1.738080481862681048e-01	1.579661792126102471e-01	-1.216036093040129135e-01	2.725397447361381786e-01	-6.205920911635812720e-01	1.749530877440859944e-01	-1.639814437011566095e-01	1.240414587951282066e-01	-3.628297065352942830e-01	1.000000000000001110e+00	-1.378336653914380983e-01	1.361299219831804685e-01	-1.215621756864488368e-01	2.809777919571836424e-01	-4.138821468299085371e-01	1.157959321943587139e-01	-1.202388902887065597e-01	1.253489052814980020e-01	-2.070501559442706752e-01	1.986808199962211974e-01	-1.548765244870152213e-01	1.181839053223942143e-01	-1.138019771146703552e-01	1.091940960488309575e-01	-1.398650852133022648e-01	1.267773289777470447e-01	-1.015486042355508850e-01	7.681091065572583088e-02	-1.032497231165338814e-01	1.117372666632130557e-01	-1.434618234420313720e-01	1.943582551503931707e-02	-1.990973597978905330e-02
9.511161648255465895e-02	-7.527182729642693804e-02	7.417539911155637822e-02	-7.797330212889387602e-02	7.603720766346340476e-02	-7.635169187685146575e-02	1.040293852553542814e-01	-1.119486629518439830e-01	1.036745224006866695e-01	-8.343395480845514078e-02	7.328381513020813809e-02	-1.378336653914380983e-01	9.999999999999995559e-01	-2.968960543412564324e-01	1.497550382842434413e-01	-9.589426604827401557e-02	9.303999999330486714e-02	-8.776306839958663009e-01	2.258157115898920264e-01	-1.655571829625080149e-01	1.117025194860618575e-01	-1.155780314462713787e-01	1.795989009793541868e-01	-1.738809082601937561e-01	1.240651888891640409e-01	-6.681043488914996387e-02	8.324492880708596332e-02	-1.323388559028228773e-01	1.080298506872361120e-01	-8.593179620782290251e-02	6.279396744422964527e-02	-7.309141614364313144e-02	1.178452384156912225e-01	-1.974933129859835976e-02	2.002977895806544104e-02
-1.396744042658752960e-01	1.085874140937800880e-01	-1.227624354969727161e-01	1.304034266440753098e-01	-1.501107634725934725e-01	9.849997822721556773e-02	-1.333286856888720728e-01	1.746285555816571577e-01	-2.286598665495331306e-01	1.615656527943525045e-01	-9.049942494689716677e-02	1.361299219831804685e-01	-2.968960543412564324e-01	1.000000000000000000e+00	-4.711696522201581083e-01	1.198337371026923504e-01	-1.132418454756689286e-01	2.271195606180708149e-01	-5.971613267093328625e-01	2.967856816280147192e-01	-1.671133021815876252e-01	1.479835743129063463e-01	-2.474399983319101604e-01	2.621684892817906509e-01	-2.309964311364651190e-01	9.439474694054281190e-02	-1.173770684597524594e-01	1.805189990079922313e-01	-1.880776099523352729e-01	1.416613122020736193e-01	-9.120636428363708414e-02	1.022846716765366260e-01	-1.868143239127016131e-01	3.272206952933302826e-02	-3.368120910918848826e-02
1.307396272562569017e-01	-1.049714437171264947e-01	1.207564984235424826e-01	-1.382899286118903226e-01	1.813854121836797895e-01	-9.106197001674164182e-02	1.170971557159033033e-01	-1.521041199077468598e-01	1.566527921420943770e-01	-2.615424855639507662e-01	8.133278476488436937e-02	-1.215621756864488368e-01	1.497550382842434413e-01	-4.711696522201581083e-01	1.000000000000002442e+00	-1.088320658917517753e-01	9.791627128273407143e-02	-1.463576340714702329e-01	2.571714040988110073e-01	-7.171247546626194902e-01	1.406816764581634016e-01	-1.263069833448103307e-01	1.746308459055165019e-01	-2.000368868036936643e-01	1.964881697930028759e-01	-8.154827489400347240e-02	9.916641620701517612e-02	-1.553431277763802909e-01	1.488705085824353902e-01	-1.278753388048776418e-01	7.858019776133427781e-02	-9.049947970739222192e-02	1.646885824652223884e-01	-2.880901147016699110e-02	2.928347254582103903e-02
-2.330384839819636678e-01	1.545096225462929129e-01	-1.191863485998639199e-01	1.153727285920331802e-01	-9.220372280983017699e-02	2.513567642020960169e-01	-2.485355289031145332e-01	1.157162676395351031e-01	-1.092439070199062306e-01	9.550089114623269704e-02	-4.224452827893411810e-01	2.809777919571836424e-01	-9.589426604827401557e-02	1.198337371026923504e-01	-1.088320658917517753e-01	1.000000000000000222e+00	-6.692508598503050798e-01	9.021703349279024120e-02	-1.117902318450130078e-01	1.173100368292009227e-01	-2.968123673160894538e-01	2.570119453403446608e-01	-1.766028662144604466e-01	1.227977504313750162e-01	-1.194764542625550985e-01	1.427162010904762801e-01	-1.857111726435306809e-01	1.427486834823370465e-01	-1.094386065217925336e-01	8.165237640999101210e-02	-1.329840839508778516e-01	1.392481516974504452e-01	-1.583964557262776962e-01	2.070725472899912975e-02	-2.121123270543506106e-02
1.770592405383353551e-01	-1.371089665494341914e-01	1.020819979275671141e-01	-1.029615022011156622e-01	8.020482438930347235e-02	-2.179400697914378737e-01	2.156471087240353912e-01	-1.050476115746242223e-01	9.559859559571559640e-02	-8.543881134665387567e-02	2.316172551418924364e-01	-4.138821468299085371e-01	9.303999999330486714e-02	-1.132418454756689286e-01	9.791627128273407143e-02	-6.692508598503050798e-01	1.000000000000000000e+00	-9.078986470283673116e-02	1.041278353222614278e-01	-1.090781563849216040e-01	2.335962605746459975e-01	-4.399152821339902264e-01	1.722208125327820138e-01	-1.214167248411507777e-01	1.080339967263728995e-01	-1.394586319512640671e-01	1.824186542492811924e-01	-1.401842374083155651e-01	1.005250270360958792e-01	-7.614729221407479098e-02	1.210556911719772033e-01	-1.400876745798682044e-01	1.396039191609649288e-01	-1.890039560642764113e-02	1.926039495417892350e-02
-9.117889410462923228e-02	6.990990450070511120e-02	-6.948424105137110396e-02	7.169603011653602476e-02	-7.204978737917688836e-02	7.087433748591416560e-02	-9.749224894024702270e-02	9.541695564070674929e-02	-9.452477495338219848e-02	7.699427787812360147e-02	-6.907474734238140679e-02	1.157959321943587139e-01	-8.776306839958663009e-01	2.271195606180708149e-01	-1.463576340714702329e-01	9.021703349279024120e-02	-9.078986470283673116e-02	9.999999999999995559e-01	-2.907409281005804980e-01	1.510816990702461282e-01	-1.132634136395362923e-01	1.142765940782464185e-01	-2.241520271313271195e-01	1.771778009476850102e-01	-1.295521883008261266e-01	6.644087315863549115e-02	-8.411899745062427491e-02	1.322048919452801785e-01	-1.129652437609332677e-01	8.684524456897972644e-02	-6.283614237631207633e-02	7.187584909827893220e-02	-1.197331541566305224e-01	1.988594283997715054e-02	-2.026600118847451948e-02
1.113469068030661230e-01	-8.788320714952192747e-02	9.241654359890670578e-02	-1.009899030488156796e-01	1.061491725669583969e-01	-8.562712147487951120e-02	1.076526618564346005e-01	-1.321677996203394490e-01	1.343672526476663298e-01	-1.188561977302231565e-01	7.854997970324609224e-02	-1.202388902887065597e-01	2.258157115898920264e-01	-5.971613267093328625e-01	2.571714040988110073e-01	-1.117902318450130078e-01	1.041278353222614278e-01	-2.907409281005804980e-01	9.999999999999986677e-01	-3.479170244338683493e-01	1.500861293617162806e-01	-1.499439653421142105e-01	2.506714645676330067e-01	-5.217850901546825515e-01	2.201348961927830639e-01	-9.010055496082267079e-02	1.122344599022913753e-01	-1.920324345083160300e-01	1.843746750981849758e-01	-1.512151971832403075e-01	8.517130579304654781e-02	-9.913520882077191121e-02	1.699608497886143377e-01	-3.207708962264528563e-02	3.242177119461384094e-02
-1.413787306804457078e-01	1.052582315515886990e-01	-1.199358474039592809e-01	1.255581440580512131e-01	-1.741761155481656720e-01	9.504672472085641532e-02	-1.212444354827873216e-01	1.305608914552107702e-01	-1.387089024708914042e-01	1.779089631036398778e-01	-8.717059489440905085e-02	1.253489052814980020e-01	-1.655571829625080149e-01	2.967856816280147192e-01	-7.171247546626194902e-01	1.173100368292009227e-01	-1.090781563849216040e-01	1.510816990702461282e-01	-3.479170244338683493e-01	1.000000000000001332e+00	-1.732121290353793586e-01	1.450812573845040032e-01	-2.198740388865389195e-01	2.293159383707213395e-01	-3.182081489665057328e-01	9.693040424629524587e-02	-1.189769643829146489e-01	1.867301820981914773e-01	-2.080071586138593498e-01	1.689872823529024459e-01	-9.465867436284844394e-02	1.058101325528806036e-01	-2.094716247277444710e-01	3.752275638711953520e-02	-3.879483740406363540e-02
1.525803297574308548e-01	-1.196501060788773135e-01	1.005586641685392579e-01	-1.081461298316417352e-01	9.218605591273475175e-02	-1.611781906333746295e-01	1.542464000388626411e-01	-1.088556612589751116e-01	1.008410333896718608e-01	-1.011918743956849442e-01	1.492307456469760540e-01	-2.070501559442706752e-01	1.117025194860618575e-01	-1.671133021815876252e-01	1.406816764581634016e-01	-2.968123673160894538e-01	2.335962605746459975e-01	-1.132634136395362923e-01	1.500861293617162806e-01	-1.732121290353793586e-01	1.000000000000000222e+00	-4.619412531704627511e-01	2.352560780095034054e-01	-1.879393836701325482e-01	1.676763917941220261e-01	-4.926099167527202005e-01	3.117158104475803992e-01	-2.457891495912846447e-01	1.602241721586598333e-01	-1.251216509996839477e-01	2.683449247157948525e-01	-3.497423763395618446e-01	2.363183289396856845e-01	-3.173281179481562964e-02	3.203915021488722148e-02
-1.456979886446185257e-01	1.076142831902357350e-01	-9.094194421758801383e-02	9.308740467677334429e-02	-8.154138424754070469e-02	1.395874884646698677e-01	-1.550056620975160671e-01	9.635335492838219273e-02	-9.164481792109557823e-02	8.672774228893846693e-02	-1.454115722484310980e-01	1.986808199962211974e-01	-1.155780314462713787e-01	1.479835743129063463e-01	-1.263069833448103307e-01	2.570119453403446608e-01	-4.399152821339902264e-01	1.142765940782464185e-01	-1.499439653421142105e-01	1.450812573845040032e-01	-4.619412531704627511e-01	9.999999999999992228e-01	-3.854679585419366061e-01	1.913221934841940475e-01	-1.657811050893535088e-01	2.502533265039071919e-01	-4.767302058892193273e-01	2.315527799247534824e-01	-1.602357339456596530e-01	1.173709627468218497e-01	-2.200775821578856983e-01	2.337601329749174339e-01	-2.156067604538660087e-01	2.844715805358220828e-02	-2.900751233436060089e-02
1.243043399499093454e-01	-9.606241490664968463e-02	8.926612842963976835e-02	-9.559888478537807710e-02	9.116595225313536832e-02	-1.107832179627966235e-01	1.233866127738751789e-01	-1.076874452158565337e-01	1.036551535880731317e-01	-9.990076113996368412e-02	1.046040719132080993e-01	-1.548765244870152213e-01	1.795989009793541868e-01	-2.474399983319101604e-01	1.746308459055165019e-01	-1.766028662144604466e-01	1.722208125327820138e-01	-2.241520271313271195e-01	2.506714645676330067e-01	-2.198740388865389195e-01	2.352560780095034054e-01	-3.854679585419366061e-01	1.000000000000001110e+00	-5.319610037709123773e-01	2.415875090367250733e-01	-1.582208747105977587e-01	2.087783392190781240e-01	-4.795992222029651364e-01	2.428579195545800540e-01	-1.917093862709217389e-01	1.401272066081381829e-01	-1.705995159441308640e-01	2.499625090295637397e-01	-4.065248928582353843e-02	4.072618914832819292e-02
-1.074610587216454083e-01	8.182169238091294150e-02	-8.124416352135253871e-02	8.634879050016784630e-02	-8.943519113783669761e-02	8.620914056566378325e-02	-1.028983018684469508e-01	9.966677755875215372e-02	-1.011996898999474176e-01	9.625234018269858416e-02	-8.107330093909724533e-02	1.181839053223942143e-01	-1.738809082601937561e-01	2.621684892817906509e-01	-2.000368868036936643e-01	1.227977504313750162e-01	-1.214167248411507777e-01	1.771778009476850102e-01	-5.217850901546825515e-01	2.293159383707213395e-01	-1.879393836701325482e-01	1.913221934841940475e-01	-5.319610037709123773e-01	1.000000000000000222e+00	-3.900890471596714648e-01	1.120407677573628386e-01	-1.464632253904213088e-01	2.612284868593345299e-01	-3.274667804215095068e-01	2.230525283541983372e-01	-1.057780024522856216e-01	1.207276602101371027e-01	-2.134236344024982301e-01	4.342658201636301341e-02	-4.428238846530710426e-02
1.040953997980808565e-01	-8.077643333437894979e-02	7.957617254046260580e-02	-8.673608249951975102e-02	8.846561510830085184e-02	-8.498218174603033859e-02	9.762118369877370583e-02	-9.628583308320648459e-02	9.379826963607464096e-02	-9.775436462147052419e-02	7.772873339767712164e-02	-1.138019771146703552e-01	1.240651888891640409e-01	-2.309964311364651190e-01	1.964881697930028759e-01	-1.194764542625550985e-01	1.080339967263728995e-01	-1.295521883008261266e-01	2.201348961927830639e-01	-3.182081489665057328e-01	1.676763917941220261e-01	-1.657811050893535088e-01	2.415875090367250733e-01	-3.900890471596714648e-01	1.000000000000001776e+00	-1.076250965331816550e-01	1.334820265017996055e-01	-2.948781132870971211e-01	3.163176372698900951e-01	-6.384005803535046653e-01	1.008533317803970153e-01	-1.219859251056529398e-01	2.164276670894099419e-01	-6.163667571165409864e-02	6.023466122604841100e-02
-8.562538174420124271e-02	6.469916449983743878e-02	-5.559867300721696437e-02	5.850217498265451038e-02	-5.151999194752263089e-02	8.266134509429176602e-02	-8.575951069941487037e-02	5.963139091389563912e-02	-5.626804349482542739e-02	5.555565162614187202e-02	-7.962515336883554951e-02	1.091940960488309575e-01	-6.681043488914996387e-02	9.439474694054281190e-02	-8.154827489400347240e-02	1.427162010904762801e-01	-1.394586319512640671e-01	6.644087315863549115e-02	-9.010055496082267079e-02	9.693040424629524587e-02	-4.926099167527202005e-01	2.502533265039071919e-01	-1.582208747105977587e-01	1.120407677573628386e-01	-1.076250965331816550e-01	1.000000000000000666e+00	-5.499908482295702283e-01	1.675714234293123328e-01	-1.080323407013998871e-01	7.884242545486590259e-02	-5.649920386371178882e-01	3.223785649119015884e-01	-1.609794252810340387e-01	1.972947135729302345e-02	-2.005814274925316054e-02
1.029879563121419983e-01	-7.866776645631995413e-02	6.710034970460282411e-02	-7.070120936210427809e-02	6.209414416447998908e-02	-1.026680432234084173e-01	1.050915406126256696e-01	-7.268935506662178858e-02	6.841680341315693747e-02	-6.713470238667948453e-02	9.868136011935124685e-02	-1.398650852133022648e-01	8.324492880708596332e-02	-1.173770684597524594e-01	9.916641620701517612e-02	-1.857111726435306809e-01	1.824186542492811924e-01	-8.411899745062427491e-02	1.122344599022913753e-01	-1.189769643829146489e-01	3.117158104475803992e-01	-4.767302058892193273e-01	2.087783392190781240e-01	-1.464632253904213088e-01	1.334820265017996055e-01	-5.499908482295702283e-01	1.000000000000000888e+00	-2.720448626422500293e-01	1.393017397809172275e-01	-1.019189253283288854e-01	2.992527543388798783e-01	-4.783407441903260171e-01	1.921834132564289310e-01	-2.453173930091892899e-02	2.483423750438824157e-02
-1.112832081265634349e-01	8.382953771312350033e-02	-7.848628866801050930e-02	8.320491341279749598e-02	-8.091183027417236939e-02	9.438778141443060488e-02	-1.063064361298360627e-01	8.933837723159203381e-02	-8.686642702085868584e-02	8.701456444022859227e-02	-8.925651545788891583e-02	1.267773289777470447e-01	-1.323388559028228773e-01	1.805189990079922313e-01	-1.553431277763802909e-01	1.427486834823370465e-01	-1.401842374083155651e-01	1.322048919452801785e-01	-1.920324345083160300e-01	1.867301820981914773e-01	-2.457891495912846447e-01	2.315527799247534824e-01	-4.795992222029651364e-01	2.612284868593345299e-01	-2.948781132870971211e-01	1.675714234293123328e-01	-2.720448626422500293e-01	1.000000000000001332e+00	-4.582366107627163232e-01	2.327805013885672070e-01	-1.567251517980053077e-01	1.798292557476257603e-01	-4.922302635637705870e-01	5.216362645919037783e-02	-5.324824102421985006e-02
9.069268850680869964e-02	-6.999715743614234875e-02	6.753455328899354848e-02	-7.319694211487060009e-02	7.252928061986081698e-02	-7.567904818974741099e-02	8.589378564181678055e-02	-8.098180307880464834e-02	7.855632163959681835e-02	-7.981213541701409619e-02	6.976678154383175734e-02	-1.015486042355508850e-01	1.080298506872361120e-01	-1.880776099523352729e-01	1.488705085824353902e-01	-1.094386065217925336e-01	1.005250270360958792e-01	-1.129652437609332677e-01	1.843746750981849758e-01	-2.080071586138593498e-01	1.602241721586598333e-01	-1.602357339456596530e-01	2.428579195545800540e-01	-3.274667804215095068e-01	3.163176372698900951e-01	-1.080323407013998871e-01	1.393017397809172275e-01	-4.582366107627163232e-01	1.000000000000001332e+00	-6.529354744421771439e-01	9.932243456162148654e-02	-1.209631470695129163e-01	2.240346358158049611e-01	-8.381253863451552932e-02	7.789933226019671308e-02
-7.068434396674047604e-02	5.394902514841051072e-02	-5.282664505127071530e-02	5.672976075942182811e-02	-5.821295267353100017e-02	5.735967610283757706e-02	-6.619172767040885919e-02	6.226052352825257180e-02	-6.119979034282981706e-02	6.306803600325359971e-02	-5.313658306498093148e-02	7.681091065572583088e-02	-8.593179620782290251e-02	1.416613122020736193e-01	-1.278753388048776418e-01	8.165237640999101210e-02	-7.614729221407479098e-02	8.684524456897972644e-02	-1.512151971832403075e-01	1.689872823529024459e-01	-1.251216509996839477e-01	1.173709627468218497e-01	-1.917093862709217389e-01	2.230525283541983372e-01	-6.384005803535046653e-01	7.884242545486590259e-02	-1.019189253283288854e-01	2.327805013885672070e-01	-6.529354744421771439e-01	1.000000000000000888e+00	-7.477576046695279255e-02	8.765722759307301160e-02	-1.782608207950196477e-01	6.819974747624107936e-02	-7.176631880311945544e-02
8.084827045427099568e-02	-6.176232801057424809e-02	5.321205088695896146e-02	-5.649397041144952475e-02	4.965630633459898469e-02	-7.862259241629758477e-02	8.026413938611014209e-02	-5.735372865416750454e-02	5.388656982981381710e-02	-5.383719656167493955e-02	7.403864549220570690e-02	-1.032497231165338814e-01	6.279396744422964527e-02	-9.120636428363708414e-02	7.858019776133427781e-02	-1.329840839508778516e-01	1.210556911719772033e-01	-6.283614237631207633e-02	8.517130579304654781e-02	-9.465867436284844394e-02	2.683449247157948525e-01	-2.200775821578856983e-01	1.401272066081381829e-01	-1.057780024522856216e-01	1.008533317803970153e-01	-5.649920386371178882e-01	2.992527543388798783e-01	-1.567251517980053077e-01	9.932243456162148654e-02	-7.477576046695279255e-02	1.000000000000000888e+00	-7.077114600777067999e-01	1.570306774784438753e-01	-1.896583622978892381e-02	1.921954457231276822e-02
-9.258100272276659215e-02	6.876569341496661936e-02	-6.009077741593913530e-02	6.279482808408064221e-02	-5.635375369875149365e-02	8.471160422840318116e-02	-9.072727267251712302e-02	6.398413396103608264e-02	-6.086663381287286262e-02	6.026985156989034947e-02	-8.189150882405241139e-02	1.117372666632130557e-01	-7.309141614364313144e-02	1.022846716765366260e-01	-9.049947970739222192e-02	1.392481516974504452e-01	-1.400876745798682044e-01	7.187584909827893220e-02	-9.913520882077191121e-02	1.058101325528806036e-01	-3.497423763395618446e-01	2.337601329749174339e-01	-1.705995159441308640e-01	1.207276602101371027e-01	-1.219859251056529398e-01	3.223785649119015884e-01	-4.783407441903260171e-01	1.798292557476257603e-01	-1.209631470695129163e-01	8.765722759307301160e-02	-7.077114600777067999e-01	1.000000000000000444e+00	-2.101761020676993774e-01	2.240601520605060154e-02	-2.285794733368452791e-02
1.297542654588370592e-01	-9.910877335178912284e-02	9.215642443990826327e-02	-9.981728873131431867e-02	9.401545152002727113e-02	-1.095838865680592300e-01	1.196300358816167891e-01	-1.024876738107563662e-01	9.738104780215389722e-02	-1.028572683531590870e-01	9.989695998938093180e-02	-1.434618234420313720e-01	1.178452384156912225e-01	-1.868143239127016131e-01	1.646885824652223884e-01	-1.583964557262776962e-01	1.396039191609649288e-01	-1.197331541566305224e-01	1.699608497886143377e-01	-2.094716247277444710e-01	2.363183289396856845e-01	-2.156067604538660087e-01	2.499625090295637397e-01	-2.134236344024982301e-01	2.164276670894099419e-01	-1.609794252810340387e-01	1.921834132564289310e-01	-4.922302635637705870e-01	2.240346358158049611e-01	-1.782608207950196477e-01	1.570306774784438753e-01	-2.101761020676993774e-01	1.000000000000000888e+00	-4.966185308564664835e-02	4.904228834599613784e-02
-1.805495756025709414e-02	1.374061599843933237e-02	-1.326805836155471770e-02	1.428570224749199646e-02	-1.424960228883808723e-02	1.467446939645532591e-02	-1.671646601591636125e-02	1.536294644611420346e-02	-1.493524946164914713e-02	1.548614488529940700e-02	-1.350227084370853904e-02	1.943582551503931707e-02	-1.974933129859835976e-02	3.272206952933302826e-02	-2.880901147016699110e-02	2.070725472899912975e-02	-1.890039560642764113e-02	1.988594283997715054e-02	-3.207708962264528563e-02	3.752275638711953520e-02	-3.173281179481562964e-02	2.844715805358220828e-02	-4.065248928582353843e-02	4.342658201636301341e-02	-6.163667571165409864e-02	1.972947135729302345e-02	-2.453173930091892899e-02	5.216362645919037783e-02	-8.381253863451552932e-02	6.819974747624107936e-02	-1.896583622978892381e-02	2.240601520605060154e-02	-4.966185308564664835e-02	1.000000000000001332e+00	-9.907098548164106067e-01
1.842958233524514405e-02	-1.407025391410468562e-02	1.357241921874284725e-02	-1.465342075656639147e-02	1.455831428400833870e-02	-1.503549461309797858e-02	1.708012493592052372e-02	-1.576635914070060457e-02	1.529056068064262724e-02	-1.587568021075748056e-02	1.380389053914711506e-02	-1.990973597978905330e-02	2.002977895806544104e-02	-3.368120910918848826e-02	2.928347254582103903e-02	-2.121123270543506106e-02	1.926039495417892350e-02	-2.026600118847451948e-02	3.242177119461384094e-02	-3.879483740406363540e-02	3.203915021488722148e-02	-2.900751233436060089e-02	4.072618914832819292e-02	-4.428238846530710426e-02	6.023466122604841100e-02	-2.005814274925316054e-02	2.483423750438824157e-02	-5.324824102421985006e-02	7.789933226019671308e-02	-7.176631880311945544e-02	1.921954457231276822e-02	-2.285794733368452791e-02	4.904228834599613784e-02	-9.907098548164106067e-01	1.000000000000001332e+00
