1.000000000000000222e+00	-2.070531420956155944e-01	1.216132007546269489e-01	-8.903915662400918585e-02	8.189271363941229287e-02	-9.135974408983109640e-01	1.295676447103931150e-01	-1.343474891692311990e-01	9.154406960322174214e-02	-6.064225093117391746e-02	2.188997128487646660e-01	-1.946929847976974770e-01	8.949882344780384080e-02	-7.693953155357326212e-02	7.684597156158885778e-02	-8.797014065519061232e-02	7.084505210812726272e-02	-7.214123672851498192e-02	6.167186645400191819e-02	-8.416699018606242644e-02	5.667874014241799235e-02	-6.403596442940601152e-02	5.932046703554209877e-02	-5.580540292354442544e-02	5.619850892194280800e-02	-5.754563339725028703e-02	4.854494476035974698e-02	-6.250995818093578460e-02	5.712224020587260143e-02	-5.359979540278359683e-02	7.259412676984636215e-02	-4.787678218179941547e-02	5.157958869930742013e-02	-4.029742986325127868e-02	5.288481933484240338e-02
-2.070531420956155944e-01	1.000000000000000444e+00	-6.844163509827881908e-01	2.693052294812560699e-01	-2.274464992024149979e-01	1.556582741326103803e-01	-3.718205562014586518e-01	2.910826816719712107e-01	-3.068306319225783119e-01	1.600158674143770110e-01	-2.791665613831336157e-01	2.267431531308072290e-01	-1.800270879462718132e-01	1.504440456251163460e-01	-1.862286686875908870e-01	1.271059412579673975e-01	-1.147002802382789399e-01	1.300246811270062419e-01	-1.198359862584324753e-01	1.599816316042045605e-01	-9.522841538136989081e-02	1.054994628717215999e-01	-1.094936080074015022e-01	1.030071159785579393e-01	-1.080613365114407726e-01	9.817760887636432787e-02	-8.587625306232490874e-02	1.111301355908446975e-01	-1.094158433069068181e-01	9.960656664966699436e-02	-1.401009826647159895e-01	8.666995031468659183e-02	-9.661634998511595129e-02	7.599832671240737414e-02	-1.026673258631760344e-01
1.216132007546269489e-01	-6.844163509827881908e-01	1.000000000000000444e+00	-4.696387248641333834e-01	1.816546751301902907e-01	-1.110227029932795151e-01	2.479147291536012154e-01	-3.896781312673790465e-01	2.681222250620464709e-01	-1.423759573008654966e-01	1.874463994641805131e-01	-1.893318996059180082e-01	1.537880699634923964e-01	-1.350322743771927847e-01	1.502038694861394796e-01	-1.045632779727588973e-01	9.314915435732207261e-02	-1.133054506616610752e-01	1.027841330527523855e-01	-1.397986238120133839e-01	7.727858692647585070e-02	-8.757480283873078641e-02	9.111406699324497982e-02	-8.668750983845138758e-02	8.916980581338315726e-02	-8.125865439471045837e-02	7.047592165511308571e-02	-9.304856020999334454e-02	8.937710317194604015e-02	-8.353953380394467387e-02	1.116806766651385063e-01	-7.099719316580270501e-02	7.835951853536610168e-02	-6.194631699608048325e-02	8.247776705982429180e-02
-8.903915662400918585e-02	2.693052294812560699e-01	-4.696387248641333834e-01	1.000000000000000888e+00	-3.224980114352563043e-01	7.787998921152551601e-02	-1.740182015107994140e-01	2.128781700968470914e-01	-7.069464256833373206e-01	2.308761952171594634e-01	-1.630724166414705134e-01	1.473525503481833143e-01	-1.600355942559263667e-01	1.584522517247953510e-01	-2.180025271311452351e-01	1.051792378609822387e-01	-9.463732781022472784e-02	1.193783720711971558e-01	-1.201303002162948247e-01	1.643174408470385872e-01	-8.145372842649845069e-02	9.189094625768724767e-02	-1.000107176684949112e-01	9.615039974677488943e-02	-1.017282325004691818e-01	8.745867897220808984e-02	-7.650745460172415913e-02	1.015164013696180506e-01	-1.009236558241961568e-01	9.428172449924110410e-02	-1.258986564524903484e-01	7.818243527067292309e-02	-8.730902736875242875e-02	6.946116712634926860e-02	-9.345283880356480832e-02
8.189271363941229287e-02	-2.274464992024149979e-01	1.816546751301902907e-01	-3.224980114352563043e-01	1.000000000000001110e+00	-7.448510823209868181e-02	1.400437967801104744e-01	-1.743413602386224281e-01	2.759210533223938056e-01	-6.298458292585438212e-01	1.611982246356886972e-01	-1.569246159824173870e-01	1.869362453155570536e-01	-2.126568532991228999e-01	3.185438053394983871e-01	-1.516284224082263266e-01	1.300992388149629642e-01	-1.677252479320140433e-01	1.672855103829981038e-01	-3.012634425140492955e-01	1.192145796705584293e-01	-1.373185779987018962e-01	1.464895197590971032e-01	-1.477292725724035638e-01	1.574027216541061258e-01	-1.367169696296433312e-01	1.168841571133132501e-01	-1.592946067098875151e-01	1.543012316919007976e-01	-1.568278899365087298e-01	1.941480770531188726e-01	-1.221015496401601508e-01	1.338287769762117052e-01	-1.082527442261589645e-01	1.436785321350872169e-01
-9.135974408983109640e-01	1.556582741326103803e-01	-1.110227029932795151e-01	7.787998921152551601e-02	-7.448510823209868181e-02	1.000000000000000666e+00	-1.251211118933702737e-01	1.166150175648409670e-01	-8.379121037978543018e-02	5.442344023033697520e-02	-2.958697474788541948e-01	1.709665537401015289e-01	-8.060462306318313952e-02	6.764463558800763721e-02	-6.927196005811059321e-02	7.921295511234933973e-02	-6.463639650668991099e-02	6.373422567341714695e-02	-5.469836232993548208e-02	7.357610452858084904e-02	-5.128209274221443015e-02	5.689877833313949917e-02	-5.279315395184554227e-02	4.931423995485838957e-02	-4.992914420742634862e-02	5.089550885996631246e-02	-4.323035127619592743e-02	5.511569448504445579e-02	-5.086822653473144218e-02	4.719130624227414750e-02	-6.510818758630861069e-02	4.249031710494834135e-02	-4.600958587448046588e-02	3.583367616879348100e-02	-4.727183987783102614e-02
1.295676447103931150e-01	-3.718205562014586518e-01	2.479147291536012154e-01	-1.740182015107994140e-01	1.400437967801104744e-01	-1.251211118933702737e-01	1.000000000000001554e+00	-7.016154870823877454e-01	1.803670533838996337e-01	-1.083180491136009199e-01	2.643718201533998835e-01	-4.685717984375011302e-01	1.860376018007370014e-01	-1.416507340257707193e-01	1.312366365584843320e-01	-1.251631290020199794e-01	1.148301332544592324e-01	-1.299591807367213303e-01	1.083224758504783281e-01	-1.377235442167522583e-01	8.707463573539366009e-02	-9.970085600140594917e-02	9.845306152430476077e-02	-9.145132175427171661e-02	9.132506767304847395e-02	-8.770974837978413874e-02	7.590453583044057262e-02	-9.897789678776836020e-02	9.206149059126797485e-02	-8.502222602512769789e-02	1.141797352518942460e-01	-7.460280139133527999e-02	8.157197539411570331e-02	-6.378869091607783370e-02	8.399791572299439291e-02
-1.343474891692311990e-01	2.910826816719712107e-01	-3.896781312673790465e-01	2.128781700968470914e-01	-1.743413602386224281e-01	1.166150175648409670e-01	-7.016154870823877454e-01	1.000000000000000444e+00	-2.640722899902740450e-01	1.340913640594314227e-01	-2.897650320546529268e-01	2.700195342230723994e-01	-2.690495274492822886e-01	1.667315572612900476e-01	-1.614371348723244171e-01	1.325229868881159234e-01	-1.238913182426459036e-01	1.507310509943884935e-01	-1.291569942556379247e-01	1.575581798415128520e-01	-9.703419078411359977e-02	1.089255525034977801e-01	-1.148618793726114973e-01	1.052673066922877321e-01	-1.065178276922309902e-01	9.796523547684399258e-02	-8.591978173771039340e-02	1.122169664548459261e-01	-1.072145612696041861e-01	9.753201522980824156e-02	-1.323864208393788766e-01	8.489630894465702293e-02	-9.402431330542004861e-02	7.361306512221976739e-02	-9.777281152476600956e-02
9.154406960322174214e-02	-3.068306319225783119e-01	2.681222250620464709e-01	-7.069464256833373206e-01	2.759210533223938056e-01	-8.379121037978543018e-02	1.803670533838996337e-01	-2.640722899902740450e-01	1.000000000000000444e+00	-3.713647541450593170e-01	1.666556790662316878e-01	-1.677955916979466111e-01	1.803514452237803822e-01	-2.190280544667446705e-01	2.387920518644041368e-01	-1.220059601974418928e-01	1.082139886826114089e-01	-1.428334173922413963e-01	1.452075074785184328e-01	-2.052867108804801999e-01	9.309937044445558418e-02	-1.067452751324943216e-01	1.155996201077853502e-01	-1.130404403512454414e-01	1.172592925010781800e-01	-1.013729616545272494e-01	8.790759916656507023e-02	-1.185839124709866382e-01	1.151090896485904846e-01	-1.107449947027564913e-01	1.405536228470351257e-01	-8.960836784028777813e-02	9.899800453453123927e-02	-7.915017824693573734e-02	1.049382702670517281e-01
-6.064225093117391746e-02	1.600158674143770110e-01	-1.423759573008654966e-01	2.308761952171594634e-01	-6.298458292585438212e-01	5.442344023033697520e-02	-1.083180491136009199e-01	1.340913640594314227e-01	-3.713647541450593170e-01	1.000000000000001998e+00	-1.211434635204097915e-01	1.143499002817036092e-01	-1.505097947839559303e-01	1.732423589334328440e-01	-5.841760762143576313e-01	1.060709223190728356e-01	-9.403922185993299210e-02	1.247798727781955080e-01	-1.329093664549472753e-01	2.159449278803642347e-01	-8.406496544742197985e-02	9.613238938316653881e-02	-1.068265615126911677e-01	1.059048225543805927e-01	-1.148833454228852802e-01	9.383246824882200687e-02	-8.160230162120611641e-02	1.105028504564441877e-01	-1.104829173380224433e-01	1.077837226626550127e-01	-1.349627531920080115e-01	8.441557504627733577e-02	-9.395279604006673280e-02	7.569497333535245287e-02	-1.011974538083511704e-01
2.188997128487646660e-01	-2.791665613831336157e-01	1.874463994641805131e-01	-1.630724166414705134e-01	1.611982246356886972e-01	-2.958697474788541948e-01	2.643718201533998835e-01	-2.897650320546529268e-01	1.666556790662316878e-01	-1.211434635204097915e-01	1.000000000000002665e+00	-6.952769197734759432e-01	2.076874654277039711e-01	-1.760592160365076209e-01	1.603073381352130011e-01	-2.596529489836803539e-01	1.879313011893493368e-01	-1.731480990624517102e-01	1.419610128569697427e-01	-1.900503732148017544e-01	1.430946411604561153e-01	-1.611417584253079516e-01	1.392760374584932626e-01	-1.294796279069868883e-01	1.278319101107069089e-01	-1.394143264034544416e-01	1.161693350076481307e-01	-1.471375256973645185e-01	1.302455171755484975e-01	-1.222172135007272703e-01	1.655103181880601126e-01	-1.122117064876285708e-01	1.192480066204939515e-01	-9.230994650483533015e-02	1.197762013377470514e-01
-1.946929847976974770e-01	2.267431531308072290e-01	-1.893318996059180082e-01	1.473525503481833143e-01	-1.569246159824173870e-01	1.709665537401015289e-01	-4.685717984375011302e-01	2.700195342230723994e-01	-1.677955916979466111e-01	1.143499002817036092e-01	-6.952769197734759432e-01	1.000000000000004441e+00	-2.452583736162785299e-01	1.628097343675899422e-01	-1.550470214098093880e-01	1.897337649177265051e-01	-1.972026925665035513e-01	1.621585875778842611e-01	-1.347022530809147967e-01	1.648090022734305660e-01	-1.283294289490489737e-01	1.420839788151060934e-01	-1.302784338188154034e-01	1.169761528390901029e-01	-1.178807057450869944e-01	1.194398839570316312e-01	-1.042049369462766384e-01	1.292068257291646149e-01	-1.205402661531870673e-01	1.081210152756096748e-01	-1.540386377010020402e-01	9.987449163636152871e-02	-1.092374668849617758e-01	8.398817290195648155e-02	-1.112611460761019633e-01
8.949882344780384080e-02	-1.800270879462718132e-01	1.537880699634923964e-01	-1.600355942559263667e-01	1.869362453155570536e-01	-8.060462306318313952e-02	1.860376018007370014e-01	-2.690495274492822886e-01	1.803514452237803822e-01	-1.505097947839559303e-01	2.076874654277039711e-01	-2.452583736162785299e-01	1.000000000000003775e+00	-5.460563087249544756e-01	2.213741327302207462e-01	-2.266830126396185141e-01	2.109250141347524254e-01	-5.309850468421150049e-01	3.076217909499529557e-01	-3.096981542861068082e-01	1.597736327508570420e-01	-1.968878389222227798e-01	2.335073175142736990e-01	-2.150175642151846422e-01	1.878630259525282953e-01	-1.676741007065640499e-01	1.475271898422027550e-01	-2.139902336535277338e-01	1.835722583923247442e-01	-1.720534624068156826e-01	2.006351281916812501e-01	-1.421899924770431700e-01	1.549547554742154443e-01	-1.222974891965380728e-01	1.541389636719545653e-01
-7.693953155357326212e-02	1.504440456251163460e-01	-1.350322743771927847e-01	1.584522517247953510e-01	-2.126568532991228999e-01	6.764463558800763721e-02	-1.416507340257707193e-01	1.667315572612900476e-01	-2.190280544667446705e-01	1.732423589334328440e-01	-1.760592160365076209e-01	1.628097343675899422e-01	-5.460563087249544756e-01	1.000000000000001998e+00	-3.159515882258678299e-01	1.715570613288628921e-01	-1.736545997771810901e-01	3.012492844581440843e-01	-5.939190685081254806e-01	2.964448589978344040e-01	-1.367398136906934347e-01	1.580130219032883365e-01	-2.107456179025458121e-01	1.937297618417073153e-01	-1.936251960038496978e-01	1.416285221651707449e-01	-1.292162809563047188e-01	1.769989978922659468e-01	-1.833276006331598929e-01	1.598833499416333070e-01	-1.953832868831150427e-01	1.271621198416415799e-01	-1.454801730016049566e-01	1.156877332590863505e-01	-1.525101812137769075e-01
7.684597156158885778e-02	-1.862286686875908870e-01	1.502038694861394796e-01	-2.180025271311452351e-01	3.185438053394983871e-01	-6.927196005811059321e-02	1.312366365584843320e-01	-1.614371348723244171e-01	2.387920518644041368e-01	-5.841760762143576313e-01	1.603073381352130011e-01	-1.550470214098093880e-01	2.213741327302207462e-01	-3.159515882258678299e-01	1.000000000000001554e+00	-1.640123652171472934e-01	1.435829418572461269e-01	-2.010959364278188943e-01	2.194293265194912912e-01	-4.345318771671905500e-01	1.291030290462483743e-01	-1.498978740562416367e-01	1.669120394157719289e-01	-1.700762882337950310e-01	1.825080129274472551e-01	-1.465516052566647465e-01	1.264491016723225947e-01	-1.747580857325319870e-01	1.711568895611216279e-01	-1.749737150560377597e-01	2.029320579674479263e-01	-1.305667354884523235e-01	1.437904632962256624e-01	-1.167729020624877767e-01	1.534454052041287486e-01
-8.797014065519061232e-02	1.271059412579673975e-01	-1.045632779727588973e-01	1.051792378609822387e-01	-1.516284224082263266e-01	7.921295511234933973e-02	-1.251631290020199794e-01	1.325229868881159234e-01	-1.220059601974418928e-01	1.060709223190728356e-01	-2.596529489836803539e-01	1.897337649177265051e-01	-2.266830126396185141e-01	1.715570613288628921e-01	-1.640123652171472934e-01	1.000000000000001776e+00	-6.783621591892511349e-01	2.275518313477412347e-01	-1.757397255240021883e-01	1.924096625394534632e-01	-4.353627038025319473e-01	3.113498558295629826e-01	-2.060881206660026832e-01	1.663563181134045665e-01	-1.642616816143573077e-01	2.340440058691231340e-01	-2.030289383100573330e-01	2.007701657061965461e-01	-1.751311896840015425e-01	1.457493479334556752e-01	-2.553193658561027646e-01	1.672646951057852882e-01	-1.786212971963514196e-01	1.264161364702078294e-01	-1.665256622155262822e-01
7.084505210812726272e-02	-1.147002802382789399e-01	9.314915435732207261e-02	-9.463732781022472784e-02	1.300992388149629642e-01	-6.463639650668991099e-02	1.148301332544592324e-01	-1.238913182426459036e-01	1.082139886826114089e-01	-9.403922185993299210e-02	1.879313011893493368e-01	-1.972026925665035513e-01	2.109250141347524254e-01	-1.736545997771810901e-01	1.435829418572461269e-01	-6.783621591892511349e-01	1.000000000000002887e+00	-3.258547655440014457e-01	1.764793613954007967e-01	-1.904596090782705864e-01	2.797117276128046615e-01	-4.949078308867480569e-01	2.048217511244438405e-01	-1.649563922346124756e-01	1.477058894051395399e-01	-2.139431326877401507e-01	1.848935999612703884e-01	-1.979261426135329183e-01	1.542414505923944412e-01	-1.338388367691255576e-01	2.024939894250015748e-01	-1.526193326485411061e-01	1.538286564840628812e-01	-1.104644148886264610e-01	1.396047247851247564e-01
-7.214123672851498192e-02	1.300246811270062419e-01	-1.133054506616610752e-01	1.193783720711971558e-01	-1.677252479320140433e-01	6.373422567341714695e-02	-1.299591807367213303e-01	1.507310509943884935e-01	-1.428334173922413963e-01	1.247798727781955080e-01	-1.731480990624517102e-01	1.621585875778842611e-01	-5.309850468421150049e-01	3.012492844581440843e-01	-2.010959364278188943e-01	2.275518313477412347e-01	-3.258547655440014457e-01	1.000000000000001554e+00	-4.952018719779624489e-01	2.695710421016541680e-01	-1.741242641044169759e-01	2.131025710824329678e-01	-4.071390040483917061e-01	2.362713300360969049e-01	-2.045452951266412134e-01	1.662081828222159996e-01	-1.581912230925925644e-01	2.225073011177350346e-01	-2.004142376761405553e-01	1.686728952807878823e-01	-2.063754006152056786e-01	1.443094479194544921e-01	-1.647630506447442245e-01	1.256792661523618293e-01	-1.604103450281972321e-01
6.167186645400191819e-02	-1.198359862584324753e-01	1.027841330527523855e-01	-1.201303002162948247e-01	1.672855103829981038e-01	-5.469836232993548208e-02	1.083224758504783281e-01	-1.291569942556379247e-01	1.452075074785184328e-01	-1.329093664549472753e-01	1.419610128569697427e-01	-1.347022530809147967e-01	3.076217909499529557e-01	-5.939190685081254806e-01	2.194293265194912912e-01	-1.757397255240021883e-01	1.764793613954007967e-01	-4.952018719779624489e-01	1.000000000000002442e+00	-4.758717462549846289e-01	1.331529836361818042e-01	-1.622795702496045989e-01	2.248551842138819257e-01	-2.456073121330452358e-01	1.969045621751075725e-01	-1.382586653778661856e-01	1.262088058991805428e-01	-1.826963446756648402e-01	1.797466063625625665e-01	-1.621982380151792968e-01	1.775242782739019087e-01	-1.219675389445048774e-01	1.377437118207695543e-01	-1.107854441380535376e-01	1.410526524282300909e-01
-8.416699018606242644e-02	1.599816316042045605e-01	-1.397986238120133839e-01	1.643174408470385872e-01	-3.012634425140492955e-01	7.357610452858084904e-02	-1.377235442167522583e-01	1.575581798415128520e-01	-2.052867108804801999e-01	2.159449278803642347e-01	-1.900503732148017544e-01	1.648090022734305660e-01	-3.096981542861068082e-01	2.964448589978344040e-01	-4.345318771671905500e-01	1.924096625394534632e-01	-1.904596090782705864e-01	2.695710421016541680e-01	-4.758717462549846289e-01	9.999999999999995559e-01	-1.661498059377002900e-01	1.857321852312200927e-01	-2.502559237410646453e-01	2.451792539349778588e-01	-3.606442033668425529e-01	1.773387705352947874e-01	-1.638340931930973021e-01	2.191682746083208622e-01	-2.610726262082833649e-01	2.357154097743309473e-01	-2.750944771201342398e-01	1.674202728439596610e-01	-1.976163516678156873e-01	1.606536286762589583e-01	-2.203832417918924758e-01
5.667874014241799235e-02	-9.522841538136989081e-02	7.727858692647585070e-02	-8.145372842649845069e-02	1.192145796705584293e-01	-5.128209274221443015e-02	8.707463573539366009e-02	-9.703419078411359977e-02	9.309937044445558418e-02	-8.406496544742197985e-02	1.430946411604561153e-01	-1.283294289490489737e-01	1.597736327508570420e-01	-1.367398136906934347e-01	1.291030290462483743e-01	-4.353627038025319473e-01	2.797117276128046615e-01	-1.741242641044169759e-01	1.331529836361818042e-01	-1.661498059377002900e-01	1.000000000000000222e+00	-5.839513818015985569e-01	1.929826567193947406e-01	-1.567398161382440869e-01	1.423572495140569272e-01	-5.426450776176032775e-01	2.618838395211856018e-01	-2.299044204448648654e-01	1.554064725619239418e-01	-1.333831548811587608e-01	2.381735092630935524e-01	-1.971037766846169270e-01	1.794716203767691698e-01	-1.209723321558387465e-01	1.492227845233088934e-01
-6.403596442940601152e-02	1.054994628717215999e-01	-8.757480283873078641e-02	9.189094625768724767e-02	-1.373185779987018962e-01	5.689877833313949917e-02	-9.970085600140594917e-02	1.089255525034977801e-01	-1.067452751324943216e-01	9.613238938316653881e-02	-1.611417584253079516e-01	1.420839788151060934e-01	-1.968878389222227798e-01	1.580130219032883365e-01	-1.498978740562416367e-01	3.113498558295629826e-01	-4.949078308867480569e-01	2.131025710824329678e-01	-1.622795702496045989e-01	1.857321852312200927e-01	-5.839513818015985569e-01	1.000000000000003331e+00	-2.831467227291214472e-01	1.863148207572683790e-01	-1.718524150862981992e-01	2.913869148942703213e-01	-3.394300876581733406e-01	2.441785138446085357e-01	-1.871006907504898231e-01	1.522371196585956266e-01	-2.729139106895111522e-01	2.060395796800280066e-01	-2.085876989806218496e-01	1.377197632808140615e-01	-1.754366924710001330e-01
5.932046703554209877e-02	-1.094936080074015022e-01	9.111406699324497982e-02	-1.000107176684949112e-01	1.464895197590971032e-01	-5.279315395184554227e-02	9.845306152430476077e-02	-1.148618793726114973e-01	1.155996201077853502e-01	-1.068265615126911677e-01	1.392760374584932626e-01	-1.302784338188154034e-01	2.335073175142736990e-01	-2.107456179025458121e-01	1.669120394157719289e-01	-2.060881206660026832e-01	2.048217511244438405e-01	-4.071390040483917061e-01	2.248551842138819257e-01	-2.502559237410646453e-01	1.929826567193947406e-01	-2.831467227291214472e-01	1.000000000000001554e+00	-5.516284020442787650e-01	2.464957631564427543e-01	-2.116861596473600948e-01	2.134382782295834446e-01	-4.870111696412160462e-01	2.546796695570713309e-01	-2.197683294403269261e-01	2.251111849143802579e-01	-1.871434148835225408e-01	2.096248836340429689e-01	-1.590874913013809178e-01	1.829564827129511739e-01
-5.580540292354442544e-02	1.030071159785579393e-01	-8.668750983845138758e-02	9.615039974677488943e-02	-1.477292725724035638e-01	4.931423995485838957e-02	-9.145132175427171661e-02	1.052673066922877321e-01	-1.130404403512454414e-01	1.059048225543805927e-01	-1.294796279069868883e-01	1.169761528390901029e-01	-2.150175642151846422e-01	1.937297618417073153e-01	-1.700762882337950310e-01	1.663563181134045665e-01	-1.649563922346124756e-01	2.362713300360969049e-01	-2.456073121330452358e-01	2.451792539349778588e-01	-1.567398161382440869e-01	1.863148207572683790e-01	-5.516284020442787650e-01	1.000000000000003997e+00	-4.814767769713957923e-01	1.686510828375163140e-01	-1.678526510049359599e-01	2.590598773289081169e-01	-4.730205977876076329e-01	2.895331825695973138e-01	-2.157186945085418361e-01	1.602265949404486634e-01	-1.955491207894738404e-01	1.775277171061902526e-01	-2.068205711077069631e-01
5.619850892194280800e-02	-1.080613365114407726e-01	8.916980581338315726e-02	-1.017282325004691818e-01	1.574027216541061258e-01	-4.992914420742634862e-02	9.132506767304847395e-02	-1.065178276922309902e-01	1.172592925010781800e-01	-1.148833454228852802e-01	1.278319101107069089e-01	-1.178807057450869944e-01	1.878630259525282953e-01	-1.936251960038496978e-01	1.825080129274472551e-01	-1.642616816143573077e-01	1.477058894051395399e-01	-2.045452951266412134e-01	1.969045621751075725e-01	-3.606442033668425529e-01	1.423572495140569272e-01	-1.718524150862981992e-01	2.464957631564427543e-01	-4.814767769713957923e-01	1.000000000000001554e+00	-1.666062845897444411e-01	1.503965638578127484e-01	-2.370968687536024466e-01	3.122969321731468018e-01	-6.440404324856842111e-01	2.064776791524660093e-01	-1.533079758229607126e-01	1.740288344740908433e-01	-1.631961331693307371e-01	1.921851407634466435e-01
-5.754563339725028703e-02	9.817760887636432787e-02	-8.125865439471045837e-02	8.745867897220808984e-02	-1.367169696296433312e-01	5.089550885996631246e-02	-8.770974837978413874e-02	9.796523547684399258e-02	-1.013729616545272494e-01	9.383246824882200687e-02	-1.394143264034544416e-01	1.194398839570316312e-01	-1.676741007065640499e-01	1.416285221651707449e-01	-1.465516052566647465e-01	2.340440058691231340e-01	-2.139431326877401507e-01	1.662081828222159996e-01	-1.382586653778661856e-01	1.773387705352947874e-01	-5.426450776176032775e-01	2.913869148942703213e-01	-2.116861596473600948e-01	1.686510828375163140e-01	-1.666062845897444411e-01	1.000000000000003997e+00	-5.474450861927075973e-01	2.671186865513785480e-01	-1.907146562472023799e-01	1.538345673010657610e-01	-3.966945070625607639e-01	2.667069174014697897e-01	-2.582857368218408056e-01	1.560973065052700115e-01	-1.989531946455057598e-01
4.854494476035974698e-02	-8.587625306232490874e-02	7.047592165511308571e-02	-7.650745460172415913e-02	1.168841571133132501e-01	-4.323035127619592743e-02	7.590453583044057262e-02	-8.591978173771039340e-02	8.790759916656507023e-02	-8.160230162120611641e-02	1.161693350076481307e-01	-1.042049369462766384e-01	1.475271898422027550e-01	-1.292162809563047188e-01	1.264491016723225947e-01	-2.030289383100573330e-01	1.848935999612703884e-01	-1.581912230925925644e-01	1.262088058991805428e-01	-1.638340931930973021e-01	2.618838395211856018e-01	-3.394300876581733406e-01	2.134382782295834446e-01	-1.678526510049359599e-01	1.503965638578127484e-01	-5.474450861927075973e-01	1.000000000000002887e+00	-4.568037806715362081e-01	1.742032057643515819e-01	-1.442951325188554790e-01	2.844519245725035117e-01	-4.988677486780589421e-01	2.737672974264444559e-01	-1.571694152367901220e-01	1.787240113726490387e-01
-6.250995818093578460e-02	1.111301355908446975e-01	-9.304856020999334454e-02	1.015164013696180506e-01	-1.592946067098875151e-01	5.511569448504445579e-02	-9.897789678776836020e-02	1.122169664548459261e-01	-1.185839124709866382e-01	1.105028504564441877e-01	-1.471375256973645185e-01	1.292068257291646149e-01	-2.139902336535277338e-01	1.769989978922659468e-01	-1.747580857325319870e-01	2.007701657061965461e-01	-1.979261426135329183e-01	2.225073011177350346e-01	-1.826963446756648402e-01	2.191682746083208622e-01	-2.299044204448648654e-01	2.441785138446085357e-01	-4.870111696412160462e-01	2.590598773289081169e-01	-2.370968687536024466e-01	2.671186865513785480e-01	-4.568037806715362081e-01	1.000000000000002887e+00	-2.856808212969172422e-01	2.075520457801162677e-01	-3.292067052527407611e-01	2.845690511120276822e-01	-4.197395740396836494e-01	2.127698484150047920e-01	-2.580970753281303098e-01
5.712224020587260143e-02	-1.094158433069068181e-01	8.937710317194604015e-02	-1.009236558241961568e-01	1.543012316919007976e-01	-5.086822653473144218e-02	9.206149059126797485e-02	-1.072145612696041861e-01	1.151090896485904846e-01	-1.104829173380224433e-01	1.302455171755484975e-01	-1.205402661531870673e-01	1.835722583923247442e-01	-1.833276006331598929e-01	1.711568895611216279e-01	-1.751311896840015425e-01	1.542414505923944412e-01	-2.004142376761405553e-01	1.797466063625625665e-01	-2.610726262082833649e-01	1.554064725619239418e-01	-1.871006907504898231e-01	2.546796695570713309e-01	-4.730205977876076329e-01	3.122969321731468018e-01	-1.907146562472023799e-01	1.742032057643515819e-01	-2.856808212969172422e-01	1.000000000000003109e+00	-5.705797814302392412e-01	2.267877790886514144e-01	-1.910328313515347876e-01	2.249549565939293339e-01	-3.571924260019114783e-01	2.669968855286757314e-01
-5.359979540278359683e-02	9.960656664966699436e-02	-8.353953380394467387e-02	9.428172449924110410e-02	-1.568278899365087298e-01	4.719130624227414750e-02	-8.502222602512769789e-02	9.753201522980824156e-02	-1.107449947027564913e-01	1.077837226626550127e-01	-1.222172135007272703e-01	1.081210152756096748e-01	-1.720534624068156826e-01	1.598833499416333070e-01	-1.749737150560377597e-01	1.457493479334556752e-01	-1.338388367691255576e-01	1.686728952807878823e-01	-1.621982380151792968e-01	2.357154097743309473e-01	-1.333831548811587608e-01	1.522371196585956266e-01	-2.197683294403269261e-01	2.895331825695973138e-01	-6.440404324856842111e-01	1.538345673010657610e-01	-1.442951325188554790e-01	2.075520457801162677e-01	-5.705797814302392412e-01	1.000000000000003553e+00	-2.209959584594039517e-01	1.546565359320098976e-01	-1.925599804205046506e-01	2.036574110506889079e-01	-2.612959934861140976e-01
7.259412676984636215e-02	-1.401009826647159895e-01	1.116806766651385063e-01	-1.258986564524903484e-01	1.941480770531188726e-01	-6.510818758630861069e-02	1.141797352518942460e-01	-1.323864208393788766e-01	1.405536228470351257e-01	-1.349627531920080115e-01	1.655103181880601126e-01	-1.540386377010020402e-01	2.006351281916812501e-01	-1.953832868831150427e-01	2.029320579674479263e-01	-2.553193658561027646e-01	2.024939894250015748e-01	-2.063754006152056786e-01	1.775242782739019087e-01	-2.750944771201342398e-01	2.381735092630935524e-01	-2.729139106895111522e-01	2.251111849143802579e-01	-2.157186945085418361e-01	2.064776791524660093e-01	-3.966945070625607639e-01	2.844519245725035117e-01	-3.292067052527407611e-01	2.267877790886514144e-01	-2.209959584594039517e-01	1.000000000000004219e+00	-4.651242335890309887e-01	2.835584186659522166e-01	-2.075233886651609017e-01	2.310353129601749322e-01
-4.787678218179941547e-02	8.666995031468659183e-02	-7.099719316580270501e-02	7.818243527067292309e-02	-1.221015496401601508e-01	4.249031710494834135e-02	-7.460280139133527999e-02	8.489630894465702293e-02	-8.960836784028777813e-02	8.441557504627733577e-02	-1.122117064876285708e-01	9.987449163636152871e-02	-1.421899924770431700e-01	1.271621198416415799e-01	-1.305667354884523235e-01	1.672646951057852882e-01	-1.526193326485411061e-01	1.443094479194544921e-01	-1.219675389445048774e-01	1.674202728439596610e-01	-1.971037766846169270e-01	2.060395796800280066e-01	-1.871434148835225408e-01	1.602265949404486634e-01	-1.533079758229607126e-01	2.667069174014697897e-01	-4.988677486780589421e-01	2.845690511120276822e-01	-1.910328313515347876e-01	1.546565359320098976e-01	-4.651242335890309887e-01	1.000000000000003997e+00	-5.900995753084098405e-01	2.137411332907525330e-01	-2.437068147985645972e-01
5.157958869930742013e-02	-9.661634998511595129e-02	7.835951853536610168e-02	-8.730902736875242875e-02	1.338287769762117052e-01	-4.600958587448046588e-02	8.157197539411570331e-02	-9.402431330542004861e-02	9.899800453453123927e-02	-9.395279604006673280e-02	1.192480066204939515e-01	-1.092374668849617758e-01	1.549547554742154443e-01	-1.454801730016049566e-01	1.437904632962256624e-01	-1.786212971963514196e-01	1.538286564840628812e-01	-1.647630506447442245e-01	1.377437118207695543e-01	-1.976163516678156873e-01	1.794716203767691698e-01	-2.085876989806218496e-01	2.096248836340429689e-01	-1.955491207894738404e-01	1.740288344740908433e-01	-2.582857368218408056e-01	2.737672974264444559e-01	-4.197395740396836494e-01	2.249549565939293339e-01	-1.925599804205046506e-01	2.835584186659522166e-01	-5.900995753084098405e-01	1.000000000000004885e+00	-4.352910498146951301e-01	2.791323265953814525e-01
-4.029742986325127868e-02	7.599832671240737414e-02	-6.194631699608048325e-02	6.946116712634926860e-02	-1.082527442261589645e-01	3.583367616879348100e-02	-6.378869091607783370e-02	7.361306512221976739e-02	-7.915017824693573734e-02	7.569497333535245287e-02	-9.230994650483533015e-02	8.398817290195648155e-02	-1.222974891965380728e-01	1.156877332590863505e-01	-1.167729020624877767e-01	1.264161364702078294e-01	-1.104644148886264610e-01	1.256792661523618293e-01	-1.107854441380535376e-01	1.606536286762589583e-01	-1.209723321558387465e-01	1.377197632808140615e-01	-1.590874913013809178e-01	1.775277171061902526e-01	-1.631961331693307371e-01	1.560973065052700115e-01	-1.571694152367901220e-01	2.127698484150047920e-01	-3.571924260019114783e-01	2.036574110506889079e-01	-2.075233886651609017e-01	2.137411332907525330e-01	-4.352910498146951301e-01	1.000000000000004441e+00	-7.435087028341160753e-01
5.288481933484240338e-02	-1.026673258631760344e-01	8.247776705982429180e-02	-9.345283880356480832e-02	1.436785321350872169e-01	-4.727183987783102614e-02	8.399791572299439291e-02	-9.777281152476600956e-02	1.049382702670517281e-01	-1.011974538083511704e-01	1.197762013377470514e-01	-1.112611460761019633e-01	1.541389636719545653e-01	-1.525101812137769075e-01	1.534454052041287486e-01	-1.665256622155262822e-01	1.396047247851247564e-01	-1.604103450281972321e-01	1.410526524282300909e-01	-2.203832417918924758e-01	1.492227845233088934e-01	-1.754366924710001330e-01	1.829564827129511739e-01	-2.068205711077069631e-01	1.921851407634466435e-01	-1.989531946455057598e-01	1.787240113726490387e-01	-2.580970753281303098e-01	2.669968855286757314e-01	-2.612959934861140976e-01	2.310353129601749322e-01	-2.437068147985645972e-01	2.791323265953814525e-01	-7.435087028341160753e-01	1.000000000000004441e+00
