1.000000000000000000e+00	-7.358953902758559318e-01	2.127912730964102161e-01	-2.218874396134056792e-01	2.160710309695280107e-01	-2.728058617838197142e-01	2.180572941462351200e-01	-2.039489381384285704e-01	1.795302722262462625e-01	-1.262293875861983106e-01	2.135291883096623322e-01	-2.215832846481221030e-01	1.817486499557908197e-01	-1.398088674482342308e-01	1.335888213144602044e-01	-1.048143317349496256e-01	1.066341979412142316e-01	-1.282556861411661975e-01	1.646186045336407999e-01	-1.483759932456039099e-01	7.778513286352227440e-02	-8.696051035268725915e-02	1.169192178579570585e-01	-1.813244056840629947e-01	1.133486768476122675e-01	-9.306684603177529935e-02	9.148250554608057528e-02	-1.002211534178213959e-01	1.196517525078303751e-01	-1.768894986965824367e-01	8.344083404502009027e-02	-7.952877672988313551e-02	1.144843792219082806e-01	-9.604488903854391246e-02	1.645397903084271918e-01
-7.358953902758559318e-01	1.000000000000000222e+00	-3.314974624050198715e-01	2.305410064832159045e-01	-2.632975808580514943e-01	2.026865251586114081e-01	-2.758832583766935853e-01	2.100962955965717527e-01	-2.101678091844620955e-01	1.418205877535771986e-01	-2.240398006629704397e-01	2.089119136142783550e-01	-2.028391080000350732e-01	1.440135389480909633e-01	-1.423780816700336849e-01	9.706955380311085846e-02	-1.042089915591995347e-01	1.215833597890201012e-01	-1.698213220044617333e-01	1.403731541034814179e-01	-7.321574304253274101e-02	8.070990810791407732e-02	-1.150189047035346246e-01	1.601197035809739655e-01	-1.041922570240940843e-01	8.521054026796687220e-02	-8.653011385470747718e-02	9.398518360418427198e-02	-1.130408982949855368e-01	1.544523296803887447e-01	-7.907067605339422600e-02	7.409140947857179027e-02	-1.091024156813082818e-01	8.998689006413536362e-02	-1.559413305339208411e-01
2.127912730964102161e-01	-3.314974624050198715e-01	1.000000000000000000e+00	-8.120071510923946301e-01	2.232217340941390071e-01	-1.084821007004913157e-01	1.605551162407283794e-01	-2.749449654284897293e-01	1.754488156297022428e-01	-1.330926140416581749e-01	1.167096326275216256e-01	-1.495181687254854841e-01	1.800309956810131062e-01	-1.268246643183701117e-01	1.182020550570215683e-01	-6.813265086689673788e-02	7.223145057857061069e-02	-9.589807975952868713e-02	1.295513559986712915e-01	-1.205972336312131771e-01	5.212246083694371118e-02	-5.883217853560438609e-02	8.644057056568395236e-02	-1.332818180713539191e-01	8.620090232466495750e-02	-6.161457363176710972e-02	6.251892571238373830e-02	-7.005525395797276844e-02	8.368178584992946867e-02	-1.290573653238858698e-01	5.641490285296198864e-02	-5.362550516216608998e-02	7.874482003825519771e-02	-6.588067736753608350e-02	1.106211972090003770e-01
-2.218874396134056792e-01	2.305410064832159045e-01	-8.120071510923946301e-01	1.000000000000000222e+00	-3.429347875307413585e-01	1.024890856598887484e-01	-1.498054261320201364e-01	1.961835371270415351e-01	-2.349930682238405566e-01	1.638432188285353364e-01	-1.157831472425025487e-01	1.357916892406139664e-01	-1.773509219673285731e-01	1.369230934083392193e-01	-1.363060611966516733e-01	6.638815257500696454e-02	-7.115734748961045908e-02	9.308660816703659413e-02	-1.402837586341971754e-01	1.267536855534054929e-01	-5.178105791350483961e-02	5.841028601503041318e-02	-8.665030941486900895e-02	1.344291234451230332e-01	-8.907564212003873938e-02	6.097165501020897216e-02	-6.270251090994455323e-02	7.024698486375353934e-02	-8.485472962591679436e-02	1.295903871236104010e-01	-5.681812484895370358e-02	5.373548459323693183e-02	-7.985720783970472192e-02	6.666595613184327085e-02	-1.130684840491730514e-01
2.160710309695280107e-01	-2.632975808580514943e-01	2.232217340941390071e-01	-3.429347875307413585e-01	1.000000000000000222e+00	-1.085668422642146747e-01	1.412521468628269439e-01	-1.830775622542814007e-01	3.209703459300071171e-01	-5.273157945307177519e-01	1.181035130751696693e-01	-1.523827781559810857e-01	1.677429114534778054e-01	-2.618180649604165411e-01	2.577451934381460585e-01	-9.479624118439751446e-02	9.737202192668212297e-02	-1.346242228523320261e-01	2.403408476837786689e-01	-2.715426604043935099e-01	7.902504639531256203e-02	-9.218307274897237502e-02	1.247895933808895047e-01	-2.756067613837243080e-01	1.802251089031055575e-01	-9.672626982192039646e-02	9.969418638056412596e-02	-1.165023543638561976e-01	1.458247401810502109e-01	-2.705169618944909815e-01	9.171836549901521418e-02	-8.806172739608954247e-02	1.330101962221039713e-01	-1.152690606550580699e-01	1.980768756869114022e-01
-2.728058617838197142e-01	2.026865251586114081e-01	-1.084821007004913157e-01	1.024890856598887484e-01	-1.085668422642146747e-01	1.000000000000000222e+00	-4.141534062699570029e-01	1.931240598119842722e-01	-9.837552827638922082e-02	6.785743424432037763e-02	-8.030624354471281867e-01	2.672954263399870967e-01	-1.835374134840622173e-01	8.310751960988696507e-02	-7.494646985930530914e-02	9.808865744385884822e-02	-1.015917373733937895e-01	9.286224863890350789e-02	-9.099866731334484149e-02	7.638393304791675498e-02	-5.868502305917762396e-02	5.905150693672474999e-02	-8.400983889081439782e-02	9.016794254076865300e-02	-5.757568966611681383e-02	6.339023441956197213e-02	-5.976745426319598348e-02	6.095241050472132577e-02	-6.870986281241181493e-02	8.658799103518190210e-02	-5.221223377594261944e-02	4.912120521834344861e-02	-6.676265211274737266e-02	5.365776709026619934e-02	-8.539838558658230383e-02
2.180572941462351200e-01	-2.758832583766935853e-01	1.605551162407283794e-01	-1.498054261320201364e-01	1.412521468628269439e-01	-4.141534062699570029e-01	1.000000000000000222e+00	-4.883993151362541751e-01	1.336446039005976805e-01	-9.271857965154495229e-02	2.841865712651293063e-01	-6.135878992557476375e-01	2.964773122904609814e-01	-1.168863180243395611e-01	1.009903434310614884e-01	-1.110147268790560304e-01	1.192647845127839390e-01	-1.261387856781675254e-01	1.192784899678379085e-01	-1.000126483367570901e-01	6.857875808956558072e-02	-7.238174444391733131e-02	1.080632560288203314e-01	-1.149072230801112537e-01	7.396583181062665879e-02	-7.711859484063837700e-02	7.297981922001321731e-02	-7.653743569001859870e-02	8.573749862230453656e-02	-1.098238044170283256e-01	6.357486235085213488e-02	-6.036023371504192075e-02	8.267799039221203350e-02	-6.664532919893351171e-02	1.053006340791837608e-01
-2.039489381384285704e-01	2.100962955965717527e-01	-2.749449654284897293e-01	1.961835371270415351e-01	-1.830775622542814007e-01	1.931240598119842722e-01	-4.883993151362541751e-01	1.000000000000000666e+00	-1.968417958947362156e-01	1.259639029276350131e-01	-2.181675026206518764e-01	3.084693927682045644e-01	-6.675082078887558668e-01	1.613513874158976069e-01	-1.383471367267269658e-01	1.033553093661100791e-01	-1.173577037209534296e-01	1.576364638133945228e-01	-1.567867775340051062e-01	1.246640147879393007e-01	-7.327014221107847058e-02	8.007006751411786805e-02	-1.412932904618375840e-01	1.370285972404176600e-01	-9.027547393055182501e-02	8.214934722373665177e-02	-8.379473337420735579e-02	9.138412742462026506e-02	-1.031574461676821458e-01	1.299657199421662968e-01	-7.267250049657406064e-02	6.842510715126845500e-02	-9.866699787178372094e-02	7.886397145264241459e-02	-1.244025793859311751e-01
1.795302722262462625e-01	-2.101678091844620955e-01	1.754488156297022428e-01	-2.349930682238405566e-01	3.209703459300071171e-01	-9.837552827638922082e-02	1.336446039005976805e-01	-1.968417958947362156e-01	9.999999999999986677e-01	-6.464610145353687498e-01	1.068327650951791385e-01	-1.448471487751508968e-01	1.702458758084100521e-01	-3.627209212108581937e-01	2.915283838240319558e-01	-8.482927118226063490e-02	8.775741537619269339e-02	-1.228933368302883578e-01	2.469631526637275920e-01	-2.675641002287478254e-01	7.008101775824773783e-02	-8.159817157210581817e-02	1.130433038498884629e-01	-2.506276875711445085e-01	1.690806097692869880e-01	-8.526719734998887412e-02	8.823053257784202463e-02	-1.033709305862555300e-01	1.295677146605133112e-01	-2.405429982368311459e-01	8.074215076434486382e-02	-7.746990902016440139e-02	1.173676186570401098e-01	-1.014987721401614390e-01	1.732819763570181137e-01
-1.262293875861983106e-01	1.418205877535771986e-01	-1.330926140416581749e-01	1.638432188285353364e-01	-5.273157945307177519e-01	6.785743424432037763e-02	-9.271857965154495229e-02	1.259639029276350131e-01	-6.464610145353687498e-01	9.999999999999995559e-01	-7.474366995674446013e-02	9.932370917489991013e-02	-1.219447283284217365e-01	2.538737745801231682e-01	-4.322858227797737873e-01	5.911243273430139694e-02	-6.162629851739676035e-02	8.590997488621181233e-02	-2.003221357885044962e-01	2.112835858513289478e-01	-4.925166570517984510e-02	5.728266670003896721e-02	-8.019911437053149628e-02	1.768096012208197065e-01	-1.304050129664139079e-01	5.967845979024904990e-02	-6.236902873694411681e-02	7.311083179489180628e-02	-9.265632527985147304e-02	1.692733719358011923e-01	-5.717632655148570386e-02	5.465184956583807319e-02	-8.372105515577836499e-02	7.219487474577800101e-02	-1.244119485037445821e-01
2.135291883096623322e-01	-2.240398006629704397e-01	1.167096326275216256e-01	-1.157831472425025487e-01	1.181035130751696693e-01	-8.030624354471281867e-01	2.841865712651293063e-01	-2.181675026206518764e-01	1.068327650951791385e-01	-7.474366995674446013e-02	9.999999999999997780e-01	-3.885240916862791605e-01	1.928180060682549157e-01	-9.282096829902579394e-02	8.261023362056083008e-02	-1.305091536240472472e-01	1.203300242319129271e-01	-1.080905415576638995e-01	1.005338484721717413e-01	-8.644291885457329461e-02	7.008868783260145674e-02	-7.009390824037435574e-02	9.457093660543848535e-02	-1.032266292063093172e-01	6.537652845548977409e-02	-7.632890795125314709e-02	6.920199296727533311e-02	-6.979247614091531327e-02	7.780899200459245879e-02	-9.924095208400282586e-02	6.016585874054150573e-02	-5.707713941326648943e-02	7.559935839549795922e-02	-6.097046817306590871e-02	9.600557797328730658e-02
-2.215832846481221030e-01	2.089119136142783550e-01	-1.495181687254854841e-01	1.357916892406139664e-01	-1.523827781559810857e-01	2.672954263399870967e-01	-6.135878992557476375e-01	3.084693927682045644e-01	-1.448471487751508968e-01	9.932370917489991013e-02	-3.885240916862791605e-01	9.999999999999997780e-01	-5.034107557965790125e-01	1.350211550890783596e-01	-1.165467157951328575e-01	1.392808184549492179e-01	-1.782142623300746187e-01	1.564178354916734293e-01	-1.394894349328953120e-01	1.100213879707588327e-01	-8.497727431739478254e-02	8.731776229577216386e-02	-1.388304453127844895e-01	1.261012342752012294e-01	-8.190942091669464742e-02	9.217667244783993297e-02	-8.837737279762018783e-02	9.130378670106842343e-02	-1.011696692638537620e-01	1.198626242434355643e-01	-7.614925050123030892e-02	7.157653875189104453e-02	-9.819335104655767255e-02	7.771557189143681044e-02	-1.207380626953481473e-01
1.817486499557908197e-01	-2.028391080000350732e-01	1.800309956810131062e-01	-1.773509219673285731e-01	1.677429114534778054e-01	-1.835374134840622173e-01	2.964773122904609814e-01	-6.675082078887558668e-01	1.702458758084100521e-01	-1.219447283284217365e-01	1.928180060682549157e-01	-5.034107557965790125e-01	1.000000000000002220e+00	-2.171058640233905213e-01	1.470595948009929543e-01	-1.228621361095184883e-01	1.365760038756770600e-01	-2.374001417071220643e-01	1.668406690566196227e-01	-1.356483812937519795e-01	8.275279544143095134e-02	-9.148282972752387610e-02	1.629062363712092953e-01	-1.498393668218541974e-01	9.752635737333142929e-02	-9.347272164962475149e-02	9.301968705660339232e-02	-1.031864479512794447e-01	1.120268750113583150e-01	-1.412368640427831279e-01	7.937889483203376673e-02	-7.574816439339859819e-02	1.066798838598898985e-01	-8.551820117991568160e-02	1.308080872397659744e-01
-1.398088674482342308e-01	1.440135389480909633e-01	-1.268246643183701117e-01	1.369230934083392193e-01	-2.618180649604165411e-01	8.310751960988696507e-02	-1.168863180243395611e-01	1.613513874158976069e-01	-3.627209212108581937e-01	2.538737745801231682e-01	-9.282096829902579394e-02	1.350211550890783596e-01	-2.171058640233905213e-01	9.999999999999988898e-01	-6.094247590146477656e-01	7.483958491936283652e-02	-7.984482971278761276e-02	1.148221470239267905e-01	-5.487418452437105021e-01	2.768778597103129790e-01	-6.203684964289133547e-02	7.186695277495672163e-02	-1.064132122526656732e-01	2.274418170295349761e-01	-1.736794915238653592e-01	7.413767571119077304e-02	-7.864913864060808779e-02	9.237527775640441696e-02	-1.178310940967468995e-01	2.033555373964730240e-01	-7.161269836912230458e-02	6.812264846149637676e-02	-1.057248463443700853e-01	9.041807449334936242e-02	-1.558284724818158606e-01
1.335888213144602044e-01	-1.423780816700336849e-01	1.182020550570215683e-01	-1.363060611966516733e-01	2.577451934381460585e-01	-7.494646985930530914e-02	1.009903434310614884e-01	-1.383471367267269658e-01	2.915283838240319558e-01	-4.322858227797737873e-01	8.261023362056083008e-02	-1.165467157951328575e-01	1.470595948009929543e-01	-6.094247590146477656e-01	9.999999999999995559e-01	-7.061920684529965353e-02	7.378393584340001143e-02	-1.055406056775333862e-01	2.980273286323053550e-01	-4.585268570606867433e-01	5.977519667363136863e-02	-6.997546267853385626e-02	9.883323525607284887e-02	-2.493894976235985494e-01	2.041722687045823548e-01	-7.240689557746442240e-02	7.682579775871496708e-02	-9.175249459166759380e-02	1.190837081515851853e-01	-2.367435822449049931e-01	7.030185719816599288e-02	-6.723266523211290924e-02	1.048645696276235412e-01	-9.114733435793131999e-02	1.568079329392604027e-01
-1.048143317349496256e-01	9.706955380311085846e-02	-6.813265086689673788e-02	6.638815257500696454e-02	-9.479624118439751446e-02	9.808865744385884822e-02	-1.110147268790560304e-01	1.033553093661100791e-01	-8.482927118226063490e-02	5.911243273430139694e-02	-1.305091536240472472e-01	1.392808184549492179e-01	-1.228621361095184883e-01	7.483958491936283652e-02	-7.061920684529965353e-02	1.000000000000000222e+00	-8.041283227945449363e-01	2.188722282686901832e-01	-9.649164677594368467e-02	8.167093848599710215e-02	-3.695204831721990990e-01	2.007409526525214538e-01	-2.159448529767108715e-01	1.130593742017758502e-01	-6.927956345135106997e-02	2.252256783429192888e-01	-1.816977519181371126e-01	1.357587955351707842e-01	-1.349695732935957404e-01	1.084075875553375534e-01	-1.445475151850896534e-01	1.280202540790886245e-01	-1.397492731777397190e-01	1.020852332969785781e-01	-1.355728000469547112e-01
1.066341979412142316e-01	-1.042089915591995347e-01	7.223145057857061069e-02	-7.115734748961045908e-02	9.737202192668212297e-02	-1.015917373733937895e-01	1.192647845127839390e-01	-1.173577037209534296e-01	8.775741537619269339e-02	-6.162629851739676035e-02	1.203300242319129271e-01	-1.782142623300746187e-01	1.365760038756770600e-01	-7.984482971278761276e-02	7.378393584340001143e-02	-8.041283227945449363e-01	1.000000000000000000e+00	-3.345671725155404119e-01	9.990080255527326869e-02	-8.621681095357322522e-02	2.355350000811091415e-01	-2.094266139934244375e-01	2.136201488075800126e-01	-1.197206434899736049e-01	7.250320110728698808e-02	-2.442089516497995549e-01	1.680166280691528513e-01	-1.389389274761599624e-01	1.310378666312707885e-01	-1.143475383863887945e-01	1.350714610457841303e-01	-1.316896841000866625e-01	1.339452789106562181e-01	-1.012754931020183186e-01	1.310214800335262608e-01
-1.282556861411661975e-01	1.215833597890201012e-01	-9.589807975952868713e-02	9.308660816703659413e-02	-1.346242228523320261e-01	9.286224863890350789e-02	-1.261387856781675254e-01	1.576364638133945228e-01	-1.228933368302883578e-01	8.590997488621181233e-02	-1.080905415576638995e-01	1.564178354916734293e-01	-2.374001417071220643e-01	1.148221470239267905e-01	-1.055406056775333862e-01	2.188722282686901832e-01	-3.345671725155404119e-01	1.000000000000004663e+00	-1.532599200994795574e-01	1.211980530840330167e-01	-1.683668789588083636e-01	1.923285268756674271e-01	-7.497791102952429121e-01	1.701936174041411842e-01	-1.041488523239179620e-01	1.719788455049082176e-01	-2.009193651014475612e-01	2.362498394009291958e-01	-2.271563949335347610e-01	1.579026212017519970e-01	-1.523723745823734321e-01	1.431416173747933895e-01	-2.175959971766996126e-01	1.551697033491800104e-01	-1.962333590378457782e-01
1.646186045336407999e-01	-1.698213220044617333e-01	1.295513559986712915e-01	-1.402837586341971754e-01	2.403408476837786689e-01	-9.099866731334484149e-02	1.192784899678379085e-01	-1.567867775340051062e-01	2.469631526637275920e-01	-2.003221357885044962e-01	1.005338484721717413e-01	-1.394894349328953120e-01	1.668406690566196227e-01	-5.487418452437105021e-01	2.980273286323053550e-01	-9.649164677594368467e-02	9.990080255527326869e-02	-1.532599200994795574e-01	9.999999999999983347e-01	-4.631714335038487063e-01	8.266574771050549941e-02	-9.791782880448483828e-02	1.389656522062129029e-01	-4.361680025857289644e-01	2.622981023954813473e-01	-1.008957016719487787e-01	1.070268000225924193e-01	-1.303011196316096465e-01	1.683751269367370074e-01	-3.335327184209346818e-01	9.727641095126224324e-02	-9.377081247578172851e-02	1.456088881105740973e-01	-1.280444410782572984e-01	2.146270358204775131e-01
-1.483759932456039099e-01	1.403731541034814179e-01	-1.205972336312131771e-01	1.267536855534054929e-01	-2.715426604043935099e-01	7.638393304791675498e-02	-1.000126483367570901e-01	1.246640147879393007e-01	-2.675641002287478254e-01	2.112835858513289478e-01	-8.644291885457329461e-02	1.100213879707588327e-01	-1.356483812937519795e-01	2.768778597103129790e-01	-4.585268570606867433e-01	8.167093848599710215e-02	-8.621681095357322522e-02	1.211980530840330167e-01	-4.631714335038487063e-01	9.999999999999997780e-01	-7.382627041921543953e-02	8.683184320158005010e-02	-1.218907303211439058e-01	3.035138210169263662e-01	-5.399918952865879751e-01	8.914707299738934554e-02	-9.890365911327324289e-02	1.190843332913294056e-01	-1.652700404733984108e-01	2.958648144625100063e-01	-9.221622894853566399e-02	8.692513312094887756e-02	-1.434363270274339186e-01	1.239169167154772211e-01	-2.268543048579432231e-01
7.778513286352227440e-02	-7.321574304253274101e-02	5.212246083694371118e-02	-5.178105791350483961e-02	7.902504639531256203e-02	-5.868502305917762396e-02	6.857875808956558072e-02	-7.327014221107847058e-02	7.008101775824773783e-02	-4.925166570517984510e-02	7.008868783260145674e-02	-8.497727431739478254e-02	8.275279544143095134e-02	-6.203684964289133547e-02	5.977519667363136863e-02	-3.695204831721990990e-01	2.355350000811091415e-01	-1.683668789588083636e-01	8.266574771050549941e-02	-7.382627041921543953e-02	1.000000000000002220e+00	-5.192624372603468208e-01	1.690296887155080807e-01	-1.080398987931481258e-01	6.482528403597137556e-02	-6.472216238392760612e-01	2.810829479864996316e-01	-1.522860027121404614e-01	1.364525291024606402e-01	-1.051741578819371803e-01	2.059840617631471249e-01	-1.915305699179464527e-01	1.481342940139428466e-01	-1.082060450038349192e-01	1.295866640364784494e-01
-8.696051035268725915e-02	8.070990810791407732e-02	-5.883217853560438609e-02	5.841028601503041318e-02	-9.218307274897237502e-02	5.905150693672474999e-02	-7.238174444391733131e-02	8.007006751411786805e-02	-8.159817157210581817e-02	5.728266670003896721e-02	-7.009390824037435574e-02	8.731776229577216386e-02	-9.148282972752387610e-02	7.186695277495672163e-02	-6.997546267853385626e-02	2.007409526525214538e-01	-2.094266139934244375e-01	1.923285268756674271e-01	-9.791782880448483828e-02	8.683184320158005010e-02	-5.192624372603468208e-01	1.000000000000001554e+00	-2.555726528696518063e-01	1.289309969258831678e-01	-7.776196459022728658e-02	3.033804861958049881e-01	-6.586354567166522456e-01	2.158892484992889216e-01	-1.912292486913773348e-01	1.254552538987562527e-01	-2.351433295240107912e-01	2.100726208813372686e-01	-1.993407088742404076e-01	1.394385224620605934e-01	-1.640175438859708679e-01
1.169192178579570585e-01	-1.150189047035346246e-01	8.644057056568395236e-02	-8.665030941486900895e-02	1.247895933808895047e-01	-8.400983889081439782e-02	1.080632560288203314e-01	-1.412932904618375840e-01	1.130433038498884629e-01	-8.019911437053149628e-02	9.457093660543848535e-02	-1.388304453127844895e-01	1.629062363712092953e-01	-1.064132122526656732e-01	9.883323525607284887e-02	-2.159448529767108715e-01	2.136201488075800126e-01	-7.497791102952429121e-01	1.389656522062129029e-01	-1.218907303211439058e-01	1.690296887155080807e-01	-2.555726528696518063e-01	9.999999999999986677e-01	-1.909093698316316479e-01	1.082677030243578004e-01	-1.899626231935039600e-01	2.129317345816729989e-01	-3.751878452400735364e-01	2.246418239334412870e-01	-1.690279351467019187e-01	1.491053212328612709e-01	-1.543493309895146159e-01	2.114864898918724090e-01	-1.643195652468707468e-01	1.837884892424988814e-01
-1.813244056840629947e-01	1.601197035809739655e-01	-1.332818180713539191e-01	1.344291234451230332e-01	-2.756067613837243080e-01	9.016794254076865300e-02	-1.149072230801112537e-01	1.370285972404176600e-01	-2.506276875711445085e-01	1.768096012208197065e-01	-1.032266292063093172e-01	1.261012342752012294e-01	-1.498393668218541974e-01	2.274418170295349761e-01	-2.493894976235985494e-01	1.130593742017758502e-01	-1.197206434899736049e-01	1.701936174041411842e-01	-4.361680025857289644e-01	3.035138210169263662e-01	-1.080398987931481258e-01	1.289309969258831678e-01	-1.909093698316316479e-01	9.999999999999994449e-01	-5.176632165809572639e-01	1.301477325059531009e-01	-1.513291260786999715e-01	1.897429247813828823e-01	-3.001916047138378785e-01	3.288357367344572624e-01	-1.399473899663835619e-01	1.316203346841212651e-01	-2.281546634505632609e-01	1.981405389495769775e-01	-3.595771412334974326e-01
1.133486768476122675e-01	-1.041922570240940843e-01	8.620090232466495750e-02	-8.907564212003873938e-02	1.802251089031055575e-01	-5.757568966611681383e-02	7.396583181062665879e-02	-9.027547393055182501e-02	1.690806097692869880e-01	-1.304050129664139079e-01	6.537652845548977409e-02	-8.190942091669464742e-02	9.752635737333142929e-02	-1.736794915238653592e-01	2.041722687045823548e-01	-6.927956345135106997e-02	7.250320110728698808e-02	-1.041488523239179620e-01	2.622981023954813473e-01	-5.399918952865879751e-01	6.482528403597137556e-02	-7.776196459022728658e-02	1.082677030243578004e-01	-5.176632165809572639e-01	9.999999999999987788e-01	-7.893644051483490742e-02	8.941480904004889263e-02	-1.149121904373009984e-01	1.676728007124601016e-01	-5.761799245690372162e-01	8.242282681080716211e-02	-7.862378481642846861e-02	1.326425499751215376e-01	-1.193131740147255204e-01	2.084183532273140016e-01
-9.306684603177529935e-02	8.521054026796687220e-02	-6.161457363176710972e-02	6.097165501020897216e-02	-9.672626982192039646e-02	6.339023441956197213e-02	-7.711859484063837700e-02	8.214934722373665177e-02	-8.526719734998887412e-02	5.967845979024904990e-02	-7.632890795125314709e-02	9.217667244783993297e-02	-9.347272164962475149e-02	7.413767571119077304e-02	-7.240689557746442240e-02	2.252256783429192888e-01	-2.442089516497995549e-01	1.719788455049082176e-01	-1.008957016719487787e-01	8.914707299738934554e-02	-6.472216238392760612e-01	3.033804861958049881e-01	-1.899626231935039600e-01	1.301477325059531009e-01	-7.893644051483490742e-02	1.000000000000000000e+00	-4.052352139771132622e-01	1.862970608129098093e-01	-1.797992610231913257e-01	1.276166727532294654e-01	-4.036048257915257342e-01	2.501462734906464425e-01	-2.030464335787406094e-01	1.403347153732951436e-01	-1.729481947515671414e-01
9.148250554608057528e-02	-8.653011385470747718e-02	6.251892571238373830e-02	-6.270251090994455323e-02	9.969418638056412596e-02	-5.976745426319598348e-02	7.297981922001321731e-02	-8.379473337420735579e-02	8.823053257784202463e-02	-6.236902873694411681e-02	6.920199296727533311e-02	-8.837737279762018783e-02	9.301968705660339232e-02	-7.864913864060808779e-02	7.682579775871496708e-02	-1.816977519181371126e-01	1.680166280691528513e-01	-2.009193651014475612e-01	1.070268000225924193e-01	-9.890365911327324289e-02	2.810829479864996316e-01	-6.586354567166522456e-01	2.129317345816729989e-01	-1.513291260786999715e-01	8.941480904004889263e-02	-4.052352139771132622e-01	1.000000000000001776e+00	-3.469697303678273559e-01	2.122652479155948124e-01	-1.486742354099362395e-01	2.492103165287640198e-01	-3.374314643276836168e-01	2.249667726063520057e-01	-1.672078044756865889e-01	1.750669538777205603e-01
-1.002211534178213959e-01	9.398518360418427198e-02	-7.005525395797276844e-02	7.024698486375353934e-02	-1.165023543638561976e-01	6.095241050472132577e-02	-7.653743569001859870e-02	9.138412742462026506e-02	-1.033709305862555300e-01	7.311083179489180628e-02	-6.979247614091531327e-02	9.130378670106842343e-02	-1.031864479512794447e-01	9.237527775640441696e-02	-9.175249459166759380e-02	1.357587955351707842e-01	-1.389389274761599624e-01	2.362498394009291958e-01	-1.303011196316096465e-01	1.190843332913294056e-01	-1.522860027121404614e-01	2.158892484992889216e-01	-3.751878452400735364e-01	1.897429247813828823e-01	-1.149121904373009984e-01	1.862970608129098093e-01	-3.469697303678273559e-01	1.000000000000000888e+00	-5.890787043159952940e-01	1.879828044033058088e-01	-1.840708244626932111e-01	1.981308495369363543e-01	-4.850412464419695535e-01	2.753151411706688534e-01	-2.452979412842962448e-01
1.196517525078303751e-01	-1.130408982949855368e-01	8.368178584992946867e-02	-8.485472962591679436e-02	1.458247401810502109e-01	-6.870986281241181493e-02	8.573749862230453656e-02	-1.031574461676821458e-01	1.295677146605133112e-01	-9.265632527985147304e-02	7.780899200459245879e-02	-1.011696692638537620e-01	1.120268750113583150e-01	-1.178310940967468995e-01	1.190837081515851853e-01	-1.349695732935957404e-01	1.310378666312707885e-01	-2.271563949335347610e-01	1.683751269367370074e-01	-1.652700404733984108e-01	1.364525291024606402e-01	-1.912292486913773348e-01	2.246418239334412870e-01	-3.001916047138378785e-01	1.676728007124601016e-01	-1.797992610231913257e-01	2.122652479155948124e-01	-5.890787043159952940e-01	1.000000000000001998e+00	-3.063743415276843352e-01	1.628045297027940763e-01	-1.835234308817637605e-01	3.156622972697534224e-01	-4.892918302857017787e-01	2.865351288846404443e-01
-1.768894986965824367e-01	1.544523296803887447e-01	-1.290573653238858698e-01	1.295903871236104010e-01	-2.705169618944909815e-01	8.658799103518190210e-02	-1.098238044170283256e-01	1.299657199421662968e-01	-2.405429982368311459e-01	1.692733719358011923e-01	-9.924095208400282586e-02	1.198626242434355643e-01	-1.412368640427831279e-01	2.033555373964730240e-01	-2.367435822449049931e-01	1.084075875553375534e-01	-1.143475383863887945e-01	1.579026212017519970e-01	-3.335327184209346818e-01	2.958648144625100063e-01	-1.051741578819371803e-01	1.254552538987562527e-01	-1.690279351467019187e-01	3.288357367344572624e-01	-5.761799245690372162e-01	1.276166727532294654e-01	-1.486742354099362395e-01	1.879828044033058088e-01	-3.063743415276843352e-01	1.000000000000001776e+00	-1.393221345167901526e-01	1.312062321745763038e-01	-2.313047080255027921e-01	2.047179811504191149e-01	-3.900509978764788444e-01
8.344083404502009027e-02	-7.907067605339422600e-02	5.641490285296198864e-02	-5.681812484895370358e-02	9.171836549901521418e-02	-5.221223377594261944e-02	6.357486235085213488e-02	-7.267250049657406064e-02	8.074215076434486382e-02	-5.717632655148570386e-02	6.016585874054150573e-02	-7.614925050123030892e-02	7.937889483203376673e-02	-7.161269836912230458e-02	7.030185719816599288e-02	-1.445475151850896534e-01	1.350714610457841303e-01	-1.523723745823734321e-01	9.727641095126224324e-02	-9.221622894853566399e-02	2.059840617631471249e-01	-2.351433295240107912e-01	1.491053212328612709e-01	-1.399473899663835619e-01	8.242282681080716211e-02	-4.036048257915257342e-01	2.492103165287640198e-01	-1.840708244626932111e-01	1.628045297027940763e-01	-1.393221345167901526e-01	1.000000000000001332e+00	-7.810074039525994882e-01	2.224786127450608386e-01	-1.621007049414444900e-01	1.638232534913657557e-01
-7.952877672988313551e-02	7.409140947857179027e-02	-5.362550516216608998e-02	5.373548459323693183e-02	-8.806172739608954247e-02	4.912120521834344861e-02	-6.036023371504192075e-02	6.842510715126845500e-02	-7.746990902016440139e-02	5.465184956583807319e-02	-5.707713941326648943e-02	7.157653875189104453e-02	-7.574816439339859819e-02	6.812264846149637676e-02	-6.723266523211290924e-02	1.280202540790886245e-01	-1.316896841000866625e-01	1.431416173747933895e-01	-9.377081247578172851e-02	8.692513312094887756e-02	-1.915305699179464527e-01	2.100726208813372686e-01	-1.543493309895146159e-01	1.316203346841212651e-01	-7.862378481642846861e-02	2.501462734906464425e-01	-3.374314643276836168e-01	1.981308495369363543e-01	-1.835234308817637605e-01	1.312062321745763038e-01	-7.810074039525994882e-01	1.000000000000001998e+00	-3.396279038789916105e-01	1.760846076969311558e-01	-1.845720368274138823e-01
1.144843792219082806e-01	-1.091024156813082818e-01	7.874482003825519771e-02	-7.985720783970472192e-02	1.330101962221039713e-01	-6.676265211274737266e-02	8.267799039221203350e-02	-9.866699787178372094e-02	1.173676186570401098e-01	-8.372105515577836499e-02	7.559935839549795922e-02	-9.819335104655767255e-02	1.066798838598898985e-01	-1.057248463443700853e-01	1.048645696276235412e-01	-1.397492731777397190e-01	1.339452789106562181e-01	-2.175959971766996126e-01	1.456088881105740973e-01	-1.434363270274339186e-01	1.481342940139428466e-01	-1.993407088742404076e-01	2.114864898918724090e-01	-2.281546634505632609e-01	1.326425499751215376e-01	-2.030464335787406094e-01	2.249667726063520057e-01	-4.850412464419695535e-01	3.156622972697534224e-01	-2.313047080255027921e-01	2.224786127450608386e-01	-3.396279038789916105e-01	1.000000000000001998e+00	-5.699945668942958399e-01	2.858880318699552059e-01
-9.604488903854391246e-02	8.998689006413536362e-02	-6.588067736753608350e-02	6.666595613184327085e-02	-1.152690606550580699e-01	5.365776709026619934e-02	-6.664532919893351171e-02	7.886397145264241459e-02	-1.014987721401614390e-01	7.219487474577800101e-02	-6.097046817306590871e-02	7.771557189143681044e-02	-8.551820117991568160e-02	9.041807449334936242e-02	-9.114733435793131999e-02	1.020852332969785781e-01	-1.012754931020183186e-01	1.551697033491800104e-01	-1.280444410782572984e-01	1.239169167154772211e-01	-1.082060450038349192e-01	1.394385224620605934e-01	-1.643195652468707468e-01	1.981405389495769775e-01	-1.193131740147255204e-01	1.403347153732951436e-01	-1.672078044756865889e-01	2.753151411706688534e-01	-4.892918302857017787e-01	2.047179811504191149e-01	-1.621007049414444900e-01	1.760846076969311558e-01	-5.699945668942958399e-01	1.000000000000001998e+00	-5.485093310297186608e-01
1.645397903084271918e-01	-1.559413305339208411e-01	1.106211972090003770e-01	-1.130684840491730514e-01	1.980768756869114022e-01	-8.539838558658230383e-02	1.053006340791837608e-01	-1.244025793859311751e-01	1.732819763570181137e-01	-1.244119485037445821e-01	9.600557797328730658e-02	-1.207380626953481473e-01	1.308080872397659744e-01	-1.558284724818158606e-01	1.568079329392604027e-01	-1.355728000469547112e-01	1.310214800335262608e-01	-1.962333590378457782e-01	2.146270358204775131e-01	-2.268543048579432231e-01	1.295866640364784494e-01	-1.640175438859708679e-01	1.837884892424988814e-01	-3.595771412334974326e-01	2.084183532273140016e-01	-1.729481947515671414e-01	1.750669538777205603e-01	-2.452979412842962448e-01	2.865351288846404443e-01	-3.900509978764788444e-01	1.638232534913657557e-01	-1.845720368274138823e-01	2.858880318699552059e-01	-5.485093310297186608e-01	1.000000000000001998e+00
