1.000000000000000222e+00	-8.549973461714712730e-01	2.310123064960284689e-01	-2.414784507507826417e-01	8.000148173707324895e-02	-2.337142328412391001e-01	2.233468306032717066e-01	-2.093714696069906012e-01	1.745349344229285837e-01	-8.596976991730798101e-02	1.673657382798406645e-01	-1.418794734563728621e-01	1.420553232888854822e-01	-9.145647218147244517e-02	9.248376796877670614e-02	-1.358733203923251087e-01	9.912035711795780246e-02	-1.197899618889587819e-01	9.116213270882383979e-02	-9.096193686318675142e-02	8.223498778128859876e-02	-9.209496417033616322e-02	7.724949581100423734e-02	-7.883178037197541288e-02	8.694880622993432506e-02	-8.155870857318160694e-02	6.327257649461333344e-02	-5.121409104272326568e-02	4.555656876620067103e-02	-5.945147979876604788e-03	1.085702298528555543e-01	-6.738580435082990039e-02	4.419990685737942154e-02	-3.337426648529032147e-02	6.072784541252596036e-03
-8.549973461714712730e-01	1.000000000000000666e+00	-3.202899778346754989e-01	2.091509210470291757e-01	-7.256945629016059440e-02	1.833984552313068506e-01	-2.631979695435283650e-01	1.976423039885174815e-01	-1.735430633441490400e-01	7.390164430717756361e-02	-1.567501262856065558e-01	1.234249629560445760e-01	-1.340283701276895889e-01	8.326799270647292084e-02	-8.568105027537274709e-02	1.128695743810296109e-01	-8.627047506403576205e-02	1.029644258047563293e-01	-8.079353308364446706e-02	7.908678059087499712e-02	-7.064894185376259517e-02	7.854564363026714235e-02	-6.691075632405223128e-02	6.766875125443271022e-02	-7.622065772166515540e-02	6.796557930551484772e-02	-5.391226879138251438e-02	4.349445343965939459e-02	-3.866081079584147290e-02	5.129326320795555942e-03	-9.304351290335829971e-02	5.654624496113664495e-02	-3.751677236297801254e-02	2.823992310606401879e-02	-5.242677024843794831e-03
2.310123064960284689e-01	-3.202899778346754989e-01	1.000000000000000222e+00	-6.847303660550735360e-01	1.208326242204001699e-01	-1.586361965791749928e-01	2.159818032257109222e-01	-4.969808205099558451e-01	2.836183365767455666e-01	-1.252352725829015412e-01	1.507580067459151907e-01	-1.633011189169395472e-01	1.894349015739293096e-01	-1.257314284307313457e-01	1.227452990776117109e-01	-1.270532827911282081e-01	1.090199648630918866e-01	-1.399456586858642271e-01	1.095295015009033479e-01	-1.083011804360020786e-01	8.061337972768775617e-02	-1.008929931193379426e-01	8.615863342668195202e-02	-8.868297057467360023e-02	9.991444789500047996e-02	-7.887256313579324440e-02	6.729929143072260755e-02	-5.487662588073120157e-02	4.841290289477261782e-02	-6.607607931835335173e-03	1.097624450311198707e-01	-7.055439212690865769e-02	4.698174265377524916e-02	-3.546706214755798031e-02	6.751147972111667950e-03
-2.414784507507826417e-01	2.091509210470291757e-01	-6.847303660550735360e-01	1.000000000000000444e+00	-1.971506410426722700e-01	1.510408470670409897e-01	-2.193498873226686074e-01	2.993070621594347558e-01	-4.864863240847700498e-01	1.626384068202341993e-01	-1.650412350224890468e-01	1.628102365397204043e-01	-2.046271676967782727e-01	1.609753092434370869e-01	-1.666740147828782159e-01	1.305952273817157783e-01	-1.168038615270493852e-01	1.488999347852614230e-01	-1.296114109119988755e-01	1.248330055027069424e-01	-8.652219856927073627e-02	1.072703810414475656e-01	-9.540199535620640103e-02	9.799604222070168458e-02	-1.156014454921819729e-01	8.282324198342896904e-02	-7.366785929630494112e-02	5.976777436202636989e-02	-5.296607102976387538e-02	7.441612803296374090e-03	-1.204584112971067295e-01	7.584175027135450775e-02	-5.129853900250905957e-02	3.860157306728419224e-02	-7.610146577861021111e-03
8.000148173707324895e-02	-7.256945629016059440e-02	1.208326242204001699e-01	-1.971506410426722700e-01	1.000000000000000000e+00	-6.682710082630516357e-02	8.910110020887844484e-02	-1.098712497773119967e-01	1.491668385561616128e-01	-9.468964155656249826e-01	7.926097176925997467e-02	-8.348292861318139246e-02	9.286252787401423625e-02	-8.972276164623969874e-02	9.926158212369115552e-02	-7.088797574294369852e-02	6.361684861134374314e-02	-8.400257278337049105e-02	7.353950964684818903e-02	-7.595824350297400440e-02	4.912297391886318726e-02	-6.113024124153546707e-02	5.524255644173336338e-02	-5.796054596805201575e-02	6.824282794057572044e-02	-4.800740864786238321e-02	4.438147062383822339e-02	-3.583179541292914883e-02	3.233672774800011585e-02	-4.453987479785305632e-03	7.434820977212934501e-02	-4.598180556042697625e-02	3.110721919819685669e-02	-2.344181008609011810e-02	4.554171050067279403e-03
-2.337142328412391001e-01	1.833984552313068506e-01	-1.586361965791749928e-01	1.510408470670409897e-01	-6.682710082630516357e-02	1.000000000000000444e+00	-6.257420792104086971e-01	2.162796275834876769e-01	-1.858304329640803887e-01	6.917500393528845659e-02	-6.159125468853768881e-01	1.844352778271287630e-01	-1.778016145876229470e-01	9.759648010223515024e-02	-1.016679645962698941e-01	2.106926896729850174e-01	-1.317643965107514747e-01	1.365222104560137040e-01	-1.044129190657357015e-01	1.005994337474273165e-01	-1.258408940189092995e-01	1.122858506631470715e-01	-9.379714256319826582e-02	9.141214660890477350e-02	-1.018473977104122075e-01	1.107051979461313451e-01	-7.695872452972360445e-02	6.129219852822634373e-02	-5.427571531309630798e-02	6.976315908191547434e-03	-1.445154024604601017e-01	8.035375078270812210e-02	-5.297658587863367241e-02	3.964858832316461162e-02	-7.133171840424584742e-03
2.233468306032717066e-01	-2.631979695435283650e-01	2.159818032257109222e-01	-2.193498873226686074e-01	8.910110020887844484e-02	-6.257420792104086971e-01	1.000000000000000666e+00	-4.317748439763817725e-01	2.355189202949573568e-01	-9.476815416367576073e-02	2.958011500030921503e-01	-2.504884623773375729e-01	2.235501779388788246e-01	-1.292530809102673262e-01	1.290915801308260558e-01	-2.360476310841400638e-01	1.593188387614396517e-01	-1.810519923869081393e-01	1.335717583866283253e-01	-1.320691541666486890e-01	1.326229308108101690e-01	-1.437047433840131783e-01	1.176501868838857739e-01	-1.182383602053197341e-01	1.284889290837445686e-01	-1.318642455236747890e-01	9.579242391259271128e-02	-7.760393178418995008e-02	6.838361126718514593e-02	-8.848010735975742058e-03	1.646808355028492044e-01	-1.023945025814269327e-01	6.665141547510182451e-02	-5.030165808531839033e-02	9.036749109945396707e-03
-2.093714696069906012e-01	1.976423039885174815e-01	-4.969808205099558451e-01	2.993070621594347558e-01	-1.098712497773119967e-01	2.162796275834876769e-01	-4.317748439763817725e-01	1.000000000000000666e+00	-4.817861517380815917e-01	1.103315954363996848e-01	-2.187487516179947022e-01	2.297371010321908325e-01	-3.776096914209264854e-01	1.707354394761657901e-01	-1.701700004115957732e-01	1.637896913618059891e-01	-1.494619910948438435e-01	1.867290079124928615e-01	-1.485599672195125898e-01	1.412433339064369242e-01	-1.051646084875318826e-01	1.327662689038544563e-01	-1.142306510388707425e-01	1.156132580290711726e-01	-1.323875642907544059e-01	1.000327217599054908e-01	-8.686007297476983080e-02	7.070242442140543815e-02	-6.209125376140019192e-02	8.621851444957719796e-03	-1.408412001174777217e-01	8.955397191919255151e-02	-6.033519621259503946e-02	4.539861550924001454e-02	-8.814451893876862343e-03
1.745349344229285837e-01	-1.735430633441490400e-01	2.836183365767455666e-01	-4.864863240847700498e-01	1.491668385561616128e-01	-1.858304329640803887e-01	2.355189202949573568e-01	-4.817861517380815917e-01	1.000000000000001332e+00	-1.704599621675716714e-01	1.926900654931792412e-01	-2.360842397667241854e-01	2.503831546040261036e-01	-3.713839262691448484e-01	2.446160423934594097e-01	-1.858434449988757287e-01	1.668263053148016650e-01	-2.358598076979498692e-01	1.958616690173800579e-01	-2.050468793988139415e-01	1.189087275993878368e-01	-1.609599582503035420e-01	1.390198460716444706e-01	-1.497394983195716733e-01	1.681324733692007578e-01	-1.188246460498460361e-01	1.071245366584673286e-01	-8.859156654698144284e-02	7.781497071806590948e-02	-1.090990165281525461e-02	1.666582657540044976e-01	-1.140993988187496422e-01	7.543256297803492549e-02	-5.730692717922225565e-02	1.113450943690436068e-02
-8.596976991730798101e-02	7.390164430717756361e-02	-1.252352725829015412e-01	1.626384068202341993e-01	-9.468964155656249826e-01	6.917500393528845659e-02	-9.476815416367576073e-02	1.103315954363996848e-01	-1.704599621675716714e-01	1.000000000000001554e+00	-8.423346366733369672e-02	8.495172810183926337e-02	-9.859711815486907338e-02	9.550309288336100710e-02	-1.159038908186581229e-01	7.209452365183480205e-02	-6.579744096846119883e-02	8.556961561453871323e-02	-7.845389624304856258e-02	7.894265532812369535e-02	-5.086346111809927212e-02	6.242774659846054425e-02	-5.766413335890827746e-02	5.977603049389442619e-02	-7.269768809587640046e-02	4.891239747010529132e-02	-4.577449449432395567e-02	3.675137737820847322e-02	-3.319372470758576860e-02	4.661378815820023391e-03	-7.725010833984451153e-02	4.658831873215910080e-02	-3.193374156096228517e-02	2.396988398997685135e-02	-4.770428854811228914e-03
1.673657382798406645e-01	-1.567501262856065558e-01	1.507580067459151907e-01	-1.650412350224890468e-01	7.926097176925997467e-02	-6.159125468853768881e-01	2.958011500030921503e-01	-2.187487516179947022e-01	1.926900654931792412e-01	-8.423346366733369672e-02	1.000000000000001110e+00	-2.892728039053295008e-01	2.142464811083457654e-01	-1.190535323516816180e-01	1.230716047542677188e-01	-4.517943820706884495e-01	1.942955730762217226e-01	-1.914372206387173203e-01	1.384223002383098422e-01	-1.352231093103056503e-01	1.938639577492690391e-01	-1.674080450408821918e-01	1.320499529982196441e-01	-1.285755025300110432e-01	1.375961023181236087e-01	-1.829155914436219332e-01	1.102206235349545704e-01	-8.829417872870996831e-02	7.732425681832200137e-02	-9.659959748358523668e-03	2.046579700955944436e-01	-1.179663201004827883e-01	7.586040393757187417e-02	-5.699949574401935726e-02	9.867298683181535690e-03
-1.418794734563728621e-01	1.234249629560445760e-01	-1.633011189169395472e-01	1.628102365397204043e-01	-8.348292861318139246e-02	1.844352778271287630e-01	-2.504884623773375729e-01	2.297371010321908325e-01	-2.360842397667241854e-01	8.495172810183926337e-02	-2.892728039053295008e-01	1.000000000000000666e+00	-6.425288460714998484e-01	1.586188796684001867e-01	-1.692482289364159731e-01	2.223971309687872711e-01	-4.621962759060327941e-01	2.727405628488950295e-01	-2.039473661426831619e-01	1.769909316695576496e-01	-1.476769607767406123e-01	2.435913679004134413e-01	-2.074054317176736162e-01	1.742878189681504875e-01	-1.996665764548009592e-01	1.298404612679406878e-01	-1.332587983004772936e-01	1.079397105250201466e-01	-9.169399933039520945e-02	1.293472237202892942e-02	-1.891176539198574091e-01	1.253339045432975696e-01	-8.993256536441385229e-02	6.643567592050700354e-02	-1.326243439942494107e-02
1.420553232888854822e-01	-1.340283701276895889e-01	1.894349015739293096e-01	-2.046271676967782727e-01	9.286252787401423625e-02	-1.778016145876229470e-01	2.235501779388788246e-01	-3.776096914209264854e-01	2.503831546040261036e-01	-9.859711815486907338e-02	2.142464811083457654e-01	-6.425288460714998484e-01	1.000000000000000000e+00	-2.018362622715492438e-01	1.817649300012506020e-01	-2.082659369936082083e-01	2.640947033697179092e-01	-3.913646644114395223e-01	2.180320542144960905e-01	-2.042582511354398001e-01	1.310148468252075871e-01	-2.316051479365459631e-01	1.805848277271507873e-01	-1.799602242114461959e-01	1.890427443447180722e-01	-1.251225074847936991e-01	1.234243408865941666e-01	-1.031540872388441860e-01	8.726280398975386210e-02	-1.234778562297009219e-02	1.743643669987353928e-01	-1.254928438118043110e-01	8.544607167149570470e-02	-6.443507213796489941e-02	1.261066764931398354e-02
-9.145647218147244517e-02	8.326799270647292084e-02	-1.257314284307313457e-01	1.609753092434370869e-01	-8.972276164623969874e-02	9.759648010223515024e-02	-1.292530809102673262e-01	1.707354394761657901e-01	-3.713839262691448484e-01	9.550309288336100710e-02	-1.190535323516816180e-01	1.586188796684001867e-01	-2.018362622715492438e-01	1.000000000000000444e+00	-7.829785949516064880e-01	1.149034818945981751e-01	-1.305023047643338874e-01	2.062782462169147624e-01	-3.182590038874079097e-01	2.498942115260834318e-01	-7.710913562043297809e-02	1.253725008984395706e-01	-1.225900447745118388e-01	1.408989034392902628e-01	-1.838204231635900132e-01	7.444832791217328993e-02	-8.052457416632056997e-02	6.804821541330052792e-02	-5.886794951393842928e-02	1.015025331066580182e-02	-1.097142825073556816e-01	8.106797742115637306e-02	-5.678021816465599059e-02	4.308263405765487553e-02	-1.037127844401222743e-02
9.248376796877670614e-02	-8.568105027537274709e-02	1.227452990776117109e-01	-1.666740147828782159e-01	9.926158212369115552e-02	-1.016679645962698941e-01	1.290915801308260558e-01	-1.701700004115957732e-01	2.446160423934594097e-01	-1.159038908186581229e-01	1.230716047542677188e-01	-1.692482289364159731e-01	1.817649300012506020e-01	-7.829785949516064880e-01	1.000000000000000444e+00	-1.256003083447876645e-01	1.374282171086262383e-01	-2.244486279570904186e-01	2.541476974230897357e-01	-3.820303354312576949e-01	8.337374765476264493e-02	-1.392329832462493866e-01	1.308390034286403547e-01	-1.596623520678207564e-01	1.968276080674363215e-01	-8.179227317160359112e-02	8.779817827217858972e-02	-7.491348414183371385e-02	6.445276877409789051e-02	-1.099927782687124336e-02	1.191774571003276217e-01	-9.070799617771756196e-02	6.222382761330785134e-02	-4.756947740598645863e-02	1.121637995077486016e-02
-1.358733203923251087e-01	1.128695743810296109e-01	-1.270532827911282081e-01	1.305952273817157783e-01	-7.088797574294369852e-02	2.106926896729850174e-01	-2.360476310841400638e-01	1.637896913618059891e-01	-1.858434449988757287e-01	7.209452365183480205e-02	-4.517943820706884495e-01	2.223971309687872711e-01	-2.082659369936082083e-01	1.149034818945981751e-01	-1.256003083447876645e-01	1.000000000000001110e+00	-3.134909284220415704e-01	1.944837754473723035e-01	-1.487862859301433138e-01	1.367743456314104988e-01	-5.522394894248900954e-01	1.941422982032677824e-01	-1.582233165771644301e-01	1.392400670252131323e-01	-1.538832281986095285e-01	2.756626165883602209e-01	-1.371505210342075232e-01	1.033038526597509499e-01	-9.101123412558782821e-02	1.069863343533467188e-02	-3.524195353362816197e-01	1.370574381493944727e-01	-9.027961237939823025e-02	6.585875250331274522e-02	-1.095380759925868031e-02
9.912035711795780246e-02	-8.627047506403576205e-02	1.090199648630918866e-01	-1.168038615270493852e-01	6.361684861134374314e-02	-1.317643965107514747e-01	1.593188387614396517e-01	-1.494619910948438435e-01	1.668263053148016650e-01	-6.579744096846119883e-02	1.942955730762217226e-01	-4.621962759060327941e-01	2.640947033697179092e-01	-1.305023047643338874e-01	1.374282171086262383e-01	-3.134909284220415704e-01	1.000000000000000444e+00	-3.916552955482561771e-01	2.072880379893248526e-01	-1.815080848844644323e-01	1.560099677186653766e-01	-5.984003259133588992e-01	2.548543556614940586e-01	-2.182697682876293399e-01	1.977850092337695431e-01	-1.343174393859506155e-01	1.425777956347050457e-01	-1.223791126055928519e-01	9.302153267606409759e-02	-1.262323227225613069e-02	1.749832328625667843e-01	-1.315473688655314222e-01	9.375240047202859639e-02	-6.934935322147421644e-02	1.289365575715069323e-02
-1.197899618889587819e-01	1.029644258047563293e-01	-1.399456586858642271e-01	1.488999347852614230e-01	-8.400257278337049105e-02	1.365222104560137040e-01	-1.810519923869081393e-01	1.867290079124928615e-01	-2.358598076979498692e-01	8.556961561453871323e-02	-1.914372206387173203e-01	2.727405628488950295e-01	-3.913646644114395223e-01	2.062782462169147624e-01	-2.244486279570904186e-01	1.944837754473723035e-01	-3.916552955482561771e-01	9.999999999999998890e-01	-5.732976252431645214e-01	2.762528497113096448e-01	-1.358225675264916055e-01	2.545972843170557498e-01	-2.825038061955661428e-01	2.388049182871075926e-01	-2.982018811536095715e-01	1.219412944581252933e-01	-1.513145865419829317e-01	1.267836194584111564e-01	-1.068736265510433492e-01	1.744963057599851347e-02	-1.858413230268409488e-01	1.379216323226370444e-01	-1.042194055062844599e-01	7.692049603989692397e-02	-1.790411308780379129e-02
9.116213270882383979e-02	-8.079353308364446706e-02	1.095295015009033479e-01	-1.296114109119988755e-01	7.353950964684818903e-02	-1.044129190657357015e-01	1.335717583866283253e-01	-1.485599672195125898e-01	1.958616690173800579e-01	-7.845389624304856258e-02	1.384223002383098422e-01	-2.039473661426831619e-01	2.180320542144960905e-01	-3.182590038874079097e-01	2.541476974230897357e-01	-1.487862859301433138e-01	2.072880379893248526e-01	-5.732976252431645214e-01	1.000000000000000000e+00	-5.617255332920971789e-01	9.950659446919793427e-02	-2.093653650392517107e-01	2.063681825388334057e-01	-2.918047581799210199e-01	2.816266401663458097e-01	-9.472457970750476630e-02	1.166610108025155634e-01	-1.033695240257921782e-01	8.598487644428430554e-02	-1.582037949812269834e-02	1.392587580585532003e-01	-1.150281222227440420e-01	8.279151295374899411e-02	-6.363885216845219239e-02	1.608367831335583142e-02
-9.096193686318675142e-02	7.908678059087499712e-02	-1.083011804360020786e-01	1.248330055027069424e-01	-7.595824350297400440e-02	1.005994337474273165e-01	-1.320691541666486890e-01	1.412433339064369242e-01	-2.050468793988139415e-01	7.894265532812369535e-02	-1.352231093103056503e-01	1.769909316695576496e-01	-2.042582511354398001e-01	2.498942115260834318e-01	-3.820303354312576949e-01	1.367743456314104988e-01	-1.815080848844644323e-01	2.762528497113096448e-01	-5.617255332920971789e-01	9.999999999999995559e-01	-9.548153720434153502e-02	1.803783386809330591e-01	-2.083974363087922888e-01	2.550684392700903746e-01	-5.539605903277330379e-01	9.036930267796323968e-02	-1.166752900099755907e-01	1.014442958759779745e-01	-8.763988886385670751e-02	2.304093074506979866e-02	-1.380680545748844135e-01	1.117396941805193639e-01	-8.334479866671465342e-02	6.350384127583483251e-02	-2.359632074207414221e-02
8.223498778128859876e-02	-7.064894185376259517e-02	8.061337972768775617e-02	-8.652219856927073627e-02	4.912297391886318726e-02	-1.258408940189092995e-01	1.326229308108101690e-01	-1.051646084875318826e-01	1.189087275993878368e-01	-5.086346111809927212e-02	1.938639577492690391e-01	-1.476769607767406123e-01	1.310148468252075871e-01	-7.710913562043297809e-02	8.337374765476264493e-02	-5.522394894248900954e-01	1.560099677186653766e-01	-1.358225675264916055e-01	9.950659446919793427e-02	-9.548153720434153502e-02	1.000000000000000666e+00	-1.362841891116233772e-01	1.050164061309168256e-01	-9.866269529524453186e-02	1.038035690263530708e-01	-6.851529391755865062e-01	1.108896779950196698e-01	-8.322246307972548662e-02	7.058738544862291908e-02	-7.590869072070660292e-03	2.877420892295745602e-01	-1.201050314996816443e-01	7.138963171582204947e-02	-5.247855818850745424e-02	7.760174249078211073e-03
-9.209496417033616322e-02	7.854564363026714235e-02	-1.008929931193379426e-01	1.072703810414475656e-01	-6.113024124153546707e-02	1.122858506631470715e-01	-1.437047433840131783e-01	1.327662689038544563e-01	-1.609599582503035420e-01	6.242774659846054425e-02	-1.674080450408821918e-01	2.435913679004134413e-01	-2.316051479365459631e-01	1.253725008984395706e-01	-1.392329832462493866e-01	1.941422982032677824e-01	-5.984003259133588992e-01	2.545972843170557498e-01	-2.093653650392517107e-01	1.803783386809330591e-01	-1.362841891116233772e-01	1.000000000000000000e+00	-5.521505854547534842e-01	2.581377035543127030e-01	-2.570303391879403265e-01	1.167739767526590478e-01	-2.045377333978159184e-01	1.628583246140130891e-01	-1.157693364905403033e-01	1.554330178054469033e-02	-1.709610244095818576e-01	1.533457913704701359e-01	-1.207717129584870430e-01	8.521116903773295892e-02	-1.592419948104345506e-02
7.724949581100423734e-02	-6.691075632405223128e-02	8.615863342668195202e-02	-9.540199535620640103e-02	5.524255644173336338e-02	-9.379714256319826582e-02	1.176501868838857739e-01	-1.142306510388707425e-01	1.390198460716444706e-01	-5.766413335890827746e-02	1.320499529982196441e-01	-2.074054317176736162e-01	1.805848277271507873e-01	-1.225900447745118388e-01	1.308390034286403547e-01	-1.582233165771644301e-01	2.548543556614940586e-01	-2.825038061955661428e-01	2.063681825388334057e-01	-2.083974363087922888e-01	1.050164061309168256e-01	-5.521505854547534842e-01	9.999999999999997780e-01	-5.954206996506758998e-01	2.666139532925851374e-01	-1.002335121281506952e-01	1.875455341990653335e-01	-2.403640413328587966e-01	1.285070890735320326e-01	-1.637380024490939223e-02	1.428445065669898539e-01	-1.620868998303013064e-01	1.371693319777189946e-01	-9.926656121915175546e-02	1.660969104816489850e-02
-7.883178037197541288e-02	6.766875125443271022e-02	-8.868297057467360023e-02	9.799604222070168458e-02	-5.796054596805201575e-02	9.141214660890477350e-02	-1.182383602053197341e-01	1.156132580290711726e-01	-1.497394983195716733e-01	5.977603049389442619e-02	-1.285755025300110432e-01	1.742878189681504875e-01	-1.799602242114461959e-01	1.408989034392902628e-01	-1.596623520678207564e-01	1.392400670252131323e-01	-2.182697682876293399e-01	2.388049182871075926e-01	-2.918047581799210199e-01	2.550684392700903746e-01	-9.866269529524453186e-02	2.581377035543127030e-01	-5.954206996506758998e-01	1.000000000000000666e+00	-5.830221534736071964e-01	9.249678338119947385e-02	-1.592756803963235601e-01	1.534973642292832841e-01	-1.294034949705133442e-01	2.416166197972835841e-02	-1.404292499610437228e-01	1.394357637799097938e-01	-1.183536388498181574e-01	9.082456199038171918e-02	-2.466780664631086639e-02
8.694880622993432506e-02	-7.622065772166515540e-02	9.991444789500047996e-02	-1.156014454921819729e-01	6.824282794057572044e-02	-1.018473977104122075e-01	1.284889290837445686e-01	-1.323875642907544059e-01	1.681324733692007578e-01	-7.269768809587640046e-02	1.375961023181236087e-01	-1.996665764548009592e-01	1.890427443447180722e-01	-1.838204231635900132e-01	1.968276080674363215e-01	-1.538832281986095285e-01	1.977850092337695431e-01	-2.982018811536095715e-01	2.816266401663458097e-01	-5.539605903277330379e-01	1.038035690263530708e-01	-2.570303391879403265e-01	2.666139532925851374e-01	-5.830221534736071964e-01	1.000000000000001110e+00	-1.011967606527526264e-01	1.393774472315592594e-01	-1.323832490452392929e-01	1.072458093203873392e-01	-3.843050658246538465e-02	1.483388324044098150e-01	-1.421599409127654867e-01	1.017800409621361646e-01	-8.149983641816553603e-02	3.703655845780304268e-02
-8.155870857318160694e-02	6.796557930551484772e-02	-7.887256313579324440e-02	8.282324198342896904e-02	-4.800740864786238321e-02	1.107051979461313451e-01	-1.318642455236747890e-01	1.000327217599054908e-01	-1.188246460498460361e-01	4.891239747010529132e-02	-1.829155914436219332e-01	1.298404612679406878e-01	-1.251225074847936991e-01	7.444832791217328993e-02	-8.179227317160359112e-02	2.756626165883602209e-01	-1.343174393859506155e-01	1.219412944581252933e-01	-9.472457970750476630e-02	9.036930267796323968e-02	-6.851529391755865062e-01	1.167739767526590478e-01	-1.002335121281506952e-01	9.249678338119947385e-02	-1.011967606527526264e-01	1.000000000000000888e+00	-1.348367062220101331e-01	9.067751719289861290e-02	-7.732990331855972566e-02	7.675263913284048091e-03	-5.719154553043191980e-01	1.338254007325924699e-01	-7.947757140405649345e-02	5.687807385892086620e-02	-7.852105116423757636e-03
6.327257649461333344e-02	-5.391226879138251438e-02	6.729929143072260755e-02	-7.366785929630494112e-02	4.438147062383822339e-02	-7.695872452972360445e-02	9.579242391259271128e-02	-8.686007297476983080e-02	1.071245366584673286e-01	-4.577449449432395567e-02	1.102206235349545704e-01	-1.332587983004772936e-01	1.234243408865941666e-01	-8.052457416632056997e-02	8.779817827217858972e-02	-1.371505210342075232e-01	1.425777956347050457e-01	-1.513145865419829317e-01	1.166610108025155634e-01	-1.166752900099755907e-01	1.108896779950196698e-01	-2.045377333978159184e-01	1.875455341990653335e-01	-1.592756803963235601e-01	1.393774472315592594e-01	-1.348367062220101331e-01	1.000000000000001110e+00	-6.290836184908241702e-01	2.315873595747787450e-01	-1.462647650403128829e-02	1.784291573197497593e-01	-5.977110724769094663e-01	2.922659258891018852e-01	-2.066815492357259032e-01	1.485997072911768302e-02
-5.121409104272326568e-02	4.349445343965939459e-02	-5.487662588073120157e-02	5.976777436202636989e-02	-3.583179541292914883e-02	6.129219852822634373e-02	-7.760393178418995008e-02	7.070242442140543815e-02	-8.859156654698144284e-02	3.675137737820847322e-02	-8.829417872870996831e-02	1.079397105250201466e-01	-1.031540872388441860e-01	6.804821541330052792e-02	-7.491348414183371385e-02	1.033038526597509499e-01	-1.223791126055928519e-01	1.267836194584111564e-01	-1.033695240257921782e-01	1.014442958759779745e-01	-8.322246307972548662e-02	1.628583246140130891e-01	-2.403640413328587966e-01	1.534973642292832841e-01	-1.323832490452392929e-01	9.067751719289861290e-02	-6.290836184908241702e-01	1.000000000000000888e+00	-3.440208915986121552e-01	1.589425539434651327e-02	-1.344188896587227011e-01	3.213251983396057110e-01	-5.420161531811272804e-01	2.459939710618392339e-01	-1.618343297405984427e-02
4.555656876620067103e-02	-3.866081079584147290e-02	4.841290289477261782e-02	-5.296607102976387538e-02	3.233672774800011585e-02	-5.427571531309630798e-02	6.838361126718514593e-02	-6.209125376140019192e-02	7.781497071806590948e-02	-3.319372470758576860e-02	7.732425681832200137e-02	-9.169399933039520945e-02	8.726280398975386210e-02	-5.886794951393842928e-02	6.445276877409789051e-02	-9.101123412558782821e-02	9.302153267606409759e-02	-1.068736265510433492e-01	8.598487644428430554e-02	-8.763988886385670751e-02	7.058738544862291908e-02	-1.157693364905403033e-01	1.285070890735320326e-01	-1.294034949705133442e-01	1.072458093203873392e-01	-7.732990331855972566e-02	2.315873595747787450e-01	-3.440208915986121552e-01	1.000000000000000222e+00	-2.862444247933980390e-02	1.233654745532710151e-01	-3.812252462105734097e-01	3.143271649053405170e-01	-7.690273214562293180e-01	2.800593955847435756e-02
-5.945147979876604788e-03	5.129326320795555942e-03	-6.607607931835335173e-03	7.441612803296374090e-03	-4.453987479785305632e-03	6.976315908191547434e-03	-8.848010735975742058e-03	8.621851444957719796e-03	-1.090990165281525461e-02	4.661378815820023391e-03	-9.659959748358523668e-03	1.293472237202892942e-02	-1.234778562297009219e-02	1.015025331066580182e-02	-1.099927782687124336e-02	1.069863343533467188e-02	-1.262323227225613069e-02	1.744963057599851347e-02	-1.582037949812269834e-02	2.304093074506979866e-02	-7.590869072070660292e-03	1.554330178054469033e-02	-1.637380024490939223e-02	2.416166197972835841e-02	-3.843050658246538465e-02	7.675263913284048091e-03	-1.462647650403128829e-02	1.589425539434651327e-02	-2.862444247933980390e-02	1.000000000000000666e+00	-1.175095913451034042e-02	1.886267952217854371e-02	-1.542229372189250769e-02	2.217624593516276388e-02	-9.978734851633231928e-01
1.085702298528555543e-01	-9.304351290335829971e-02	1.097624450311198707e-01	-1.204584112971067295e-01	7.434820977212934501e-02	-1.445154024604601017e-01	1.646808355028492044e-01	-1.408412001174777217e-01	1.666582657540044976e-01	-7.725010833984451153e-02	2.046579700955944436e-01	-1.891176539198574091e-01	1.743643669987353928e-01	-1.097142825073556816e-01	1.191774571003276217e-01	-3.524195353362816197e-01	1.749832328625667843e-01	-1.858413230268409488e-01	1.392587580585532003e-01	-1.380680545748844135e-01	2.877420892295745602e-01	-1.709610244095818576e-01	1.428445065669898539e-01	-1.404292499610437228e-01	1.483388324044098150e-01	-5.719154553043191980e-01	1.784291573197497593e-01	-1.344188896587227011e-01	1.233654745532710151e-01	-1.175095913451034042e-02	1.000000000000000888e+00	-2.533965764632447604e-01	1.264413007522196541e-01	-9.225238691424278437e-02	1.200509660148957325e-02
-6.738580435082990039e-02	5.654624496113664495e-02	-7.055439212690865769e-02	7.584175027135450775e-02	-4.598180556042697625e-02	8.035375078270812210e-02	-1.023945025814269327e-01	8.955397191919255151e-02	-1.140993988187496422e-01	4.658831873215910080e-02	-1.179663201004827883e-01	1.253339045432975696e-01	-1.254928438118043110e-01	8.106797742115637306e-02	-9.070799617771756196e-02	1.370574381493944727e-01	-1.315473688655314222e-01	1.379216323226370444e-01	-1.150281222227440420e-01	1.117396941805193639e-01	-1.201050314996816443e-01	1.533457913704701359e-01	-1.620868998303013064e-01	1.394357637799097938e-01	-1.421599409127654867e-01	1.338254007325924699e-01	-5.977110724769094663e-01	3.213251983396057110e-01	-3.812252462105734097e-01	1.886267952217854371e-02	-2.533965764632447604e-01	1.000000000000000888e+00	-5.113594949960806879e-01	2.532366224592392800e-01	-1.931365792146563787e-02
4.419990685737942154e-02	-3.751677236297801254e-02	4.698174265377524916e-02	-5.129853900250905957e-02	3.110721919819685669e-02	-5.297658587863367241e-02	6.665141547510182451e-02	-6.033519621259503946e-02	7.543256297803492549e-02	-3.193374156096228517e-02	7.586040393757187417e-02	-8.993256536441385229e-02	8.544607167149570470e-02	-5.678021816465599059e-02	6.222382761330785134e-02	-9.027961237939823025e-02	9.375240047202859639e-02	-1.042194055062844599e-01	8.279151295374899411e-02	-8.334479866671465342e-02	7.138963171582204947e-02	-1.207717129584870430e-01	1.371693319777189946e-01	-1.183536388498181574e-01	1.017800409621361646e-01	-7.947757140405649345e-02	2.922659258891018852e-01	-5.420161531811272804e-01	3.143271649053405170e-01	-1.542229372189250769e-02	1.264413007522196541e-01	-5.113594949960806879e-01	1.000000000000001110e+00	-5.289756384958020918e-01	1.561041507451843557e-02
-3.337426648529032147e-02	2.823992310606401879e-02	-3.546706214755798031e-02	3.860157306728419224e-02	-2.344181008609011810e-02	3.964858832316461162e-02	-5.030165808531839033e-02	4.539861550924001454e-02	-5.730692717922225565e-02	2.396988398997685135e-02	-5.699949574401935726e-02	6.643567592050700354e-02	-6.443507213796489941e-02	4.308263405765487553e-02	-4.756947740598645863e-02	6.585875250331274522e-02	-6.934935322147421644e-02	7.692049603989692397e-02	-6.363885216845219239e-02	6.350384127583483251e-02	-5.247855818850745424e-02	8.521116903773295892e-02	-9.926656121915175546e-02	9.082456199038171918e-02	-8.149983641816553603e-02	5.687807385892086620e-02	-2.066815492357259032e-01	2.459939710618392339e-01	-7.690273214562293180e-01	2.217624593516276388e-02	-9.225238691424278437e-02	2.532366224592392800e-01	-5.289756384958020918e-01	1.000000000000000666e+00	-2.264946245475596420e-02
6.072784541252596036e-03	-5.242677024843794831e-03	6.751147972111667950e-03	-7.610146577861021111e-03	4.554171050067279403e-03	-7.133171840424584742e-03	9.036749109945396707e-03	-8.814451893876862343e-03	1.113450943690436068e-02	-4.770428854811228914e-03	9.867298683181535690e-03	-1.326243439942494107e-02	1.261066764931398354e-02	-1.037127844401222743e-02	1.121637995077486016e-02	-1.095380759925868031e-02	1.289365575715069323e-02	-1.790411308780379129e-02	1.608367831335583142e-02	-2.359632074207414221e-02	7.760174249078211073e-03	-1.592419948104345506e-02	1.660969104816489850e-02	-2.466780664631086639e-02	3.703655845780304268e-02	-7.852105116423757636e-03	1.485997072911768302e-02	-1.618343297405984427e-02	2.800593955847435756e-02	-9.978734851633231928e-01	1.200509660148957325e-02	-1.931365792146563787e-02	1.561041507451843557e-02	-2.264946245475596420e-02	1.000000000000000444e+00
