1.000000000000000000e+00	-3.625530843000830394e-01	1.902905937505203204e-01	-1.708284546529520997e-01	1.906257917524112055e-01	-7.501203387712120918e-01	3.086934234080020989e-01	-2.327905105242825679e-01	1.557108781554509547e-01	-1.101366099015926858e-01	2.253676780798885837e-01	-2.123871612323766089e-01	1.847635128993269649e-01	-1.683551779861418018e-01	9.450208191465934993e-02	-9.388697332399176254e-02	1.256567832646073857e-01	-1.551603786328845103e-01	1.252202961725499830e-01	-1.271067438616395318e-01	8.135223092240627396e-02	-9.586655167875683670e-02	9.412036399586069801e-02	-1.440185799866854077e-01	8.411680200168683563e-02	-2.350089668497596859e-02	8.016402255606311367e-02	-9.586876750520667567e-02	1.285978159296228829e-01	-9.653030650132195245e-02	2.478287408477525267e-02	-8.522586993028551106e-02	1.041996128919241704e-01	-7.008911113802240855e-02	9.208531782808708488e-02
-3.625530843000830394e-01	1.000000000000000444e+00	-6.034486282978402949e-01	2.718728944702751282e-01	-3.291295339725233138e-01	2.295872612203787855e-01	-4.120067148788109646e-01	2.878317553558741304e-01	-2.480793616055629591e-01	1.403951712536423979e-01	-2.734430017465810936e-01	2.182733892707488799e-01	-2.563039569858280853e-01	2.109386720538540538e-01	-1.256863674234348915e-01	1.029357919928366449e-01	-1.461767940707681124e-01	1.627453031328920940e-01	-1.589949099983219150e-01	1.503605361212208280e-01	-9.414904224866421645e-02	1.070637483166441972e-01	-1.087052775469532911e-01	1.645310316136475437e-01	-1.028087405603158311e-01	2.693230477494010580e-02	-9.271583158008735170e-02	1.087661111824318044e-01	-1.582977393661169629e-01	1.127937796579261825e-01	-2.863172947528549658e-02	9.585724631250366889e-02	-1.237063840679896165e-01	8.385415968782970741e-02	-1.120147019155978418e-01
1.902905937505203204e-01	-6.034486282978402949e-01	1.000000000000000444e+00	-5.224182862942506889e-01	2.608293176535533275e-01	-1.462808452857405628e-01	2.355234820584076183e-01	-4.298165637244529269e-01	2.743904320169164857e-01	-1.320764633485180251e-01	1.896527858660164156e-01	-1.703174545977982624e-01	2.267068387107321059e-01	-2.231002294988100321e-01	1.136138562278444786e-01	-8.142428744134178054e-02	1.163167990197714052e-01	-1.383419379726479048e-01	1.449647052871841924e-01	-1.386917244413117811e-01	7.379681616396538413e-02	-8.811103888937830975e-02	9.129383243439445628e-02	-1.520062925421571676e-01	9.025092773234288934e-02	-2.189599846138466990e-02	7.566640822701234392e-02	-9.199222453895496143e-02	1.323632963287679765e-01	-1.001079859334532418e-01	2.320695379195148594e-02	-7.961840378342385782e-02	1.012749706794464077e-01	-6.975689194488615685e-02	9.226085331986866311e-02
-1.708284546529520997e-01	2.718728944702751282e-01	-5.224182862942506889e-01	1.000000000000000888e+00	-4.456411993759236689e-01	1.255199791872049775e-01	-2.098849796672032364e-01	2.872038878650057248e-01	-5.716067459281425345e-01	1.535496100108625639e-01	-1.897764465926053967e-01	1.592208989913755368e-01	-2.348823586177049838e-01	2.504071186343583832e-01	-1.354888981237908074e-01	8.120727015652544345e-02	-1.173230739910931242e-01	1.368526183114817663e-01	-1.668494866813796940e-01	1.493986489063131584e-01	-7.452055954114231162e-02	8.906967392311293530e-02	-9.424800859783850904e-02	1.582335486253771961e-01	-9.799219268203804289e-02	2.228410984267762199e-02	-7.734944715988759101e-02	9.434976674840639399e-02	-1.410038905516786678e-01	1.056966820501836629e-01	-2.366327858080581603e-02	8.103871574120270760e-02	-1.049487960107841622e-01	7.303909552383841541e-02	-9.703678260697354285e-02
1.906257917524112055e-01	-3.291295339725233138e-01	2.608293176535533275e-01	-4.456411993759236689e-01	1.000000000000001332e+00	-1.432272005515514701e-01	2.225251877759676922e-01	-2.736729174992941216e-01	2.637417882110637546e-01	-3.313422846890651252e-01	2.229637740505444332e-01	-1.880221364477754342e-01	2.377869987504759308e-01	-2.829892844022730003e-01	2.195145307976109628e-01	-1.168153149233764759e-01	1.695696243302629580e-01	-2.153315954956783740e-01	2.143612568536996388e-01	-2.575055071375697002e-01	1.068237740366017458e-01	-1.349812444185339022e-01	1.427110914835439393e-01	-2.411428220174406944e-01	1.579379089759501142e-01	-3.398113514021081777e-02	1.175879859133313887e-01	-1.473442033895019376e-01	2.173931936984757896e-01	-1.803838560611571717e-01	3.598305188627873297e-02	-1.265189360726045043e-01	1.615941363394679531e-01	-1.142900007100982607e-01	1.509260060693251582e-01
-7.501203387712120918e-01	2.295872612203787855e-01	-1.462808452857405628e-01	1.255199791872049775e-01	-1.432272005515514701e-01	1.000000000000001110e+00	-5.181222396555501541e-01	1.855290251066737950e-01	-1.238139824040168369e-01	8.139439065928312511e-02	-2.626050770867038864e-01	2.028300718764933508e-01	-1.617296484150677061e-01	1.304714179112231864e-01	-7.089995537884470622e-02	7.725738009618891844e-02	-1.007947881313305954e-01	1.162381849944216228e-01	-9.517974103729619217e-02	9.336167881769734389e-02	-6.688882950076012468e-02	7.389301112047265419e-02	-7.121473422570201439e-02	1.064033567942741787e-01	-6.216675394222389434e-02	1.793970034881635367e-02	-6.121513214130047675e-02	7.160343628707802055e-02	-9.541895450528932454e-02	7.061295225990037172e-02	-1.893575546679117025e-02	6.396892190113613597e-02	-7.813279046950873108e-02	5.206568154377037849e-02	-6.843851393230770963e-02
3.086934234080020989e-01	-4.120067148788109646e-01	2.355234820584076183e-01	-2.098849796672032364e-01	2.225251877759676922e-01	-5.181222396555501541e-01	1.000000000000000888e+00	-3.851131295418556699e-01	2.045553815803580755e-01	-1.301416660811151593e-01	2.861665127381413654e-01	-4.006639993738187466e-01	2.592799498417142634e-01	-2.157831222887920952e-01	1.126449254401692274e-01	-1.115657336920144876e-01	1.527092674470352240e-01	-1.812192755640548714e-01	1.508909680229412742e-01	-1.484329317906788459e-01	9.664127574814913857e-02	-1.124364449254175030e-01	1.096449659538800830e-01	-1.688479350260420619e-01	9.778159558774340843e-02	-2.724174317701348255e-02	9.316058928458638422e-02	-1.107617252469192404e-01	1.483312437567883280e-01	-1.111675817843488234e-01	2.873332806390783284e-02	-9.826643781400384858e-02	1.200595670394842135e-01	-8.059837909608161266e-02	1.058040873588760866e-01
-2.327905105242825679e-01	2.878317553558741304e-01	-4.298165637244529269e-01	2.872038878650057248e-01	-2.736729174992941216e-01	1.855290251066737950e-01	-3.851131295418556699e-01	1.000000000000001110e+00	-4.693055042188625792e-01	1.460119606206600751e-01	-2.655475738669862418e-01	2.456292732550514335e-01	-4.902093298002215827e-01	2.831053142334519768e-01	-1.332981947199970707e-01	1.001564951061468950e-01	-1.436703815725741407e-01	1.626210940169320607e-01	-1.807066059943165381e-01	1.567890963387653380e-01	-9.065701543582223298e-02	1.046298546829966120e-01	-1.074550356721458155e-01	1.749268585352015681e-01	-1.038871683322570572e-01	2.580807334414819340e-02	-8.930119478706059766e-02	1.067276394071009910e-01	-1.533788736293694166e-01	1.128211108247538091e-01	-2.737538467312221335e-02	9.270043322413909492e-02	-1.180924928006057972e-01	8.064035986942576228e-02	-1.067919708808982848e-01
1.557108781554509547e-01	-2.480793616055629591e-01	2.743904320169164857e-01	-5.716067459281425345e-01	2.637417882110637546e-01	-1.238139824040168369e-01	2.045553815803580755e-01	-4.693055042188625792e-01	1.000000000000000222e+00	-1.732873685081026960e-01	1.871948879574454883e-01	-1.741796786918942130e-01	2.705757108680383327e-01	-4.935166286531031954e-01	1.496141327849162816e-01	-8.373259446889244617e-02	1.208017616264131650e-01	-1.449318308442516523e-01	1.985713497158719254e-01	-1.708571784989160736e-01	7.626392433520433334e-02	-9.321205790389848478e-02	1.003616950524395257e-01	-1.898756395506234762e-01	1.059399527770547161e-01	-2.294093888814791038e-02	7.997795992911344021e-02	-1.001890995264261008e-01	1.470048691612337310e-01	-1.144166460651263872e-01	2.431142835299078889e-02	-8.429413567757544634e-02	1.079445428198066992e-01	-7.576787157710107579e-02	9.972512465560809392e-02
-1.101366099015926858e-01	1.403951712536423979e-01	-1.320764633485180251e-01	1.535496100108625639e-01	-3.313422846890651252e-01	8.139439065928312511e-02	-1.301416660811151593e-01	1.460119606206600751e-01	-1.732873685081026960e-01	1.000000000000001554e+00	-1.431280565434139007e-01	1.148370948206251241e-01	-1.690038464279242925e-01	2.022687658220978513e-01	-8.183720290300636746e-01	7.341825030650107886e-02	-1.085936286970706488e-01	1.264054299784002910e-01	-1.922676030394291635e-01	2.515155509457857042e-01	-6.893959738286374594e-02	8.744324560378516353e-02	-9.876387161389334202e-02	1.656333686348132328e-01	-1.722400953334010110e-01	2.237533049530767218e-02	-7.909397240994078815e-02	1.004631620638012646e-01	-1.885798015459760057e-01	1.435671537623765814e-01	-2.383669736491791230e-02	8.391005481749863604e-02	-1.160429104675795159e-01	8.872727534735799781e-02	-1.210589896455623593e-01
2.253676780798885837e-01	-2.734430017465810936e-01	1.896527858660164156e-01	-1.897764465926053967e-01	2.229637740505444332e-01	-2.626050770867038864e-01	2.861665127381413654e-01	-2.655475738669862418e-01	1.871948879574454883e-01	-1.431280565434139007e-01	1.000000000000001776e+00	-6.691955078160449766e-01	2.838642896745592892e-01	-2.414156269288745549e-01	1.234958957455457446e-01	-2.202960889975762449e-01	2.103441670872832903e-01	-2.420827391607443257e-01	1.712760314072048762e-01	-1.698335911800820941e-01	1.580743026934384177e-01	-1.600791487795569790e-01	1.415192090861207008e-01	-2.010168211527609272e-01	1.121575057695346211e-01	-3.694362021345666547e-02	1.242397350128041367e-01	-1.416262996024968968e-01	1.737869006925767124e-01	-1.293483438337521274e-01	3.868570748465798015e-02	-1.295393060751199865e-01	1.497648842934935498e-01	-9.740610969369679906e-02	1.263921255534709853e-01
-2.123871612323766089e-01	2.182733892707488799e-01	-1.703174545977982624e-01	1.592208989913755368e-01	-1.880221364477754342e-01	2.028300718764933508e-01	-4.006639993738187466e-01	2.456292732550514335e-01	-1.741796786918942130e-01	1.148370948206251241e-01	-6.691955078160449766e-01	1.000000000000002220e+00	-4.688477401402960654e-01	2.146877802898632115e-01	-1.032032002613192806e-01	1.395863748394071957e-01	-2.090517538221839666e-01	1.890062436579040828e-01	-1.471638986765251289e-01	1.336612072109002458e-01	-1.199829251916467721e-01	1.231218050502508043e-01	-1.115477413947825319e-01	1.564754675666910622e-01	-8.931190936991430240e-02	2.842989200166982922e-02	-9.755173380399995153e-02	1.089102119386217149e-01	-1.381708967325108173e-01	1.002581934464078645e-01	-2.998893370161389432e-02	9.865645236602503532e-02	-1.177825773736877885e-01	7.639699619752686466e-02	-9.988335358639187367e-02
1.847635128993269649e-01	-2.563039569858280853e-01	2.267068387107321059e-01	-2.348823586177049838e-01	2.377869987504759308e-01	-1.617296484150677061e-01	2.592799498417142634e-01	-4.902093298002215827e-01	2.705757108680383327e-01	-1.690038464279242925e-01	2.838642896745592892e-01	-4.688477401402960654e-01	1.000000000000000444e+00	-4.920892587674731145e-01	1.512104785598764045e-01	-1.181846675934734719e-01	1.689025534613940172e-01	-2.075131895377892721e-01	2.155670325107091057e-01	-1.899450896482540729e-01	1.034515401734656115e-01	-1.236322404883331144e-01	1.260606871473106128e-01	-2.231498234970379635e-01	1.191613945361319205e-01	-2.955445415907347398e-02	1.024264270510970160e-01	-1.253141284744459794e-01	1.713327864941192047e-01	-1.318534271106783506e-01	3.120571881460051933e-02	-1.075993313454063210e-01	1.329986154635911244e-01	-9.083815401251979504e-02	1.186629432864065720e-01
-1.683551779861418018e-01	2.109386720538540538e-01	-2.231002294988100321e-01	2.504071186343583832e-01	-2.829892844022730003e-01	1.304714179112231864e-01	-2.157831222887920952e-01	2.831053142334519768e-01	-4.935166286531031954e-01	2.022687658220978513e-01	-2.414156269288745549e-01	2.146877802898632115e-01	-4.920892587674731145e-01	1.000000000000000444e+00	-2.393238378726300353e-01	1.028407790263533989e-01	-1.509035543231978804e-01	1.735973793744973459e-01	-4.307661721684878930e-01	2.244567686341243651e-01	-9.498362017841377458e-02	1.152167489885383006e-01	-1.293987426826365972e-01	2.492327114593712589e-01	-1.426792442189860621e-01	2.836691107673015161e-02	-9.980610941068494835e-02	1.251606329095465986e-01	-1.934908873140993579e-01	1.433469130044539297e-01	-3.013740454592362533e-02	1.038242946838159597e-01	-1.362441114965478040e-01	9.648063357420499919e-02	-1.275706286087984753e-01
9.450208191465934993e-02	-1.256863674234348915e-01	1.136138562278444786e-01	-1.354888981237908074e-01	2.195145307976109628e-01	-7.089995537884470622e-02	1.126449254401692274e-01	-1.332981947199970707e-01	1.496141327849162816e-01	-8.183720290300636746e-01	1.234958957455457446e-01	-1.032032002613192806e-01	1.512104785598764045e-01	-2.393238378726300353e-01	9.999999999999997780e-01	-6.530173786150288151e-02	9.605722582544916344e-02	-1.153286409648869026e-01	1.871286503370715171e-01	-3.812131261506315205e-01	6.089749326260497642e-02	-7.839370741027665290e-02	8.901161385833331052e-02	-1.643656721157372713e-01	1.652852739658378645e-01	-1.975111118244262526e-02	6.983190258600342759e-02	-9.065946526955313833e-02	1.623981302784857361e-01	-1.485017832923341830e-01	2.098589610261904562e-02	-7.468472932705194633e-02	1.009506889056666912e-01	-7.773808345585035695e-02	1.041513717489410823e-01
-9.388697332399176254e-02	1.029357919928366449e-01	-8.142428744134178054e-02	8.120727015652544345e-02	-1.168153149233764759e-01	7.725738009618891844e-02	-1.115657336920144876e-01	1.001564951061468950e-01	-8.373259446889244617e-02	7.341825030650107886e-02	-2.202960889975762449e-01	1.395863748394071957e-01	-1.181846675934734719e-01	1.028407790263533989e-01	-6.530173786150288151e-02	9.999999999999987788e-01	-3.593962280095750472e-01	2.248498496832288251e-01	-1.037497395027875829e-01	9.838583084389075639e-02	-8.081964509713340794e-01	2.650133131443689893e-01	-1.783671092767603328e-01	1.303984859807128804e-01	-7.292728955420998971e-02	6.021385934021258879e-02	-1.914582494695886150e-01	1.499431501018738955e-01	-1.381784099174608038e-01	8.591009031671963114e-02	-6.376578549015292363e-02	1.522566139319778133e-01	-1.680551507073021200e-01	8.986903017398553684e-02	-1.153755745927716042e-01
1.256567832646073857e-01	-1.461767940707681124e-01	1.163167990197714052e-01	-1.173230739910931242e-01	1.695696243302629580e-01	-1.007947881313305954e-01	1.527092674470352240e-01	-1.436703815725741407e-01	1.208017616264131650e-01	-1.085936286970706488e-01	2.103441670872832903e-01	-2.090517538221839666e-01	1.689025534613940172e-01	-1.509035543231978804e-01	9.605722582544916344e-02	-3.593962280095750472e-01	1.000000000000000000e+00	-6.873810629953064355e-01	1.552159022995430460e-01	-1.469800796617053984e-01	2.487476068398154494e-01	-3.924974515792969965e-01	2.332192179759455808e-01	-1.968297152831673391e-01	1.057149198496346865e-01	-6.000351400517161399e-02	2.154390153711340516e-01	-2.188904039833696469e-01	1.914969758523609455e-01	-1.250141052680082687e-01	6.176372642961316939e-02	-2.158047152305307137e-01	2.112333651897046471e-01	-1.208024117597757546e-01	1.521420411269837625e-01
-1.551603786328845103e-01	1.627453031328920940e-01	-1.383419379726479048e-01	1.368526183114817663e-01	-2.153315954956783740e-01	1.162381849944216228e-01	-1.812192755640548714e-01	1.626210940169320607e-01	-1.449318308442516523e-01	1.264054299784002910e-01	-2.420827391607443257e-01	1.890062436579040828e-01	-2.075131895377892721e-01	1.735973793744973459e-01	-1.153286409648869026e-01	2.248498496832288251e-01	-6.873810629953064355e-01	9.999999999999970024e-01	-2.015861674002546178e-01	1.711965789710977459e-01	-2.270952990863772669e-01	2.683663445244148238e-01	-3.114357047614785268e-01	2.211953358784231605e-01	-1.315314444613616685e-01	6.340078943049105853e-02	-2.345310252744574053e-01	2.355981276133499724e-01	-2.547219634623909545e-01	1.499313925037384920e-01	-6.858723734342481171e-02	2.074389422967686247e-01	-2.822181943140275595e-01	1.566971370394570351e-01	-2.090513700561010824e-01
1.252202961725499830e-01	-1.589949099983219150e-01	1.449647052871841924e-01	-1.668494866813796940e-01	2.143612568536996388e-01	-9.517974103729619217e-02	1.508909680229412742e-01	-1.807066059943165381e-01	1.985713497158719254e-01	-1.922676030394291635e-01	1.712760314072048762e-01	-1.471638986765251289e-01	2.155670325107091057e-01	-4.307661721684878930e-01	1.871286503370715171e-01	-1.037497395027875829e-01	1.552159022995430460e-01	-2.015861674002546178e-01	9.999999999999998890e-01	-4.332901967981681035e-01	9.736966560607844545e-02	-1.343451808391235847e-01	1.725225020824013855e-01	-6.334050733040088588e-01	1.986645479104453271e-01	-3.148692036590275412e-02	1.137767366316197182e-01	-1.638722754815214733e-01	2.445336112814057716e-01	-2.019530463990591163e-01	3.333360735414749032e-02	-1.205364235531267980e-01	1.572186263685648733e-01	-1.171863019011100543e-01	1.500456244701924846e-01
-1.271067438616395318e-01	1.503605361212208280e-01	-1.386917244413117811e-01	1.493986489063131584e-01	-2.575055071375697002e-01	9.336167881769734389e-02	-1.484329317906788459e-01	1.567890963387653380e-01	-1.708571784989160736e-01	2.515155509457857042e-01	-1.698335911800820941e-01	1.336612072109002458e-01	-1.899450896482540729e-01	2.244567686341243651e-01	-3.812131261506315205e-01	9.838583084389075639e-02	-1.469800796617053984e-01	1.711965789710977459e-01	-4.332901967981681035e-01	9.999999999999994449e-01	-9.354179467588252805e-02	1.237093500874369006e-01	-1.483623885070909643e-01	2.668662985765328233e-01	-5.244411589384803118e-01	3.160327194657234356e-02	-1.134726830060116265e-01	1.503789436352256370e-01	-3.211827810816614281e-01	2.818221053991050717e-01	-3.368068836516496800e-02	1.214860822801926421e-01	-1.728234585452337879e-01	1.418193146274796534e-01	-1.945140171042274158e-01
8.135223092240627396e-02	-9.414904224866421645e-02	7.379681616396538413e-02	-7.452055954114231162e-02	1.068237740366017458e-01	-6.688882950076012468e-02	9.664127574814913857e-02	-9.065701543582223298e-02	7.626392433520433334e-02	-6.893959738286374594e-02	1.580743026934384177e-01	-1.199829251916467721e-01	1.034515401734656115e-01	-9.498362017841377458e-02	6.089749326260497642e-02	-8.081964509713340794e-01	2.487476068398154494e-01	-2.270952990863772669e-01	9.736966560607844545e-02	-9.354179467588252805e-02	9.999999999999993339e-01	-4.122319581872274652e-01	1.752939919102394217e-01	-1.284977169268197161e-01	6.830510543568717174e-02	-6.520305737231969767e-02	1.870862714173435470e-01	-1.574420196524746740e-01	1.275557247562862373e-01	-8.141286320727654513e-02	6.405311145814779339e-02	-1.649409185491618746e-01	1.534028305906985912e-01	-8.360404889855801991e-02	1.043179688903023983e-01
-9.586655167875683670e-02	1.070637483166441972e-01	-8.811103888937830975e-02	8.906967392311293530e-02	-1.349812444185339022e-01	7.389301112047265419e-02	-1.124364449254175030e-01	1.046298546829966120e-01	-9.321205790389848478e-02	8.744324560378516353e-02	-1.600791487795569790e-01	1.231218050502508043e-01	-1.236322404883331144e-01	1.152167489885383006e-01	-7.839370741027665290e-02	2.650133131443689893e-01	-3.924974515792969965e-01	2.683663445244148238e-01	-1.343451808391235847e-01	1.237093500874369006e-01	-4.122319581872274652e-01	9.999999999999968914e-01	-4.278727214442736293e-01	1.791010485764646665e-01	-9.480389820787916977e-02	8.470566416373431773e-02	-5.067461375933859369e-01	2.600801197820029054e-01	-1.925853176913342735e-01	1.132429938192487801e-01	-8.902893799270923669e-02	2.662033349893642709e-01	-2.664741051095600444e-01	1.313117140927218818e-01	-1.643311727614297779e-01
9.412036399586069801e-02	-1.087052775469532911e-01	9.129383243439445628e-02	-9.424800859783850904e-02	1.427110914835439393e-01	-7.121473422570201439e-02	1.096449659538800830e-01	-1.074550356721458155e-01	1.003616950524395257e-01	-9.876387161389334202e-02	1.415192090861207008e-01	-1.115477413947825319e-01	1.260606871473106128e-01	-1.293987426826365972e-01	8.901161385833331052e-02	-1.783671092767603328e-01	2.332192179759455808e-01	-3.114357047614785268e-01	1.725225020824013855e-01	-1.483623885070909643e-01	1.752939919102394217e-01	-4.278727214442736293e-01	9.999999999999977796e-01	-3.078829411717228792e-01	1.111358444618737173e-01	-5.610374498621716749e-02	2.300403714441703606e-01	-6.860488446918531213e-01	2.272877139418142400e-01	-1.342391669443699365e-01	5.802020278121973462e-02	-2.280385832231422161e-01	2.586654800822381084e-01	-1.415730256162095746e-01	1.642557612152688307e-01
-1.440185799866854077e-01	1.645310316136475437e-01	-1.520062925421571676e-01	1.582335486253771961e-01	-2.411428220174406944e-01	1.064033567942741787e-01	-1.688479350260420619e-01	1.749268585352015681e-01	-1.898756395506234762e-01	1.656333686348132328e-01	-2.010168211527609272e-01	1.564754675666910622e-01	-2.231498234970379635e-01	2.492327114593712589e-01	-1.643656721157372713e-01	1.303984859807128804e-01	-1.968297152831673391e-01	2.211953358784231605e-01	-6.334050733040088588e-01	2.668662985765328233e-01	-1.284977169268197161e-01	1.791010485764646665e-01	-3.078829411717228792e-01	9.999999999999958922e-01	-2.149538487849284862e-01	4.234718164831288711e-02	-1.575100074442514764e-01	2.256258381988318074e-01	-4.071854177684269827e-01	2.087276417002851270e-01	-4.514284654243641559e-02	1.599263397501826389e-01	-2.238826429257206041e-01	1.662132490705656718e-01	-2.138034922467176024e-01
8.411680200168683563e-02	-1.028087405603158311e-01	9.025092773234288934e-02	-9.799219268203804289e-02	1.579379089759501142e-01	-6.216675394222389434e-02	9.778159558774340843e-02	-1.038871683322570572e-01	1.059399527770547161e-01	-1.722400953334010110e-01	1.121575057695346211e-01	-8.931190936991430240e-02	1.191613945361319205e-01	-1.426792442189860621e-01	1.652852739658378645e-01	-7.292728955420998971e-02	1.057149198496346865e-01	-1.315314444613616685e-01	1.986645479104453271e-01	-5.244411589384803118e-01	6.830510543568717174e-02	-9.480389820787916977e-02	1.111358444618737173e-01	-2.149538487849284862e-01	9.999999999999988898e-01	-2.373993243981699364e-02	8.519484277410646622e-02	-1.214605300567109525e-01	2.523049703515550801e-01	-7.218302078007527989e-01	2.510464614672132388e-02	-9.603918111823965542e-02	1.298683156553388229e-01	-1.218467465252968257e-01	1.557442837901482080e-01
-2.350089668497596859e-02	2.693230477494010580e-02	-2.189599846138466990e-02	2.228410984267762199e-02	-3.398113514021081777e-02	1.793970034881635367e-02	-2.724174317701348255e-02	2.580807334414819340e-02	-2.294093888814791038e-02	2.237533049530767218e-02	-3.694362021345666547e-02	2.842989200166982922e-02	-2.955445415907347398e-02	2.836691107673015161e-02	-1.975111118244262526e-02	6.021385934021258879e-02	-6.000351400517161399e-02	6.340078943049105853e-02	-3.148692036590275412e-02	3.160327194657234356e-02	-6.520305737231969767e-02	8.470566416373431773e-02	-5.610374498621716749e-02	4.234718164831288711e-02	-2.373993243981699364e-02	9.999999999999975575e-01	-1.490676152912346342e-01	5.990367990427864636e-02	-4.671600552536150225e-02	2.911266418509757953e-02	-9.762728026220549582e-01	1.081076709779113382e-01	-6.819480469431297986e-02	3.423124315716404020e-02	-4.127672684171777157e-02
8.016402255606311367e-02	-9.271583158008735170e-02	7.566640822701234392e-02	-7.734944715988759101e-02	1.175879859133313887e-01	-6.121513214130047675e-02	9.316058928458638422e-02	-8.930119478706059766e-02	7.997795992911344021e-02	-7.909397240994078815e-02	1.242397350128041367e-01	-9.755173380399995153e-02	1.024264270510970160e-01	-9.980610941068494835e-02	6.983190258600342759e-02	-1.914582494695886150e-01	2.154390153711340516e-01	-2.345310252744574053e-01	1.137767366316197182e-01	-1.134726830060116265e-01	1.870862714173435470e-01	-5.067461375933859369e-01	2.300403714441703606e-01	-1.575100074442514764e-01	8.519484277410646622e-02	-1.490676152912346342e-01	9.999999999999965583e-01	-2.677293753938993492e-01	1.694872449457801855e-01	-1.056716017505510696e-01	1.298578608117048061e-01	-6.704275759955783398e-01	2.668114928411561837e-01	-1.306176076272491104e-01	1.498965664036506495e-01
-9.586876750520667567e-02	1.087661111824318044e-01	-9.199222453895496143e-02	9.434976674840639399e-02	-1.473442033895019376e-01	7.160343628707802055e-02	-1.107617252469192404e-01	1.067276394071009910e-01	-1.001890995264261008e-01	1.004631620638012646e-01	-1.416262996024968968e-01	1.089102119386217149e-01	-1.253141284744459794e-01	1.251606329095465986e-01	-9.065946526955313833e-02	1.499431501018738955e-01	-2.188904039833696469e-01	2.355981276133499724e-01	-1.638722754815214733e-01	1.503789436352256370e-01	-1.574420196524746740e-01	2.600801197820029054e-01	-6.860488446918531213e-01	2.256258381988318074e-01	-1.214605300567109525e-01	5.990367990427864636e-02	-2.677293753938993492e-01	9.999999999999974465e-01	-3.169703301104592197e-01	1.498163803669236849e-01	-6.399364285661202079e-02	2.363258000843077022e-01	-4.405945626500675782e-01	1.874427671908568405e-01	-2.173811314582373977e-01
1.285978159296228829e-01	-1.582977393661169629e-01	1.323632963287679765e-01	-1.410038905516786678e-01	2.173931936984757896e-01	-9.541895450528932454e-02	1.483312437567883280e-01	-1.533788736293694166e-01	1.470048691612337310e-01	-1.885798015459760057e-01	1.737869006925767124e-01	-1.381708967325108173e-01	1.713327864941192047e-01	-1.934908873140993579e-01	1.623981302784857361e-01	-1.381784099174608038e-01	1.914969758523609455e-01	-2.547219634623909545e-01	2.445336112814057716e-01	-3.211827810816614281e-01	1.275557247562862373e-01	-1.925853176913342735e-01	2.272877139418142400e-01	-4.071854177684269827e-01	2.523049703515550801e-01	-4.671600552536150225e-02	1.694872449457801855e-01	-3.169703301104592197e-01	9.999999999999974465e-01	-4.512274093009599474e-01	4.883083970160383147e-02	-2.055453619528818388e-01	2.620757095543144732e-01	-3.701207410340193182e-01	2.824870279179680366e-01
-9.653030650132195245e-02	1.127937796579261825e-01	-1.001079859334532418e-01	1.056966820501836629e-01	-1.803838560611571717e-01	7.061295225990037172e-02	-1.111675817843488234e-01	1.128211108247538091e-01	-1.144166460651263872e-01	1.435671537623765814e-01	-1.293483438337521274e-01	1.002581934464078645e-01	-1.318534271106783506e-01	1.433469130044539297e-01	-1.485017832923341830e-01	8.591009031671963114e-02	-1.250141052680082687e-01	1.499313925037384920e-01	-2.019530463990591163e-01	2.818221053991050717e-01	-8.141286320727654513e-02	1.132429938192487801e-01	-1.342391669443699365e-01	2.087276417002851270e-01	-7.218302078007527989e-01	2.911266418509757953e-02	-1.056716017505510696e-01	1.498163803669236849e-01	-4.512274093009599474e-01	9.999999999999972244e-01	-3.089588076023348437e-02	1.194403638464761608e-01	-1.741768042591120558e-01	1.757695762422523678e-01	-2.491276517443675731e-01
2.478287408477525267e-02	-2.863172947528549658e-02	2.320695379195148594e-02	-2.366327858080581603e-02	3.598305188627873297e-02	-1.893575546679117025e-02	2.873332806390783284e-02	-2.737538467312221335e-02	2.431142835299078889e-02	-2.383669736491791230e-02	3.868570748465798015e-02	-2.998893370161389432e-02	3.120571881460051933e-02	-3.013740454592362533e-02	2.098589610261904562e-02	-6.376578549015292363e-02	6.176372642961316939e-02	-6.858723734342481171e-02	3.333360735414749032e-02	-3.368068836516496800e-02	6.405311145814779339e-02	-8.902893799270923669e-02	5.802020278121973462e-02	-4.514284654243641559e-02	2.510464614672132388e-02	-9.762728026220549582e-01	1.298578608117048061e-01	-6.399364285661202079e-02	4.883083970160383147e-02	-3.089588076023348437e-02	9.999999999999978906e-01	-1.200206191623823804e-01	7.012275911585724719e-02	-3.582185974237468706e-02	4.270234160507361404e-02
-8.522586993028551106e-02	9.585724631250366889e-02	-7.961840378342385782e-02	8.103871574120270760e-02	-1.265189360726045043e-01	6.396892190113613597e-02	-9.826643781400384858e-02	9.270043322413909492e-02	-8.429413567757544634e-02	8.391005481749863604e-02	-1.295393060751199865e-01	9.865645236602503532e-02	-1.075993313454063210e-01	1.038242946838159597e-01	-7.468472932705194633e-02	1.522566139319778133e-01	-2.158047152305307137e-01	2.074389422967686247e-01	-1.205364235531267980e-01	1.214860822801926421e-01	-1.649409185491618746e-01	2.662033349893642709e-01	-2.280385832231422161e-01	1.599263397501826389e-01	-9.603918111823965542e-02	1.081076709779113382e-01	-6.704275759955783398e-01	2.363258000843077022e-01	-2.055453619528818388e-01	1.194403638464761608e-01	-1.200206191623823804e-01	9.999999999999982236e-01	-5.158408729874125465e-01	1.821144828637704383e-01	-2.188897028111988774e-01
1.041996128919241704e-01	-1.237063840679896165e-01	1.012749706794464077e-01	-1.049487960107841622e-01	1.615941363394679531e-01	-7.813279046950873108e-02	1.200595670394842135e-01	-1.180924928006057972e-01	1.079445428198066992e-01	-1.160429104675795159e-01	1.497648842934935498e-01	-1.177825773736877885e-01	1.329986154635911244e-01	-1.362441114965478040e-01	1.009506889056666912e-01	-1.680551507073021200e-01	2.112333651897046471e-01	-2.822181943140275595e-01	1.572186263685648733e-01	-1.728234585452337879e-01	1.534028305906985912e-01	-2.664741051095600444e-01	2.586654800822381084e-01	-2.238826429257206041e-01	1.298683156553388229e-01	-6.819480469431297986e-02	2.668114928411561837e-01	-4.405945626500675782e-01	2.620757095543144732e-01	-1.741768042591120558e-01	7.012275911585724719e-02	-5.158408729874125465e-01	9.999999999999983347e-01	-4.095604582670556715e-01	2.753598465004332696e-01
-7.008911113802240855e-02	8.385415968782970741e-02	-6.975689194488615685e-02	7.303909552383841541e-02	-1.142900007100982607e-01	5.206568154377037849e-02	-8.059837909608161266e-02	8.064035986942576228e-02	-7.576787157710107579e-02	8.872727534735799781e-02	-9.740610969369679906e-02	7.639699619752686466e-02	-9.083815401251979504e-02	9.648063357420499919e-02	-7.773808345585035695e-02	8.986903017398553684e-02	-1.208024117597757546e-01	1.566971370394570351e-01	-1.171863019011100543e-01	1.418193146274796534e-01	-8.360404889855801991e-02	1.313117140927218818e-01	-1.415730256162095746e-01	1.662132490705656718e-01	-1.218467465252968257e-01	3.423124315716404020e-02	-1.306176076272491104e-01	1.874427671908568405e-01	-3.701207410340193182e-01	1.757695762422523678e-01	-3.582185974237468706e-02	1.821144828637704383e-01	-4.095604582670556715e-01	9.999999999999982236e-01	-7.754349230236694535e-01
9.208531782808708488e-02	-1.120147019155978418e-01	9.226085331986866311e-02	-9.703678260697354285e-02	1.509260060693251582e-01	-6.843851393230770963e-02	1.058040873588760866e-01	-1.067919708808982848e-01	9.972512465560809392e-02	-1.210589896455623593e-01	1.263921255534709853e-01	-9.988335358639187367e-02	1.186629432864065720e-01	-1.275706286087984753e-01	1.041513717489410823e-01	-1.153755745927716042e-01	1.521420411269837625e-01	-2.090513700561010824e-01	1.500456244701924846e-01	-1.945140171042274158e-01	1.043179688903023983e-01	-1.643311727614297779e-01	1.642557612152688307e-01	-2.138034922467176024e-01	1.557442837901482080e-01	-4.127672684171777157e-02	1.498965664036506495e-01	-2.173811314582373977e-01	2.824870279179680366e-01	-2.491276517443675731e-01	4.270234160507361404e-02	-2.188897028111988774e-01	2.753598465004332696e-01	-7.754349230236694535e-01	9.999999999999982236e-01
