1.000000000000000000e+00	-6.013398967518273075e-01	1.810582114074170412e-01	-1.548422941044309831e-01	1.691009478781645148e-01	-5.402422417255547948e-01	2.717161224111996898e-01	-2.570676756204032798e-01	8.887277109980423750e-02	-9.420444680407850935e-02	2.835159242690772907e-01	-2.056967694462195351e-01	1.546519786577232325e-01	-7.077118020910971863e-02	6.871045883201969129e-02	-1.636986301825656132e-01	1.396244196926011982e-01	-1.490070129671011712e-01	8.820930631979101433e-02	-9.680550509225395450e-02	1.010502415557610612e-01	-9.296929606070403196e-02	9.833086608463008360e-02	-6.577258382952423654e-02	7.426335807396870770e-02	-1.119960884842088333e-01	7.699468317323819588e-02	-8.600065361901519656e-02	6.601753074561855783e-02	-4.647518018631079800e-02	1.105769041247931239e-01	-6.364492255963984102e-02	7.199601768876620622e-02	-6.515456485157800071e-02	5.939449669263416332e-02
-6.013398967518273075e-01	9.999999999999997780e-01	-2.983508676759031863e-01	1.809814062623367470e-01	-1.941549536667670772e-01	2.414658801559517454e-01	-5.567146374150816479e-01	2.528565958834245730e-01	-8.990448733114811408e-02	8.922035165091804498e-02	-2.538686912762897485e-01	1.831608107407157182e-01	-1.606778598993834628e-01	6.842630968079325970e-02	-6.688399151987059477e-02	1.252434207706084046e-01	-1.360146580443084285e-01	1.355514630210530314e-01	-8.238757677148837721e-02	8.690075059115748290e-02	-8.522603132429773520e-02	7.903591134868225010e-02	-8.759462874980843139e-02	5.859776044431683900e-02	-6.721974203711383877e-02	9.121506464109262191e-02	-6.606545005743030829e-02	7.280812276029126340e-02	-5.897342986104849027e-02	4.167807924134477038e-02	-9.957979292283170025e-02	5.603455911458096045e-02	-6.449557742379419256e-02	5.746338146703040134e-02	-5.376955882469655612e-02
1.810582114074170412e-01	-2.983508676759031863e-01	9.999999999999993339e-01	-7.813189650825662635e-01	2.898296319303023116e-01	-1.258801086846739192e-01	1.866225818762775324e-01	-2.039424580292887312e-01	1.039201474873066855e-01	-1.055488883235932290e-01	1.381476484619680312e-01	-1.367112798634678716e-01	1.185583564131909712e-01	-7.729001784472067094e-02	7.271317309753300151e-02	-1.001390263000548342e-01	1.048468645363848928e-01	-1.108576200437021986e-01	7.423582025173014465e-02	-8.044090579633030036e-02	6.763387010384712406e-02	-6.764937789840815008e-02	7.373645739037501534e-02	-5.221266691358714129e-02	5.959228441247351599e-02	-8.025987562656114460e-02	5.742374833878879925e-02	-6.572696771395546145e-02	5.252079305571627499e-02	-3.741127881723935178e-02	8.691935766581226908e-02	-4.998629846608026311e-02	5.712222374404875291e-02	-5.185107738981921399e-02	4.803388736393413017e-02
-1.548422941044309831e-01	1.809814062623367470e-01	-7.813189650825662635e-01	9.999999999999997780e-01	-4.879293420800773773e-01	9.889483154669544140e-02	-1.523412679664347125e-01	1.449148424799891199e-01	-1.079030116897755492e-01	9.702116930091982117e-02	-1.172810938413312298e-01	1.053412601499196383e-01	-9.461026116317511336e-02	7.190773582979784195e-02	-6.766452752150865779e-02	7.928628613535357306e-02	-8.458424428890580493e-02	8.666790397731466422e-02	-6.204642248563260049e-02	6.607116693771705740e-02	-5.447556474277876620e-02	5.411189695768425095e-02	-5.967441949348218505e-02	4.232523850674761723e-02	-4.852371655836754810e-02	6.361947452612906617e-02	-4.602409695621863944e-02	5.235059904169155065e-02	-4.249679021080609437e-02	3.030207977180994147e-02	-7.040260280096814760e-02	4.023281929968981763e-02	-4.618412168780364202e-02	4.176971509780567915e-02	-3.898615197958138490e-02
1.691009478781645148e-01	-1.941549536667670772e-01	2.898296319303023116e-01	-4.879293420800773773e-01	9.999999999999994449e-01	-1.334502997425291715e-01	1.712211156898125752e-01	-2.001212488669870948e-01	1.217540538024986518e-01	-1.445381913415538233e-01	1.589289860451573444e-01	-1.639590564781050475e-01	1.326223386599050535e-01	-9.338878124229851863e-02	9.690024923486667552e-02	-1.394006108430208002e-01	1.306790029004068210e-01	-1.384619333770200911e-01	9.870590473944136634e-02	-1.090719842422868679e-01	9.443268302620631827e-02	-9.645964295471164129e-02	1.044978230559360094e-01	-7.506554556627276220e-02	8.579751759432119318e-02	-1.176246828705275888e-01	8.358887402289665036e-02	-9.733781453697215591e-02	7.694126667019210442e-02	-5.476214952780452533e-02	1.287311089076864090e-01	-7.416127568748542842e-02	8.463186941023650989e-02	-7.647940347846815534e-02	7.057039497486677915e-02
-5.402422417255547948e-01	2.414658801559517454e-01	-1.258801086846739192e-01	9.889483154669544140e-02	-1.334502997425291715e-01	9.999999999999996669e-01	-2.307507257256142530e-01	1.755350444252629649e-01	-6.639556104385846425e-02	6.884900965044316035e-02	-7.075867537424538334e-01	1.631124960185750261e-01	-1.250664815458282508e-01	5.285944953117199113e-02	-5.243458316106625050e-02	1.730896858354255552e-01	-1.202413128142339610e-01	1.154734150842572221e-01	-7.214408301804745016e-02	7.689993841475514791e-02	-1.144815629425795928e-01	8.911954504016947332e-02	-9.819925596730083583e-02	6.076247451597260874e-02	-6.974490708191370680e-02	1.065197493709921367e-01	-7.551704508049546238e-02	7.999631436549700658e-02	-6.294534979349951376e-02	4.367936473277859305e-02	-1.126872737822797732e-01	6.170308428981070153e-02	-7.096132989601645902e-02	6.110116587762725454e-02	-5.674004869635026344e-02
2.717161224111996898e-01	-5.567146374150816479e-01	1.866225818762775324e-01	-1.523412679664347125e-01	1.712211156898125752e-01	-2.307507257256142530e-01	9.999999999999992228e-01	-5.833121937398628720e-01	1.213592560563976491e-01	-1.208270267672974380e-01	2.083066008966028559e-01	-3.081451493500340089e-01	2.434116089112982606e-01	-9.467053806180357467e-02	8.724286068244757608e-02	-1.305396166626318355e-01	1.859395159976158785e-01	-2.050428867543742373e-01	1.077022322436510943e-01	-1.161600659417910686e-01	8.715158776960436893e-02	-8.808059353007145764e-02	9.580470154337848709e-02	-6.691444054412731823e-02	7.560424139212149064e-02	-9.783858068337770997e-02	7.099032924344450546e-02	-7.976625104015351575e-02	6.450584577205224768e-02	-4.617636405811247069e-02	1.026562335608841858e-01	-5.973082952926190431e-02	6.808133068468041893e-02	-6.328791170614415929e-02	5.858101135089710532e-02
-2.570676756204032798e-01	2.528565958834245730e-01	-2.039424580292887312e-01	1.449148424799891199e-01	-2.001212488669870948e-01	1.755350444252629649e-01	-5.833121937398628720e-01	9.999999999999997780e-01	-1.923875866159868164e-01	1.473154772231240472e-01	-2.264312165866440574e-01	2.813753590754539124e-01	-5.154859827565683172e-01	1.249060055320378310e-01	-1.152874422909009738e-01	1.308670575015570547e-01	-2.379337349597173412e-01	2.357395901168740371e-01	-1.334331897888647867e-01	1.305225406653579279e-01	-9.378377918656398415e-02	9.628255156815981874e-02	-1.098086843763308867e-01	7.595551021931498670e-02	-8.739222750799670314e-02	1.024245054029348928e-01	-7.776665237145555243e-02	8.603540301596250550e-02	-7.327932642262091623e-02	5.262405569980381503e-02	-1.166631444301612780e-01	6.657697784802586727e-02	-7.714475966727504797e-02	7.073611693990886073e-02	-6.744381143774466625e-02
8.887277109980423750e-02	-8.990448733114811408e-02	1.039201474873066855e-01	-1.079030116897755492e-01	1.217540538024986518e-01	-6.639556104385846425e-02	1.213592560563976491e-01	-1.923875866159868164e-01	9.999999999999998890e-01	-6.365593159542112245e-01	8.475808991438432693e-02	-1.101481213144418631e-01	1.195980330912770062e-01	-6.334675451250894040e-01	3.286119759393498208e-01	-6.537280249173366142e-02	1.009085378794365578e-01	-1.117056831209645162e-01	1.464514237411341790e-01	-1.540672695766132638e-01	4.669377814556936734e-02	-5.252459703134870761e-02	5.899218559595739708e-02	-5.433317271207890875e-02	6.096144131921233528e-02	-5.525627619627219989e-02	4.242624640422299614e-02	-4.932168974277557211e-02	4.558606864242886053e-02	-3.450569637476286894e-02	6.080975183321318811e-02	-3.754634279054946955e-02	4.290328768536964821e-02	-4.453974679583175278e-02	4.202704265405066836e-02
-9.420444680407850935e-02	8.922035165091804498e-02	-1.055488883235932290e-01	9.702116930091982117e-02	-1.445381913415538233e-01	6.884900965044316035e-02	-1.208270267672974380e-01	1.473154772231240472e-01	-6.365593159542112245e-01	9.999999999999997780e-01	-9.090406840787192133e-02	1.053386235524069597e-01	-1.124592900332874040e-01	3.294713875236660594e-01	-6.403418681413185487e-01	6.850818724025348194e-02	-1.045624258866459794e-01	1.065044691197122584e-01	-1.492955126054860415e-01	1.448199196539711464e-01	-4.957264323097227560e-02	5.508933606444654102e-02	-6.292113084080083740e-02	5.598111671745204659e-02	-6.462291535142881960e-02	5.829741629852190632e-02	-4.507491097379982131e-02	5.195688749942418277e-02	-4.855196554870176706e-02	3.659938462250959118e-02	-6.622462738205482646e-02	4.017613335939725083e-02	-4.633021714189411444e-02	4.691887634495310599e-02	-4.537086927984057549e-02
2.835159242690772907e-01	-2.538686912762897485e-01	1.381476484619680312e-01	-1.172810938413312298e-01	1.589289860451573444e-01	-7.075867537424538334e-01	2.083066008966028559e-01	-2.264312165866440574e-01	8.475808991438432693e-02	-9.090406840787192133e-02	1.000000000000000888e+00	-2.466825769141217373e-01	1.593224686741356311e-01	-6.904718609144100405e-02	6.810466712396741340e-02	-3.278394536027136041e-01	1.575302465511007333e-01	-1.577401691958602581e-01	9.570162231303738776e-02	-1.047123141707260452e-01	1.640138481805176740e-01	-1.286823870388145719e-01	1.321604768876249170e-01	-8.204281762268236800e-02	9.241032184566307095e-02	-1.616228910756497550e-01	1.058139886787689138e-01	-1.139509612687940043e-01	8.417475589085401944e-02	-5.824923626988478403e-02	1.476548364318591156e-01	-8.343037113799336990e-02	9.391261793358070264e-02	-8.277699484590472778e-02	7.476026605406402292e-02
-2.056967694462195351e-01	1.831608107407157182e-01	-1.367112798634678716e-01	1.053412601499196383e-01	-1.639590564781050475e-01	1.631124960185750261e-01	-3.081451493500340089e-01	2.813753590754539124e-01	-1.101481213144418631e-01	1.053386235524069597e-01	-2.466825769141217373e-01	9.999999999999984457e-01	-5.645510442769531290e-01	9.150827474853291676e-02	-8.986021550252804024e-02	1.398314191063230183e-01	-5.694572996342242011e-01	3.144324963086237990e-01	-1.449048344955045919e-01	1.424695728304320452e-01	-1.013691990710695046e-01	1.128036964227202427e-01	-1.254246349838373520e-01	8.233813022963645811e-02	-9.368202495990285428e-02	1.086694988557735525e-01	-8.471490673086384815e-02	9.273025956894456745e-02	-7.781369895189828301e-02	5.593859258843499049e-02	-1.205394186733253631e-01	6.982487903378027660e-02	-8.048530560138440759e-02	7.505499956267772110e-02	-7.115523796408282364e-02
1.546519786577232325e-01	-1.606778598993834628e-01	1.185583564131909712e-01	-9.461026116317511336e-02	1.326223386599050535e-01	-1.250664815458282508e-01	2.434116089112982606e-01	-5.154859827565683172e-01	1.195980330912770062e-01	-1.124592900332874040e-01	1.593224686741356311e-01	-5.645510442769531290e-01	1.000000000000001110e+00	-1.065726251989230350e-01	9.337843950868068843e-02	-1.094902441176243274e-01	3.023530791657567662e-01	-4.994752982218697568e-01	1.489561164837571450e-01	-1.518512841576202255e-01	7.792979515006426272e-02	-9.050858195543910745e-02	1.005057450870263519e-01	-7.169590107633873333e-02	7.988279905876502496e-02	-8.720214512224082337e-02	6.733675155847013150e-02	-7.581318625456014149e-02	6.417450551184451790e-02	-4.684957660918923072e-02	9.356750179337794404e-02	-5.598032336898729755e-02	6.392581858033347109e-02	-6.244270040296863444e-02	5.831965448200315816e-02
-7.077118020910971863e-02	6.842630968079325970e-02	-7.729001784472067094e-02	7.190773582979784195e-02	-9.338878124229851863e-02	5.285944953117199113e-02	-9.467053806180357467e-02	1.249060055320378310e-01	-6.334675451250894040e-01	3.294713875236660594e-01	-6.904718609144100405e-02	9.150827474853291676e-02	-1.065726251989230350e-01	1.000000000000002442e+00	-6.520322709057495558e-01	5.498097026356880274e-02	-9.157445800941693692e-02	1.016911852212802891e-01	-2.007331462261883470e-01	1.665415795865124449e-01	-3.980303434460676776e-02	4.623590544107659961e-02	-5.253852705987462068e-02	5.286013304377604888e-02	-5.931400963304157142e-02	4.725417377968610388e-02	-3.694993141748410120e-02	4.318728168666376849e-02	-4.198894649401090778e-02	3.220833655958348085e-02	-5.211531699281311131e-02	3.287878189759466108e-02	-3.761347303371910533e-02	4.056096188436601746e-02	-3.869803021322995584e-02
6.871045883201969129e-02	-6.688399151987059477e-02	7.271317309753300151e-02	-6.766452752150865779e-02	9.690024923486667552e-02	-5.243458316106625050e-02	8.724286068244757608e-02	-1.152874422909009738e-01	3.286119759393498208e-01	-6.403418681413185487e-01	6.810466712396741340e-02	-8.986021550252804024e-02	9.337843950868068843e-02	-6.520322709057495558e-01	1.000000000000001554e+00	-5.691975089918318437e-02	8.885048503564614564e-02	-9.907125068116812150e-02	1.630652596670291721e-01	-1.914311241303272848e-01	4.101129662256224745e-02	-4.783849321147618655e-02	5.390101769279039695e-02	-5.467602607080711274e-02	6.175318326625928167e-02	-4.934639311346095819e-02	3.840980686578612108e-02	-4.521212593003381269e-02	4.360216458530406791e-02	-3.372736946699219501e-02	5.402734500630008985e-02	-3.433831163102292472e-02	3.913972599873348501e-02	-4.254509630417396826e-02	4.031885373320508170e-02
-1.636986301825656132e-01	1.252434207706084046e-01	-1.001390263000548342e-01	7.928628613535357306e-02	-1.394006108430208002e-01	1.730896858354255552e-01	-1.305396166626318355e-01	1.308670575015570547e-01	-6.537280249173366142e-02	6.850818724025348194e-02	-3.278394536027136041e-01	1.398314191063230183e-01	-1.094902441176243274e-01	5.498097026356880274e-02	-5.691975089918318437e-02	1.000000000000002220e+00	-1.432398368124572496e-01	1.260516137462592279e-01	-1.020884081030957874e-01	1.056895735247742191e-01	-6.661142997771687391e-01	2.459659618021241834e-01	-2.823696117624674429e-01	1.385842421140977276e-01	-1.615796197677836221e-01	2.954658801048685723e-01	-2.172338290401923666e-01	1.956744762072954169e-01	-1.528485189170731007e-01	1.015001028739123817e-01	-3.176357419996262421e-01	1.582815738516731019e-01	-1.845371272087989178e-01	1.442224074808548251e-01	-1.348504470991764015e-01
1.396244196926011982e-01	-1.360146580443084285e-01	1.048468645363848928e-01	-8.458424428890580493e-02	1.306790029004068210e-01	-1.202413128142339610e-01	1.859395159976158785e-01	-2.379337349597173412e-01	1.009085378794365578e-01	-1.045624258866459794e-01	1.575302465511007333e-01	-5.694572996342242011e-01	3.023530791657567662e-01	-9.157445800941693692e-02	8.885048503564614564e-02	-1.432398368124572496e-01	1.000000000000000222e+00	-6.614811272102498751e-01	1.869966511029433620e-01	-2.073995259493028875e-01	1.020387588864092449e-01	-1.432356212936555240e-01	1.388760698784526071e-01	-9.472615842601189717e-02	1.028799918622990833e-01	-1.138780986141273155e-01	9.034291433003069360e-02	-1.014105173163333262e-01	8.203424008416623781e-02	-6.001990516414890120e-02	1.137218129156142010e-01	-7.069288204033497003e-02	7.943713500214949486e-02	-8.056234671996531649e-02	7.334940138522763609e-02
-1.490070129671011712e-01	1.355514630210530314e-01	-1.108576200437021986e-01	8.666790397731466422e-02	-1.384619333770200911e-01	1.154734150842572221e-01	-2.050428867543742373e-01	2.357395901168740371e-01	-1.117056831209645162e-01	1.065044691197122584e-01	-1.577401691958602581e-01	3.144324963086237990e-01	-4.994752982218697568e-01	1.016911852212802891e-01	-9.907125068116812150e-02	1.260516137462592279e-01	-6.614811272102498751e-01	1.000000000000000444e+00	-2.913203148356252048e-01	2.111529835240106290e-01	-9.475768038178702946e-02	1.227188335049372303e-01	-1.462113625275864581e-01	9.785072985176211657e-02	-1.091073233537366016e-01	1.049684334338702729e-01	-8.550770869327364854e-02	9.541056661983121634e-02	-8.376419144126644178e-02	6.151711942436405289e-02	-1.139030407565043840e-01	6.938056500013688177e-02	-7.960893923337696021e-02	7.994903734993850930e-02	-7.612319542196416267e-02
8.820930631979101433e-02	-8.238757677148837721e-02	7.423582025173014465e-02	-6.204642248563260049e-02	9.870590473944136634e-02	-7.214408301804745016e-02	1.077022322436510943e-01	-1.334331897888647867e-01	1.464514237411341790e-01	-1.492955126054860415e-01	9.570162231303738776e-02	-1.449048344955045919e-01	1.489561164837571450e-01	-2.007331462261883470e-01	1.630652596670291721e-01	-1.020884081030957874e-01	1.869966511029433620e-01	-2.913203148356252048e-01	1.000000000000000888e+00	-8.470760273947433028e-01	7.531661643979346843e-02	-1.009599844639972599e-01	1.137505972366933543e-01	-1.726111151332292704e-01	1.705022471529840100e-01	-9.378845379022492101e-02	7.665305007178940810e-02	-9.402398517271183531e-02	1.048596636443234753e-01	-8.453653545851236295e-02	9.737124004252879772e-02	-6.960367563814197356e-02	7.815825293238992666e-02	-1.013743831057054984e-01	9.295117050146307902e-02
-9.680550509225395450e-02	8.690075059115748290e-02	-8.044090579633030036e-02	6.607116693771705740e-02	-1.090719842422868679e-01	7.689993841475514791e-02	-1.161600659417910686e-01	1.305225406653579279e-01	-1.540672695766132638e-01	1.448199196539711464e-01	-1.047123141707260452e-01	1.424695728304320452e-01	-1.518512841576202255e-01	1.665415795865124449e-01	-1.914311241303272848e-01	1.056895735247742191e-01	-2.073995259493028875e-01	2.111529835240106290e-01	-8.470760273947433028e-01	1.000000000000001110e+00	-7.991579562462522435e-02	1.046663168220724055e-01	-1.246237903480820614e-01	1.655128695213201884e-01	-2.287285934945475219e-01	9.788313569459292096e-02	-8.164429862765716639e-02	9.785418023323194658e-02	-1.151605681667997733e-01	9.589983618186273540e-02	-1.079853794268437056e-01	7.440112431747369914e-02	-8.580473981625011404e-02	1.056509745041843418e-01	-1.108019483759700441e-01
1.010502415557610612e-01	-8.522603132429773520e-02	6.763387010384712406e-02	-5.447556474277876620e-02	9.443268302620631827e-02	-1.144815629425795928e-01	8.715158776960436893e-02	-9.378377918656398415e-02	4.669377814556936734e-02	-4.957264323097227560e-02	1.640138481805176740e-01	-1.013691990710695046e-01	7.792979515006426272e-02	-3.980303434460676776e-02	4.101129662256224745e-02	-6.661142997771687391e-01	1.020387588864092449e-01	-9.475768038178702946e-02	7.531661643979346843e-02	-7.991579562462522435e-02	1.000000000000000222e+00	-3.582145094078695302e-01	2.410748152641344344e-01	-1.119168758589826757e-01	1.215993823500106374e-01	-5.271332130157515561e-01	2.145785891138070056e-01	-1.948355970831701922e-01	1.185892670605047661e-01	-7.736600878120025726e-02	2.325238848224330523e-01	-1.285489290431407472e-01	1.377145314818853383e-01	-1.151120104315147968e-01	9.888480287675910363e-02
-9.296929606070403196e-02	7.903591134868225010e-02	-6.764937789840815008e-02	5.411189695768425095e-02	-9.645964295471164129e-02	8.911954504016947332e-02	-8.808059353007145764e-02	9.628255156815981874e-02	-5.252459703134870761e-02	5.508933606444654102e-02	-1.286823870388145719e-01	1.128036964227202427e-01	-9.050858195543910745e-02	4.623590544107659961e-02	-4.783849321147618655e-02	2.459659618021241834e-01	-1.432356212936555240e-01	1.227188335049372303e-01	-1.009599844639972599e-01	1.046663168220724055e-01	-3.582145094078695302e-01	1.000000000000001776e+00	-7.445294538320864630e-01	1.850181691297121678e-01	-1.928170565068138553e-01	2.538127550390869569e-01	-3.466164214707990743e-01	2.510144115393841413e-01	-1.616136545857870810e-01	1.078509527218778352e-01	-2.178478210169046414e-01	1.388810145518921679e-01	-1.540209699778905539e-01	1.464245234587825129e-01	-1.334144816971860603e-01
9.833086608463008360e-02	-8.759462874980843139e-02	7.373645739037501534e-02	-5.967441949348218505e-02	1.044978230559360094e-01	-9.819925596730083583e-02	9.580470154337848709e-02	-1.098086843763308867e-01	5.899218559595739708e-02	-6.292113084080083740e-02	1.321604768876249170e-01	-1.254246349838373520e-01	1.005057450870263519e-01	-5.253852705987462068e-02	5.390101769279039695e-02	-2.823696117624674429e-01	1.388760698784526071e-01	-1.462113625275864581e-01	1.137505972366933543e-01	-1.246237903480820614e-01	2.410748152641344344e-01	-7.445294538320864630e-01	1.000000000000002665e+00	-2.868962403787686521e-01	2.081655181966036439e-01	-2.656467284028851683e-01	2.504738368580025076e-01	-3.106080597715476510e-01	1.801288517265775269e-01	-1.225340304230261301e-01	2.045750119701186809e-01	-1.454179844658859411e-01	1.554617389755660328e-01	-1.732947763362687743e-01	1.396973955083648522e-01
-6.577258382952423654e-02	5.859776044431683900e-02	-5.221266691358714129e-02	4.232523850674761723e-02	-7.506554556627276220e-02	6.076247451597260874e-02	-6.691444054412731823e-02	7.595551021931498670e-02	-5.433317271207890875e-02	5.598111671745204659e-02	-8.204281762268236800e-02	8.233813022963645811e-02	-7.169590107633873333e-02	5.286013304377604888e-02	-5.467602607080711274e-02	1.385842421140977276e-01	-9.472615842601189717e-02	9.785072985176211657e-02	-1.726111151332292704e-01	1.655128695213201884e-01	-1.119168758589826757e-01	1.850181691297121678e-01	-2.868962403787686521e-01	9.999999999999995559e-01	-7.351032172648653829e-01	1.451295773988290627e-01	-1.380586825583871580e-01	1.752044489943734296e-01	-4.272991987540497028e-01	2.286249981781764973e-01	-1.513591109062074891e-01	1.264560278358757284e-01	-1.519079923751584515e-01	2.417432724034084823e-01	-2.462337039269690275e-01
7.426335807396870770e-02	-6.721974203711383877e-02	5.959228441247351599e-02	-4.852371655836754810e-02	8.579751759432119318e-02	-6.974490708191370680e-02	7.560424139212149064e-02	-8.739222750799670314e-02	6.096144131921233528e-02	-6.462291535142881960e-02	9.241032184566307095e-02	-9.368202495990285428e-02	7.988279905876502496e-02	-5.931400963304157142e-02	6.175318326625928167e-02	-1.615796197677836221e-01	1.028799918622990833e-01	-1.091073233537366016e-01	1.705022471529840100e-01	-2.287285934945475219e-01	1.215993823500106374e-01	-1.928170565068138553e-01	2.081655181966036439e-01	-7.351032172648653829e-01	1.000000000000002442e+00	-1.657240214389276989e-01	1.428594634851620693e-01	-1.931073025644590158e-01	2.757070195439426108e-01	-3.496203573389496944e-01	1.577134349327007912e-01	-1.418183024519421853e-01	1.539645887166840865e-01	-2.740974534767322002e-01	2.457990881140345030e-01
-1.119960884842088333e-01	9.121506464109262191e-02	-8.025987562656114460e-02	6.361947452612906617e-02	-1.176246828705275888e-01	1.065197493709921367e-01	-9.783858068337770997e-02	1.024245054029348928e-01	-5.525627619627219989e-02	5.829741629852190632e-02	-1.616228910756497550e-01	1.086694988557735525e-01	-8.720214512224082337e-02	4.725417377968610388e-02	-4.934639311346095819e-02	2.954658801048685723e-01	-1.138780986141273155e-01	1.049684334338702729e-01	-9.378845379022492101e-02	9.788313569459292096e-02	-5.271332130157515561e-01	2.538127550390869569e-01	-2.656467284028851683e-01	1.451295773988290627e-01	-1.657240214389276989e-01	1.000000000000002220e+00	-4.340063930766605016e-01	2.734757069669135898e-01	-1.768935963666786737e-01	1.099487834744167780e-01	-4.808786758612004775e-01	2.131561046581520735e-01	-2.315306463400431669e-01	1.699827438106553679e-01	-1.446918901058632523e-01
7.699468317323819588e-02	-6.606545005743030829e-02	5.742374833878879925e-02	-4.602409695621863944e-02	8.358887402289665036e-02	-7.551704508049546238e-02	7.099032924344450546e-02	-7.776665237145555243e-02	4.242624640422299614e-02	-4.507491097379982131e-02	1.058139886787689138e-01	-8.471490673086384815e-02	6.733675155847013150e-02	-3.694993141748410120e-02	3.840980686578612108e-02	-2.172338290401923666e-01	9.034291433003069360e-02	-8.550770869327364854e-02	7.665305007178940810e-02	-8.164429862765716639e-02	2.145785891138070056e-01	-3.466164214707990743e-01	2.504738368580025076e-01	-1.380586825583871580e-01	1.428594634851620693e-01	-4.340063930766605016e-01	1.000000000000001776e+00	-7.234813449374025707e-01	1.730629427914508467e-01	-9.977852129628141109e-02	2.476980648240441063e-01	-2.107476608445861821e-01	1.944654907387737830e-01	-1.681551261102221806e-01	1.215014449518477119e-01
-8.600065361901519656e-02	7.280812276029126340e-02	-6.572696771395546145e-02	5.235059904169155065e-02	-9.733781453697215591e-02	7.999631436549700658e-02	-7.976625104015351575e-02	8.603540301596250550e-02	-4.932168974277557211e-02	5.195688749942418277e-02	-1.139509612687940043e-01	9.273025956894456745e-02	-7.581318625456014149e-02	4.318728168666376849e-02	-4.521212593003381269e-02	1.956744762072954169e-01	-1.014105173163333262e-01	9.541056661983121634e-02	-9.402398517271183531e-02	9.785418023323194658e-02	-1.948355970831701922e-01	2.510144115393841413e-01	-3.106080597715476510e-01	1.752044489943734296e-01	-1.931073025644590158e-01	2.734757069669135898e-01	-7.234813449374025707e-01	1.000000000000002442e+00	-2.737008881182939057e-01	1.337903626366448162e-01	-3.072917720697359023e-01	2.107005211567827829e-01	-2.715294204493720054e-01	2.100069213639980392e-01	-1.694915651080382557e-01
6.601753074561855783e-02	-5.897342986104849027e-02	5.252079305571627499e-02	-4.249679021080609437e-02	7.694126667019210442e-02	-6.294534979349951376e-02	6.450584577205224768e-02	-7.327932642262091623e-02	4.558606864242886053e-02	-4.855196554870176706e-02	8.417475589085401944e-02	-7.781369895189828301e-02	6.417450551184451790e-02	-4.198894649401090778e-02	4.360216458530406791e-02	-1.528485189170731007e-01	8.203424008416623781e-02	-8.376419144126644178e-02	1.048596636443234753e-01	-1.151605681667997733e-01	1.185892670605047661e-01	-1.616136545857870810e-01	1.801288517265775269e-01	-4.272991987540497028e-01	2.757070195439426108e-01	-1.768935963666786737e-01	1.730629427914508467e-01	-2.737008881182939057e-01	1.000000000000001776e+00	-3.228220885268224261e-01	1.870399176747535308e-01	-1.973893833942435561e-01	2.285399294358025357e-01	-6.677101407361250018e-01	2.540868385182356581e-01
-4.647518018631079800e-02	4.167807924134477038e-02	-3.741127881723935178e-02	3.030207977180994147e-02	-5.476214952780452533e-02	4.367936473277859305e-02	-4.617636405811247069e-02	5.262405569980381503e-02	-3.450569637476286894e-02	3.659938462250959118e-02	-5.824923626988478403e-02	5.593859258843499049e-02	-4.684957660918923072e-02	3.220833655958348085e-02	-3.372736946699219501e-02	1.015001028739123817e-01	-6.001990516414890120e-02	6.151711942436405289e-02	-8.453653545851236295e-02	9.589983618186273540e-02	-7.736600878120025726e-02	1.078509527218778352e-01	-1.225340304230261301e-01	2.286249981781764973e-01	-3.496203573389496944e-01	1.099487834744167780e-01	-9.977852129628141109e-02	1.337903626366448162e-01	-3.228220885268224261e-01	1.000000000000001332e+00	-1.163207122133884247e-01	1.063159448876282165e-01	-1.247862909340379106e-01	2.245527659865289849e-01	-8.290173724296452384e-01
1.105769041247931239e-01	-9.957979292283170025e-02	8.691935766581226908e-02	-7.040260280096814760e-02	1.287311089076864090e-01	-1.126872737822797732e-01	1.026562335608841858e-01	-1.166631444301612780e-01	6.080975183321318811e-02	-6.622462738205482646e-02	1.476548364318591156e-01	-1.205394186733253631e-01	9.356750179337794404e-02	-5.211531699281311131e-02	5.402734500630008985e-02	-3.176357419996262421e-01	1.137218129156142010e-01	-1.139030407565043840e-01	9.737124004252879772e-02	-1.079853794268437056e-01	2.325238848224330523e-01	-2.178478210169046414e-01	2.045750119701186809e-01	-1.513591109062074891e-01	1.577134349327007912e-01	-4.808786758612004775e-01	2.476980648240441063e-01	-3.072917720697359023e-01	1.870399176747535308e-01	-1.163207122133884247e-01	1.000000000000001332e+00	-5.475471443921599013e-01	2.891384534524840122e-01	-2.426206790886327735e-01	1.418138768076381007e-01
-6.364492255963984102e-02	5.603455911458096045e-02	-4.998629846608026311e-02	4.023281929968981763e-02	-7.416127568748542842e-02	6.170308428981070153e-02	-5.973082952926190431e-02	6.657697784802586727e-02	-3.754634279054946955e-02	4.017613335939725083e-02	-8.343037113799336990e-02	6.982487903378027660e-02	-5.598032336898729755e-02	3.287878189759466108e-02	-3.433831163102292472e-02	1.582815738516731019e-01	-7.069288204033497003e-02	6.938056500013688177e-02	-6.960367563814197356e-02	7.440112431747369914e-02	-1.285489290431407472e-01	1.388810145518921679e-01	-1.454179844658859411e-01	1.264560278358757284e-01	-1.418183024519421853e-01	2.131561046581520735e-01	-2.107476608445861821e-01	2.107005211567827829e-01	-1.973893833942435561e-01	1.063159448876282165e-01	-5.475471443921599013e-01	1.000000000000001110e+00	-7.010522585075055213e-01	2.321008347326262433e-01	-1.388945323666850029e-01
7.199601768876620622e-02	-6.449557742379419256e-02	5.712222374404875291e-02	-4.618412168780364202e-02	8.463186941023650989e-02	-7.096132989601645902e-02	6.808133068468041893e-02	-7.714475966727504797e-02	4.290328768536964821e-02	-4.633021714189411444e-02	9.391261793358070264e-02	-8.048530560138440759e-02	6.392581858033347109e-02	-3.761347303371910533e-02	3.913972599873348501e-02	-1.845371272087989178e-01	7.943713500214949486e-02	-7.960893923337696021e-02	7.815825293238992666e-02	-8.580473981625011404e-02	1.377145314818853383e-01	-1.540209699778905539e-01	1.554617389755660328e-01	-1.519079923751584515e-01	1.539645887166840865e-01	-2.315306463400431669e-01	1.944654907387737830e-01	-2.715294204493720054e-01	2.285399294358025357e-01	-1.247862909340379106e-01	2.891384534524840122e-01	-7.010522585075055213e-01	1.000000000000001110e+00	-4.443746315663633650e-01	1.496234598421964934e-01
-6.515456485157800071e-02	5.746338146703040134e-02	-5.185107738981921399e-02	4.176971509780567915e-02	-7.647940347846815534e-02	6.110116587762725454e-02	-6.328791170614415929e-02	7.073611693990886073e-02	-4.453974679583175278e-02	4.691887634495310599e-02	-8.277699484590472778e-02	7.505499956267772110e-02	-6.244270040296863444e-02	4.056096188436601746e-02	-4.254509630417396826e-02	1.442224074808548251e-01	-8.056234671996531649e-02	7.994903734993850930e-02	-1.013743831057054984e-01	1.056509745041843418e-01	-1.151120104315147968e-01	1.464245234587825129e-01	-1.732947763362687743e-01	2.417432724034084823e-01	-2.740974534767322002e-01	1.699827438106553679e-01	-1.681551261102221806e-01	2.100069213639980392e-01	-6.677101407361250018e-01	2.245527659865289849e-01	-2.426206790886327735e-01	2.321008347326262433e-01	-4.443746315663633650e-01	1.000000000000000888e+00	-3.035488299245058252e-01
5.939449669263416332e-02	-5.376955882469655612e-02	4.803388736393413017e-02	-3.898615197958138490e-02	7.057039497486677915e-02	-5.674004869635026344e-02	5.858101135089710532e-02	-6.744381143774466625e-02	4.202704265405066836e-02	-4.537086927984057549e-02	7.476026605406402292e-02	-7.115523796408282364e-02	5.831965448200315816e-02	-3.869803021322995584e-02	4.031885373320508170e-02	-1.348504470991764015e-01	7.334940138522763609e-02	-7.612319542196416267e-02	9.295117050146307902e-02	-1.108019483759700441e-01	9.888480287675910363e-02	-1.334144816971860603e-01	1.396973955083648522e-01	-2.462337039269690275e-01	2.457990881140345030e-01	-1.446918901058632523e-01	1.215014449518477119e-01	-1.694915651080382557e-01	2.540868385182356581e-01	-8.290173724296452384e-01	1.418138768076381007e-01	-1.388945323666850029e-01	1.496234598421964934e-01	-3.035488299245058252e-01	1.000000000000000666e+00
