1.000000000000000222e+00	-8.351396388789298353e-01	5.249006697948434969e-02	-2.795447324974096800e-02	2.970925460118196970e-02	-4.539011587678202231e-01	2.768744071266815987e-01	-5.138034491796031333e-02	2.805797439881372798e-02	-2.453722967600462102e-02	1.382354878004732057e-01	-1.231586552386135375e-01	6.585535928285907170e-02	-3.805039210716956027e-02	3.252264611513516063e-02	-5.086949810725314991e-02	4.326958278236524985e-02	-4.061703783409304630e-02	3.162914858852639011e-02	-2.759501383987502179e-02	2.838115143997359605e-02	-3.041427665239797642e-02	3.201007956015143596e-02	-3.150895104857240336e-02	2.817171766322385668e-02	-2.304201191527297313e-02	2.971213623913997529e-02	-2.689289728810425120e-02	2.348949461396416388e-02	-2.290278175643874203e-02	2.977701429280631140e-02	-2.280428323739145183e-02	2.660832670861160154e-02	-1.880393547523498757e-02	1.306163546195565975e-02
-8.351396388789298353e-01	1.000000000000000222e+00	-6.682768476714008588e-02	3.301587169260151999e-02	-3.545290985458449118e-02	2.945849517997068401e-01	-4.171179805041917432e-01	5.996565873725139689e-02	-3.340773704228919283e-02	2.902430526562279137e-02	-1.758338616029092860e-01	1.439412960830330213e-01	-8.024928699954189670e-02	4.484919527438704923e-02	-3.867408815130479044e-02	5.936882678443062417e-02	-5.171816655798820023e-02	4.789880413390150415e-02	-3.749042583182070343e-02	3.255729160800300420e-02	-3.375210081042472055e-02	3.592000696836904899e-02	-3.798326608265731319e-02	3.708994072983136381e-02	-3.338189386814960358e-02	2.726708935424503738e-02	-3.533627417807778948e-02	3.175924587679510719e-02	-2.769407933426177443e-02	2.685117413822050297e-02	-3.537125904557874428e-02	2.697656924899056660e-02	-3.156498363687637587e-02	2.204551201216569181e-02	-1.534044841410133093e-02
5.249006697948434969e-02	-6.682768476714008588e-02	1.000000000000000222e+00	-2.938985797302845482e-01	1.808107957987479808e-01	-4.839546704692337942e-02	5.520624954881851731e-02	-9.045041804776662309e-01	2.141511803388320145e-01	-1.523574753626695810e-01	4.700376767433096792e-02	-4.285199006356341100e-02	9.231877295608166556e-02	-9.892022482072571066e-02	1.098894062232383534e-01	-5.666591420214557584e-02	4.631838357050863109e-02	-6.529968845089847984e-02	6.651857234311109313e-02	-7.274622774975514350e-02	4.045694566531073122e-02	-4.089104646520232145e-02	5.491363076003132060e-02	-6.689636691900313625e-02	6.477740698655259921e-02	-3.408277199681990222e-02	4.286368858449487312e-02	-4.562305167670718808e-02	4.548536656523988891e-02	-4.568231393753951347e-02	4.757397217218016505e-02	-3.668201370648363491e-02	4.434947481772298639e-02	-3.730086130918339182e-02	2.568568531991364048e-02
-2.795447324974096800e-02	3.301587169260151999e-02	-2.938985797302845482e-01	1.000000000000000222e+00	-6.437983882182813922e-01	3.257519931594893281e-02	-3.642436441377008144e-02	2.250526447265467356e-01	-5.967028511157194126e-01	2.979307582817536937e-01	-4.634471702100358831e-02	4.204370183656508386e-02	-1.191767083069059235e-01	1.492811810105968140e-01	-1.967671764638615761e-01	7.257867376936008585e-02	-6.003523034233435723e-02	8.895827987434092032e-02	-9.811299125652797604e-02	1.115687845828793046e-01	-5.354666649306916160e-02	5.393401156262229296e-02	-7.574033225709686512e-02	9.515738554308859898e-02	-9.738482597814510089e-02	4.517613884103756361e-02	-5.710650028331977490e-02	6.200455872225418830e-02	-6.306959290127063522e-02	6.254385176759584553e-02	-6.360009385461620757e-02	4.916534524161812747e-02	-6.000528540954452872e-02	5.094604087878693011e-02	-3.518381139724346962e-02
2.970925460118196970e-02	-3.545290985458449118e-02	1.808107957987479808e-01	-6.437983882182813922e-01	1.000000000000000222e+00	-3.985909580148262049e-02	4.354886781586134875e-02	-2.010676713986497555e-01	3.271715238096707945e-01	-5.293391155029276707e-01	6.176350445641597825e-02	-5.661381545191928460e-02	1.621348046094426565e-01	-2.261445849045896905e-01	2.449319079214871964e-01	-1.075187396228980408e-01	8.703910638339920625e-02	-1.309101575854874078e-01	1.402919904405188489e-01	-1.665139743333367284e-01	7.785701248871687574e-02	-7.918281460728295029e-02	1.096573459269679501e-01	-1.430977763668321856e-01	1.349059953813812607e-01	-6.621588485593726814e-02	8.311048328702923260e-02	-9.149269986781527475e-02	9.333938462206527176e-02	-9.532564948519743619e-02	9.227625412815360084e-02	-7.220217052629863963e-02	8.716593683350316868e-02	-7.763627106842299619e-02	5.313227486712646802e-02
-4.539011587678202231e-01	2.945849517997068401e-01	-4.839546704692337942e-02	3.257519931594893281e-02	-3.985909580148262049e-02	1.000000000000000444e+00	-7.418400160503304530e-01	4.733296987773550485e-02	-3.573849514607753408e-02	3.296646465500627232e-02	-3.283634612306676193e-01	2.383289900736146882e-01	-1.135442542526555743e-01	5.996737787857232826e-02	-4.922378377619764100e-02	8.709832903026452910e-02	-7.664995903329684113e-02	6.740854218528810615e-02	-5.107289560255690031e-02	4.311512241367097820e-02	-4.737383820102982618e-02	5.114702794030512312e-02	-5.245189254146492147e-02	5.021441981052519876e-02	-4.459794909501663129e-02	3.810529025470823367e-02	-4.965558572025219330e-02	4.387291909575390808e-02	-3.763943391122322873e-02	3.639565224670513605e-02	-4.875457809839811585e-02	3.732710475613926909e-02	-4.342788050709722736e-02	2.988270749750037564e-02	-2.079795232863442672e-02
2.768744071266815987e-01	-4.171179805041917432e-01	5.520624954881851731e-02	-3.642436441377008144e-02	4.354886781586134875e-02	-7.418400160503304530e-01	1.000000000000000222e+00	-5.670798117571253932e-02	3.949959473995462433e-02	-3.635147326792943084e-02	2.612022418965354587e-01	-3.671457752496142257e-01	1.190169527076791606e-01	-6.649449029009403545e-02	5.337717343978067713e-02	-9.748270632260601365e-02	8.448526602516574779e-02	-7.507938583761711304e-02	5.568454020620614703e-02	-4.730812764343930027e-02	5.085895579827691415e-02	-5.654187855539183349e-02	5.679762922470008024e-02	-5.517089746821834256e-02	4.837812479198394522e-02	-4.134410063457677476e-02	5.349615418263328759e-02	-4.787496118783127891e-02	4.105616359804657028e-02	-4.005914169538680319e-02	5.226052344082252055e-02	-4.047454166369853640e-02	4.677671175165781792e-02	-3.287668696149267933e-02	2.280720476401048441e-02
-5.138034491796031333e-02	5.996565873725139689e-02	-9.045041804776662309e-01	2.250526447265467356e-01	-2.010676713986497555e-01	4.733296987773550485e-02	-5.670798117571253932e-02	1.000000000000000000e+00	-2.797832701451003490e-01	1.533073778917900809e-01	-4.736212988846436739e-02	4.282530677305491917e-02	-9.577400453893802901e-02	9.658001115157630045e-02	-1.169214944467476119e-01	5.497376176076004817e-02	-4.553294339748904795e-02	6.406078490338387721e-02	-6.617300007370509329e-02	7.168081140647164506e-02	-3.965693483253587143e-02	3.991693769500616329e-02	-5.411848863377369256e-02	6.500826668321318946e-02	-6.524500516986640741e-02	3.327466589228622595e-02	-4.203118626972198596e-02	4.450902018232010676e-02	-4.432614806597431206e-02	4.387169076403843460e-02	-4.667019439003147752e-02	3.580430106498969089e-02	-4.353141785484216514e-02	3.581283405289733407e-02	-2.476900687535656120e-02
2.805797439881372798e-02	-3.340773704228919283e-02	2.141511803388320145e-01	-5.967028511157194126e-01	3.271715238096707945e-01	-3.573849514607753408e-02	3.949959473995462433e-02	-2.797832701451003490e-01	1.000000000000000444e+00	-5.870672843453402789e-01	5.292449402004502368e-02	-4.860521969173128148e-02	1.385894660078769991e-01	-2.072741295750443191e-01	2.340636010002826173e-01	-8.865947201179223691e-02	7.260458551213869183e-02	-1.105329777888214571e-01	1.226608564203390817e-01	-1.458585207068307243e-01	6.398827682782645687e-02	-6.532584124190203567e-02	9.162964991691648076e-02	-1.199123399192102424e-01	1.165322348697178378e-01	-5.431188437603416685e-02	6.857364561560216898e-02	-7.557484242290986309e-02	7.708716167646006978e-02	-7.763194415565528861e-02	7.560427705453534597e-02	-5.923953737517338725e-02	7.180559230086354383e-02	-6.313038682938347523e-02	4.334721910655053162e-02
-2.453722967600462102e-02	2.902430526562279137e-02	-1.523574753626695810e-01	2.979307582817536937e-01	-5.293391155029276707e-01	3.296646465500627232e-02	-3.635147326792943084e-02	1.533073778917900809e-01	-5.870672843453402789e-01	1.000000000000000666e+00	-5.279477895336651821e-02	4.834060805561934265e-02	-1.467019234477297263e-01	2.113181915491824381e-01	-4.657611506332304252e-01	8.908776857167835517e-02	-7.438773540462113865e-02	1.140158653508019371e-01	-1.350035953645307429e-01	1.647636036393303749e-01	-6.525299770295851787e-02	6.642901755771223049e-02	-9.573133376617347368e-02	1.243801679004544192e-01	-1.355224035538449556e-01	5.516520266582256721e-02	-7.020301639636290780e-02	7.738272330541683119e-02	-7.957090336780381357e-02	7.809826530083487095e-02	-7.722169176606669128e-02	6.031642923584148996e-02	-7.382862304838297418e-02	6.341706627796017681e-02	-4.385354980029577965e-02
1.382354878004732057e-01	-1.758338616029092860e-01	4.700376767433096792e-02	-4.634471702100358831e-02	6.176350445641597825e-02	-3.283634612306676193e-01	2.612022418965354587e-01	-4.736212988846436739e-02	5.292449402004502368e-02	-5.279477895336651821e-02	1.000000000000000888e+00	-8.238895179310014028e-01	1.964862062667672715e-01	-1.139910254053273370e-01	8.543163346407776915e-02	-2.054529914494691856e-01	1.607320582881011650e-01	-1.356868933383694464e-01	9.569600962993726756e-02	-7.970415139788752934e-02	8.994674632690928540e-02	-1.033750322890087947e-01	9.836188305779119956e-02	-9.495822088516676918e-02	8.115697881737593544e-02	-7.305320583726994388e-02	9.439773010331915792e-02	-8.355306888070053450e-02	7.033997810431363851e-02	-6.897911966234854253e-02	8.957698459345142528e-02	-7.040263460908607884e-02	8.028620708002560946e-02	-5.657793970088344226e-02	3.913502323261418281e-02
-1.231586552386135375e-01	1.439412960830330213e-01	-4.285199006356341100e-02	4.204370183656508386e-02	-5.661381545191928460e-02	2.383289900736146882e-01	-3.671457752496142257e-01	4.282530677305491917e-02	-4.860521969173128148e-02	4.834060805561934265e-02	-8.238895179310014028e-01	1.000000000000000222e+00	-2.411202023022981922e-01	1.058626434394961263e-01	-7.957561670281214361e-02	1.691457279139278458e-01	-1.798752728640519438e-01	1.277137955973076389e-01	-9.042965546062631255e-02	7.306932100156200705e-02	-8.370673548309365275e-02	9.659150761536509922e-02	-9.236171948080741656e-02	8.652015846946992106e-02	-7.496671575175105351e-02	6.676964123026123132e-02	-8.925273044542708645e-02	7.667027857889092968e-02	-6.407576453691508911e-02	6.180386784173404896e-02	-8.253203276228623930e-02	6.442557574191930259e-02	-7.411562620767209175e-02	5.065773190743966259e-02	-3.519155441908024262e-02
6.585535928285907170e-02	-8.024928699954189670e-02	9.231877295608166556e-02	-1.191767083069059235e-01	1.621348046094426565e-01	-1.135442542526555743e-01	1.190169527076791606e-01	-9.577400453893802901e-02	1.385894660078769991e-01	-1.467019234477297263e-01	1.964862062667672715e-01	-2.411202023022981922e-01	1.000000000000000222e+00	-4.371044548627521231e-01	2.440082679900461848e-01	-2.937530599750636795e-01	2.283177970241090926e-01	-4.185292939237387766e-01	2.735274294189908861e-01	-2.288345745807614240e-01	1.757222247779252067e-01	-1.912398514853606846e-01	2.422009697065503897e-01	-2.617456397878361041e-01	2.175609265267783310e-01	-1.504030986832971539e-01	1.883360313049697310e-01	-2.039399160622838714e-01	1.810384699753716520e-01	-1.828328152940413842e-01	1.975382589566690439e-01	-1.591130065062487386e-01	1.859512591716754593e-01	-1.494704209555983987e-01	1.023935022335756284e-01
-3.805039210716956027e-02	4.484919527438704923e-02	-9.892022482072571066e-02	1.492811810105968140e-01	-2.261445849045896905e-01	5.996737787857232826e-02	-6.649449029009403545e-02	9.658001115157630045e-02	-2.072741295750443191e-01	2.113181915491824381e-01	-1.139910254053273370e-01	1.058626434394961263e-01	-4.371044548627521231e-01	9.999999999999991118e-01	-5.325088247757470139e-01	1.765283031488080745e-01	-1.616420363697607665e-01	2.624549019988056120e-01	-5.062329344316842672e-01	2.732313119839651638e-01	-1.294570905229769919e-01	1.332500309370027169e-01	-2.072907082734316009e-01	2.450291205506714975e-01	-2.612701564691470302e-01	1.078064762692239886e-01	-1.418270860565710723e-01	1.543218983229105445e-01	-1.561767425451648927e-01	1.399462506946019258e-01	-1.509008855078506350e-01	1.176250457792580861e-01	-1.476326464819167350e-01	1.134297931925469516e-01	-8.027383004690823165e-02
3.252264611513516063e-02	-3.867408815130479044e-02	1.098894062232383534e-01	-1.967671764638615761e-01	2.449319079214871964e-01	-4.922378377619764100e-02	5.337717343978067713e-02	-1.169214944467476119e-01	2.340636010002826173e-01	-4.657611506332304252e-01	8.543163346407776915e-02	-7.957561670281214361e-02	2.440082679900461848e-01	-5.325088247757470139e-01	9.999999999999977796e-01	-1.577877816022556223e-01	1.310724351458101844e-01	-2.136127856768178790e-01	2.618100500352219528e-01	-4.177775460548685538e-01	1.118533669933924751e-01	-1.165159817370755441e-01	1.697586006432067474e-01	-2.388322489887646782e-01	2.447167375519243293e-01	-9.527962980742822607e-02	1.215642106998411631e-01	-1.376021068548485271e-01	1.418920396923422644e-01	-1.410696590868088796e-01	1.312105377835173503e-01	-1.046695429645277814e-01	1.272157712292711074e-01	-1.140136770197672650e-01	7.832245452886632542e-02
-5.086949810725314991e-02	5.936882678443062417e-02	-5.666591420214557584e-02	7.257867376936008585e-02	-1.075187396228980408e-01	8.709832903026452910e-02	-9.748270632260601365e-02	5.497376176076004817e-02	-8.865947201179223691e-02	8.908776857167835517e-02	-2.054529914494691856e-01	1.691457279139278458e-01	-2.937530599750636795e-01	1.765283031488080745e-01	-1.577877816022556223e-01	9.999999999999994449e-01	-7.097870559754426711e-01	2.703606624346946430e-01	-2.000283563342288295e-01	1.472422952865863333e-01	-3.051653461797556033e-01	2.749455684647467146e-01	-2.352844205874304595e-01	1.826075407381236304e-01	-1.654781425598137179e-01	1.996543889458202714e-01	-2.826279555980772407e-01	1.888031886897884037e-01	-1.460020726745785702e-01	1.299858529118534112e-01	-2.407555890070638971e-01	1.726444453269196933e-01	-1.996677403815808050e-01	1.068503270234595071e-01	-7.606342245944359981e-02
4.326958278236524985e-02	-5.171816655798820023e-02	4.631838357050863109e-02	-6.003523034233435723e-02	8.703910638339920625e-02	-7.664995903329684113e-02	8.448526602516574779e-02	-4.553294339748904795e-02	7.260458551213869183e-02	-7.438773540462113865e-02	1.607320582881011650e-01	-1.798752728640519438e-01	2.283177970241090926e-01	-1.616420363697607665e-01	1.310724351458101844e-01	-7.097870559754426711e-01	1.000000000000000666e+00	-3.963159420855929538e-01	1.842933350064147047e-01	-1.341896091710624572e-01	2.151385694950737337e-01	-4.001022436403537941e-01	2.085472358613365829e-01	-1.689480281723820532e-01	1.398712744698571986e-01	-1.678714742149969019e-01	2.400190090940669263e-01	-1.732508391930535352e-01	1.256790751485905577e-01	-1.161275893676197574e-01	1.785589233432021972e-01	-1.464590177973430496e-01	1.591239656630367150e-01	-9.483138312727651398e-02	6.630219007701912415e-02
-4.061703783409304630e-02	4.789880413390150415e-02	-6.529968845089847984e-02	8.895827987434092032e-02	-1.309101575854874078e-01	6.740854218528810615e-02	-7.507938583761711304e-02	6.406078490338387721e-02	-1.105329777888214571e-01	1.140158653508019371e-01	-1.356868933383694464e-01	1.277137955973076389e-01	-4.185292939237387766e-01	2.624549019988056120e-01	-2.136127856768178790e-01	2.703606624346946430e-01	-3.963159420855929538e-01	9.999999999999997780e-01	-4.877790514947121792e-01	2.218732106925632164e-01	-1.839542300901001459e-01	2.087872359052560522e-01	-4.452270869917655527e-01	2.674723343733071967e-01	-2.356689854383053895e-01	1.489888816635983049e-01	-2.139991499363027294e-01	2.320069027740841172e-01	-1.831095351363026258e-01	1.565489632349946203e-01	-1.995283813813404361e-01	1.609039490562852726e-01	-2.080240788630048909e-01	1.269784208332989939e-01	-9.028908870268226305e-02
3.162914858852639011e-02	-3.749042583182070343e-02	6.651857234311109313e-02	-9.811299125652797604e-02	1.402919904405188489e-01	-5.107289560255690031e-02	5.568454020620614703e-02	-6.617300007370509329e-02	1.226608564203390817e-01	-1.350035953645307429e-01	9.569600962993726756e-02	-9.042965546062631255e-02	2.735274294189908861e-01	-5.062329344316842672e-01	2.618100500352219528e-01	-2.000283563342288295e-01	1.842933350064147047e-01	-4.877790514947121792e-01	1.000000000000000888e+00	-4.289098466836521739e-01	1.316703624428323394e-01	-1.465486115090969266e-01	2.419717196633451028e-01	-4.117572806194577106e-01	2.823016684368662155e-01	-1.112231598701896307e-01	1.485501097086650291e-01	-1.769263266776416321e-01	1.786719165176275659e-01	-1.600695246678630335e-01	1.495424784513247618e-01	-1.228243156950680620e-01	1.525379356881874093e-01	-1.275200495001932444e-01	8.885065178143670972e-02
-2.759501383987502179e-02	3.255729160800300420e-02	-7.274622774975514350e-02	1.115687845828793046e-01	-1.665139743333367284e-01	4.311512241367097820e-02	-4.730812764343930027e-02	7.168081140647164506e-02	-1.458585207068307243e-01	1.647636036393303749e-01	-7.970415139788752934e-02	7.306932100156200705e-02	-2.288345745807614240e-01	2.732313119839651638e-01	-4.177775460548685538e-01	1.472422952865863333e-01	-1.341896091710624572e-01	2.218732106925632164e-01	-4.289098466836521739e-01	1.000000000000001110e+00	-1.118466976318454598e-01	1.155788290886080733e-01	-1.954032628890348122e-01	2.819682952251458818e-01	-6.666851958613861928e-01	9.392819575111650832e-02	-1.244358942126742584e-01	1.431676061151228030e-01	-1.578293877120515720e-01	1.387112634793174482e-01	-1.323943045285920495e-01	1.048532360578873779e-01	-1.333898212231438840e-01	1.106061463810673884e-01	-7.873297023804717854e-02
2.838115143997359605e-02	-3.375210081042472055e-02	4.045694566531073122e-02	-5.354666649306916160e-02	7.785701248871687574e-02	-4.737383820102982618e-02	5.085895579827691415e-02	-3.965693483253587143e-02	6.398827682782645687e-02	-6.525299770295851787e-02	8.994674632690928540e-02	-8.370673548309365275e-02	1.757222247779252067e-01	-1.294570905229769919e-01	1.118533669933924751e-01	-3.051653461797556033e-01	2.151385694950737337e-01	-1.839542300901001459e-01	1.316703624428323394e-01	-1.118466976318454598e-01	1.000000000000003109e+00	-4.304726391520308781e-01	1.784170636191269033e-01	-1.536045172087955879e-01	1.208386192663164632e-01	-7.013826862059971967e-01	2.888611378209557934e-01	-1.877659703742383945e-01	1.278464680519273144e-01	-1.274563293731019731e-01	2.767612028630772603e-01	-2.204713175413234305e-01	1.844208842327345332e-01	-1.051023888196847972e-01	7.181876240337242701e-02
-3.041427665239797642e-02	3.592000696836904899e-02	-4.089104646520232145e-02	5.393401156262229296e-02	-7.918281460728295029e-02	5.114702794030512312e-02	-5.654187855539183349e-02	3.991693769500616329e-02	-6.532584124190203567e-02	6.642901755771223049e-02	-1.033750322890087947e-01	9.659150761536509922e-02	-1.912398514853606846e-01	1.332500309370027169e-01	-1.165159817370755441e-01	2.749455684647467146e-01	-4.001022436403537941e-01	2.087872359052560522e-01	-1.465486115090969266e-01	1.155788290886080733e-01	-4.304726391520308781e-01	9.999999999999988898e-01	-2.394762864369061883e-01	1.598970306265911634e-01	-1.289462707474748615e-01	2.636436251003127507e-01	-6.612377456202807036e-01	2.171112804565418775e-01	-1.361039867249005386e-01	1.218867845562456309e-01	-2.481498095537253423e-01	2.051968577286895634e-01	-2.077121117986748811e-01	1.000083144750619074e-01	-7.018272577612641450e-02
3.201007956015143596e-02	-3.798326608265731319e-02	5.491363076003132060e-02	-7.574033225709686512e-02	1.096573459269679501e-01	-5.245189254146492147e-02	5.679762922470008024e-02	-5.411848863377369256e-02	9.162964991691648076e-02	-9.573133376617347368e-02	9.836188305779119956e-02	-9.236171948080741656e-02	2.422009697065503897e-01	-2.072907082734316009e-01	1.697586006432067474e-01	-2.352844205874304595e-01	2.085472358613365829e-01	-4.452270869917655527e-01	2.419717196633451028e-01	-1.954032628890348122e-01	1.784170636191269033e-01	-2.394762864369061883e-01	1.000000000000000666e+00	-4.071011146474124986e-01	2.145131395650110573e-01	-1.627368154434742642e-01	2.324533149325499204e-01	-5.780179712865142205e-01	2.334088289927082338e-01	-2.048232659495674846e-01	2.052213634504153339e-01	-2.101056662284880305e-01	2.558947905790499022e-01	-1.632009381310850493e-01	1.124657623564488396e-01
-3.150895104857240336e-02	3.708994072983136381e-02	-6.689636691900313625e-02	9.515738554308859898e-02	-1.430977763668321856e-01	5.021441981052519876e-02	-5.517089746821834256e-02	6.500826668321318946e-02	-1.199123399192102424e-01	1.243801679004544192e-01	-9.495822088516676918e-02	8.652015846946992106e-02	-2.617456397878361041e-01	2.450291205506714975e-01	-2.388322489887646782e-01	1.826075407381236304e-01	-1.689480281723820532e-01	2.674723343733071967e-01	-4.117572806194577106e-01	2.819682952251458818e-01	-1.536045172087955879e-01	1.598970306265911634e-01	-4.071011146474124986e-01	9.999999999999980016e-01	-5.108870645399145038e-01	1.301619186154797658e-01	-1.800914184616921876e-01	2.387922883724268863e-01	-3.962663883720024538e-01	2.262146350224834845e-01	-1.875553969070907490e-01	1.530276220698506273e-01	-2.071030322921305622e-01	1.778759002652546828e-01	-1.325400822325661920e-01
2.817171766322385668e-02	-3.338189386814960358e-02	6.477740698655259921e-02	-9.738482597814510089e-02	1.349059953813812607e-01	-4.459794909501663129e-02	4.837812479198394522e-02	-6.524500516986640741e-02	1.165322348697178378e-01	-1.355224035538449556e-01	8.115697881737593544e-02	-7.496671575175105351e-02	2.175609265267783310e-01	-2.612701564691470302e-01	2.447167375519243293e-01	-1.654781425598137179e-01	1.398712744698571986e-01	-2.356689854383053895e-01	2.823016684368662155e-01	-6.666851958613861928e-01	1.208386192663164632e-01	-1.289462707474748615e-01	2.145131395650110573e-01	-5.108870645399145038e-01	1.000000000000002442e+00	-1.040991810844900112e-01	1.357763912320797128e-01	-1.703980862718970368e-01	1.993371114284135659e-01	-1.933360164012893623e-01	1.428080406284669979e-01	-1.184391323346865588e-01	1.463480965548400459e-01	-1.502061188231488820e-01	1.035290429593069550e-01
-2.304201191527297313e-02	2.726708935424503738e-02	-3.408277199681990222e-02	4.517613884103756361e-02	-6.621588485593726814e-02	3.810529025470823367e-02	-4.134410063457677476e-02	3.327466589228622595e-02	-5.431188437603416685e-02	5.516520266582256721e-02	-7.305320583726994388e-02	6.676964123026123132e-02	-1.504030986832971539e-01	1.078064762692239886e-01	-9.527962980742822607e-02	1.996543889458202714e-01	-1.678714742149969019e-01	1.489888816635983049e-01	-1.112231598701896307e-01	9.392819575111650832e-02	-7.013826862059971967e-01	2.636436251003127507e-01	-1.627368154434742642e-01	1.301619186154797658e-01	-1.040991810844900112e-01	1.000000000000001554e+00	-3.607036421294135264e-01	1.745139810198567121e-01	-1.139487126136430467e-01	1.082737447278447340e-01	-4.891036424779567904e-01	2.283436551296709194e-01	-1.998577267957625248e-01	8.961641643357901033e-02	-6.206885541555704627e-02
2.971213623913997529e-02	-3.533627417807778948e-02	4.286368858449487312e-02	-5.710650028331977490e-02	8.311048328702923260e-02	-4.965558572025219330e-02	5.349615418263328759e-02	-4.203118626972198596e-02	6.857364561560216898e-02	-7.020301639636290780e-02	9.439773010331915792e-02	-8.925273044542708645e-02	1.883360313049697310e-01	-1.418270860565710723e-01	1.215642106998411631e-01	-2.826279555980772407e-01	2.400190090940669263e-01	-2.139991499363027294e-01	1.485501097086650291e-01	-1.244358942126742584e-01	2.888611378209557934e-01	-6.612377456202807036e-01	2.324533149325499204e-01	-1.800914184616921876e-01	1.357763912320797128e-01	-3.607036421294135264e-01	1.000000000000001332e+00	-3.355231766394654591e-01	1.571434399532168902e-01	-1.482338870898717853e-01	2.638771233821983198e-01	-3.184803103257053403e-01	2.437651669446957992e-01	-1.210276807861340592e-01	8.307946846627205228e-02
-2.689289728810425120e-02	3.175924587679510719e-02	-4.562305167670718808e-02	6.200455872225418830e-02	-9.149269986781527475e-02	4.387291909575390808e-02	-4.787496118783127891e-02	4.450902018232010676e-02	-7.557484242290986309e-02	7.738272330541683119e-02	-8.355306888070053450e-02	7.667027857889092968e-02	-2.039399160622838714e-01	1.543218983229105445e-01	-1.376021068548485271e-01	1.888031886897884037e-01	-1.732508391930535352e-01	2.320069027740841172e-01	-1.769263266776416321e-01	1.431676061151228030e-01	-1.877659703742383945e-01	2.171112804565418775e-01	-5.780179712865142205e-01	2.387922883724268863e-01	-1.703980862718970368e-01	1.745139810198567121e-01	-3.355231766394654591e-01	1.000000000000000888e+00	-3.094125984478655056e-01	1.962216110456624918e-01	-2.484196816726462753e-01	2.530201457719950531e-01	-5.125602773814575963e-01	1.574925067831630943e-01	-1.131170373576903393e-01
2.348949461396416388e-02	-2.769407933426177443e-02	4.548536656523988891e-02	-6.306959290127063522e-02	9.333938462206527176e-02	-3.763943391122322873e-02	4.105616359804657028e-02	-4.432614806597431206e-02	7.708716167646006978e-02	-7.957090336780381357e-02	7.033997810431363851e-02	-6.407576453691508911e-02	1.810384699753716520e-01	-1.561767425451648927e-01	1.418920396923422644e-01	-1.460020726745785702e-01	1.256790751485905577e-01	-1.831095351363026258e-01	1.786719165176275659e-01	-1.578293877120515720e-01	1.278464680519273144e-01	-1.361039867249005386e-01	2.334088289927082338e-01	-3.962663883720024538e-01	1.993371114284135659e-01	-1.139487126136430467e-01	1.571434399532168902e-01	-3.094125984478655056e-01	1.000000000000001554e+00	-6.303034484873285548e-01	1.614193834613798229e-01	-1.451346532654921584e-01	1.926850015424470541e-01	-4.307968985988799848e-01	2.720433000233349885e-01
-2.290278175643874203e-02	2.685117413822050297e-02	-4.568231393753951347e-02	6.254385176759584553e-02	-9.532564948519743619e-02	3.639565224670513605e-02	-4.005914169538680319e-02	4.387169076403843460e-02	-7.763194415565528861e-02	7.809826530083487095e-02	-6.897911966234854253e-02	6.180386784173404896e-02	-1.828328152940413842e-01	1.399462506946019258e-01	-1.410696590868088796e-01	1.299858529118534112e-01	-1.161275893676197574e-01	1.565489632349946203e-01	-1.600695246678630335e-01	1.387112634793174482e-01	-1.274563293731019731e-01	1.218867845562456309e-01	-2.048232659495674846e-01	2.262146350224834845e-01	-1.933360164012893623e-01	1.082737447278447340e-01	-1.482338870898717853e-01	1.962216110456624918e-01	-6.303034484873285548e-01	1.000000000000001110e+00	-1.679705216550343438e-01	1.314720694047167571e-01	-1.874218121657489355e-01	3.197931101809377008e-01	-5.449286141747061718e-01
2.977701429280631140e-02	-3.537125904557874428e-02	4.757397217218016505e-02	-6.360009385461620757e-02	9.227625412815360084e-02	-4.875457809839811585e-02	5.226052344082252055e-02	-4.667019439003147752e-02	7.560427705453534597e-02	-7.722169176606669128e-02	8.957698459345142528e-02	-8.253203276228623930e-02	1.975382589566690439e-01	-1.509008855078506350e-01	1.312105377835173503e-01	-2.407555890070638971e-01	1.785589233432021972e-01	-1.995283813813404361e-01	1.495424784513247618e-01	-1.323943045285920495e-01	2.767612028630772603e-01	-2.481498095537253423e-01	2.052213634504153339e-01	-1.875553969070907490e-01	1.428080406284669979e-01	-4.891036424779567904e-01	2.638771233821983198e-01	-2.484196816726462753e-01	1.614193834613798229e-01	-1.679705216550343438e-01	1.000000000000000888e+00	-5.736005976228062408e-01	2.821888061338785336e-01	-1.396445962507423255e-01	9.393377220044163423e-02
-2.280428323739145183e-02	2.697656924899056660e-02	-3.668201370648363491e-02	4.916534524161812747e-02	-7.220217052629863963e-02	3.732710475613926909e-02	-4.047454166369853640e-02	3.580430106498969089e-02	-5.923953737517338725e-02	6.031642923584148996e-02	-7.040263460908607884e-02	6.442557574191930259e-02	-1.591130065062487386e-01	1.176250457792580861e-01	-1.046695429645277814e-01	1.726444453269196933e-01	-1.464590177973430496e-01	1.609039490562852726e-01	-1.228243156950680620e-01	1.048532360578873779e-01	-2.204713175413234305e-01	2.051968577286895634e-01	-2.101056662284880305e-01	1.530276220698506273e-01	-1.184391323346865588e-01	2.283436551296709194e-01	-3.184803103257053403e-01	2.530201457719950531e-01	-1.451346532654921584e-01	1.314720694047167571e-01	-5.736005976228062408e-01	1.000000000000001110e+00	-6.269377188317684091e-01	1.109950265314161300e-01	-7.744785453069261139e-02
2.660832670861160154e-02	-3.156498363687637587e-02	4.434947481772298639e-02	-6.000528540954452872e-02	8.716593683350316868e-02	-4.342788050709722736e-02	4.677671175165781792e-02	-4.353141785484216514e-02	7.180559230086354383e-02	-7.382862304838297418e-02	8.028620708002560946e-02	-7.411562620767209175e-02	1.859512591716754593e-01	-1.476326464819167350e-01	1.272157712292711074e-01	-1.996677403815808050e-01	1.591239656630367150e-01	-2.080240788630048909e-01	1.525379356881874093e-01	-1.333898212231438840e-01	1.844208842327345332e-01	-2.077121117986748811e-01	2.558947905790499022e-01	-2.071030322921305622e-01	1.463480965548400459e-01	-1.998577267957625248e-01	2.437651669446957992e-01	-5.125602773814575963e-01	1.926850015424470541e-01	-1.874218121657489355e-01	2.821888061338785336e-01	-6.269377188317684091e-01	1.000000000000000888e+00	-1.608577327801658519e-01	1.067336374317129216e-01
-1.880393547523498757e-02	2.204551201216569181e-02	-3.730086130918339182e-02	5.094604087878693011e-02	-7.763627106842299619e-02	2.988270749750037564e-02	-3.287668696149267933e-02	3.581283405289733407e-02	-6.313038682938347523e-02	6.341706627796017681e-02	-5.657793970088344226e-02	5.065773190743966259e-02	-1.494704209555983987e-01	1.134297931925469516e-01	-1.140136770197672650e-01	1.068503270234595071e-01	-9.483138312727651398e-02	1.269784208332989939e-01	-1.275200495001932444e-01	1.106061463810673884e-01	-1.051023888196847972e-01	1.000083144750619074e-01	-1.632009381310850493e-01	1.778759002652546828e-01	-1.502061188231488820e-01	8.961641643357901033e-02	-1.210276807861340592e-01	1.574925067831630943e-01	-4.307968985988799848e-01	3.197931101809377008e-01	-1.396445962507423255e-01	1.109950265314161300e-01	-1.608577327801658519e-01	1.000000000000001110e+00	-7.695479256771808885e-01
1.306163546195565975e-02	-1.534044841410133093e-02	2.568568531991364048e-02	-3.518381139724346962e-02	5.313227486712646802e-02	-2.079795232863442672e-02	2.280720476401048441e-02	-2.476900687535656120e-02	4.334721910655053162e-02	-4.385354980029577965e-02	3.913502323261418281e-02	-3.519155441908024262e-02	1.023935022335756284e-01	-8.027383004690823165e-02	7.832245452886632542e-02	-7.606342245944359981e-02	6.630219007701912415e-02	-9.028908870268226305e-02	8.885065178143670972e-02	-7.873297023804717854e-02	7.181876240337242701e-02	-7.018272577612641450e-02	1.124657623564488396e-01	-1.325400822325661920e-01	1.035290429593069550e-01	-6.206885541555704627e-02	8.307946846627205228e-02	-1.131170373576903393e-01	2.720433000233349885e-01	-5.449286141747061718e-01	9.393377220044163423e-02	-7.744785453069261139e-02	1.067336374317129216e-01	-7.695479256771808885e-01	1.000000000000001110e+00
