1.000000000000000222e+00	-5.352516361478444340e-01	2.657770914275248142e-01	-3.266196845329913945e-01	1.672581724938350389e-01	-4.669911708052751353e-01	3.156545780525041311e-01	-2.151677113717216372e-01	2.162187809859927035e-01	-1.397667443182501745e-01	2.449803336638003148e-01	-2.676754163486641525e-01	2.073169429790189533e-01	-1.389176890891947735e-01	1.098032847718272559e-01	-2.398900495566271274e-01	1.506929779402283454e-01	-2.098745223556945094e-01	1.243221889073104353e-01	-1.278700670289774910e-01	1.612990788195243497e-01	-1.060589557707319330e-01	1.179857985074297261e-01	-1.156917567769628341e-01	1.033628860514377718e-01	-6.691663993185234527e-02	1.003002377554718522e-01	-1.139226600179187032e-01	1.450082082057828070e-01	-1.182280693737873811e-01	7.653789646953514103e-02	-7.703684310672767599e-02	1.170819028101007797e-01	-7.298102396824918126e-02	6.850431147945998389e-02
-5.352516361478444340e-01	1.000000000000000000e+00	-5.156594857878377125e-01	2.777677468531365435e-01	-1.469481337332270710e-01	2.676774491816688584e-01	-5.133951494687195583e-01	1.866210518574925037e-01	-2.001369287356642157e-01	1.154709313153819972e-01	-1.946475210531702915e-01	1.994078623639870540e-01	-1.824068915444619077e-01	1.007372862380861711e-01	-8.251988432068832480e-02	1.523012017629931658e-01	-1.035120192858087623e-01	1.370063496856523677e-01	-8.814300974902755659e-02	8.922347882346375048e-02	-1.118266525971427089e-01	7.191042021658491934e-02	-8.129934702668384361e-02	7.941624755248406775e-02	-7.175880183150956659e-02	4.552730511982218398e-02	-6.864782276255075588e-02	7.679709295132394753e-02	-1.013887256490684785e-01	7.913433203502617808e-02	-5.244582449995512791e-02	5.238530085978351791e-02	-8.018499911011128800e-02	4.929121937756765492e-02	-4.664649342148190908e-02
2.657770914275248142e-01	-5.156594857878377125e-01	9.999999999999997780e-01	-6.890518960500672252e-01	1.683485223846777068e-01	-1.819961902913949658e-01	2.280190284265969092e-01	-2.601244504349425890e-01	2.372436761389123960e-01	-1.415878669640684151e-01	1.492176065462489654e-01	-1.724235609498856181e-01	1.850168170499803255e-01	-1.115153407772049576e-01	9.051678819755559768e-02	-1.504016357780419977e-01	1.016511637103332533e-01	-1.425953135828893215e-01	9.300901739999294093e-02	-9.689575793262557302e-02	1.098324532890562477e-01	-7.190609798016035781e-02	8.118219268044686576e-02	-8.333565862954973869e-02	7.512773841615207060e-02	-4.562585201887557618e-02	6.875013831577941881e-02	-7.786157691549820681e-02	1.038753319050920720e-01	-8.338934842372076883e-02	5.240084451619631684e-02	-5.272840005327825152e-02	8.050425825811319269e-02	-5.091273384169314742e-02	4.801652934771896697e-02
-3.266196845329913945e-01	2.777677468531365435e-01	-6.890518960500672252e-01	9.999999999999998890e-01	-2.768241530942482931e-01	1.780306970776086017e-01	-2.390973176807706102e-01	2.358432937370323890e-01	-4.042115333161189206e-01	1.964265392448582837e-01	-1.611143304813728583e-01	1.717313503302715372e-01	-2.088289592689480667e-01	1.317601285452720539e-01	-1.129948600758688693e-01	1.554622625112400403e-01	-1.096558495685185375e-01	1.493785293943015735e-01	-1.082560348098649261e-01	1.124489829848891037e-01	-1.244288287777440827e-01	8.036576085763154353e-02	-9.233065578154724118e-02	9.514451744718119275e-02	-8.696364218219344855e-02	5.159910254220472642e-02	-7.819762439751050398e-02	8.748035578194460204e-02	-1.209570087039201908e-01	9.382394791682410751e-02	-5.970293887802190919e-02	5.974875080255452608e-02	-9.195840290097029301e-02	5.765320358450234939e-02	-5.475070641655276071e-02
1.672581724938350389e-01	-1.469481337332270710e-01	1.683485223846777068e-01	-2.768241530942482931e-01	9.999999999999993339e-01	-1.185219383877788163e-01	1.319553170706694312e-01	-2.116211865260979874e-01	2.883814741250786406e-01	-7.838088544486766507e-01	1.219337073617575429e-01	-1.429012028617251961e-01	1.685368727400416988e-01	-2.160931543184058667e-01	1.947763325019827574e-01	-1.642838737534471349e-01	1.134942482366152056e-01	-1.674590145060980695e-01	1.460788809338885996e-01	-1.817585065470641581e-01	1.266920325776005884e-01	-8.561003788324532404e-02	9.824147282559703154e-02	-1.242966652477513201e-01	1.136621298591517087e-01	-5.499151919128537902e-02	8.332025281291767504e-02	-9.731931372322766283e-02	1.424752154301914542e-01	-1.232468406885781492e-01	6.293827075005178906e-02	-6.472893407158566981e-02	9.872830140881330707e-02	-6.966341703981809852e-02	6.544520836011288867e-02
-4.669911708052751353e-01	2.676774491816688584e-01	-1.819961902913949658e-01	1.780306970776086017e-01	-1.185219383877788163e-01	1.000000000000000000e+00	-6.091777468461970768e-01	1.690777484540063880e-01	-1.619358572402575525e-01	9.627750811721150215e-02	-5.022074660368778254e-01	2.800288648795847823e-01	-1.924662916115026934e-01	9.511156228158045012e-02	-7.657367848765077312e-02	1.817174500825934069e-01	-1.210719970330753625e-01	1.443825409940678040e-01	-8.607683075355257452e-02	8.497821239640332425e-02	-1.188031624148420257e-01	7.479644724734726968e-02	-8.305080001035136661e-02	7.718631413667793872e-02	-6.912634780322821082e-02	4.606498294766753904e-02	-6.914636456871511849e-02	7.715101311351307833e-02	-9.848916066756245591e-02	7.625680271599885596e-02	-5.277240771808111575e-02	5.250035007933229886e-02	-7.977981413709106517e-02	4.808177514965713412e-02	-4.546663313902234160e-02
3.156545780525041311e-01	-5.133951494687195583e-01	2.280190284265969092e-01	-2.390973176807706102e-01	1.319553170706694312e-01	-6.091777468461970768e-01	1.000000000000000444e+00	-2.186790138834289743e-01	1.824588813574751223e-01	-1.109091572608059267e-01	2.737468759423078990e-01	-3.502738228583399671e-01	2.043405507656012032e-01	-1.070139581773841275e-01	8.496977902986720121e-02	-1.884736059387920881e-01	1.223518459561573485e-01	-1.601661604529855398e-01	9.408162394043756427e-02	-9.473949987882746004e-02	1.208225314090144442e-01	-7.828042358319901861e-02	8.667838277614679787e-02	-8.447569760478577938e-02	7.544397218291858109e-02	-4.844477190753788270e-02	7.264866111304148222e-02	-8.213068403576387344e-02	1.057150690882297100e-01	-8.398806946345128976e-02	5.533657565967760317e-02	-5.549519659650306580e-02	8.415009841218457076e-02	-5.206008417493102752e-02	4.905789757980263954e-02
-2.151677113717216372e-01	1.866210518574925037e-01	-2.601244504349425890e-01	2.358432937370323890e-01	-2.116211865260979874e-01	1.690777484540063880e-01	-2.186790138834289743e-01	9.999999999999998890e-01	-5.174870258653384569e-01	1.877684207210444656e-01	-2.046614526391466737e-01	2.386692015057386984e-01	-6.543455415044703294e-01	1.549847360195849011e-01	-1.269496000359143506e-01	1.739289691689893669e-01	-1.361025652332753799e-01	1.861758050129581898e-01	-1.236503492478496641e-01	1.218558181775658139e-01	-1.313632321659687907e-01	8.501956819666185716e-02	-9.663246797684572897e-02	1.020019763358669951e-01	-9.225801746877224097e-02	5.311281434327188439e-02	-8.039511892910874979e-02	9.062309484155178785e-02	-1.261750790109087417e-01	9.736278931947169035e-02	-6.106797272455017495e-02	6.130285219940574681e-02	-9.367579414759852341e-02	5.937016091018676445e-02	-5.640214951723002135e-02
2.162187809859927035e-01	-2.001369287356642157e-01	2.372436761389123960e-01	-4.042115333161189206e-01	2.883814741250786406e-01	-1.619358572402575525e-01	1.824588813574751223e-01	-5.174870258653384569e-01	1.000000000000000888e+00	-4.400983398451255302e-01	1.682901898348709846e-01	-2.100406566054058843e-01	2.691310656128225731e-01	-2.209803279362574091e-01	1.728810891982049402e-01	-2.065804839138321303e-01	1.422615227353730694e-01	-2.115396003209408793e-01	1.530251612264366123e-01	-1.686613543431254580e-01	1.487617196465396141e-01	-9.959650110552005497e-02	1.125606984848487729e-01	-1.304029030282059520e-01	1.173473034001422388e-01	-6.289072808331486186e-02	9.491164704458764090e-02	-1.097881015076626054e-01	1.537750886145181350e-01	-1.280653041518229340e-01	7.185276828321240927e-02	-7.327792912451429330e-02	1.113937162753589755e-01	-7.490241725569342368e-02	7.047137867216266005e-02
-1.397667443182501745e-01	1.154709313153819972e-01	-1.415878669640684151e-01	1.964265392448582837e-01	-7.838088544486766507e-01	9.627750811721150215e-02	-1.109091572608059267e-01	1.877684207210444656e-01	-4.400983398451255302e-01	1.000000000000000444e+00	-1.026588804946407529e-01	1.169298015558231929e-01	-1.593404285026807921e-01	1.943512776865299052e-01	-2.508222110400253890e-01	1.254736067062257876e-01	-9.131901143827450551e-02	1.306386098637281612e-01	-1.330528572093121753e-01	1.599041796809023974e-01	-1.022083203337541546e-01	6.854642774538387273e-02	-7.984629070414686614e-02	1.045935281577457937e-01	-9.891411306267208770e-02	4.408888191981238242e-02	-6.722969380596148514e-02	7.801699373779559521e-02	-1.223828175962601156e-01	9.937844906453290050e-02	-5.068129814484119422e-02	5.201561066743019823e-02	-7.985452810313876937e-02	5.639701063961913979e-02	-5.365241838474993363e-02
2.449803336638003148e-01	-1.946475210531702915e-01	1.492176065462489654e-01	-1.611143304813728583e-01	1.219337073617575429e-01	-5.022074660368778254e-01	2.737468759423078990e-01	-2.046614526391466737e-01	1.682901898348709846e-01	-1.026588804946407529e-01	1.000000000000000666e+00	-6.605057112697958477e-01	2.380020726450069457e-01	-1.104929975810647613e-01	8.659605969142822324e-02	-3.129234345237932313e-01	1.665596045097570976e-01	-1.909488417931238802e-01	1.008040645522974565e-01	-9.793110173661989659e-02	1.416360084467704339e-01	-8.997217114279475181e-02	9.613001104009394338e-02	-8.863877938727761363e-02	7.835694012135042963e-02	-5.298450181383018015e-02	7.888502375275519007e-02	-8.912370143703381153e-02	1.104588966397515026e-01	-8.610050319553094744e-02	5.988330334331223859e-02	-5.982966861964091748e-02	8.957428297248909432e-02	-5.415969811235480519e-02	5.104396598134829099e-02
-2.676754163486641525e-01	1.994078623639870540e-01	-1.724235609498856181e-01	1.717313503302715372e-01	-1.429012028617251961e-01	2.800288648795847823e-01	-3.502738228583399671e-01	2.386692015057386984e-01	-2.100406566054058843e-01	1.169298015558231929e-01	-6.605057112697958477e-01	1.000000000000000000e+00	-4.504457568362560393e-01	1.216812581582437658e-01	-9.761377124308591446e-02	2.176287898941213217e-01	-1.681517627471220133e-01	1.847487856832462916e-01	-1.079571892970810909e-01	1.030840728647874627e-01	-1.418370989412389427e-01	8.909267253927963259e-02	-9.841649569249155682e-02	9.230594147189885579e-02	-8.253937993316046162e-02	5.377065412000003874e-02	-8.081289334448227279e-02	9.010095285552409405e-02	-1.168212356144905928e-01	8.865029663725043640e-02	-6.147357743485845627e-02	6.111297670548597460e-02	-9.260604878645622984e-02	5.585406488011135373e-02	-5.298167831146886886e-02
2.073169429790189533e-01	-1.824068915444619077e-01	1.850168170499803255e-01	-2.088289592689480667e-01	1.685368727400416988e-01	-1.924662916115026934e-01	2.043405507656012032e-01	-6.543455415044703294e-01	2.691310656128225731e-01	-1.593404285026807921e-01	2.380020726450069457e-01	-4.504457568362560393e-01	9.999999999999997780e-01	-1.941772723087186459e-01	1.354420499971897007e-01	-2.254198430603853720e-01	1.728066581950515046e-01	-2.823165235067341960e-01	1.423956235196271736e-01	-1.386239579546543199e-01	1.459862830877469986e-01	-9.690044044289405911e-02	1.072811466757468135e-01	-1.161569793707764864e-01	1.021343677686539358e-01	-5.876979942390575529e-02	8.844267379662791584e-02	-1.014148212428233886e-01	1.376572814376089415e-01	-1.090396487280673871e-01	6.681971162785697860e-02	-6.761344152618549430e-02	1.020637442949178519e-01	-6.574005906040182590e-02	6.208941724461626566e-02
-1.389176890891947735e-01	1.007372862380861711e-01	-1.115153407772049576e-01	1.317601285452720539e-01	-2.160931543184058667e-01	9.511156228158045012e-02	-1.070139581773841275e-01	1.549847360195849011e-01	-2.209803279362574091e-01	1.943512776865299052e-01	-1.104929975810647613e-01	1.216812581582437658e-01	-1.941772723087186459e-01	9.999999999999994449e-01	-6.991254945631089068e-01	1.459040684177949632e-01	-1.275836982521064977e-01	1.771708513279607877e-01	-4.438973735769439211e-01	3.172238253654663942e-01	-1.383246888930796947e-01	9.607843295323408028e-02	-1.180719438268043459e-01	2.155167829714377814e-01	-2.021213530814567894e-01	6.175314643511798512e-02	-9.632522098651354059e-02	1.156779601276140407e-01	-2.408934777495240764e-01	1.656506940131346473e-01	-7.097015505833687010e-02	7.466668816302846068e-02	-1.156272955887319709e-01	9.116110481598223292e-02	-8.964966779638816607e-02
1.098032847718272559e-01	-8.251988432068832480e-02	9.051678819755559768e-02	-1.129948600758688693e-01	1.947763325019827574e-01	-7.657367848765077312e-02	8.496977902986720121e-02	-1.269496000359143506e-01	1.728810891982049402e-01	-2.508222110400253890e-01	8.659605969142822324e-02	-9.761377124308591446e-02	1.354420499971897007e-01	-6.991254945631089068e-01	9.999999999999997780e-01	-1.211659791989433826e-01	1.001052228996411053e-01	-1.465812194881109254e-01	2.793844679049061197e-01	-5.437456637797988268e-01	1.089265652311615651e-01	-7.683265771614282424e-02	9.295707821302912066e-02	-1.838871356158051917e-01	1.763612342347694040e-01	-4.917929216693719963e-02	7.621549350660776490e-02	-9.287007340741286476e-02	1.794074760316994033e-01	-1.559802433778888775e-01	5.616785731164346956e-02	-5.977164462655683991e-02	9.174014026023477597e-02	-7.816081754173553886e-02	7.502934650301040787e-02
-2.398900495566271274e-01	1.523012017629931658e-01	-1.504016357780419977e-01	1.554622625112400403e-01	-1.642838737534471349e-01	1.817174500825934069e-01	-1.884736059387920881e-01	1.739289691689893669e-01	-2.065804839138321303e-01	1.254736067062257876e-01	-3.129234345237932313e-01	2.176287898941213217e-01	-2.254198430603853720e-01	1.459040684177949632e-01	-1.211659791989433826e-01	9.999999999999996669e-01	-6.009015322717990992e-01	3.126304778645898619e-01	-1.646366555664435516e-01	1.431568116893812137e-01	-3.850145439639580114e-01	1.995523558013841403e-01	-2.053501866569040213e-01	1.436377036713341881e-01	-1.270595030837234352e-01	1.090002633821536976e-01	-1.601111027717490309e-01	1.719635180131340313e-01	-1.910487551984095533e-01	1.356874272840028761e-01	-1.221758397662699447e-01	1.175115433464385545e-01	-1.732308074049939139e-01	9.250042897160357103e-02	-8.789100878644626191e-02
1.506929779402283454e-01	-1.035120192858087623e-01	1.016511637103332533e-01	-1.096558495685185375e-01	1.134942482366152056e-01	-1.210719970330753625e-01	1.223518459561573485e-01	-1.361025652332753799e-01	1.422615227353730694e-01	-9.131901143827450551e-02	1.665596045097570976e-01	-1.681517627471220133e-01	1.728066581950515046e-01	-1.275836982521064977e-01	1.001052228996411053e-01	-6.009015322717990992e-01	1.000000000000000222e+00	-6.789170800197891209e-01	1.550507969680264553e-01	-1.305769090796438658e-01	2.088861645596557237e-01	-1.658334779958292593e-01	1.451729271577893166e-01	-1.230724946969643796e-01	1.012084109329500353e-01	-7.343365694946460409e-02	1.099898434272524872e-01	-1.252149916300219767e-01	1.413273470742446025e-01	-1.064252309804389618e-01	8.027424309379312117e-02	-8.121710844813063990e-02	1.162710891496869514e-01	-6.803898554560107448e-02	6.401629770302023903e-02
-2.098745223556945094e-01	1.370063496856523677e-01	-1.425953135828893215e-01	1.493785293943015735e-01	-1.674590145060980695e-01	1.443825409940678040e-01	-1.601661604529855398e-01	1.861758050129581898e-01	-2.115396003209408793e-01	1.306386098637281612e-01	-1.909488417931238802e-01	1.847487856832462916e-01	-2.823165235067341960e-01	1.771708513279607877e-01	-1.465812194881109254e-01	3.126304778645898619e-01	-6.789170800197891209e-01	9.999999999999995559e-01	-2.767294991275995319e-01	1.805514493909024520e-01	-2.555642681436580133e-01	1.666403645319806393e-01	-1.880419086070793389e-01	1.721240127359584815e-01	-1.461346220122470285e-01	9.296187333710784206e-02	-1.425544786278725995e-01	1.563804001177745984e-01	-2.071356569491810962e-01	1.446562359838447220e-01	-1.064452317356292255e-01	1.052790481750882357e-01	-1.589479023847577555e-01	9.284557245120307611e-02	-8.902435847098001676e-02
1.243221889073104353e-01	-8.814300974902755659e-02	9.300901739999294093e-02	-1.082560348098649261e-01	1.460788809338885996e-01	-8.607683075355257452e-02	9.408162394043756427e-02	-1.236503492478496641e-01	1.530251612264366123e-01	-1.330528572093121753e-01	1.008040645522974565e-01	-1.079571892970810909e-01	1.423956235196271736e-01	-4.438973735769439211e-01	2.793844679049061197e-01	-1.646366555664435516e-01	1.550507969680264553e-01	-2.767294991275995319e-01	1.000000000000000444e+00	-5.648114148279472779e-01	1.456843218682758456e-01	-1.080694651737735407e-01	1.324396027199368775e-01	-4.889793449820348248e-01	2.502720671235538763e-01	-6.608787308987519593e-02	1.028227127578067723e-01	-1.319217350322219040e-01	2.672284247058641649e-01	-2.180312137678611095e-01	7.462852058884784923e-02	-8.066546131784893547e-02	1.218867169669280714e-01	-1.083877516593641649e-01	1.028540122407982926e-01
-1.278700670289774910e-01	8.922347882346375048e-02	-9.689575793262557302e-02	1.124489829848891037e-01	-1.817585065470641581e-01	8.497821239640332425e-02	-9.473949987882746004e-02	1.218558181775658139e-01	-1.686613543431254580e-01	1.599041796809023974e-01	-9.793110173661989659e-02	1.030840728647874627e-01	-1.386239579546543199e-01	3.172238253654663942e-01	-5.437456637797988268e-01	1.431568116893812137e-01	-1.305769090796438658e-01	1.805514493909024520e-01	-5.648114148279472779e-01	9.999999999999996669e-01	-1.442947744879126692e-01	1.023432789443103480e-01	-1.279585816447044444e-01	2.681205070223613984e-01	-3.499721305387504811e-01	6.619562556635147366e-02	-1.039302237861212813e-01	1.267908959292205484e-01	-2.810499172252969857e-01	2.178813204006811721e-01	-7.597610956391541437e-02	8.123472261842769326e-02	-1.262545071312860812e-01	1.091515852650095236e-01	-1.093982673695128444e-01
1.612990788195243497e-01	-1.118266525971427089e-01	1.098324532890562477e-01	-1.244288287777440827e-01	1.266920325776005884e-01	-1.188031624148420257e-01	1.208225314090144442e-01	-1.313632321659687907e-01	1.487617196465396141e-01	-1.022083203337541546e-01	1.416360084467704339e-01	-1.418370989412389427e-01	1.459862830877469986e-01	-1.383246888930796947e-01	1.089265652311615651e-01	-3.850145439639580114e-01	2.088861645596557237e-01	-2.555642681436580133e-01	1.456843218682758456e-01	-1.442947744879126692e-01	1.000000000000000888e+00	-5.940781271344844905e-01	2.961618779348804131e-01	-1.613046804654104383e-01	1.349590973662645743e-01	-2.170518080171983111e-01	2.403944430400349330e-01	-3.103215326009022834e-01	2.000007955108122626e-01	-1.657816994222710838e-01	1.830080294274048225e-01	-1.868001966160982297e-01	2.147916665352800070e-01	-1.166647919652202270e-01	1.037829829694341122e-01
-1.060589557707319330e-01	7.191042021658491934e-02	-7.190609798016035781e-02	8.036576085763154353e-02	-8.561003788324532404e-02	7.479644724734726968e-02	-7.828042358319901861e-02	8.501956819666185716e-02	-9.959650110552005497e-02	6.854642774538387273e-02	-8.997217114279475181e-02	8.909267253927963259e-02	-9.690044044289405911e-02	9.607843295323408028e-02	-7.683265771614282424e-02	1.995523558013841403e-01	-1.658334779958292593e-01	1.666403645319806393e-01	-1.080694651737735407e-01	1.023432789443103480e-01	-5.940781271344844905e-01	1.000000000000000444e+00	-6.100382108196988895e-01	1.286882873998712318e-01	-1.041547809872799824e-01	1.600388194890224047e-01	-3.215273537018745742e-01	2.870491740275378234e-01	-1.644219197188650783e-01	1.215635350659692998e-01	-1.602127244843484788e-01	1.773830704841293793e-01	-2.114962846086035353e-01	9.271227855282559993e-02	-8.409671102937385512e-02
1.179857985074297261e-01	-8.129934702668384361e-02	8.118219268044686576e-02	-9.233065578154724118e-02	9.824147282559703154e-02	-8.305080001035136661e-02	8.667838277614679787e-02	-9.663246797684572897e-02	1.125606984848487729e-01	-7.984629070414686614e-02	9.613001104009394338e-02	-9.841649569249155682e-02	1.072811466757468135e-01	-1.180719438268043459e-01	9.295707821302912066e-02	-2.053501866569040213e-01	1.451729271577893166e-01	-1.880419086070793389e-01	1.324396027199368775e-01	-1.279585816447044444e-01	2.961618779348804131e-01	-6.100382108196988895e-01	9.999999999999998890e-01	-1.853610038950091465e-01	1.304431987345841537e-01	-1.499417057747656490e-01	2.501227571685426532e-01	-5.721292101690523824e-01	2.054237849930876658e-01	-1.547679751706641238e-01	1.476660488651673764e-01	-1.801399153224808036e-01	2.175582107690460787e-01	-1.102540267316857447e-01	9.812544252882830775e-02
-1.156917567769628341e-01	7.941624755248406775e-02	-8.333565862954973869e-02	9.514451744718119275e-02	-1.242966652477513201e-01	7.718631413667793872e-02	-8.447569760478577938e-02	1.020019763358669951e-01	-1.304029030282059520e-01	1.045935281577457937e-01	-8.863877938727761363e-02	9.230594147189885579e-02	-1.161569793707764864e-01	2.155167829714377814e-01	-1.838871356158051917e-01	1.436377036713341881e-01	-1.230724946969643796e-01	1.721240127359584815e-01	-4.889793449820348248e-01	2.681205070223613984e-01	-1.613046804654104383e-01	1.286882873998712318e-01	-1.853610038950091465e-01	9.999999999999994449e-01	-4.749672721866901592e-01	7.865261271875063909e-02	-1.262748138217943128e-01	1.739136992493531819e-01	-5.812888664489948010e-01	2.771005351762009239e-01	-8.847606242030234269e-02	9.857511665802363987e-02	-1.497168148041954083e-01	1.445155172438380708e-01	-1.419491348604224601e-01
1.033628860514377718e-01	-7.175880183150956659e-02	7.512773841615207060e-02	-8.696364218219344855e-02	1.136621298591517087e-01	-6.912634780322821082e-02	7.544397218291858109e-02	-9.225801746877224097e-02	1.173473034001422388e-01	-9.891411306267208770e-02	7.835694012135042963e-02	-8.253937993316046162e-02	1.021343677686539358e-01	-2.021213530814567894e-01	1.763612342347694040e-01	-1.270595030837234352e-01	1.012084109329500353e-01	-1.461346220122470285e-01	2.502720671235538763e-01	-3.499721305387504811e-01	1.349590973662645743e-01	-1.041547809872799824e-01	1.304431987345841537e-01	-4.749672721866901592e-01	1.000000000000000666e+00	-6.908321623014805624e-02	1.078823069058232748e-01	-1.406347305636050926e-01	2.926097809464934807e-01	-6.765379361208451181e-01	7.780265543226679015e-02	-9.011418421995338879e-02	1.381986598583010706e-01	-1.898237927058221419e-01	1.808346932225371462e-01
-6.691663993185234527e-02	4.552730511982218398e-02	-4.562585201887557618e-02	5.159910254220472642e-02	-5.499151919128537902e-02	4.606498294766753904e-02	-4.844477190753788270e-02	5.311281434327188439e-02	-6.289072808331486186e-02	4.408888191981238242e-02	-5.298450181383018015e-02	5.377065412000003874e-02	-5.876979942390575529e-02	6.175314643511798512e-02	-4.917929216693719963e-02	1.090002633821536976e-01	-7.343365694946460409e-02	9.296187333710784206e-02	-6.608787308987519593e-02	6.619562556635147366e-02	-2.170518080171983111e-01	1.600388194890224047e-01	-1.499417057747656490e-01	7.865261271875063909e-02	-6.908321623014805624e-02	1.000000000000000444e+00	-3.883329953589415573e-01	1.933799394739684208e-01	-1.084170536014779779e-01	8.734222027158289325e-02	-8.363127983577758329e-01	2.455483486610343102e-01	-2.169189580600695555e-01	7.774466178064110000e-02	-6.844247071306137908e-02
1.003002377554718522e-01	-6.864782276255075588e-02	6.875013831577941881e-02	-7.819762439751050398e-02	8.332025281291767504e-02	-6.914636456871511849e-02	7.264866111304148222e-02	-8.039511892910874979e-02	9.491164704458764090e-02	-6.722969380596148514e-02	7.888502375275519007e-02	-8.081289334448227279e-02	8.844267379662791584e-02	-9.632522098651354059e-02	7.621549350660776490e-02	-1.601111027717490309e-01	1.099898434272524872e-01	-1.425544786278725995e-01	1.028227127578067723e-01	-1.039302237861212813e-01	2.403944430400349330e-01	-3.215273537018745742e-01	2.501227571685426532e-01	-1.262748138217943128e-01	1.078823069058232748e-01	-3.883329953589415573e-01	1.000000000000000444e+00	-4.544609621166857960e-01	1.710456087896571886e-01	-1.396967752908232496e-01	2.739361100154284467e-01	-5.665815007131999037e-01	3.055538398648622311e-01	-1.228510305207441144e-01	1.032793954202907150e-01
-1.139226600179187032e-01	7.679709295132394753e-02	-7.786157691549820681e-02	8.748035578194460204e-02	-9.731931372322766283e-02	7.715101311351307833e-02	-8.213068403576387344e-02	9.062309484155178785e-02	-1.097881015076626054e-01	7.801699373779559521e-02	-8.912370143703381153e-02	9.010095285552409405e-02	-1.014148212428233886e-01	1.156779601276140407e-01	-9.287007340741286476e-02	1.719635180131340313e-01	-1.252149916300219767e-01	1.563804001177745984e-01	-1.319217350322219040e-01	1.267908959292205484e-01	-3.103215326009022834e-01	2.870491740275378234e-01	-5.721292101690523824e-01	1.739136992493531819e-01	-1.406347305636050926e-01	1.933799394739684208e-01	-4.544609621166857960e-01	1.000000000000000666e+00	-2.989841514931140254e-01	1.663069655615485865e-01	-2.153995123172037229e-01	2.539604963490008638e-01	-3.937910012580677632e-01	1.400046238378137853e-01	-1.282496993286699749e-01
1.450082082057828070e-01	-1.013887256490684785e-01	1.038753319050920720e-01	-1.209570087039201908e-01	1.424752154301914542e-01	-9.848916066756245591e-02	1.057150690882297100e-01	-1.261750790109087417e-01	1.537750886145181350e-01	-1.223828175962601156e-01	1.104588966397515026e-01	-1.168212356144905928e-01	1.376572814376089415e-01	-2.408934777495240764e-01	1.794074760316994033e-01	-1.910487551984095533e-01	1.413273470742446025e-01	-2.071356569491810962e-01	2.672284247058641649e-01	-2.810499172252969857e-01	2.000007955108122626e-01	-1.644219197188650783e-01	2.054237849930876658e-01	-5.812888664489948010e-01	2.926097809464934807e-01	-1.084170536014779779e-01	1.710456087896571886e-01	-2.989841514931140254e-01	9.999999999999996669e-01	-4.061185507177269560e-01	1.182871168293067182e-01	-1.399618953502920760e-01	2.019149339701608870e-01	-2.517302606859687097e-01	1.960828537743826427e-01
-1.182280693737873811e-01	7.913433203502617808e-02	-8.338934842372076883e-02	9.382394791682410751e-02	-1.232468406885781492e-01	7.625680271599885596e-02	-8.398806946345128976e-02	9.736278931947169035e-02	-1.280653041518229340e-01	9.937844906453290050e-02	-8.610050319553094744e-02	8.865029663725043640e-02	-1.090396487280673871e-01	1.656506940131346473e-01	-1.559802433778888775e-01	1.356874272840028761e-01	-1.064252309804389618e-01	1.446562359838447220e-01	-2.180312137678611095e-01	2.178813204006811721e-01	-1.657816994222710838e-01	1.215635350659692998e-01	-1.547679751706641238e-01	2.771005351762009239e-01	-6.765379361208451181e-01	8.734222027158289325e-02	-1.396967752908232496e-01	1.663069655615485865e-01	-4.061185507177269560e-01	9.999999999999997780e-01	-1.012711691764945632e-01	1.154093255824947678e-01	-1.901514388426304436e-01	2.382335421151646482e-01	-3.564171133045629380e-01
7.653789646953514103e-02	-5.244582449995512791e-02	5.240084451619631684e-02	-5.970293887802190919e-02	6.293827075005178906e-02	-5.277240771808111575e-02	5.533657565967760317e-02	-6.106797272455017495e-02	7.185276828321240927e-02	-5.068129814484119422e-02	5.988330334331223859e-02	-6.147357743485845627e-02	6.681971162785697860e-02	-7.097015505833687010e-02	5.616785731164346956e-02	-1.221758397662699447e-01	8.027424309379312117e-02	-1.064452317356292255e-01	7.462852058884784923e-02	-7.597610956391541437e-02	1.830080294274048225e-01	-1.602127244843484788e-01	1.476660488651673764e-01	-8.847606242030234269e-02	7.780265543226679015e-02	-8.363127983577758329e-01	2.739361100154284467e-01	-2.153995123172037229e-01	1.182871168293067182e-01	-1.012711691764945632e-01	1.000000000000000666e+00	-3.376291882361299179e-01	2.151507365310702524e-01	-8.804780532488518108e-02	7.469954626306160583e-02
-7.703684310672767599e-02	5.238530085978351791e-02	-5.272840005327825152e-02	5.974875080255452608e-02	-6.472893407158566981e-02	5.250035007933229886e-02	-5.549519659650306580e-02	6.130285219940574681e-02	-7.327792912451429330e-02	5.201561066743019823e-02	-5.982966861964091748e-02	6.111297670548597460e-02	-6.761344152618549430e-02	7.466668816302846068e-02	-5.977164462655683991e-02	1.175115433464385545e-01	-8.121710844813063990e-02	1.052790481750882357e-01	-8.066546131784893547e-02	8.123472261842769326e-02	-1.868001966160982297e-01	1.773830704841293793e-01	-1.801399153224808036e-01	9.857511665802363987e-02	-9.011418421995338879e-02	2.455483486610343102e-01	-5.665815007131999037e-01	2.539604963490008638e-01	-1.399618953502920760e-01	1.154093255824947678e-01	-3.376291882361299179e-01	1.000000000000000222e+00	-6.462197448534381383e-01	1.284716307672542079e-01	-1.128723307041198665e-01
1.170819028101007797e-01	-8.018499911011128800e-02	8.050425825811319269e-02	-9.195840290097029301e-02	9.872830140881330707e-02	-7.977981413709106517e-02	8.415009841218457076e-02	-9.367579414759852341e-02	1.113937162753589755e-01	-7.985452810313876937e-02	8.957428297248909432e-02	-9.260604878645622984e-02	1.020637442949178519e-01	-1.156272955887319709e-01	9.174014026023477597e-02	-1.732308074049939139e-01	1.162710891496869514e-01	-1.589479023847577555e-01	1.218867169669280714e-01	-1.262545071312860812e-01	2.147916665352800070e-01	-2.114962846086035353e-01	2.175582107690460787e-01	-1.497168148041954083e-01	1.381986598583010706e-01	-2.169189580600695555e-01	3.055538398648622311e-01	-3.937910012580677632e-01	2.019149339701608870e-01	-1.901514388426304436e-01	2.151507365310702524e-01	-6.462197448534381383e-01	1.000000000000000444e+00	-2.523500103469537015e-01	1.741443090812218042e-01
-7.298102396824918126e-02	4.929121937756765492e-02	-5.091273384169314742e-02	5.765320358450234939e-02	-6.966341703981809852e-02	4.808177514965713412e-02	-5.206008417493102752e-02	5.937016091018676445e-02	-7.490241725569342368e-02	5.639701063961913979e-02	-5.415969811235480519e-02	5.585406488011135373e-02	-6.574005906040182590e-02	9.116110481598223292e-02	-7.816081754173553886e-02	9.250042897160357103e-02	-6.803898554560107448e-02	9.284557245120307611e-02	-1.083877516593641649e-01	1.091515852650095236e-01	-1.166647919652202270e-01	9.271227855282559993e-02	-1.102540267316857447e-01	1.445155172438380708e-01	-1.898237927058221419e-01	7.774466178064110000e-02	-1.228510305207441144e-01	1.400046238378137853e-01	-2.517302606859687097e-01	2.382335421151646482e-01	-8.804780532488518108e-02	1.284716307672542079e-01	-2.523500103469537015e-01	1.000000000000000444e+00	-8.591137650666448300e-01
6.850431147945998389e-02	-4.664649342148190908e-02	4.801652934771896697e-02	-5.475070641655276071e-02	6.544520836011288867e-02	-4.546663313902234160e-02	4.905789757980263954e-02	-5.640214951723002135e-02	7.047137867216266005e-02	-5.365241838474993363e-02	5.104396598134829099e-02	-5.298167831146886886e-02	6.208941724461626566e-02	-8.964966779638816607e-02	7.502934650301040787e-02	-8.789100878644626191e-02	6.401629770302023903e-02	-8.902435847098001676e-02	1.028540122407982926e-01	-1.093982673695128444e-01	1.037829829694341122e-01	-8.409671102937385512e-02	9.812544252882830775e-02	-1.419491348604224601e-01	1.808346932225371462e-01	-6.844247071306137908e-02	1.032793954202907150e-01	-1.282496993286699749e-01	1.960828537743826427e-01	-3.564171133045629380e-01	7.469954626306160583e-02	-1.128723307041198665e-01	1.741443090812218042e-01	-8.591137650666448300e-01	1.000000000000000444e+00
