1.000000000000000000e+00	-8.954953579536403252e-01	1.552087299778170115e-01	-1.183525112932341250e-01	5.592161650797186634e-02	-3.023467496019602851e-01	2.264413282313665343e-01	-9.684106190127815539e-02	7.268398443208001769e-02	-5.423866845544716292e-02	1.246155029478810405e-01	-1.332858348546002991e-01	9.130736253729870855e-02	-6.540671847969252439e-02	7.107600437279541772e-02	-8.334636237204873233e-02	9.634140427640158766e-02	-7.351537291701282228e-02	6.896257853418337469e-02	-4.652972754266614108e-02	7.110130125202089590e-02	-6.160374584645292306e-02	5.907320508422411742e-02	-6.120962957127523002e-02	5.527884839558044883e-02	-3.832677145935636104e-02	4.119957876312881767e-02	-3.794289692614209730e-02	3.523970056156513347e-02	-2.884402667826285044e-02	4.064000041692315823e-02	-4.203532356574603279e-02	3.223950222622248146e-02	-3.763555364005747444e-02	3.223089654832908546e-02
-8.954953579536403252e-01	1.000000000000000444e+00	-1.880623677205705280e-01	1.119383477423031015e-01	-5.442746931787008358e-02	2.276813057991133316e-01	-2.917673252214541546e-01	9.308535771008141779e-02	-7.169001490571083601e-02	5.223693869463217482e-02	-1.259105545238474178e-01	1.294391319073390501e-01	-9.113178828779033847e-02	6.359887083887715009e-02	-6.961815044047672818e-02	8.053315967925564478e-02	-9.843030788778021900e-02	7.110286573880707228e-02	-6.744269034309513522e-02	4.507397480256310901e-02	-6.998634009549410673e-02	5.956994035615061772e-02	-5.761195954144146536e-02	5.905640154932255415e-02	-5.380845667019831108e-02	3.700298781113547236e-02	-3.986299139428727684e-02	3.655656038218755427e-02	-3.402856495087887984e-02	2.780256470583421236e-02	-3.940510878830751074e-02	4.040486951128168663e-02	-3.109126627783673907e-02	3.614497051442185083e-02	-3.113127810954493396e-02
1.552087299778170115e-01	-1.880623677205705280e-01	1.000000000000000444e+00	-5.345750353196117022e-01	1.804046910032844064e-01	-1.351855427928832509e-01	1.310284780018254047e-01	-2.454952947798481611e-01	1.984681415954559214e-01	-1.711270187681583899e-01	1.239099207612253117e-01	-1.288934855434613336e-01	1.802864558914363535e-01	-1.584576481830323458e-01	1.924575129740805912e-01	-1.029113783015507683e-01	1.292377352264719448e-01	-1.479933565690258190e-01	1.692483683938379446e-01	-1.240139847508195670e-01	1.433549922474339489e-01	-1.233066385796690312e-01	1.313689135450840928e-01	-1.396978937797579978e-01	1.536385641581114736e-01	-8.579868310411600807e-02	9.285842040656742957e-02	-8.809343336861592821e-02	8.481305201869697441e-02	-7.124717361936702686e-02	9.693659545823679613e-02	-9.572610342338648548e-02	7.611350556075621721e-02	-8.989534700052898009e-02	8.102637980095117598e-02
-1.183525112932341250e-01	1.119383477423031015e-01	-5.345750353196117022e-01	1.000000000000000666e+00	-4.054912593374302432e-01	1.263294656089432311e-01	-1.318031730394410572e-01	2.781033233671929006e-01	-3.807417115942443586e-01	2.643216608096948250e-01	-1.439672168701251198e-01	1.447014473832377857e-01	-2.496559444317229814e-01	2.250385256960661384e-01	-3.034871499063604428e-01	1.188788483150162029e-01	-1.558135371826729065e-01	1.859767282875203209e-01	-2.407254344434228699e-01	1.711804410215825301e-01	-1.776586608926335464e-01	1.464096899389180639e-01	-1.715127419057520253e-01	1.773387199628659316e-01	-2.218021360968319977e-01	9.952656544133917094e-02	-1.106742438186343741e-01	1.051278346202920294e-01	-1.042646956030855721e-01	8.770389206742497390e-02	-1.150392310376798788e-01	1.100167928986070104e-01	-9.096071748312117844e-02	1.052242233811919447e-01	-1.004880548200359769e-01
5.592161650797186634e-02	-5.442746931787008358e-02	1.804046910032844064e-01	-4.054912593374302432e-01	1.000000000000000444e+00	-7.656954149088213146e-02	7.763748913030039944e-02	-2.600548405329492496e-01	2.520109672061099371e-01	-8.060462296427173268e-01	8.144338224577771235e-02	-8.717218474747887025e-02	1.482721784477205873e-01	-1.710072090465323269e-01	2.105715612488449351e-01	-6.869319622763557509e-02	8.700196480139103794e-02	-1.206950001217473728e-01	1.439627901426504542e-01	-1.203248164132989101e-01	9.712495555527302094e-02	-8.743984045810665462e-02	1.011224424469513439e-01	-1.151014120862411255e-01	1.257740588898863532e-01	-5.744330907059948255e-02	6.430126368791234948e-02	-6.324271691254622352e-02	6.166848239342731519e-02	-5.225116238385317524e-02	6.364255636530624649e-02	-6.598658668553150641e-02	5.362359285837835221e-02	-6.396932464972732157e-02	5.760937638465687960e-02
-3.023467496019602851e-01	2.276813057991133316e-01	-1.351855427928832509e-01	1.263294656089432311e-01	-7.656954149088213146e-02	1.000000000000000888e+00	-7.594523865192310819e-01	1.455318452442969368e-01	-1.123016845316611584e-01	7.400792925051259685e-02	-3.844982088829195788e-01	2.798378809123671096e-01	-1.654459669841252534e-01	1.034357729466338777e-01	-1.078268258929634266e-01	1.805335449997177988e-01	-2.199392262551009281e-01	1.245924123237147907e-01	-1.095347260178061027e-01	6.959172213913580873e-02	-1.292515528800986524e-01	1.065487164849892032e-01	-9.807221538406574179e-02	9.784012440388524523e-02	-8.163983820906191291e-02	6.285185008904714543e-02	-6.743208071856894581e-02	6.037663951175206711e-02	-5.528339257858214117e-02	4.447459015815205530e-02	-6.518388103457777027e-02	6.737915395552736275e-02	-5.102325919141112442e-02	5.861055735456217886e-02	-4.948871601669227460e-02
2.264413282313665343e-01	-2.917673252214541546e-01	1.310284780018254047e-01	-1.318031730394410572e-01	7.763748913030039944e-02	-7.594523865192310819e-01	1.000000000000000888e+00	-1.782161508603909705e-01	1.177343513980655954e-01	-7.665454798094196998e-02	2.624897917198913966e-01	-4.130195286535945365e-01	1.658961688660370581e-01	-1.067084654882109601e-01	1.064210868720986414e-01	-1.664322803467801482e-01	1.867634315106041221e-01	-1.284781545173911133e-01	1.078101851018882507e-01	-6.938454161976545520e-02	1.165961699959948000e-01	-1.022540853262763200e-01	9.571969807265801045e-02	-9.807323375388625475e-02	7.993195674446845755e-02	-6.009611108893887776e-02	6.465479997123632638e-02	-5.902157356757560536e-02	5.401534268713037434e-02	-4.361530854107268512e-02	6.185979171128828252e-02	-6.547951955444103467e-02	4.961761513361577502e-02	-5.755201895771916432e-02	4.821797477292658063e-02
-9.684106190127815539e-02	9.308535771008141779e-02	-2.454952947798481611e-01	2.781033233671929006e-01	-2.600548405329492496e-01	1.455318452442969368e-01	-1.782161508603909705e-01	1.000000000000000666e+00	-7.224631547964439626e-01	2.359452492646632871e-01	-1.513799927929727063e-01	1.604981660062855808e-01	-3.164410958861012535e-01	2.504640802198033200e-01	-2.768269190351069220e-01	1.180718918160083286e-01	-1.537263369348958741e-01	1.963286477922738249e-01	-2.378051923498301912e-01	1.521761168636304173e-01	-1.575982425111924212e-01	1.351342764340111857e-01	-1.654692364069134392e-01	1.711955595548056708e-01	-1.821338132190294667e-01	8.676975572832490435e-02	-9.786767899908155321e-02	9.413704937886202551e-02	-9.220222434377819964e-02	7.618312176363399579e-02	-9.721257883261372190e-02	9.731882805355776545e-02	-8.005554531313410771e-02	9.291414286653494614e-02	-8.550905424916718789e-02
7.268398443208001769e-02	-7.169001490571083601e-02	1.984681415954559214e-01	-3.807417115942443586e-01	2.520109672061099371e-01	-1.123016845316611584e-01	1.177343513980655954e-01	-7.224631547964439626e-01	1.000000000000001998e+00	-3.581185083125666968e-01	1.110952259994710950e-01	-1.229180004714676977e-01	2.170428055567622805e-01	-3.087653965947927959e-01	2.403310588234901790e-01	-9.083099835171266900e-02	1.148578049766483394e-01	-1.646431817738307490e-01	1.965380473706722919e-01	-1.349316782609290555e-01	1.215497008637014403e-01	-1.094815168684851736e-01	1.313175057975772830e-01	-1.485366047872831718e-01	1.475053366732941851e-01	-6.992871165906790198e-02	7.889748550964673091e-02	-7.752922691796204635e-02	7.555779405237719737e-02	-6.291581108555856228e-02	7.718316563687906140e-02	-7.999045354658269880e-02	6.533537453540934348e-02	-7.725343646564285238e-02	6.938254748390260129e-02
-5.423866845544716292e-02	5.223693869463217482e-02	-1.711270187681583899e-01	2.643216608096948250e-01	-8.060462296427173268e-01	7.400792925051259685e-02	-7.665454798094196998e-02	2.359452492646632871e-01	-3.581185083125666968e-01	1.000000000000000888e+00	-8.225151390803274454e-02	8.709660995986033549e-02	-1.579142532951200439e-01	1.844286318279947101e-01	-2.901673307843372629e-01	6.862181071684957112e-02	-8.800663943069857165e-02	1.216409453972667892e-01	-1.559326494069402380e-01	1.264569539330994696e-01	-9.790520556196569135e-02	8.676792814118305941e-02	-1.038030056223792352e-01	1.163449999289703773e-01	-1.373882773245040934e-01	5.666302162195138714e-02	-6.391733241901792484e-02	6.281741057974631059e-02	-6.197134792627401190e-02	5.256182013830659056e-02	-6.322121828204393945e-02	6.479752774783043012e-02	-5.331633592939354072e-02	6.314834509233779869e-02	-5.811871143367058901e-02
1.246155029478810405e-01	-1.259105545238474178e-01	1.239099207612253117e-01	-1.439672168701251198e-01	8.144338224577771235e-02	-3.844982088829195788e-01	2.624897917198913966e-01	-1.513799927929727063e-01	1.110952259994710950e-01	-8.225151390803274454e-02	1.000000000000000888e+00	-6.182162791000058721e-01	2.070488096209284479e-01	-1.292213113999930163e-01	1.223553601343845693e-01	-5.067333368903368385e-01	3.083558156879680490e-01	-1.775645881481081323e-01	1.325556606562835193e-01	-8.411339704234423176e-02	1.814299481948221660e-01	-1.596404874360747850e-01	1.285703819285079208e-01	-1.313232548233937702e-01	9.479117822968367857e-02	-8.849278056707828022e-02	9.218594257225161404e-02	-8.181824906051393675e-02	7.249875228493043999e-02	-5.789396597908681719e-02	8.580748147294052497e-02	-9.382189239286937987e-02	6.824942029051050962e-02	-7.884503148127781913e-02	6.337019766754127537e-02
-1.332858348546002991e-01	1.294391319073390501e-01	-1.288934855434613336e-01	1.447014473832377857e-01	-8.717218474747887025e-02	2.798378809123671096e-01	-4.130195286535945365e-01	1.604981660062855808e-01	-1.229180004714676977e-01	8.709660995986033549e-02	-6.182162791000058721e-01	1.000000000000002665e+00	-3.391412965588962991e-01	1.466730775379184171e-01	-1.386927278249990292e-01	2.785415634326853795e-01	-4.199158466174591764e-01	1.944229132042692432e-01	-1.482246253126331126e-01	9.013546307812352054e-02	-1.751985458542404395e-01	1.494381825738946290e-01	-1.390523712036726978e-01	1.357746748838891682e-01	-1.023450239833152975e-01	8.373990233992448240e-02	-9.055969895918018764e-02	8.112796813878854485e-02	-7.344324886895203797e-02	5.842729082643886157e-02	-8.492444627453453465e-02	9.008554593249033793e-02	-6.782723538736146196e-02	7.775957998218269163e-02	-6.435338354643127534e-02
9.130736253729870855e-02	-9.113178828779033847e-02	1.802864558914363535e-01	-2.496559444317229814e-01	1.482721784477205873e-01	-1.654459669841252534e-01	1.658961688660370581e-01	-3.164410958861012535e-01	2.170428055567622805e-01	-1.579142532951200439e-01	2.070488096209284479e-01	-3.391412965588962991e-01	1.000000000000000666e+00	-4.056206856774005609e-01	2.523682193541584851e-01	-1.713726373958857907e-01	2.089418185392112881e-01	-5.728480080763346249e-01	2.796227640876341458e-01	-1.682156993653700083e-01	1.901613256757202775e-01	-1.935023328091912964e-01	2.507113142865114996e-01	-2.628506147483705147e-01	1.741209697472235751e-01	-1.098565897201297520e-01	1.262742872514831804e-01	-1.272214744450239077e-01	1.179168474809390299e-01	-9.414173724121190079e-02	1.151057071687550254e-01	-1.283475658846870981e-01	1.030452578132385333e-01	-1.215811853853060731e-01	1.012091210070972525e-01
-6.540671847969252439e-02	6.359887083887715009e-02	-1.584576481830323458e-01	2.250385256960661384e-01	-1.710072090465323269e-01	1.034357729466338777e-01	-1.067084654882109601e-01	2.504640802198033200e-01	-3.087653965947927959e-01	1.844286318279947101e-01	-1.292213113999930163e-01	1.466730775379184171e-01	-4.056206856774005609e-01	1.000000000000004663e+00	-5.967619286969018111e-01	1.074906954801864434e-01	-1.376612509529071826e-01	2.451830921863073220e-01	-4.862844987368606930e-01	2.127382076967082314e-01	-1.479494373145723018e-01	1.405248277998215611e-01	-1.924408130077973900e-01	2.322294261492728051e-01	-2.132257006044278591e-01	8.554948938309367423e-02	-9.977762965544395568e-02	1.017823700941987153e-01	-1.014403845723807485e-01	8.332096895872821707e-02	-9.272397778334860730e-02	1.005321881962976671e-01	-8.410193282979397389e-02	1.001319917769009638e-01	-8.930950789939737233e-02
7.107600437279541772e-02	-6.961815044047672818e-02	1.924575129740805912e-01	-3.034871499063604428e-01	2.105715612488449351e-01	-1.078268258929634266e-01	1.064210868720986414e-01	-2.768269190351069220e-01	2.403310588234901790e-01	-2.901673307843372629e-01	1.223553601343845693e-01	-1.386927278249990292e-01	2.523682193541584851e-01	-5.967619286969018111e-01	1.000000000000001776e+00	-1.076584971052683415e-01	1.333727282786103252e-01	-2.276852512133908657e-01	2.806872180187066079e-01	-4.051190602988992140e-01	1.521041421500475832e-01	-1.492525399814092490e-01	1.775375967861392568e-01	-2.317691735231067196e-01	2.632935897648105428e-01	-9.430880901279305173e-02	1.077146726263887438e-01	-1.111679163043076818e-01	1.091775756936025354e-01	-9.558342506013761675e-02	1.013010894960229419e-01	-1.127364057991743496e-01	9.218214767553738198e-02	-1.133475114664460326e-01	1.000366623070530758e-01
-8.334636237204873233e-02	8.053315967925564478e-02	-1.029113783015507683e-01	1.188788483150162029e-01	-6.869319622763557509e-02	1.805335449997177988e-01	-1.664322803467801482e-01	1.180718918160083286e-01	-9.083099835171266900e-02	6.862181071684957112e-02	-5.067333368903368385e-01	2.785415634326853795e-01	-1.713726373958857907e-01	1.074906954801864434e-01	-1.076584971052683415e-01	1.000000000000000888e+00	-7.119685165569080709e-01	1.592670467186642624e-01	-1.225332725909798054e-01	7.488187705469476207e-02	-3.126414409249381743e-01	1.962208116101885891e-01	-1.319249816765284133e-01	1.241829854890651869e-01	-8.643717825854678460e-02	1.033065446575030660e-01	-1.048038453052997782e-01	8.536522171473746867e-02	-7.354456440857511101e-02	5.765500240193725118e-02	-9.744674314395190828e-02	1.020653360855759695e-01	-7.166492830673101833e-02	8.026436103841691483e-02	-6.354794528200943815e-02
9.634140427640158766e-02	-9.843030788778021900e-02	1.292377352264719448e-01	-1.558135371826729065e-01	8.700196480139103794e-02	-2.199392262551009281e-01	1.867634315106041221e-01	-1.537263369348958741e-01	1.148578049766483394e-01	-8.800663943069857165e-02	3.083558156879680490e-01	-4.199158466174591764e-01	2.089418185392112881e-01	-1.376612509529071826e-01	1.333727282786103252e-01	-7.119685165569080709e-01	1.000000000000000666e+00	-2.279977059093880876e-01	1.525812285747375485e-01	-9.459567805387585071e-02	2.398070961771684440e-01	-2.467920260794957132e-01	1.629856098123434183e-01	-1.596447961906984625e-01	1.071800029565113249e-01	-1.176429485167738848e-01	1.237292856725193957e-01	-1.054254620058099057e-01	9.061936383796960481e-02	-7.160228244315657020e-02	1.102089317332484580e-01	-1.248239683275805811e-01	8.750647160080768372e-02	-9.991532293779650797e-02	7.811629629968182276e-02
-7.351537291701282228e-02	7.110286573880707228e-02	-1.479933565690258190e-01	1.859767282875203209e-01	-1.206950001217473728e-01	1.245924123237147907e-01	-1.284781545173911133e-01	1.963286477922738249e-01	-1.646431817738307490e-01	1.216409453972667892e-01	-1.775645881481081323e-01	1.944229132042692432e-01	-5.728480080763346249e-01	2.451830921863073220e-01	-2.276852512133908657e-01	1.592670467186642624e-01	-2.279977059093880876e-01	1.000000000000002442e+00	-3.846393446242858394e-01	1.540251031951546390e-01	-2.251342166577879333e-01	2.174762214899657320e-01	-5.217317979314265441e-01	2.902901657792599788e-01	-1.754428960628895973e-01	1.164183369151375047e-01	-1.435787746152969446e-01	1.426300091341515808e-01	-1.329757104060255435e-01	9.921835353277476399e-02	-1.255552649591388514e-01	1.342243454503198319e-01	-1.152334971269490527e-01	1.265112841470679983e-01	-1.093537522228129888e-01
6.896257853418337469e-02	-6.744269034309513522e-02	1.692483683938379446e-01	-2.407254344434228699e-01	1.439627901426504542e-01	-1.095347260178061027e-01	1.078101851018882507e-01	-2.378051923498301912e-01	1.965380473706722919e-01	-1.559326494069402380e-01	1.325556606562835193e-01	-1.482246253126331126e-01	2.796227640876341458e-01	-4.862844987368606930e-01	2.806872180187066079e-01	-1.225332725909798054e-01	1.525812285747375485e-01	-3.846393446242858394e-01	1.000000000000003331e+00	-2.584248872215879067e-01	1.835129886775937469e-01	-1.922570348633033110e-01	2.778399135474486914e-01	-5.454885528126242056e-01	2.225250762179643294e-01	-1.113218059479577221e-01	1.332291296025121252e-01	-1.452439592650014433e-01	1.466249490842806147e-01	-1.150971490449442941e-01	1.183079553278137408e-01	-1.360657120003148091e-01	1.153734347515522757e-01	-1.418813314849966256e-01	1.177918043739050041e-01
-4.652972754266614108e-02	4.507397480256310901e-02	-1.240139847508195670e-01	1.711804410215825301e-01	-1.203248164132989101e-01	6.959172213913580873e-02	-6.938454161976545520e-02	1.521761168636304173e-01	-1.349316782609290555e-01	1.264569539330994696e-01	-8.411339704234423176e-02	9.013546307812352054e-02	-1.682156993653700083e-01	2.127382076967082314e-01	-4.051190602988992140e-01	7.488187705469476207e-02	-9.459567805387585071e-02	1.540251031951546390e-01	-2.584248872215879067e-01	1.000000000000000444e+00	-1.156123205155264594e-01	1.103781723280893717e-01	-1.405653586813090383e-01	1.837846598332441017e-01	-8.091904592902258164e-01	7.231905626505100160e-02	-8.621446256085620041e-02	9.363752452834084306e-02	-1.040982860529209852e-01	1.083630793019312033e-01	-7.929155832313308783e-02	8.873937250028768320e-02	-7.886512307682720657e-02	9.862980599329440601e-02	-1.100170484118130759e-01
7.110130125202089590e-02	-6.998634009549410673e-02	1.433549922474339489e-01	-1.776586608926335464e-01	9.712495555527302094e-02	-1.292515528800986524e-01	1.165961699959948000e-01	-1.575982425111924212e-01	1.215497008637014403e-01	-9.790520556196569135e-02	1.814299481948221660e-01	-1.751985458542404395e-01	1.901613256757202775e-01	-1.479494373145723018e-01	1.521041421500475832e-01	-3.126414409249381743e-01	2.398070961771684440e-01	-2.251342166577879333e-01	1.835129886775937469e-01	-1.156123205155264594e-01	1.000000000000001110e+00	-6.747112837284812148e-01	2.405553439026210938e-01	-2.310576728277266290e-01	1.339124486401920833e-01	-3.125218330587409277e-01	2.539198018732009010e-01	-1.904757522040365914e-01	1.499593403334411879e-01	-1.161272808505902365e-01	2.258093407942231290e-01	-2.536486416161933821e-01	1.574866744126383333e-01	-1.738022247155840416e-01	1.258568148539309373e-01
-6.160374584645292306e-02	5.956994035615061772e-02	-1.233066385796690312e-01	1.464096899389180639e-01	-8.743984045810665462e-02	1.065487164849892032e-01	-1.022540853262763200e-01	1.351342764340111857e-01	-1.094815168684851736e-01	8.676792814118305941e-02	-1.596404874360747850e-01	1.494381825738946290e-01	-1.935023328091912964e-01	1.405248277998215611e-01	-1.492525399814092490e-01	1.962208116101885891e-01	-2.467920260794957132e-01	2.174762214899657320e-01	-1.922570348633033110e-01	1.103781723280893717e-01	-6.747112837284812148e-01	1.000000000000000888e+00	-3.799679551979222580e-01	2.248279850981488026e-01	-1.332250301937424330e-01	2.201555279293013756e-01	-3.789350067631002683e-01	1.913822672516994339e-01	-1.557061913642363848e-01	1.120963344824484065e-01	-2.230383075015527905e-01	2.309923395601816420e-01	-1.616098279947991989e-01	1.591004893432493572e-01	-1.271106408033120250e-01
5.907320508422411742e-02	-5.761195954144146536e-02	1.313689135450840928e-01	-1.715127419057520253e-01	1.011224424469513439e-01	-9.807221538406574179e-02	9.571969807265801045e-02	-1.654692364069134392e-01	1.313175057975772830e-01	-1.038030056223792352e-01	1.285703819285079208e-01	-1.390523712036726978e-01	2.507113142865114996e-01	-1.924408130077973900e-01	1.775375967861392568e-01	-1.319249816765284133e-01	1.629856098123434183e-01	-5.217317979314265441e-01	2.778399135474486914e-01	-1.405653586813090383e-01	2.405553439026210938e-01	-3.799679551979222580e-01	1.000000000000000000e+00	-5.862463839323814874e-01	1.584463003330429665e-01	-1.345699091876513820e-01	1.787134411501684617e-01	-2.135195920150105842e-01	1.690771928819698733e-01	-1.195804169613062101e-01	1.383032555883061954e-01	-1.658223008125326303e-01	1.437563999820247462e-01	-1.569976615806377152e-01	1.251721514515242162e-01
-6.120962957127523002e-02	5.905640154932255415e-02	-1.396978937797579978e-01	1.773387199628659316e-01	-1.151014120862411255e-01	9.784012440388524523e-02	-9.807323375388625475e-02	1.711955595548056708e-01	-1.485366047872831718e-01	1.163449999289703773e-01	-1.313232548233937702e-01	1.357746748838891682e-01	-2.628506147483705147e-01	2.322294261492728051e-01	-2.317691735231067196e-01	1.241829854890651869e-01	-1.596447961906984625e-01	2.902901657792599788e-01	-5.454885528126242056e-01	1.837846598332441017e-01	-2.310576728277266290e-01	2.248279850981488026e-01	-5.862463839323814874e-01	9.999999999999958922e-01	-2.333816773494445385e-01	1.259749144277169108e-01	-1.641163493515653826e-01	1.816839781751911354e-01	-2.294747283222501322e-01	1.389244158515951511e-01	-1.385247583223340184e-01	1.523878620930992356e-01	-1.438298763178579576e-01	1.650377875118932414e-01	-1.465658219942896079e-01
5.527884839558044883e-02	-5.380845667019831108e-02	1.536385641581114736e-01	-2.218021360968319977e-01	1.257740588898863532e-01	-8.163983820906191291e-02	7.993195674446845755e-02	-1.821338132190294667e-01	1.475053366732941851e-01	-1.373882773245040934e-01	9.479117822968367857e-02	-1.023450239833152975e-01	1.741209697472235751e-01	-2.132257006044278591e-01	2.632935897648105428e-01	-8.643717825854678460e-02	1.071800029565113249e-01	-1.754428960628895973e-01	2.225250762179643294e-01	-8.091904592902258164e-01	1.339124486401920833e-01	-1.332250301937424330e-01	1.584463003330429665e-01	-2.333816773494445385e-01	1.000000000000001554e+00	-8.816266106759480803e-02	1.040969904769867838e-01	-1.164924181319259566e-01	1.263664585567212950e-01	-1.508419687865589498e-01	9.500727009911164034e-02	-1.106946384248260196e-01	9.645162047440669628e-02	-1.253698983832202130e-01	1.305776550994681706e-01
-3.832677145935636104e-02	3.700298781113547236e-02	-8.579868310411600807e-02	9.952656544133917094e-02	-5.744330907059948255e-02	6.285185008904714543e-02	-6.009611108893887776e-02	8.676975572832490435e-02	-6.992871165906790198e-02	5.666302162195138714e-02	-8.849278056707828022e-02	8.373990233992448240e-02	-1.098565897201297520e-01	8.554948938309367423e-02	-9.430880901279305173e-02	1.033065446575030660e-01	-1.176429485167738848e-01	1.164183369151375047e-01	-1.113218059479577221e-01	7.231905626505100160e-02	-3.125218330587409277e-01	2.201555279293013756e-01	-1.345699091876513820e-01	1.259749144277169108e-01	-8.816266106759480803e-02	9.999999999999994449e-01	-3.921277537139805092e-01	1.750536275975393685e-01	-1.349275047871378863e-01	9.766617120758530612e-02	-7.954102661374243821e-01	2.673961572612653659e-01	-1.616059802829074021e-01	1.501486839085038327e-01	-1.135607088049720714e-01
4.119957876312881767e-02	-3.986299139428727684e-02	9.285842040656742957e-02	-1.106742438186343741e-01	6.430126368791234948e-02	-6.743208071856894581e-02	6.465479997123632638e-02	-9.786767899908155321e-02	7.889748550964673091e-02	-6.391733241901792484e-02	9.218594257225161404e-02	-9.055969895918018764e-02	1.262742872514831804e-01	-9.977762965544395568e-02	1.077146726263887438e-01	-1.048038453052997782e-01	1.237292856725193957e-01	-1.435787746152969446e-01	1.332291296025121252e-01	-8.621446256085620041e-02	2.539198018732009010e-01	-3.789350067631002683e-01	1.787134411501684617e-01	-1.641163493515653826e-01	1.040969904769867838e-01	-3.921277537139805092e-01	1.000000000000000666e+00	-3.978298222026606101e-01	2.058310437709565954e-01	-1.463892194681905845e-01	2.810200056781481104e-01	-6.155718836595536203e-01	2.656772788733177681e-01	-2.374464446013593855e-01	1.586018992727762922e-01
-3.794289692614209730e-02	3.655656038218755427e-02	-8.809343336861592821e-02	1.051278346202920294e-01	-6.324271691254622352e-02	6.037663951175206711e-02	-5.902157356757560536e-02	9.413704937886202551e-02	-7.752922691796204635e-02	6.281741057974631059e-02	-8.181824906051393675e-02	8.112796813878854485e-02	-1.272214744450239077e-01	1.017823700941987153e-01	-1.111679163043076818e-01	8.536522171473746867e-02	-1.054254620058099057e-01	1.426300091341515808e-01	-1.452439592650014433e-01	9.363752452834084306e-02	-1.904757522040365914e-01	1.913822672516994339e-01	-2.135195920150105842e-01	1.816839781751911354e-01	-1.164924181319259566e-01	1.750536275975393685e-01	-3.978298222026606101e-01	1.000000000000000000e+00	-5.227598154405614927e-01	2.242142313259252451e-01	-1.992862672095092047e-01	2.853392623233536041e-01	-5.551623460227655960e-01	3.097127063749989251e-01	-2.634049254122428074e-01
3.523970056156513347e-02	-3.402856495087887984e-02	8.481305201869697441e-02	-1.042646956030855721e-01	6.166848239342731519e-02	-5.528339257858214117e-02	5.401534268713037434e-02	-9.220222434377819964e-02	7.555779405237719737e-02	-6.197134792627401190e-02	7.249875228493043999e-02	-7.344324886895203797e-02	1.179168474809390299e-01	-1.014403845723807485e-01	1.091775756936025354e-01	-7.354456440857511101e-02	9.061936383796960481e-02	-1.329757104060255435e-01	1.466249490842806147e-01	-1.040982860529209852e-01	1.499593403334411879e-01	-1.557061913642363848e-01	1.690771928819698733e-01	-2.294747283222501322e-01	1.263664585567212950e-01	-1.349275047871378863e-01	2.058310437709565954e-01	-5.227598154405614927e-01	9.999999999999995559e-01	-5.182443180796902915e-01	1.446217404843026522e-01	-2.225029928560049719e-01	2.768733182823048811e-01	-4.859799780372714428e-01	3.057725168750105582e-01
-2.884402667826285044e-02	2.780256470583421236e-02	-7.124717361936702686e-02	8.770389206742497390e-02	-5.225116238385317524e-02	4.447459015815205530e-02	-4.361530854107268512e-02	7.618312176363399579e-02	-6.291581108555856228e-02	5.256182013830659056e-02	-5.789396597908681719e-02	5.842729082643886157e-02	-9.414173724121190079e-02	8.332096895872821707e-02	-9.558342506013761675e-02	5.765500240193725118e-02	-7.160228244315657020e-02	9.921835353277476399e-02	-1.150971490449442941e-01	1.083630793019312033e-01	-1.161272808505902365e-01	1.120963344824484065e-01	-1.195804169613062101e-01	1.389244158515951511e-01	-1.508419687865589498e-01	9.766617120758530612e-02	-1.463892194681905845e-01	2.242142313259252451e-01	-5.182443180796902915e-01	9.999999999999998890e-01	-1.115470566025882071e-01	1.502373382741420960e-01	-1.951652178087498746e-01	2.773277437063704776e-01	-7.490126953259237386e-01
4.064000041692315823e-02	-3.940510878830751074e-02	9.693659545823679613e-02	-1.150392310376798788e-01	6.364255636530624649e-02	-6.518388103457777027e-02	6.185979171128828252e-02	-9.721257883261372190e-02	7.718316563687906140e-02	-6.322121828204393945e-02	8.580748147294052497e-02	-8.492444627453453465e-02	1.151057071687550254e-01	-9.272397778334860730e-02	1.013010894960229419e-01	-9.744674314395190828e-02	1.102089317332484580e-01	-1.255552649591388514e-01	1.183079553278137408e-01	-7.929155832313308783e-02	2.258093407942231290e-01	-2.230383075015527905e-01	1.383032555883061954e-01	-1.385247583223340184e-01	9.500727009911164034e-02	-7.954102661374243821e-01	2.810200056781481104e-01	-1.992862672095092047e-01	1.446217404843026522e-01	-1.115470566025882071e-01	9.999999999999993339e-01	-3.935836944736156306e-01	1.816490983037597762e-01	-1.868589749487741813e-01	1.228909667548647167e-01
-4.203532356574603279e-02	4.040486951128168663e-02	-9.572610342338648548e-02	1.100167928986070104e-01	-6.598658668553150641e-02	6.737915395552736275e-02	-6.547951955444103467e-02	9.731882805355776545e-02	-7.999045354658269880e-02	6.479752774783043012e-02	-9.382189239286937987e-02	9.008554593249033793e-02	-1.283475658846870981e-01	1.005321881962976671e-01	-1.127364057991743496e-01	1.020653360855759695e-01	-1.248239683275805811e-01	1.342243454503198319e-01	-1.360657120003148091e-01	8.873937250028768320e-02	-2.536486416161933821e-01	2.309923395601816420e-01	-1.658223008125326303e-01	1.523878620930992356e-01	-1.106946384248260196e-01	2.673961572612653659e-01	-6.155718836595536203e-01	2.853392623233536041e-01	-2.225029928560049719e-01	1.502373382741420960e-01	-3.935836944736156306e-01	9.999999999999995559e-01	-4.687561241848446358e-01	2.481962963580430226e-01	-1.882068387475138993e-01
3.223950222622248146e-02	-3.109126627783673907e-02	7.611350556075621721e-02	-9.096071748312117844e-02	5.362359285837835221e-02	-5.102325919141112442e-02	4.961761513361577502e-02	-8.005554531313410771e-02	6.533537453540934348e-02	-5.331633592939354072e-02	6.824942029051050962e-02	-6.782723538736146196e-02	1.030452578132385333e-01	-8.410193282979397389e-02	9.218214767553738198e-02	-7.166492830673101833e-02	8.750647160080768372e-02	-1.152334971269490527e-01	1.153734347515522757e-01	-7.886512307682720657e-02	1.574866744126383333e-01	-1.616098279947991989e-01	1.437563999820247462e-01	-1.438298763178579576e-01	9.645162047440669628e-02	-1.616059802829074021e-01	2.656772788733177681e-01	-5.551623460227655960e-01	2.768733182823048811e-01	-1.951652178087498746e-01	1.816490983037597762e-01	-4.687561241848446358e-01	9.999999999999997780e-01	-5.624690142331856268e-01	2.176305851624193988e-01
-3.763555364005747444e-02	3.614497051442185083e-02	-8.989534700052898009e-02	1.052242233811919447e-01	-6.396932464972732157e-02	5.861055735456217886e-02	-5.755201895771916432e-02	9.291414286653494614e-02	-7.725343646564285238e-02	6.314834509233779869e-02	-7.884503148127781913e-02	7.775957998218269163e-02	-1.215811853853060731e-01	1.001319917769009638e-01	-1.133475114664460326e-01	8.026436103841691483e-02	-9.991532293779650797e-02	1.265112841470679983e-01	-1.418813314849966256e-01	9.862980599329440601e-02	-1.738022247155840416e-01	1.591004893432493572e-01	-1.569976615806377152e-01	1.650377875118932414e-01	-1.253698983832202130e-01	1.501486839085038327e-01	-2.374464446013593855e-01	3.097127063749989251e-01	-4.859799780372714428e-01	2.773277437063704776e-01	-1.868589749487741813e-01	2.481962963580430226e-01	-5.624690142331856268e-01	9.999999999999997780e-01	-4.633334933766617980e-01
3.223089654832908546e-02	-3.113127810954493396e-02	8.102637980095117598e-02	-1.004880548200359769e-01	5.760937638465687960e-02	-4.948871601669227460e-02	4.821797477292658063e-02	-8.550905424916718789e-02	6.938254748390260129e-02	-5.811871143367058901e-02	6.337019766754127537e-02	-6.435338354643127534e-02	1.012091210070972525e-01	-8.930950789939737233e-02	1.000366623070530758e-01	-6.354794528200943815e-02	7.811629629968182276e-02	-1.093537522228129888e-01	1.177918043739050041e-01	-1.100170484118130759e-01	1.258568148539309373e-01	-1.271106408033120250e-01	1.251721514515242162e-01	-1.465658219942896079e-01	1.305776550994681706e-01	-1.135607088049720714e-01	1.586018992727762922e-01	-2.634049254122428074e-01	3.057725168750105582e-01	-7.490126953259237386e-01	1.228909667548647167e-01	-1.882068387475138993e-01	2.176305851624193988e-01	-4.633334933766617980e-01	9.999999999999997780e-01
