1.000000000000000000e+00	-8.751918292842226776e-01	2.183096827981895194e-01	-2.397038313912459029e-01	1.115726558486527659e-01	-2.654242663138711156e-01	2.035412858861983532e-01	-1.225143828345145736e-01	9.281120357878491767e-02	-9.976296445922962219e-02	7.749401014342401084e-02	-1.089633798370626960e-01	7.310440686429565960e-02	-7.551819688715918910e-02	7.051361484662188595e-02	-6.669840137535544555e-02	1.060572254968676909e-01	-7.704241315905403786e-02	6.432418285008512093e-02	-6.895712619210640770e-02	4.498182712554505552e-02	-4.231681730959306609e-02	5.122366595114516419e-02	-5.344290333279713701e-02	4.803951255751610222e-02	-4.487852976127111593e-02	4.114678029396692804e-02	-4.144768157925863422e-02	4.485702051759958564e-02	-5.225158372460027290e-02	4.295657441366135254e-02	-3.653952795283520183e-02	3.598080705720000522e-02	-3.872981514092088684e-02	6.027026837142553800e-02
-8.751918292842226776e-01	1.000000000000000000e+00	-2.964411798352121208e-01	1.997582653648886375e-01	-1.030365166989849895e-01	2.012721843224321294e-01	-2.415949092639296802e-01	1.101437133913276134e-01	-8.678890410602302374e-02	8.654610083121584696e-02	-7.200963874157907674e-02	1.021775663257362826e-01	-6.775462453991024092e-02	6.752516201595901157e-02	-6.314272158826299275e-02	6.013077553243105500e-02	-1.039679529080848458e-01	6.884801549688146505e-02	-5.805491131023660101e-02	6.025168268160788210e-02	-4.074901328434005210e-02	3.811077782326708491e-02	-4.614274922463881129e-02	4.744455333837437061e-02	-4.260094453224253647e-02	4.015566512932867982e-02	-3.704982103516706732e-02	3.700354704015095669e-02	-4.009066588236191025e-02	4.585283825504105071e-02	-3.862819405990199767e-02	3.265594952609485874e-02	-3.218730226000793282e-02	3.444862564718881304e-02	-5.356982775390541768e-02
2.183096827981895194e-01	-2.964411798352121208e-01	1.000000000000000222e+00	-8.038488119850417668e-01	2.313842737105979985e-01	-1.206151932635410595e-01	1.164482272220019043e-01	-3.045386462691709872e-01	2.021050849286543938e-01	-2.066384930152316279e-01	6.710028006253584976e-02	-9.681952489317759147e-02	9.614020555644810229e-02	-1.107671917642569503e-01	1.176712348807415209e-01	-5.891701437840928673e-02	9.998000425845297856e-02	-1.032685126856276725e-01	9.288758246859370182e-02	-1.133535289207455860e-01	5.054750870819135766e-02	-5.119797262907675034e-02	6.650317467162591978e-02	-7.427249395488519368e-02	7.081421477878256654e-02	-5.091676597575910818e-02	5.143314088978662851e-02	-5.370844733083949413e-02	6.080845330564866452e-02	-7.671242965866024999e-02	5.393037170049613804e-02	-4.588600280295122846e-02	4.705378565994863121e-02	-5.132053429042608000e-02	8.317536654112470118e-02
-2.397038313912459029e-01	1.997582653648886375e-01	-8.038488119850417668e-01	9.999999999999997780e-01	-3.624361312599708729e-01	1.093793103087528085e-01	-1.115204314923355922e-01	2.259126862408103731e-01	-2.288520206393046819e-01	2.075372597848707257e-01	-6.689776802849572990e-02	9.245355668521856862e-02	-9.344013440568897655e-02	1.070582863000097973e-01	-1.227650054797341794e-01	5.777629179029904194e-02	-1.014532688280440770e-01	9.812562530160474916e-02	-9.252398098418146422e-02	1.100988604640492780e-01	-5.048844600034604196e-02	5.085299344487873713e-02	-6.666425870285258570e-02	7.308510070816323645e-02	-7.045396959724913033e-02	5.031456091139487052e-02	-5.144836472045686421e-02	5.325811581777586262e-02	-6.069291997671262540e-02	7.478232541903169495e-02	-5.418657527634794524e-02	4.561247566396234299e-02	-4.702708744796024048e-02	5.086053334165727136e-02	-8.387949895977279968e-02
1.115726558486527659e-01	-1.030365166989849895e-01	2.313842737105979985e-01	-3.624361312599708729e-01	1.000000000000000000e+00	-1.038618396383103465e-01	9.837368161438314607e-02	-3.280182542749286445e-01	2.663590561222414221e-01	-7.098322098052732843e-01	8.253779770018461470e-02	-1.188354862492488617e-01	1.391919201674082784e-01	-1.821005445370098008e-01	2.384236005117622847e-01	-7.403342922051817099e-02	1.245766882606117315e-01	-1.630480102464699765e-01	1.534144119541340223e-01	-2.401221774582961432e-01	7.317114507542288315e-02	-7.788434230242501088e-02	1.043059365914051767e-01	-1.255016908729043312e-01	1.266627079586011562e-01	-7.464254146769805365e-02	7.899166370738262832e-02	-8.517643424114282324e-02	9.890472411966988453e-02	-1.391824887616111006e-01	8.214399508468185618e-02	-7.090314964655096419e-02	7.415926966833578937e-02	-8.250076102485512375e-02	1.322639103657810011e-01
-2.654242663138711156e-01	2.012721843224321294e-01	-1.206151932635410595e-01	1.093793103087528085e-01	-1.038618396383103465e-01	1.000000000000000222e+00	-8.408485316004723487e-01	1.137163620670064434e-01	-9.599452397752931965e-02	8.551470229963231695e-02	-2.089917685442791995e-01	2.352186637691554560e-01	-1.261659797743526767e-01	1.068883475822240275e-01	-8.446793210701689092e-02	1.474678569350618418e-01	-2.611126908764108689e-01	1.170308785254124823e-01	-9.340229635181084011e-02	7.971811822760518917e-02	-8.178332772254248706e-02	7.069962863578829748e-02	-7.963257739395646073e-02	7.539876881417136023e-02	-6.316647902092460687e-02	7.781552173785202808e-02	-6.618087568682555488e-02	6.296669207660492151e-02	-6.523631068317858883e-02	6.715701579529881338e-02	-6.791485238995467744e-02	5.711715078656862121e-02	-5.401047804411823056e-02	5.667138307406994341e-02	-8.116779222990973264e-02
2.035412858861983532e-01	-2.415949092639296802e-01	1.164482272220019043e-01	-1.115204314923355922e-01	9.837368161438314607e-02	-8.408485316004723487e-01	9.999999999999996669e-01	-1.272385997776870892e-01	9.622284603802042091e-02	-8.506601350967071817e-02	1.603160284882481079e-01	-3.263137420855700688e-01	1.281022866775130553e-01	-1.107485211261416969e-01	8.116883505867862614e-02	-1.359922669201650280e-01	2.174686093399643694e-01	-1.209880564821062682e-01	9.122680123793810991e-02	-7.795472162188710197e-02	7.320201627746249218e-02	-6.467453804510131521e-02	7.288974871016133672e-02	-7.146516154013565769e-02	5.965806146881264677e-02	-7.193994438036493966e-02	6.015415197894898036e-02	-5.828496033306337226e-02	6.054585361670972860e-02	-6.378671752965098252e-02	6.152236122704719118e-02	-5.255660795073752861e-02	4.964416096638045450e-02	-5.268027283906642766e-02	7.461879424980810693e-02
-1.225143828345145736e-01	1.101437133913276134e-01	-3.045386462691709872e-01	2.259126862408103731e-01	-3.280182542749286445e-01	1.137163620670064434e-01	-1.272385997776870892e-01	1.000000000000000666e+00	-7.916583464741183684e-01	2.678846840185536982e-01	-7.875174529464910866e-02	1.177443268984342123e-01	-1.702553303418879449e-01	1.673457918971301139e-01	-1.688155322474713949e-01	6.762454360222565353e-02	-1.251781940984503794e-01	1.404106656130272579e-01	-1.367503811748361220e-01	1.363307669692463697e-01	-5.961879543778821761e-02	6.087179442003771979e-02	-8.176607614962200232e-02	9.074687710375653471e-02	-8.683512665037619593e-02	5.893167829358528231e-02	-6.149687125180008929e-02	6.375268041243610517e-02	-7.427883601459724094e-02	8.853730784081041694e-02	-6.385056058399166123e-02	5.375725321123255018e-02	-5.606115407068906764e-02	6.044837346025454250e-02	-9.633732896174841687e-02
9.281120357878491767e-02	-8.678890410602302374e-02	2.021050849286543938e-01	-2.288520206393046819e-01	2.663590561222414221e-01	-9.599452397752931965e-02	9.622284603802042091e-02	-7.916583464741183684e-01	1.000000000000000222e+00	-4.228245558032737716e-01	6.716226404566028041e-02	-1.036252280372728235e-01	1.409679557701155606e-01	-1.872597380624046182e-01	1.660316705393660164e-01	-5.868341729249026972e-02	1.058501169880141785e-01	-1.336322416316724215e-01	1.295967940809011343e-01	-1.419352063404848430e-01	5.263832587893585435e-02	-5.469784008909039236e-02	7.363930241514674013e-02	-8.538753229254206212e-02	8.183524066595912472e-02	-5.254988846910037953e-02	5.503971650695733964e-02	-5.793705133516813266e-02	6.778888337068940395e-02	-8.459205965083038681e-02	5.673107361955216643e-02	-4.832218090371012686e-02	5.049751567682728842e-02	-5.508798872615253139e-02	8.581279151079414247e-02
-9.976296445922962219e-02	8.654610083121584696e-02	-2.066384930152316279e-01	2.075372597848707257e-01	-7.098322098052732843e-01	8.551470229963231695e-02	-8.506601350967071817e-02	2.678846840185536982e-01	-4.228245558032737716e-01	1.000000000000000444e+00	-7.202211668511428189e-02	1.013820083588557880e-01	-1.286077627829529668e-01	1.657631462383466758e-01	-3.614266829771602962e-01	6.327857558286384410e-02	-1.116243243793582501e-01	1.368816715073850887e-01	-1.449704945760465213e-01	2.131377264062169208e-01	-6.284199956090331940e-02	6.641890624556108513e-02	-9.106883221670052098e-02	1.072829453498335972e-01	-1.145400723921645297e-01	6.293346217763759465e-02	-6.791977161986906264e-02	7.218966079629400567e-02	-8.591461097408815972e-02	1.149008895075757791e-01	-7.049622376386244227e-02	5.991448223015192337e-02	-6.352390527275156296e-02	6.959182108587746995e-02	-1.134451678855369489e-01
7.749401014342401084e-02	-7.200963874157907674e-02	6.710028006253584976e-02	-6.689776802849572990e-02	8.253779770018461470e-02	-2.089917685442791995e-01	1.603160284882481079e-01	-7.875174529464910866e-02	6.716226404566028041e-02	-7.202211668511428189e-02	9.999999999999997780e-01	-3.195957577826905593e-01	1.363964866009306498e-01	-1.277678149307172883e-01	8.914167295955673087e-02	-8.176385981166012229e-01	2.697126359574301691e-01	-1.484658921790584785e-01	1.085406625911310430e-01	-9.104838626938402402e-02	2.008110131778089169e-01	-1.387745876633324493e-01	1.244989498524082527e-01	-1.104740777708543842e-01	8.233550629642751029e-02	-2.016427694269262161e-01	1.161918280410043497e-01	-1.062397549505380429e-01	9.653356596112884491e-02	-9.178902092833499116e-02	1.183051516118518720e-01	-1.051958133599553008e-01	8.664932035878766814e-02	-9.137557068928853221e-02	1.076715257230104195e-01
-1.089633798370626960e-01	1.021775663257362826e-01	-9.681952489317759147e-02	9.245355668521856862e-02	-1.188354862492488617e-01	2.352186637691554560e-01	-3.263137420855700688e-01	1.177443268984342123e-01	-1.036252280372728235e-01	1.013820083588557880e-01	-3.195957577826905593e-01	1.000000000000001554e+00	-3.772440195833446919e-01	2.066262049246662680e-01	-1.306703006357035901e-01	2.305675377422889971e-01	-6.943571730016352417e-01	2.350849534930024576e-01	-1.737964546475780081e-01	1.236080926149668857e-01	-1.257873659078038719e-01	1.142428854828425183e-01	-1.268478819463292051e-01	1.199458235409659040e-01	-9.763246702868959292e-02	1.183344005485385403e-01	-1.035761561822341331e-01	9.777093042231592424e-02	-1.016604480351199630e-01	1.018012291984144446e-01	-1.023026363430709351e-01	8.693588698567249196e-02	-8.249608897047287781e-02	8.657699393534656895e-02	-1.179126139939936230e-01
7.310440686429565960e-02	-6.775462453991024092e-02	9.614020555644810229e-02	-9.344013440568897655e-02	1.391919201674082784e-01	-1.261659797743526767e-01	1.281022866775130553e-01	-1.702553303418879449e-01	1.409679557701155606e-01	-1.286077627829529668e-01	1.363964866009306498e-01	-3.772440195833446919e-01	9.999999999999976685e-01	-5.611832576013899843e-01	1.833621461848423950e-01	-1.180484542400122294e-01	2.478856898361584404e-01	-6.046010733759609179e-01	2.960753229713236623e-01	-1.783567490557043389e-01	9.039596214649334160e-02	-9.482563395650488169e-02	1.274766994790230146e-01	-1.444382056178470652e-01	1.169479158623483311e-01	-8.912470380839068729e-02	9.082582024824575884e-02	-9.484707457373825479e-02	1.094159831783847459e-01	-1.173145815625637745e-01	8.970133428247373253e-02	-7.733214962341038168e-02	7.985024756271487389e-02	-8.643914995255519429e-02	1.181162023497129981e-01
-7.551819688715918910e-02	6.752516201595901157e-02	-1.107671917642569503e-01	1.070582863000097973e-01	-1.821005445370098008e-01	1.068883475822240275e-01	-1.107485211261416969e-01	1.673457918971301139e-01	-1.872597380624046182e-01	1.657631462383466758e-01	-1.277678149307172883e-01	2.066262049246662680e-01	-5.611832576013899843e-01	1.000000000000000888e+00	-3.238495625201987527e-01	1.076932616047307917e-01	-2.289231180247387754e-01	3.257343091421712189e-01	-5.752426227419449312e-01	2.423375663830977522e-01	-9.887403694267969667e-02	1.054062690627820265e-01	-1.521471200291417136e-01	1.825978011959469294e-01	-1.553765683845790835e-01	9.622609098478793199e-02	-1.059799911736339639e-01	1.109925528259853439e-01	-1.398425602057789263e-01	1.449823158313672256e-01	-1.052868611392227122e-01	8.924009804351490383e-02	-9.613029376146731142e-02	1.032406777081666394e-01	-1.445265589483923641e-01
7.051361484662188595e-02	-6.314272158826299275e-02	1.176712348807415209e-01	-1.227650054797341794e-01	2.384236005117622847e-01	-8.446793210701689092e-02	8.116883505867862614e-02	-1.688155322474713949e-01	1.660316705393660164e-01	-3.614266829771602962e-01	8.914167295955673087e-02	-1.306703006357035901e-01	1.833621461848423950e-01	-3.238495625201987527e-01	9.999999999999992228e-01	-7.992700152607291886e-02	1.390218672920193466e-01	-2.237592342242992194e-01	2.514335162405426094e-01	-7.200554556038335496e-01	8.636328365365948667e-02	-9.665399410140214365e-02	1.354367390984754782e-01	-1.855207112136173786e-01	2.138036684002219689e-01	-8.778357990514386311e-02	9.793304204849895278e-02	-1.087369565060113535e-01	1.340882279715009395e-01	-2.190007039130288935e-01	9.864749316568972859e-02	-8.638341130461622830e-02	9.324752080208920102e-02	-1.056276195155387149e-01	1.585545075737372356e-01
-6.669840137535544555e-02	6.013077553243105500e-02	-5.891701437840928673e-02	5.777629179029904194e-02	-7.403342922051817099e-02	1.474678569350618418e-01	-1.359922669201650280e-01	6.762454360222565353e-02	-5.868341729249026972e-02	6.327857558286384410e-02	-8.176385981166012229e-01	2.305675377422889971e-01	-1.180484542400122294e-01	1.076932616047307917e-01	-7.992700152607291886e-02	9.999999999999968914e-01	-3.591857938372609582e-01	1.257887109408108717e-01	-9.662456731457262638e-02	8.048868447709053853e-02	-2.861834752343330179e-01	1.402824984022843779e-01	-1.261496550655629156e-01	1.020745807904962360e-01	-7.578123606611267271e-02	1.888864468368577632e-01	-1.186109923479440748e-01	1.015571835451753030e-01	-9.187923047550365652e-02	8.335468369332768579e-02	-1.192147018229030575e-01	1.000841904437809043e-01	-8.351826855957977802e-02	8.541289452509667757e-02	-1.001321222261181421e-01
1.060572254968676909e-01	-1.039679529080848458e-01	9.998000425845297856e-02	-1.014532688280440770e-01	1.245766882606117315e-01	-2.611126908764108689e-01	2.174686093399643694e-01	-1.251781940984503794e-01	1.058501169880141785e-01	-1.116243243793582501e-01	2.697126359574301691e-01	-6.943571730016352417e-01	2.478856898361584404e-01	-2.289231180247387754e-01	1.390218672920193466e-01	-3.591857938372609582e-01	9.999999999999990008e-01	-2.929741020382060634e-01	1.818755498653082392e-01	-1.427883098010582497e-01	1.588443173884621362e-01	-1.566076301523215974e-01	1.511436383594846888e-01	-1.453896817849217593e-01	1.136218741771632956e-01	-1.595178402181985089e-01	1.283152290647395777e-01	-1.227417186671011795e-01	1.208308832157357349e-01	-1.237995283234917532e-01	1.245020001988584868e-01	-1.103585078793121732e-01	1.005059832621729432e-01	-1.074841836753635399e-01	1.393347196537577937e-01
-7.704241315905403786e-02	6.884801549688146505e-02	-1.032685126856276725e-01	9.812562530160474916e-02	-1.630480102464699765e-01	1.170308785254124823e-01	-1.209880564821062682e-01	1.404106656130272579e-01	-1.336322416316724215e-01	1.368816715073850887e-01	-1.484658921790584785e-01	2.350849534930024576e-01	-6.046010733759609179e-01	3.257343091421712189e-01	-2.237592342242992194e-01	1.257887109408108717e-01	-2.929741020382060634e-01	9.999999999999995559e-01	-5.527596420724804060e-01	2.078097051041765675e-01	-1.123915101968889635e-01	1.212907097138212487e-01	-1.837652562765352549e-01	1.893661253201962547e-01	-1.524261741478366572e-01	1.083547668507343492e-01	-1.188759248037679211e-01	1.231798514949335871e-01	-1.486586573538677125e-01	1.438390195714965014e-01	-1.162214943260354294e-01	9.837808538082613852e-02	-1.048809825893078640e-01	1.111304082612427774e-01	-1.518097202466882345e-01
6.432418285008512093e-02	-5.805491131023660101e-02	9.288758246859370182e-02	-9.252398098418146422e-02	1.534144119541340223e-01	-9.340229635181084011e-02	9.122680123793810991e-02	-1.367503811748361220e-01	1.295967940809011343e-01	-1.449704945760465213e-01	1.085406625911310430e-01	-1.737964546475780081e-01	2.960753229713236623e-01	-5.752426227419449312e-01	2.514335162405426094e-01	-9.662456731457262638e-02	1.818755498653082392e-01	-5.527596420724804060e-01	1.000000000000000000e+00	-3.570596608300852237e-01	9.975463999415015715e-02	-1.146489753554876118e-01	1.698283318217681526e-01	-2.916352980978137999e-01	1.840143501932540726e-01	-9.964112982222923798e-02	1.132444088793116282e-01	-1.260868734983193740e-01	1.619186980286165811e-01	-1.732209597194415140e-01	1.097408560341584238e-01	-9.616884016166198090e-02	1.052644930188569028e-01	-1.181413654480950592e-01	1.510025873719714196e-01
-6.895712619210640770e-02	6.025168268160788210e-02	-1.133535289207455860e-01	1.100988604640492780e-01	-2.401221774582961432e-01	7.971811822760518917e-02	-7.795472162188710197e-02	1.363307669692463697e-01	-1.419352063404848430e-01	2.131377264062169208e-01	-9.104838626938402402e-02	1.236080926149668857e-01	-1.783567490557043389e-01	2.423375663830977522e-01	-7.200554556038335496e-01	8.048868447709053853e-02	-1.427883098010582497e-01	2.078097051041765675e-01	-3.570596608300852237e-01	1.000000000000001554e+00	-9.175173704046496459e-02	1.024858235499694070e-01	-1.517879377525932494e-01	2.023703106957660536e-01	-3.485163570757194851e-01	9.130247141924388576e-02	-1.060901894025970960e-01	1.157166546554977138e-01	-1.521973401865404640e-01	2.235444216344350532e-01	-1.064570150982254021e-01	9.127729190111220914e-02	-1.014366347892138726e-01	1.122083657626893605e-01	-1.781856046623167544e-01
4.498182712554505552e-02	-4.074901328434005210e-02	5.054750870819135766e-02	-5.048844600034604196e-02	7.317114507542288315e-02	-8.178332772254248706e-02	7.320201627746249218e-02	-5.961879543778821761e-02	5.263832587893585435e-02	-6.284199956090331940e-02	2.008110131778089169e-01	-1.257873659078038719e-01	9.039596214649334160e-02	-9.887403694267969667e-02	8.636328365365948667e-02	-2.861834752343330179e-01	1.588443173884621362e-01	-1.123915101968889635e-01	9.975463999415015715e-02	-9.175173704046496459e-02	9.999999999999975575e-01	-4.296182364170912371e-01	2.281238458635977684e-01	-1.655370439265568538e-01	1.067479051902509163e-01	-7.189240369423987032e-01	2.490801595691979620e-01	-1.981704245834677303e-01	1.519266750298139401e-01	-1.226502449436137898e-01	2.356739170063969213e-01	-2.108820389185748212e-01	1.505459987393218679e-01	-1.529210483122912523e-01	1.410492789971852512e-01
-4.231681730959306609e-02	3.811077782326708491e-02	-5.119797262907675034e-02	5.085299344487873713e-02	-7.788434230242501088e-02	7.069962863578829748e-02	-6.467453804510131521e-02	6.087179442003771979e-02	-5.469784008909039236e-02	6.641890624556108513e-02	-1.387745876633324493e-01	1.142428854828425183e-01	-9.482563395650488169e-02	1.054062690627820265e-01	-9.665399410140214365e-02	1.402824984022843779e-01	-1.566076301523215974e-01	1.212907097138212487e-01	-1.146489753554876118e-01	1.024858235499694070e-01	-4.296182364170912371e-01	9.999999999999986677e-01	-5.439532794414292383e-01	2.132997111158390080e-01	-1.311281323336894178e-01	2.714553538406530020e-01	-5.569126268831738891e-01	2.732902517592790126e-01	-2.032636139275185994e-01	1.413817390865811929e-01	-2.406513108483213370e-01	2.177404630993323709e-01	-1.894170330911043587e-01	1.752652089517777734e-01	-1.575035257972486336e-01
5.122366595114516419e-02	-4.614274922463881129e-02	6.650317467162591978e-02	-6.666425870285258570e-02	1.043059365914051767e-01	-7.963257739395646073e-02	7.288974871016133672e-02	-8.176607614962200232e-02	7.363930241514674013e-02	-9.106883221670052098e-02	1.244989498524082527e-01	-1.268478819463292051e-01	1.274766994790230146e-01	-1.521471200291417136e-01	1.354367390984754782e-01	-1.261496550655629156e-01	1.511436383594846888e-01	-1.837652562765352549e-01	1.698283318217681526e-01	-1.517879377525932494e-01	2.281238458635977684e-01	-5.439532794414292383e-01	9.999999999999992228e-01	-4.514110015778740603e-01	1.972220470952397720e-01	-2.430791773882211015e-01	2.989931345590573497e-01	-4.292737664068351222e-01	2.716470496134009149e-01	-2.217459224135548135e-01	2.156386125456711267e-01	-2.202755985902869473e-01	2.219917809625566729e-01	-2.411117793093139339e-01	2.053733313971065066e-01
-5.344290333279713701e-02	4.744455333837437061e-02	-7.427249395488519368e-02	7.308510070816323645e-02	-1.255016908729043312e-01	7.539876881417136023e-02	-7.146516154013565769e-02	9.074687710375653471e-02	-8.538753229254206212e-02	1.072829453498335972e-01	-1.104740777708543842e-01	1.199458235409659040e-01	-1.444382056178470652e-01	1.825978011959469294e-01	-1.855207112136173786e-01	1.020745807904962360e-01	-1.453896817849217593e-01	1.893661253201962547e-01	-2.916352980978137999e-01	2.023703106957660536e-01	-1.655370439265568538e-01	2.132997111158390080e-01	-4.514110015778740603e-01	9.999999999999984457e-01	-4.285482643050755880e-01	1.607055314639136701e-01	-2.220905811710453259e-01	2.557030899212544006e-01	-5.194493636785526558e-01	2.765007372668173424e-01	-1.977134215361936176e-01	1.729187279995064719e-01	-2.160339933097671916e-01	2.369639219450287715e-01	-2.439042619299695014e-01
4.803951255751610222e-02	-4.260094453224253647e-02	7.081421477878256654e-02	-7.045396959724913033e-02	1.266627079586011562e-01	-6.316647902092460687e-02	5.965806146881264677e-02	-8.683512665037619593e-02	8.183524066595912472e-02	-1.145400723921645297e-01	8.233550629642751029e-02	-9.763246702868959292e-02	1.169479158623483311e-01	-1.553765683845790835e-01	2.138036684002219689e-01	-7.578123606611267271e-02	1.136218741771632956e-01	-1.524261741478366572e-01	1.840143501932540726e-01	-3.485163570757194851e-01	1.067479051902509163e-01	-1.311281323336894178e-01	1.972220470952397720e-01	-4.285482643050755880e-01	9.999999999999978906e-01	-1.093064047062041744e-01	1.342374773691881462e-01	-1.599237204236264309e-01	2.259917223028277689e-01	-7.130746326035034555e-01	1.300237350001824110e-01	-1.170943579696925863e-01	1.345419258160800435e-01	-1.608216236084755169e-01	2.356982386410560459e-01
-4.487852976127111593e-02	4.015566512932867982e-02	-5.091676597575910818e-02	5.031456091139487052e-02	-7.464254146769805365e-02	7.781552173785202808e-02	-7.193994438036493966e-02	5.893167829358528231e-02	-5.254988846910037953e-02	6.293346217763759465e-02	-2.016427694269262161e-01	1.183344005485385403e-01	-8.912470380839068729e-02	9.622609098478793199e-02	-8.778357990514386311e-02	1.888864468368577632e-01	-1.595178402181985089e-01	1.083547668507343492e-01	-9.964112982222923798e-02	9.130247141924388576e-02	-7.189240369423987032e-01	2.714553538406530020e-01	-2.430791773882211015e-01	1.607055314639136701e-01	-1.093064047062041744e-01	9.999999999999995559e-01	-3.156430493869632481e-01	2.017128747511110765e-01	-1.655928576729143453e-01	1.218553610587506802e-01	-4.107528644641421645e-01	2.356782390940872773e-01	-1.727384751008453900e-01	1.585473113215855046e-01	-1.503070486048786458e-01
4.114678029396692804e-02	-3.704982103516706732e-02	5.143314088978662851e-02	-5.144836472045686421e-02	7.899166370738262832e-02	-6.618087568682555488e-02	6.015415197894898036e-02	-6.149687125180008929e-02	5.503971650695733964e-02	-6.791977161986906264e-02	1.161918280410043497e-01	-1.035761561822341331e-01	9.082582024824575884e-02	-1.059799911736339639e-01	9.793304204849895278e-02	-1.186109923479440748e-01	1.283152290647395777e-01	-1.188759248037679211e-01	1.132444088793116282e-01	-1.060901894025970960e-01	2.490801595691979620e-01	-5.569126268831738891e-01	2.989931345590573497e-01	-2.220905811710453259e-01	1.342374773691881462e-01	-3.156430493869632481e-01	9.999999999999995559e-01	-5.124980898942630425e-01	2.280548430305658070e-01	-1.562950026035284656e-01	2.651908586573240578e-01	-3.856732574897021038e-01	2.439087011610340527e-01	-2.266418821985620169e-01	1.698436769970710913e-01
-4.144768157925863422e-02	3.700354704015095669e-02	-5.370844733083949413e-02	5.325811581777586262e-02	-8.517643424114282324e-02	6.296669207660492151e-02	-5.828496033306337226e-02	6.375268041243610517e-02	-5.793705133516813266e-02	7.218966079629400567e-02	-1.062397549505380429e-01	9.777093042231592424e-02	-9.484707457373825479e-02	1.109925528259853439e-01	-1.087369565060113535e-01	1.015571835451753030e-01	-1.227417186671011795e-01	1.231798514949335871e-01	-1.260868734983193740e-01	1.157166546554977138e-01	-1.981704245834677303e-01	2.732902517592790126e-01	-4.292737664068351222e-01	2.557030899212544006e-01	-1.599237204236264309e-01	2.017128747511110765e-01	-5.124980898942630425e-01	1.000000000000000222e+00	-4.349954791973741353e-01	1.753138176359538836e-01	-2.559716388195385495e-01	2.564850591368424970e-01	-4.492567557040476611e-01	2.872385383949766502e-01	-1.981490178123793966e-01
4.485702051759958564e-02	-4.009066588236191025e-02	6.080845330564866452e-02	-6.069291997671262540e-02	9.890472411966988453e-02	-6.523631068317858883e-02	6.054585361670972860e-02	-7.427883601459724094e-02	6.778888337068940395e-02	-8.591461097408815972e-02	9.653356596112884491e-02	-1.016604480351199630e-01	1.094159831783847459e-01	-1.398425602057789263e-01	1.340882279715009395e-01	-9.187923047550365652e-02	1.208308832157357349e-01	-1.486586573538677125e-01	1.619186980286165811e-01	-1.521973401865404640e-01	1.519266750298139401e-01	-2.032636139275185994e-01	2.716470496134009149e-01	-5.194493636785526558e-01	2.259917223028277689e-01	-1.655928576729143453e-01	2.280548430305658070e-01	-4.349954791973741353e-01	1.000000000000000000e+00	-2.899770494942711663e-01	1.986503331726109378e-01	-2.079906968422667313e-01	2.814585956566177938e-01	-5.166078929304847023e-01	2.247611921563981152e-01
-5.225158372460027290e-02	4.585283825504105071e-02	-7.671242965866024999e-02	7.478232541903169495e-02	-1.391824887616111006e-01	6.715701579529881338e-02	-6.378671752965098252e-02	8.853730784081041694e-02	-8.459205965083038681e-02	1.149008895075757791e-01	-9.178902092833499116e-02	1.018012291984144446e-01	-1.173145815625637745e-01	1.449823158313672256e-01	-2.190007039130288935e-01	8.335468369332768579e-02	-1.237995283234917532e-01	1.438390195714965014e-01	-1.732209597194415140e-01	2.235444216344350532e-01	-1.226502449436137898e-01	1.413817390865811929e-01	-2.217459224135548135e-01	2.765007372668173424e-01	-7.130746326035034555e-01	1.218553610587506802e-01	-1.562950026035284656e-01	1.753138176359538836e-01	-2.899770494942711663e-01	1.000000000000000444e+00	-1.559436884580241434e-01	1.335267457725783646e-01	-1.611651625078143746e-01	1.822928670010671715e-01	-4.108117666452847372e-01
4.295657441366135254e-02	-3.862819405990199767e-02	5.393037170049613804e-02	-5.418657527634794524e-02	8.214399508468185618e-02	-6.791485238995467744e-02	6.152236122704719118e-02	-6.385056058399166123e-02	5.673107361955216643e-02	-7.049622376386244227e-02	1.183051516118518720e-01	-1.023026363430709351e-01	8.970133428247373253e-02	-1.052868611392227122e-01	9.864749316568972859e-02	-1.192147018229030575e-01	1.245020001988584868e-01	-1.162214943260354294e-01	1.097408560341584238e-01	-1.064570150982254021e-01	2.356739170063969213e-01	-2.406513108483213370e-01	2.156386125456711267e-01	-1.977134215361936176e-01	1.300237350001824110e-01	-4.107528644641421645e-01	2.651908586573240578e-01	-2.559716388195385495e-01	1.986503331726109378e-01	-1.559436884580241434e-01	1.000000000000000666e+00	-6.977696057742661662e-01	2.538357015846458009e-01	-2.582827272989306477e-01	1.867289295889928424e-01
-3.653952795283520183e-02	3.265594952609485874e-02	-4.588600280295122846e-02	4.561247566396234299e-02	-7.090314964655096419e-02	5.711715078656862121e-02	-5.255660795073752861e-02	5.375725321123255018e-02	-4.832218090371012686e-02	5.991448223015192337e-02	-1.051958133599553008e-01	8.693588698567249196e-02	-7.733214962341038168e-02	8.924009804351490383e-02	-8.638341130461622830e-02	1.000841904437809043e-01	-1.103585078793121732e-01	9.837808538082613852e-02	-9.616884016166198090e-02	9.127729190111220914e-02	-2.108820389185748212e-01	2.177404630993323709e-01	-2.202755985902869473e-01	1.729187279995064719e-01	-1.170943579696925863e-01	2.356782390940872773e-01	-3.856732574897021038e-01	2.564850591368424970e-01	-2.079906968422667313e-01	1.335267457725783646e-01	-6.977696057742661662e-01	1.000000000000000444e+00	-4.220887611833989972e-01	2.415584302131749683e-01	-1.728417530161305837e-01
3.598080705720000522e-02	-3.218730226000793282e-02	4.705378565994863121e-02	-4.702708744796024048e-02	7.415926966833578937e-02	-5.401047804411823056e-02	4.964416096638045450e-02	-5.606115407068906764e-02	5.049751567682728842e-02	-6.352390527275156296e-02	8.664932035878766814e-02	-8.249608897047287781e-02	7.985024756271487389e-02	-9.613029376146731142e-02	9.324752080208920102e-02	-8.351826855957977802e-02	1.005059832621729432e-01	-1.048809825893078640e-01	1.052644930188569028e-01	-1.014366347892138726e-01	1.505459987393218679e-01	-1.894170330911043587e-01	2.219917809625566729e-01	-2.160339933097671916e-01	1.345419258160800435e-01	-1.727384751008453900e-01	2.439087011610340527e-01	-4.492567557040476611e-01	2.814585956566177938e-01	-1.611651625078143746e-01	2.538357015846458009e-01	-4.220887611833989972e-01	1.000000000000000222e+00	-6.522902944853483653e-01	1.915479370162814221e-01
-3.872981514092088684e-02	3.444862564718881304e-02	-5.132053429042608000e-02	5.086053334165727136e-02	-8.250076102485512375e-02	5.667138307406994341e-02	-5.268027283906642766e-02	6.044837346025454250e-02	-5.508798872615253139e-02	6.959182108587746995e-02	-9.137557068928853221e-02	8.657699393534656895e-02	-8.643914995255519429e-02	1.032406777081666394e-01	-1.056276195155387149e-01	8.541289452509667757e-02	-1.074841836753635399e-01	1.111304082612427774e-01	-1.181413654480950592e-01	1.122083657626893605e-01	-1.529210483122912523e-01	1.752652089517777734e-01	-2.411117793093139339e-01	2.369639219450287715e-01	-1.608216236084755169e-01	1.585473113215855046e-01	-2.266418821985620169e-01	2.872385383949766502e-01	-5.166078929304847023e-01	1.822928670010671715e-01	-2.582827272989306477e-01	2.415584302131749683e-01	-6.522902944853483653e-01	1.000000000000000222e+00	-2.734527175933536558e-01
6.027026837142553800e-02	-5.356982775390541768e-02	8.317536654112470118e-02	-8.387949895977279968e-02	1.322639103657810011e-01	-8.116779222990973264e-02	7.461879424980810693e-02	-9.633732896174841687e-02	8.581279151079414247e-02	-1.134451678855369489e-01	1.076715257230104195e-01	-1.179126139939936230e-01	1.181162023497129981e-01	-1.445265589483923641e-01	1.585545075737372356e-01	-1.001321222261181421e-01	1.393347196537577937e-01	-1.518097202466882345e-01	1.510025873719714196e-01	-1.781856046623167544e-01	1.410492789971852512e-01	-1.575035257972486336e-01	2.053733313971065066e-01	-2.439042619299695014e-01	2.356982386410560459e-01	-1.503070486048786458e-01	1.698436769970710913e-01	-1.981490178123793966e-01	2.247611921563981152e-01	-4.108117666452847372e-01	1.867289295889928424e-01	-1.728417530161305837e-01	1.915479370162814221e-01	-2.734527175933536558e-01	1.000000000000000444e+00
