1.000000000000000000e+00	-5.792649081645357967e-01	2.631803245350888831e-01	-1.251083273507655469e-01	1.097345841656672261e-01	-6.262149230435852809e-01	3.185520971782956345e-01	-2.032272882598181174e-01	1.455766054852375146e-01	-1.030989585353938309e-01	1.814980864234193025e-01	-1.638137272988943183e-01	1.643340582327672550e-01	-1.476876660309588418e-01	1.028621068276186629e-01	-1.895254152577094953e-01	1.329967739162543350e-01	-1.328125015649378737e-01	1.167287118862191247e-01	-1.077805178152873855e-01	1.034558392890524703e-01	-1.057665107536196747e-01	1.270551140957772163e-01	-1.060229525308324927e-01	1.199152786556551969e-01	-9.630137751605417906e-02	8.904765217104572417e-02	-9.643297486916355132e-02	9.598106037344680819e-02	-7.671243859539859933e-02	5.963748786860413598e-02	-8.155060775423686459e-02	1.209773181444139672e-01	-1.079448587140001137e-01	8.716138642980073015e-02
-5.792649081645357967e-01	9.999999999999997780e-01	-5.033113273778497820e-01	1.306319917748602621e-01	-1.170869810848763903e-01	2.950132432168706131e-01	-5.260292367258477819e-01	2.116519747176730248e-01	-1.492536978151580429e-01	9.718119971370181576e-02	-1.245918967343160183e-01	1.384988726190747033e-01	-1.534359380789280525e-01	1.371684652282439132e-01	-9.736518145402525692e-02	1.277239062115377299e-01	-1.120940023726820778e-01	1.144288293029111780e-01	-1.045696212570011302e-01	9.567887801295524297e-02	-7.753622057596556982e-02	8.360606807683451658e-02	-1.088118286482797764e-01	9.098327162450785266e-02	-1.038897372229297400e-01	7.202026727827165464e-02	-7.136822475204057659e-02	7.976414728471442617e-02	-8.122694928628733380e-02	6.544704652856520033e-02	-4.545116021898529951e-02	6.177256849662285387e-02	-9.992013362490040351e-02	9.083645825899412662e-02	-7.415136049184833933e-02
2.631803245350888831e-01	-5.033113273778497820e-01	9.999999999999997780e-01	-2.821575925086300951e-01	1.974846087464471323e-01	-2.808310683418591691e-01	2.910058017246520690e-01	-5.152258878718876112e-01	2.452416173207082328e-01	-1.638548546816411267e-01	1.419167513422666393e-01	-1.863253615131038043e-01	2.261774371928594041e-01	-2.311573637937907044e-01	1.544030301631696134e-01	-1.537819292018451633e-01	1.495011306742781432e-01	-1.673844929066020115e-01	1.578752059622341164e-01	-1.482196339281232067e-01	9.963901354378727759e-02	-1.141140757886516532e-01	1.536645486315857123e-01	-1.328854719618174918e-01	1.500296522608063066e-01	-9.433447778654073523e-02	9.731059584034541798e-02	-1.122919774054338682e-01	1.161418230366569743e-01	-9.483385297975803485e-02	5.998736909573988696e-02	-8.193996092572776446e-02	1.383417365343075356e-01	-1.318049742132890723e-01	1.058720610239918536e-01
-1.251083273507655469e-01	1.306319917748602621e-01	-2.821575925086300951e-01	9.999999999999993339e-01	-8.609060265371347720e-01	1.221869709652379371e-01	-1.519111735375397454e-01	1.710647637984963332e-01	-1.829687564624940810e-01	2.155695997693294619e-01	-7.413979250931593268e-02	9.989725483428253672e-02	-1.331373873029579602e-01	1.486537295078690091e-01	-2.227073730991560863e-01	7.884603996386851943e-02	-8.657181387891603463e-02	9.713886191749260268e-02	-1.189457352630448050e-01	1.135082635574522492e-01	-5.563135456145665986e-02	6.567815981735600217e-02	-9.761257065265258048e-02	8.683199544467536113e-02	-1.071960847022044028e-01	5.223850292522618649e-02	-5.757857671520964782e-02	6.865243347343014113e-02	-7.518419776750531747e-02	6.318913982078282199e-02	-3.381787433580790703e-02	4.570156039733985764e-02	-8.558063077095454108e-02	8.281134955294705557e-02	-7.065905484946796711e-02
1.097345841656672261e-01	-1.170869810848763903e-01	1.974846087464471323e-01	-8.609060265371347720e-01	9.999999999999995559e-01	-1.197921855099093325e-01	1.341765677967355908e-01	-1.659624268643796752e-01	1.599134281710146988e-01	-3.123073938606741873e-01	7.295110802687911067e-02	-9.952945826949334551e-02	1.262070243965837113e-01	-1.508831478097788503e-01	2.079176708068355972e-01	-7.907104727365220354e-02	8.472402870270814845e-02	-9.668050356924967614e-02	1.146144596200072280e-01	-1.157805646343750411e-01	5.570365509127496451e-02	-6.626061849876849208e-02	9.526707823733177039e-02	-8.639847153396224000e-02	1.040414097027830137e-01	-5.281730627021423430e-02	5.750954562515637331e-02	-6.857466531332853665e-02	7.443901555823970173e-02	-6.279541744971216255e-02	3.409324333163877424e-02	-4.635072276099751198e-02	8.464671249445447632e-02	-8.373433420441286912e-02	6.939531576112262234e-02
-6.262149230435852809e-01	2.950132432168706131e-01	-2.808310683418591691e-01	1.221869709652379371e-01	-1.197921855099093325e-01	9.999999999999986677e-01	-4.958639371507539417e-01	1.915819087531888121e-01	-1.606082313431649033e-01	1.079186663208593078e-01	-3.387487128152193439e-01	1.949588502932088074e-01	-1.973746007642090683e-01	1.553858803866949301e-01	-1.140214197179252181e-01	2.281133713882663727e-01	-1.680432243475150078e-01	1.523517349245386843e-01	-1.333268668297283299e-01	1.185587792158194348e-01	-1.302920025513963354e-01	1.215587344430687639e-01	-1.522917169332117793e-01	1.212013889419560481e-01	-1.405864822662285518e-01	1.111683311955009718e-01	-1.054856843767929681e-01	1.117463011947164991e-01	-1.113495340726294164e-01	8.792295394036417355e-02	-7.015599422511938077e-02	9.244796012880424074e-02	-1.445907922428369408e-01	1.206726221623531520e-01	-1.016585599172639687e-01
3.185520971782956345e-01	-5.260292367258477819e-01	2.910058017246520690e-01	-1.519111735375397454e-01	1.341765677967355908e-01	-4.958639371507539417e-01	9.999999999999988898e-01	-2.640975150801512239e-01	1.860194500788001359e-01	-1.329809571616597519e-01	1.967853165388679104e-01	-2.413310309861864678e-01	2.151721919433546848e-01	-1.944419055242886663e-01	1.319482871259531065e-01	-2.137389111719010526e-01	1.769432998267902735e-01	-1.783311383109264514e-01	1.527323237305802384e-01	-1.420718639585598075e-01	1.258820720937850468e-01	-1.361166476042992846e-01	1.665400053408619963e-01	-1.401209834527175069e-01	1.571237727055549427e-01	-1.189995765148259138e-01	1.144203660973704545e-01	-1.263261672002118918e-01	1.262797923696297453e-01	-1.012588751033547813e-01	7.448454066141632635e-02	-1.022642108909825598e-01	1.575096671801015369e-01	-1.435542156455201779e-01	1.147142712558854027e-01
-2.032272882598181174e-01	2.116519747176730248e-01	-5.152258878718876112e-01	1.710647637984963332e-01	-1.659624268643796752e-01	1.915819087531888121e-01	-2.640975150801512239e-01	9.999999999999985567e-01	-5.719018171251740723e-01	1.689313529099334132e-01	-1.273998232861717483e-01	1.914395345827950845e-01	-3.849945542404311083e-01	2.859809191950972718e-01	-1.726907990888511824e-01	1.317261076675329268e-01	-1.629262014623659161e-01	1.835404783833453346e-01	-1.868948722603353541e-01	1.575495496429003273e-01	-9.061263561347164541e-02	1.064750104934020364e-01	-1.683312546738995608e-01	1.389792735140576718e-01	-1.607518460881595390e-01	8.393904672355399776e-02	-9.341787855841390820e-02	1.107209215747443493e-01	-1.184214289823838223e-01	9.641053485819024715e-02	-5.407018405528391664e-02	7.265356902375905146e-02	-1.366647925181700696e-01	1.283167737734433045e-01	-1.080385743316680525e-01
1.455766054852375146e-01	-1.492536978151580429e-01	2.452416173207082328e-01	-1.829687564624940810e-01	1.599134281710146988e-01	-1.606082313431649033e-01	1.860194500788001359e-01	-5.719018171251740723e-01	9.999999999999994449e-01	-2.591796744284119436e-01	1.120679670666281935e-01	-1.756806135994703477e-01	2.672542016403137710e-01	-6.007506117499638032e-01	2.113227609958716335e-01	-1.205498928616342003e-01	1.450681770908059109e-01	-1.748201275288966405e-01	2.168249975490451620e-01	-1.967685233139644385e-01	8.460110191450231909e-02	-1.027137724669651836e-01	1.574948644243564233e-01	-1.454303945329404879e-01	1.635585708557536488e-01	-7.983972568948365101e-02	8.913437805421460525e-02	-1.080617684664663125e-01	1.182629966736916532e-01	-9.916638786551615348e-02	5.134118546755789270e-02	-6.956423827103770663e-02	1.298704672739807164e-01	-1.319364060225892421e-01	1.071182480552307220e-01
-1.030989585353938309e-01	9.718119971370181576e-02	-1.638548546816411267e-01	2.155695997693294619e-01	-3.123073938606741873e-01	1.079186663208593078e-01	-1.329809571616597519e-01	1.689313529099334132e-01	-2.591796744284119436e-01	9.999999999999967804e-01	-7.634788725351866756e-02	1.101411698831659958e-01	-1.573329122975191396e-01	2.084085582936762160e-01	-8.210130639381073570e-01	8.132904858818935934e-02	-9.909457585308784067e-02	1.158172728039573718e-01	-1.880565879401073781e-01	1.925358201557947901e-01	-6.063460699499573225e-02	7.442921676542957332e-02	-1.206476662072336892e-01	1.144299108352617861e-01	-1.551501610026861933e-01	5.700948339209471749e-02	-6.625031547158569123e-02	8.203699749665681329e-02	-9.546547061731491812e-02	8.360657925029016391e-02	-3.717931914885225231e-02	5.002398977999131247e-02	-1.006504104208271189e-01	1.026694528651419386e-01	-9.152683699240961313e-02
1.814980864234193025e-01	-1.245918967343160183e-01	1.419167513422666393e-01	-7.413979250931593268e-02	7.295110802687911067e-02	-3.387487128152193439e-01	1.967853165388679104e-01	-1.273998232861717483e-01	1.120679670666281935e-01	-7.634788725351866756e-02	9.999999999999980016e-01	-3.382028258776977325e-01	1.834177622386959639e-01	-1.236488679439161076e-01	8.106066361279176680e-02	-7.772800736296164859e-01	2.169095392580984716e-01	-1.641862536567492425e-01	1.093544326569960840e-01	-9.650964002241499418e-02	1.922965129575278098e-01	-1.498181558493763832e-01	1.397062420116341186e-01	-1.079860266125653445e-01	1.152126193914061181e-01	-1.679769803488368740e-01	1.182423693189491587e-01	-1.095430871511330617e-01	9.848467480643957606e-02	-7.484415162572329028e-02	9.074865092711748016e-02	-1.229636248816854682e-01	1.331528063634633829e-01	-1.068463583692504520e-01	8.472270436457490783e-02
-1.638137272988943183e-01	1.384988726190747033e-01	-1.863253615131038043e-01	9.989725483428253672e-02	-9.952945826949334551e-02	1.949588502932088074e-01	-2.413310309861864678e-01	1.914395345827950845e-01	-1.756806135994703477e-01	1.101411698831659958e-01	-3.382028258776977325e-01	9.999999999999987788e-01	-4.682847730070771597e-01	1.990050692776769159e-01	-1.192463743133036491e-01	2.446840711653915923e-01	-6.327221266907749886e-01	2.954494828630320757e-01	-1.738464073022327472e-01	1.444824996890328728e-01	-1.406894342167267498e-01	1.561542038861462867e-01	-2.294972017945136333e-01	1.609892256295067658e-01	-1.699952511043335834e-01	1.196946054982961083e-01	-1.340374614549224297e-01	1.407467968183079565e-01	-1.380045090848646405e-01	1.054397642217159564e-01	-7.458123260698748536e-02	9.765354878831555840e-02	-1.708519877218896976e-01	1.444393479226897259e-01	-1.186912741325715503e-01
1.643340582327672550e-01	-1.534359380789280525e-01	2.261774371928594041e-01	-1.331373873029579602e-01	1.262070243965837113e-01	-1.973746007642090683e-01	2.151721919433546848e-01	-3.849945542404311083e-01	2.672542016403137710e-01	-1.573329122975191396e-01	1.834177622386959639e-01	-4.682847730070771597e-01	9.999999999999988898e-01	-4.276454979352374841e-01	1.610127611566603834e-01	-1.965144594540833289e-01	2.841544055575248029e-01	-4.355500265355626843e-01	2.228572074274247916e-01	-1.957582044119692832e-01	1.241757347681826523e-01	-1.519787843850349540e-01	2.379249936085800488e-01	-1.955937828691046154e-01	1.927382849897202322e-01	-1.158797368094538760e-01	1.281112287738404854e-01	-1.529594341183520834e-01	1.545857978744978600e-01	-1.225823457401096772e-01	7.280945234222291340e-02	-9.852267885005756842e-02	1.746493879559856133e-01	-1.717589827500276556e-01	1.328631328864888772e-01
-1.476876660309588418e-01	1.371684652282439132e-01	-2.311573637937907044e-01	1.486537295078690091e-01	-1.508831478097788503e-01	1.553858803866949301e-01	-1.944419055242886663e-01	2.859809191950972718e-01	-6.007506117499638032e-01	2.084085582936762160e-01	-1.236488679439161076e-01	1.990050692776769159e-01	-4.276454979352374841e-01	9.999999999999976685e-01	-2.595464182795323982e-01	1.284515130152529827e-01	-1.773865804641291122e-01	2.092451230159732833e-01	-4.053689310840029036e-01	2.394657897993808238e-01	-9.336702810224115079e-02	1.143221507789775188e-01	-1.994099109532311564e-01	1.782528686451352318e-01	-2.099834356462982055e-01	8.670284331018641988e-02	-1.018506906257515554e-01	1.255722026433853389e-01	-1.430188652839332608e-01	1.184649815063497091e-01	-5.626787610282618646e-02	7.531994164392019631e-02	-1.521149281897508920e-01	1.505656359173048187e-01	-1.295887167022723996e-01
1.028621068276186629e-01	-9.736518145402525692e-02	1.544030301631696134e-01	-2.227073730991560863e-01	2.079176708068355972e-01	-1.140214197179252181e-01	1.319482871259531065e-01	-1.726907990888511824e-01	2.113227609958716335e-01	-8.210130639381073570e-01	8.106066361279176680e-02	-1.192463743133036491e-01	1.610127611566603834e-01	-2.595464182795323982e-01	1.000000000000002887e+00	-8.788914335796646493e-02	1.046945251771543850e-01	-1.261220189234257272e-01	2.005940399095476612e-01	-2.818563849458949333e-01	6.523572778012917683e-02	-8.098520803660903822e-02	1.266656088484818254e-01	-1.265947302927208085e-01	1.635553367460147456e-01	-6.198238040570718671e-02	7.113145539336218626e-02	-8.859729212249012331e-02	1.024725211485108256e-01	-9.181646880474653161e-02	4.023074381956842638e-02	-5.449523156085657460e-02	1.064380478320265389e-01	-1.138331320042303696e-01	9.648530400255707351e-02
-1.895254152577094953e-01	1.277239062115377299e-01	-1.537819292018451633e-01	7.884603996386851943e-02	-7.907104727365220354e-02	2.281133713882663727e-01	-2.137389111719010526e-01	1.317261076675329268e-01	-1.205498928616342003e-01	8.132904858818935934e-02	-7.772800736296164859e-01	2.446840711653915923e-01	-1.965144594540833289e-01	1.284515130152529827e-01	-8.788914335796646493e-02	9.999999999999967804e-01	-2.652986208532750467e-01	1.716623557269476019e-01	-1.202949001701712067e-01	1.040897068428923850e-01	-3.061586331952473872e-01	1.631669101728756288e-01	-1.587301801665944312e-01	1.181386407484894957e-01	-1.293034279380251839e-01	1.820009812951889350e-01	-1.365421624909549658e-01	1.215651716960381434e-01	-1.099047321765829061e-01	8.272204653778031380e-02	-1.036209303615198002e-01	1.285803834074964735e-01	-1.532002689101881476e-01	1.160400837707750155e-01	-9.485017638774065341e-02
1.329967739162543350e-01	-1.120940023726820778e-01	1.495011306742781432e-01	-8.657181387891603463e-02	8.472402870270814845e-02	-1.680432243475150078e-01	1.769432998267902735e-01	-1.629262014623659161e-01	1.450681770908059109e-01	-9.909457585308784067e-02	2.169095392580984716e-01	-6.327221266907749886e-01	2.841544055575248029e-01	-1.773865804641291122e-01	1.046945251771543850e-01	-2.652986208532750467e-01	9.999999999999987788e-01	-5.576309942458073099e-01	1.632218517293942128e-01	-1.419571863790398680e-01	1.393611530123931574e-01	-1.937161234870078130e-01	2.349711885424898283e-01	-1.727869977332114892e-01	1.589343977489202919e-01	-1.232279861700646684e-01	1.427369000869269100e-01	-1.494914018597819083e-01	1.374094807667772256e-01	-1.036907242066955337e-01	7.462654841670682271e-02	-9.929523256153896527e-02	1.649590759502486681e-01	-1.481005676142872485e-01	1.129470559458212175e-01
-1.328125015649378737e-01	1.144288293029111780e-01	-1.673844929066020115e-01	9.713886191749260268e-02	-9.668050356924967614e-02	1.523517349245386843e-01	-1.783311383109264514e-01	1.835404783833453346e-01	-1.748201275288966405e-01	1.158172728039573718e-01	-1.641862536567492425e-01	2.954494828630320757e-01	-4.355500265355626843e-01	2.092451230159732833e-01	-1.261220189234257272e-01	1.716623557269476019e-01	-5.576309942458073099e-01	9.999999999999964473e-01	-2.441725033994775751e-01	1.808988400868526136e-01	-1.226281353307787370e-01	1.587134178302977150e-01	-4.899074475449862742e-01	2.303535589188487054e-01	-2.131755494173914744e-01	1.103386523712245743e-01	-1.431555273739372192e-01	1.779654739826083687e-01	-1.773031105312349032e-01	1.294845026505658525e-01	-7.074366641487768448e-02	9.335088329123913953e-02	-1.963927134040884814e-01	1.753623690256843615e-01	-1.414428832192807239e-01
1.167287118862191247e-01	-1.045696212570011302e-01	1.578752059622341164e-01	-1.189457352630448050e-01	1.146144596200072280e-01	-1.333268668297283299e-01	1.527323237305802384e-01	-1.868948722603353541e-01	2.168249975490451620e-01	-1.880565879401073781e-01	1.093544326569960840e-01	-1.738464073022327472e-01	2.228572074274247916e-01	-4.053689310840029036e-01	2.005940399095476612e-01	-1.202949001701712067e-01	1.632218517293942128e-01	-2.441725033994775751e-01	9.999999999999963363e-01	-6.868440291204453985e-01	9.291198840514605650e-02	-1.223235398019510423e-01	2.199694873985454935e-01	-3.060254474859282481e-01	2.817156213066810966e-01	-8.898778356918342347e-02	1.082065886749208200e-01	-1.446982459841203716e-01	1.818045250800101875e-01	-1.613312090955243694e-01	5.766852629297614108e-02	-7.808007242409997772e-02	1.613931667778696344e-01	-1.964739933543568073e-01	1.553027748360560900e-01
-1.077805178152873855e-01	9.567887801295524297e-02	-1.482196339281232067e-01	1.135082635574522492e-01	-1.157805646343750411e-01	1.185587792158194348e-01	-1.420718639585598075e-01	1.575495496429003273e-01	-1.967685233139644385e-01	1.925358201557947901e-01	-9.650964002241499418e-02	1.444824996890328728e-01	-1.957582044119692832e-01	2.394657897993808238e-01	-2.818563849458949333e-01	1.040897068428923850e-01	-1.419571863790398680e-01	1.808988400868526136e-01	-6.868440291204453985e-01	1.000000000000002220e+00	-8.380049352079145530e-02	1.096135053842231394e-01	-2.072559037886823607e-01	2.376043896090584695e-01	-4.803793885102323191e-01	7.954965956930694360e-02	-9.995340778534764214e-02	1.333477906464590190e-01	-1.793037097288588400e-01	1.751128536504199251e-01	-5.223300103839751546e-02	7.008878838585624882e-02	-1.556199508205929893e-01	1.806776003611890169e-01	-1.777172888420919805e-01
1.034558392890524703e-01	-7.753622057596556982e-02	9.963901354378727759e-02	-5.563135456145665986e-02	5.570365509127496451e-02	-1.302920025513963354e-01	1.258820720937850468e-01	-9.061263561347164541e-02	8.460110191450231909e-02	-6.063460699499573225e-02	1.922965129575278098e-01	-1.406894342167267498e-01	1.241757347681826523e-01	-9.336702810224115079e-02	6.523572778012917683e-02	-3.061586331952473872e-01	1.393611530123931574e-01	-1.226281353307787370e-01	9.291198840514605650e-02	-8.380049352079145530e-02	1.000000000000003997e+00	-3.897790190006841238e-01	1.330097677184171601e-01	-1.060047394129985943e-01	1.089511394347593143e-01	-7.030708833579816242e-01	2.452192016483417392e-01	-1.605807814208154716e-01	1.111220861742092669e-01	-7.753662871198141460e-02	2.412531551077868597e-01	-3.192989547510386994e-01	1.852962338572054501e-01	-1.192765196403944572e-01	8.756543494257867932e-02
-1.057665107536196747e-01	8.360606807683451658e-02	-1.141140757886516532e-01	6.567815981735600217e-02	-6.626061849876849208e-02	1.215587344430687639e-01	-1.361166476042992846e-01	1.064750104934020364e-01	-1.027137724669651836e-01	7.442921676542957332e-02	-1.498181558493763832e-01	1.561542038861462867e-01	-1.519787843850349540e-01	1.143221507789775188e-01	-8.098520803660903822e-02	1.631669101728756288e-01	-1.937161234870078130e-01	1.587134178302977150e-01	-1.223235398019510423e-01	1.096135053842231394e-01	-3.897790190006841238e-01	9.999999999999948930e-01	-1.983862291982671222e-01	1.504014057689444239e-01	-1.507941350924550117e-01	2.493755075424168022e-01	-7.223595724096918413e-01	2.685964235670006417e-01	-1.741951517201955624e-01	1.103737160539396828e-01	-1.514182439130807578e-01	1.760845944293913390e-01	-3.251958825894061822e-01	1.687401582652640897e-01	-1.256328022379395448e-01
1.270551140957772163e-01	-1.088118286482797764e-01	1.536645486315857123e-01	-9.761257065265258048e-02	9.526707823733177039e-02	-1.522917169332117793e-01	1.665400053408619963e-01	-1.683312546738995608e-01	1.574948644243564233e-01	-1.206476662072336892e-01	1.397062420116341186e-01	-2.294972017945136333e-01	2.379249936085800488e-01	-1.994099109532311564e-01	1.266656088484818254e-01	-1.587301801665944312e-01	2.349711885424898283e-01	-4.899074475449862742e-01	2.199694873985454935e-01	-2.072559037886823607e-01	1.330097677184171601e-01	-1.983862291982671222e-01	9.999999999999984457e-01	-5.427717894270330801e-01	2.560478352080569620e-01	-1.305138953129101054e-01	1.793930933825325924e-01	-3.374286925904486090e-01	2.603333349039311240e-01	-1.800360823574191915e-01	8.348060934075648976e-02	-1.132306115466925611e-01	2.506029783524699184e-01	-2.672468244287574679e-01	1.794328167137312080e-01
-1.060229525308324927e-01	9.098327162450785266e-02	-1.328854719618174918e-01	8.683199544467536113e-02	-8.639847153396224000e-02	1.212013889419560481e-01	-1.401209834527175069e-01	1.389792735140576718e-01	-1.454303945329404879e-01	1.144299108352617861e-01	-1.079860266125653445e-01	1.609892256295067658e-01	-1.955937828691046154e-01	1.782528686451352318e-01	-1.265947302927208085e-01	1.181386407484894957e-01	-1.727869977332114892e-01	2.303535589188487054e-01	-3.060254474859282481e-01	2.376043896090584695e-01	-1.060047394129985943e-01	1.504014057689444239e-01	-5.427717894270330801e-01	9.999999999999978906e-01	-4.608201194553014357e-01	1.019908665302905332e-01	-1.474295410811350682e-01	2.256685439281709282e-01	-4.753246499641113343e-01	2.269377376378090838e-01	-6.746667293600031035e-02	8.992227520137674457e-02	-2.327284008357761447e-01	2.745119963107143235e-01	-2.267374893462114904e-01
1.199152786556551969e-01	-1.038897372229297400e-01	1.500296522608063066e-01	-1.071960847022044028e-01	1.040414097027830137e-01	-1.405864822662285518e-01	1.571237727055549427e-01	-1.607518460881595390e-01	1.635585708557536488e-01	-1.551501610026861933e-01	1.152126193914061181e-01	-1.699952511043335834e-01	1.927382849897202322e-01	-2.099834356462982055e-01	1.635553367460147456e-01	-1.293034279380251839e-01	1.589343977489202919e-01	-2.131755494173914744e-01	2.817156213066810966e-01	-4.803793885102323191e-01	1.089511394347593143e-01	-1.507941350924550117e-01	2.560478352080569620e-01	-4.608201194553014357e-01	1.000000000000001554e+00	-1.068261175376788580e-01	1.340925395713040702e-01	-1.917238784060973644e-01	2.704708232101972198e-01	-4.226925305465284444e-01	6.967085554214838550e-02	-9.500061008374292848e-02	2.051498334338534846e-01	-3.094041195647942999e-01	2.661082170762840704e-01
-9.630137751605417906e-02	7.202026727827165464e-02	-9.433447778654073523e-02	5.223850292522618649e-02	-5.281730627021423430e-02	1.111683311955009718e-01	-1.189995765148259138e-01	8.393904672355399776e-02	-7.983972568948365101e-02	5.700948339209471749e-02	-1.679769803488368740e-01	1.196946054982961083e-01	-1.158797368094538760e-01	8.670284331018641988e-02	-6.198238040570718671e-02	1.820009812951889350e-01	-1.232279861700646684e-01	1.103386523712245743e-01	-8.898778356918342347e-02	7.954965956930694360e-02	-7.030708833579816242e-01	2.493755075424168022e-01	-1.305138953129101054e-01	1.019908665302905332e-01	-1.068261175376788580e-01	9.999999999999990008e-01	-2.960360691989090687e-01	1.593775446442148025e-01	-1.110098526586531936e-01	7.557746670599667371e-02	-4.452583386850934022e-01	2.847366405145069779e-01	-2.023248400422897886e-01	1.145819701650012956e-01	-8.665882398130905773e-02
8.904765217104572417e-02	-7.136822475204057659e-02	9.731059584034541798e-02	-5.757857671520964782e-02	5.750954562515637331e-02	-1.054856843767929681e-01	1.144203660973704545e-01	-9.341787855841390820e-02	8.913437805421460525e-02	-6.625031547158569123e-02	1.182423693189491587e-01	-1.340374614549224297e-01	1.281112287738404854e-01	-1.018506906257515554e-01	7.113145539336218626e-02	-1.365421624909549658e-01	1.427369000869269100e-01	-1.431555273739372192e-01	1.082065886749208200e-01	-9.995340778534764214e-02	2.452192016483417392e-01	-7.223595724096918413e-01	1.793930933825325924e-01	-1.474295410811350682e-01	1.340925395713040702e-01	-2.960360691989090687e-01	9.999999999999981126e-01	-4.510244369955484500e-01	1.688891332975821225e-01	-1.061738651492972890e-01	1.492845901414541210e-01	-1.980658075833808263e-01	2.718252919259650513e-01	-1.718854960379028463e-01	1.142729587287521359e-01
-9.643297486916355132e-02	7.976414728471442617e-02	-1.122919774054338682e-01	6.865243347343014113e-02	-6.857466531332853665e-02	1.117463011947164991e-01	-1.263261672002118918e-01	1.107209215747443493e-01	-1.080617684664663125e-01	8.203699749665681329e-02	-1.095430871511330617e-01	1.407467968183079565e-01	-1.529594341183520834e-01	1.255722026433853389e-01	-8.859729212249012331e-02	1.215651716960381434e-01	-1.494914018597819083e-01	1.779654739826083687e-01	-1.446982459841203716e-01	1.333477906464590190e-01	-1.605807814208154716e-01	2.685964235670006417e-01	-3.374286925904486090e-01	2.256685439281709282e-01	-1.917238784060973644e-01	1.593775446442148025e-01	-4.510244369955484500e-01	9.999999999999975575e-01	-3.541384171148633242e-01	1.591781308642349901e-01	-1.079868287916510572e-01	1.387614720309150729e-01	-6.397875844337420626e-01	2.561248891003699013e-01	-1.703349485796092078e-01
9.598106037344680819e-02	-8.122694928628733380e-02	1.161418230366569743e-01	-7.518419776750531747e-02	7.443901555823970173e-02	-1.113495340726294164e-01	1.262797923696297453e-01	-1.184214289823838223e-01	1.182629966736916532e-01	-9.546547061731491812e-02	9.848467480643957606e-02	-1.380045090848646405e-01	1.545857978744978600e-01	-1.430188652839332608e-01	1.024725211485108256e-01	-1.099047321765829061e-01	1.374094807667772256e-01	-1.773031105312349032e-01	1.818045250800101875e-01	-1.793037097288588400e-01	1.111220861742092669e-01	-1.741951517201955624e-01	2.603333349039311240e-01	-4.753246499641113343e-01	2.704708232101972198e-01	-1.110098526586531936e-01	1.688891332975821225e-01	-3.541384171148633242e-01	9.999999999999983347e-01	-3.724897866431434168e-01	7.294866523841929407e-02	-9.827473425656427231e-02	2.669638632387811294e-01	-5.924874329230875869e-01	2.773956847100942369e-01
-7.671243859539859933e-02	6.544704652856520033e-02	-9.483385297975803485e-02	6.318913982078282199e-02	-6.279541744971216255e-02	8.792295394036417355e-02	-1.012588751033547813e-01	9.641053485819024715e-02	-9.916638786551615348e-02	8.360657925029016391e-02	-7.484415162572329028e-02	1.054397642217159564e-01	-1.225823457401096772e-01	1.184649815063497091e-01	-9.181646880474653161e-02	8.272204653778031380e-02	-1.036907242066955337e-01	1.294845026505658525e-01	-1.613312090955243694e-01	1.751128536504199251e-01	-7.753662871198141460e-02	1.103737160539396828e-01	-1.800360823574191915e-01	2.269377376378090838e-01	-4.226925305465284444e-01	7.557746670599667371e-02	-1.061738651492972890e-01	1.591781308642349901e-01	-3.724897866431434168e-01	9.999999999999973355e-01	-5.051179489741026984e-02	6.771495897899466876e-02	-1.794299300971043121e-01	2.903218403462772823e-01	-7.433058657626805399e-01
5.963748786860413598e-02	-4.545116021898529951e-02	5.998736909573988696e-02	-3.381787433580790703e-02	3.409324333163877424e-02	-7.015599422511938077e-02	7.448454066141632635e-02	-5.407018405528391664e-02	5.134118546755789270e-02	-3.717931914885225231e-02	9.074865092711748016e-02	-7.458123260698748536e-02	7.280945234222291340e-02	-5.626787610282618646e-02	4.023074381956842638e-02	-1.036209303615198002e-01	7.462654841670682271e-02	-7.074366641487768448e-02	5.766852629297614108e-02	-5.223300103839751546e-02	2.412531551077868597e-01	-1.514182439130807578e-01	8.348060934075648976e-02	-6.746667293600031035e-02	6.967085554214838550e-02	-4.452583386850934022e-01	1.492845901414541210e-01	-1.079868287916510572e-01	7.294866523841929407e-02	-5.051179489741026984e-02	9.999999999999973355e-01	-8.304110876482464487e-01	1.393812306013871294e-01	-8.003378319687590170e-02	5.736512437446782131e-02
-8.155060775423686459e-02	6.177256849662285387e-02	-8.193996092572776446e-02	4.570156039733985764e-02	-4.635072276099751198e-02	9.244796012880424074e-02	-1.022642108909825598e-01	7.265356902375905146e-02	-6.956423827103770663e-02	5.002398977999131247e-02	-1.229636248816854682e-01	9.765354878831555840e-02	-9.852267885005756842e-02	7.531994164392019631e-02	-5.449523156085657460e-02	1.285803834074964735e-01	-9.929523256153896527e-02	9.335088329123913953e-02	-7.808007242409997772e-02	7.008878838585624882e-02	-3.192989547510386994e-01	1.760845944293913390e-01	-1.132306115466925611e-01	8.992227520137674457e-02	-9.500061008374292848e-02	2.847366405145069779e-01	-1.980658075833808263e-01	1.387614720309150729e-01	-9.827473425656427231e-02	6.771495897899466876e-02	-8.304110876482464487e-01	9.999999999999968914e-01	-2.085478515468557892e-01	1.050776171841547590e-01	-7.803627342919952636e-02
1.209773181444139672e-01	-9.992013362490040351e-02	1.383417365343075356e-01	-8.558063077095454108e-02	8.464671249445447632e-02	-1.445907922428369408e-01	1.575096671801015369e-01	-1.366647925181700696e-01	1.298704672739807164e-01	-1.006504104208271189e-01	1.331528063634633829e-01	-1.708519877218896976e-01	1.746493879559856133e-01	-1.521149281897508920e-01	1.064380478320265389e-01	-1.532002689101881476e-01	1.649590759502486681e-01	-1.963927134040884814e-01	1.613931667778696344e-01	-1.556199508205929893e-01	1.852962338572054501e-01	-3.251958825894061822e-01	2.506029783524699184e-01	-2.327284008357761447e-01	2.051498334338534846e-01	-2.023248400422897886e-01	2.718252919259650513e-01	-6.397875844337420626e-01	2.669638632387811294e-01	-1.794299300971043121e-01	1.393812306013871294e-01	-2.085478515468557892e-01	9.999999999999970024e-01	-3.849739684600205214e-01	1.901523135421070432e-01
-1.079448587140001137e-01	9.083645825899412662e-02	-1.318049742132890723e-01	8.281134955294705557e-02	-8.373433420441286912e-02	1.206726221623531520e-01	-1.435542156455201779e-01	1.283167737734433045e-01	-1.319364060225892421e-01	1.026694528651419386e-01	-1.068463583692504520e-01	1.444393479226897259e-01	-1.717589827500276556e-01	1.505656359173048187e-01	-1.138331320042303696e-01	1.160400837707750155e-01	-1.481005676142872485e-01	1.753623690256843615e-01	-1.964739933543568073e-01	1.806776003611890169e-01	-1.192765196403944572e-01	1.687401582652640897e-01	-2.672468244287574679e-01	2.745119963107143235e-01	-3.094041195647942999e-01	1.145819701650012956e-01	-1.718854960379028463e-01	2.561248891003699013e-01	-5.924874329230875869e-01	2.903218403462772823e-01	-8.003378319687590170e-02	1.050776171841547590e-01	-3.849739684600205214e-01	9.999999999999968914e-01	-4.706529074630637632e-01
8.716138642980073015e-02	-7.415136049184833933e-02	1.058720610239918536e-01	-7.065905484946796711e-02	6.939531576112262234e-02	-1.016585599172639687e-01	1.147142712558854027e-01	-1.080385743316680525e-01	1.071182480552307220e-01	-9.152683699240961313e-02	8.472270436457490783e-02	-1.186912741325715503e-01	1.328631328864888772e-01	-1.295887167022723996e-01	9.648530400255707351e-02	-9.485017638774065341e-02	1.129470559458212175e-01	-1.414428832192807239e-01	1.553027748360560900e-01	-1.777172888420919805e-01	8.756543494257867932e-02	-1.256328022379395448e-01	1.794328167137312080e-01	-2.267374893462114904e-01	2.661082170762840704e-01	-8.665882398130905773e-02	1.142729587287521359e-01	-1.703349485796092078e-01	2.773956847100942369e-01	-7.433058657626805399e-01	5.736512437446782131e-02	-7.803627342919952636e-02	1.901523135421070432e-01	-4.706529074630637632e-01	9.999999999999968914e-01
