1.000000000000000000e+00	-3.770151489600409023e-01	2.444740047264610805e-01	-1.278540521675476105e-01	1.271436430768214110e-01	-7.249975470103204866e-01	3.115996137260481635e-01	-3.017743025541356761e-01	1.881153981981323609e-01	-1.190036991095307084e-01	6.630865894238424652e-02	-6.752654016314867114e-02	1.051432952178239233e-01	-1.059431424962963691e-01	1.182019488276236791e-01	-1.188883018498877592e-01	7.488801360410277108e-02	-1.060599637889187430e-01	1.289675820489945002e-01	-1.808682969651822514e-01	5.927976863447970146e-02	-7.394368413177851429e-02	6.800532671356222802e-02	-6.524188082997223193e-02	7.528639004608891905e-02	-6.366616163537135165e-02	1.207351907813050962e-01	-8.496694313285130251e-02	6.247307646297271810e-02	-7.068319821459435881e-02	7.476862276352630454e-02	-6.388483229244587558e-02	6.606023795708659829e-02	-2.603970877446895593e-02	2.567942473383294510e-02
-3.770151489600409023e-01	1.000000000000000000e+00	-7.740555166096783068e-01	1.662723399838821059e-01	-1.635514577846178264e-01	2.374524049539240844e-01	-3.577031467608941528e-01	2.277837097288865353e-01	-1.887757809929079822e-01	1.107264708575722706e-01	-4.484089102189136450e-02	4.489246778804290017e-02	-8.506483667613633226e-02	8.316841409127941065e-02	-1.072867715297542435e-01	8.357334542102097530e-02	-5.339407758419417033e-02	7.573834613563766582e-02	-9.732129372548950497e-02	1.356652590164756089e-01	-4.212940101105089319e-02	5.242593704209690120e-02	-4.985134966878668195e-02	4.776875637841949962e-02	-5.595190920059379958e-02	4.531081212781289808e-02	-8.627835081416528051e-02	6.136695185698465282e-02	-4.575615107010368166e-02	5.172900649819591606e-02	-5.349980857597150946e-02	4.577113870220922420e-02	-4.765707122913612898e-02	1.895455328194771416e-02	-1.874532775010788466e-02
2.444740047264610805e-01	-7.740555166096783068e-01	9.999999999999998890e-01	-2.630237504056066045e-01	1.920002090189887878e-01	-2.236186689036583630e-01	2.488678547625783610e-01	-2.882954172678671712e-01	2.141317064621688915e-01	-1.441393549646189098e-01	4.849020220231740202e-02	-4.930077015330282253e-02	1.039273659947230616e-01	-1.056792297102071426e-01	1.330039321192120760e-01	-1.149085999936449859e-01	7.197159388784622747e-02	-1.035972964981324435e-01	1.284564844183945787e-01	-1.891939512582645477e-01	5.765409654437558123e-02	-7.200896247965969665e-02	6.822770790111044870e-02	-6.574565989530771482e-02	7.687971291882479685e-02	-6.234737527967354476e-02	1.183798270474104714e-01	-8.550171327182068404e-02	6.309294568290282901e-02	-7.188714032859296055e-02	7.330922059225362941e-02	-6.339494357043296002e-02	6.560059656345033907e-02	-2.627151091356098866e-02	2.590987889268597799e-02
-1.278540521675476105e-01	1.662723399838821059e-01	-2.630237504056066045e-01	9.999999999999995559e-01	-7.834889612745330467e-01	1.049078778864722533e-01	-1.416748483573104789e-01	2.003166022907689470e-01	-4.323706766152534131e-01	2.263760375542384073e-01	-3.310937689784687610e-02	3.322145608015567020e-02	-9.541147911641216506e-02	9.666331643697345655e-02	-1.918044489876461756e-01	8.477055198839959782e-02	-5.445604833045270682e-02	7.884286051273006746e-02	-1.080453997001002003e-01	1.674136914665101117e-01	-4.324403912745244244e-02	5.386467281637833532e-02	-5.539242411173608827e-02	5.345204335775731452e-02	-6.539037982656888126e-02	4.677942937892559661e-02	-8.885956310968509686e-02	6.760308785525795394e-02	-5.142575525145624826e-02	5.889071962643315644e-02	-5.547534646046173995e-02	4.862685748851274664e-02	-5.096681271442911332e-02	2.114053413697597472e-02	-2.096355758380993861e-02
1.271436430768214110e-01	-1.635514577846178264e-01	1.920002090189887878e-01	-7.834889612745330467e-01	9.999999999999994449e-01	-1.091148370695928377e-01	1.393833947971415688e-01	-2.128112538018197553e-01	2.851302911853676458e-01	-3.586233979990462450e-01	3.718085817621117478e-02	-3.751772865493552267e-02	1.044909997515998251e-01	-1.106791263314713530e-01	2.156850044627189322e-01	-1.050139631935367301e-01	6.671778010146731108e-02	-9.727894162873994277e-02	1.290657135561424362e-01	-2.199174445957936541e-01	5.331996875405611847e-02	-6.659510073177690725e-02	6.876081319759071164e-02	-6.702035933392931633e-02	8.212189821391085998e-02	-5.770652603327960234e-02	1.087632923243138511e-01	-8.557011172334488824e-02	6.442094427985972649e-02	-7.496697685610752282e-02	6.815051957543183381e-02	-6.060816601019726468e-02	6.309595641640544650e-02	-2.662262762597775168e-02	2.630992877016886944e-02
-7.249975470103204866e-01	2.374524049539240844e-01	-2.236186689036583630e-01	1.049078778864722533e-01	-1.091148370695928377e-01	1.000000000000000000e+00	-5.548082108675442825e-01	2.417807591673660494e-01	-1.710552303917373396e-01	9.366625947929906049e-02	-7.366537418581903252e-02	6.951021387149744490e-02	-8.817943077848781896e-02	8.365100981740505870e-02	-9.559903729373596393e-02	8.328371366910954088e-02	-5.456364252603906201e-02	7.484173140046500305e-02	-9.579569754827249595e-02	1.253518216558461573e-01	-4.178000937435868978e-02	5.178463060327346407e-02	-4.788112530199659100e-02	4.561197536034836131e-02	-5.278127863499898487e-02	4.427372380676106861e-02	-8.390819688088226036e-02	5.822308887038082914e-02	-4.348298216342558198e-02	4.877550348850740597e-02	-5.230174445916140058e-02	4.399002949331008716e-02	-4.589230258421983510e-02	1.798274983474608402e-02	-1.780324103474426045e-02
3.115996137260481635e-01	-3.577031467608941528e-01	2.488678547625783610e-01	-1.416748483573104789e-01	1.393833947971415688e-01	-5.548082108675442825e-01	9.999999999999994449e-01	-5.534452978647143029e-01	2.303631621777796068e-01	-1.327410785075169020e-01	7.846288523895952882e-02	-8.342635844866563843e-02	1.328829783569729639e-01	-1.308439904809593213e-01	1.303859473756655007e-01	-1.178210836230341868e-01	7.552714477132289883e-02	-1.063498055180592539e-01	1.329307672219187664e-01	-1.828209420355896841e-01	5.861638988412565948e-02	-7.306014368938439085e-02	6.779197199697661880e-02	-6.506270179314574409e-02	7.534238431331535812e-02	-6.225836187351573014e-02	1.168616173395655433e-01	-8.358618472137065158e-02	6.193687204718226202e-02	-7.017618665857826288e-02	7.314444901254861520e-02	-6.234245898858772200e-02	6.465102063284093592e-02	-2.571283988841523149e-02	2.539252109995485118e-02
-3.017743025541356761e-01	2.277837097288865353e-01	-2.882954172678671712e-01	2.003166022907689470e-01	-2.128112538018197553e-01	2.417807591673660494e-01	-5.534452978647143029e-01	1.000000000000000000e+00	-5.157484256406301704e-01	1.890521110381421510e-01	-7.035966041377694768e-02	6.944529918355958620e-02	-2.584112083548957828e-01	1.928385946490004665e-01	-1.975615175364884568e-01	1.212417337466373396e-01	-8.028876092263384501e-02	1.140505990842663325e-01	-1.646018730651488404e-01	2.001833438666537901e-01	-6.165466239820113076e-02	7.645213998178498893e-02	-7.471619300238056816e-02	7.117416827901840159e-02	-8.367069081702543931e-02	6.557672096209643531e-02	-1.247686424402327382e-01	8.827117525991468039e-02	-6.741560728421645832e-02	7.538811007119090857e-02	-7.798973326642934245e-02	6.579547202047252019e-02	-6.937927565052864898e-02	2.759272135437135232e-02	-2.744236091166968317e-02
1.881153981981323609e-01	-1.887757809929079822e-01	2.141317064621688915e-01	-4.323706766152534131e-01	2.851302911853676458e-01	-1.710552303917373396e-01	2.303631621777796068e-01	-5.157484256406301704e-01	9.999999999999996669e-01	-3.754925647822326962e-01	5.734391803415181399e-02	-5.802079137383523572e-02	1.709038146015763038e-01	-1.845811740852443261e-01	2.509208846963569828e-01	-1.548809879323765903e-01	9.816293689146325663e-02	-1.432901890630394193e-01	1.872415683439615230e-01	-3.075061585867290281e-01	7.817917191821373291e-02	-9.774971314499399100e-02	9.887566147724924370e-02	-9.644349780310067233e-02	1.162325714104921193e-01	-8.428017465584440593e-02	1.579610415642791477e-01	-1.236338824941922293e-01	9.231831824953130872e-02	-1.073995579290624169e-01	9.925846562298791531e-02	-8.797466787289734413e-02	9.125287749173838225e-02	-3.827273115103832501e-02	3.776315127704851782e-02
-1.190036991095307084e-01	1.107264708575722706e-01	-1.441393549646189098e-01	2.263760375542384073e-01	-3.586233979990462450e-01	9.366625947929906049e-02	-1.327410785075169020e-01	1.890521110381421510e-01	-3.754925647822326962e-01	9.999999999999998890e-01	-3.939192770140996502e-02	3.918625958303349754e-02	-1.517662473867912865e-01	1.521677364923749720e-01	-7.522652408188299500e-01	1.011345969455699351e-01	-6.751931801807069256e-02	9.777746635186905511e-02	-1.534621865854926270e-01	2.396411103711981738e-01	-5.279982799367661378e-02	6.539470413286893602e-02	-7.413959916192457145e-02	7.071548139663563770e-02	-9.334567263095985834e-02	5.702332070279068216e-02	-1.095845607727430476e-01	8.510893908025975174e-02	-6.865668738068347876e-02	7.739718315035302998e-02	-6.853767136037114405e-02	6.010047902232101141e-02	-6.467456129939404275e-02	2.752937637658137149e-02	-2.764314898522936270e-02
6.630865894238424652e-02	-4.484089102189136450e-02	4.849020220231740202e-02	-3.310937689784687610e-02	3.718085817621117478e-02	-7.366537418581903252e-02	7.846288523895952882e-02	-7.035966041377694768e-02	5.734391803415181399e-02	-3.939192770140996502e-02	1.000000000000000222e+00	-9.724487250891657997e-01	7.850039159666741262e-02	-7.471975419483457836e-02	4.409045443685367938e-02	-1.236147767975629974e-01	1.037363655792895162e-01	-9.111675117988007888e-02	8.214199120845518121e-02	-6.286810099142654817e-02	5.243850035458182818e-02	-6.253222486423799797e-02	3.596302371306107221e-02	-3.191976832384012946e-02	3.167063911486744238e-02	-4.071516138285390801e-02	6.013787646238424878e-02	-3.543176985867979578e-02	2.711469974645946274e-02	-2.852078201207093947e-02	4.655818983200378514e-02	-3.023901937590329700e-02	3.162036671716499103e-02	-1.087907702235697827e-02	1.089498120698660991e-02
-6.752654016314867114e-02	4.489246778804290017e-02	-4.930077015330282253e-02	3.322145608015567020e-02	-3.751772865493552267e-02	6.951021387149744490e-02	-8.342635844866563843e-02	6.944529918355958620e-02	-5.802079137383523572e-02	3.918625958303349754e-02	-9.724487250891657997e-01	9.999999999999994449e-01	-8.590443946241474449e-02	7.330524891974837809e-02	-4.428406361591654544e-02	1.108242575671973956e-01	-1.133626970467407902e-01	8.775605090814531106e-02	-8.396545098549663966e-02	6.187288874657658616e-02	-5.153322021876436537e-02	6.025592023444339973e-02	-3.574099844243619484e-02	3.151518646680529639e-02	-3.139964521176287493e-02	3.994285604320869931e-02	-6.032309741501210715e-02	3.492870121313885329e-02	-2.687914904044269582e-02	2.813689011444422960e-02	-4.642834195784849988e-02	2.999786162444889950e-02	-3.151900253567407190e-02	1.076079750632515444e-02	-1.079356072978565964e-02
1.051432952178239233e-01	-8.506483667613633226e-02	1.039273659947230616e-01	-9.541147911641216506e-02	1.044909997515998251e-01	-8.817943077848781896e-02	1.328829783569729639e-01	-2.584112083548957828e-01	1.709038146015763038e-01	-1.517662473867912865e-01	7.850039159666741262e-02	-8.590443946241474449e-02	9.999999999999998890e-01	-8.891805741608201918e-01	1.711874308772956266e-01	-1.178668496878451377e-01	7.986509528534804780e-02	-1.234812057132949614e-01	1.754255475026653965e-01	-1.718920620254651976e-01	5.603450022766491567e-02	-7.076421952418181227e-02	6.463071499855677082e-02	-6.288337286223093237e-02	6.940025660499339610e-02	-5.481678487495510871e-02	9.434105767817173305e-02	-7.176045313193001041e-02	5.488916132548784382e-02	-6.223900872203751156e-02	6.342502040263882368e-02	-5.207824377205340360e-02	5.442723526450862770e-02	-2.229982065596199103e-02	2.215107200441076424e-02
-1.059431424962963691e-01	8.316841409127941065e-02	-1.056792297102071426e-01	9.666331643697345655e-02	-1.106791263314713530e-01	8.365100981740505870e-02	-1.308439904809593213e-01	1.928385946490004665e-01	-1.845811740852443261e-01	1.521677364923749720e-01	-7.471975419483457836e-02	7.330524891974837809e-02	-8.891805741608201918e-01	1.000000000000000000e+00	-2.204413934417216725e-01	1.095498913453952367e-01	-7.686732299380089062e-02	1.166939151340371933e-01	-2.179984056735020936e-01	1.655651078636012630e-01	-5.322552365593970908e-02	6.675484487274005452e-02	-6.364639110666019117e-02	6.158143209643977822e-02	-6.828706773597682800e-02	5.228520447631111040e-02	-9.140918282646982862e-02	6.881002979359106264e-02	-5.345109048768404564e-02	5.996277478978878639e-02	-6.105719645220124281e-02	4.999131668140620322e-02	-5.269018840247442076e-02	2.155087877686433923e-02	-2.148872548415681205e-02
1.182019488276236791e-01	-1.072867715297542435e-01	1.330039321192120760e-01	-1.918044489876461756e-01	2.156850044627189322e-01	-9.559903729373596393e-02	1.303859473756655007e-01	-1.975615175364884568e-01	2.509208846963569828e-01	-7.522652408188299500e-01	4.409045443685367938e-02	-4.428406361591654544e-02	1.711874308772956266e-01	-2.204413934417216725e-01	1.000000000000000666e+00	-1.223348988991941194e-01	8.067213394061524545e-02	-1.189235843368031398e-01	1.785644492082501256e-01	-4.048288413090231908e-01	6.306046750370944420e-02	-7.858258834454329156e-02	9.075504887704244350e-02	-8.954312279843554268e-02	1.200543144161700937e-01	-6.754414853339762992e-02	1.266714316697209741e-01	-1.075693941354673305e-01	8.528375488830888806e-02	-1.019402540194837559e-01	8.044498890055748475e-02	-7.233457517423882988e-02	7.683795102040234803e-02	-3.451890352732585321e-02	3.438068498972700338e-02
-1.188883018498877592e-01	8.357334542102097530e-02	-1.149085999936449859e-01	8.477055198839959782e-02	-1.050139631935367301e-01	8.328371366910954088e-02	-1.178210836230341868e-01	1.212417337466373396e-01	-1.548809879323765903e-01	1.011345969455699351e-01	-1.236147767975629974e-01	1.108242575671973956e-01	-1.178668496878451377e-01	1.095498913453952367e-01	-1.223348988991941194e-01	1.000000000000000888e+00	-5.760075155063228980e-01	3.067572035122077545e-01	-3.922075786053618729e-01	1.984209765240053935e-01	-3.867900580696643220e-01	2.913675010194463066e-01	-1.537719191478371106e-01	1.262342746962285545e-01	-1.215664251896225179e-01	2.119937010422851265e-01	-3.043399219692300428e-01	1.363215601663646248e-01	-1.083668213234863786e-01	1.056288419529202716e-01	-2.595164584559753740e-01	1.384359526408504015e-01	-1.475817732002020488e-01	4.253525120183911101e-02	-4.325970358091400791e-02
7.488801360410277108e-02	-5.339407758419417033e-02	7.197159388784622747e-02	-5.445604833045270682e-02	6.671778010146731108e-02	-5.456364252603906201e-02	7.552714477132289883e-02	-8.028876092263384501e-02	9.816293689146325663e-02	-6.751931801807069256e-02	1.037363655792895162e-01	-1.133626970467407902e-01	7.986509528534804780e-02	-7.686732299380089062e-02	8.067213394061524545e-02	-5.760075155063228980e-01	1.000000000000001332e+00	-6.366757397755249404e-01	2.651163485850900337e-01	-1.443056428644371447e-01	2.272718249611748176e-01	-3.451791976541561113e-01	1.221866527357503424e-01	-1.025608570906211547e-01	8.729979922504915724e-02	-1.455132995179352906e-01	1.814392560905964125e-01	-9.975459881401944895e-02	7.664609017776009836e-02	-7.756105503612498175e-02	1.589706975553713819e-01	-9.041393342178738468e-02	9.380808873209305065e-02	-2.998277059971311831e-02	3.019414239129217248e-02
-1.060599637889187430e-01	7.573834613563766582e-02	-1.035972964981324435e-01	7.884286051273006746e-02	-9.727894162873994277e-02	7.484173140046500305e-02	-1.063498055180592539e-01	1.140505990842663325e-01	-1.432901890630394193e-01	9.777746635186905511e-02	-9.111675117988007888e-02	8.775605090814531106e-02	-1.234812057132949614e-01	1.166939151340371933e-01	-1.189235843368031398e-01	3.067572035122077545e-01	-6.366757397755249404e-01	1.000000000000001110e+00	-5.363430717775040657e-01	2.060962087185854719e-01	-1.852729517311854091e-01	2.137512242022438225e-01	-1.934181485038758697e-01	1.469854192449688013e-01	-1.265630463808510298e-01	1.432386806888558961e-01	-2.339072336603212621e-01	1.361434730753699196e-01	-1.082457379762272187e-01	1.086180960658486572e-01	-1.752017238116563014e-01	1.130713173042560693e-01	-1.225734884955644033e-01	4.158098541181279306e-02	-4.213859359705705854e-02
1.289675820489945002e-01	-9.732129372548950497e-02	1.284564844183945787e-01	-1.080453997001002003e-01	1.290657135561424362e-01	-9.579569754827249595e-02	1.329307672219187664e-01	-1.646018730651488404e-01	1.872415683439615230e-01	-1.534621865854926270e-01	8.214199120845518121e-02	-8.396545098549663966e-02	1.754255475026653965e-01	-2.179984056735020936e-01	1.785644492082501256e-01	-3.922075786053618729e-01	2.651163485850900337e-01	-5.363430717775040657e-01	1.000000000000000444e+00	-4.460429931850520280e-01	1.725464785872800610e-01	-2.258346661815389123e-01	1.939643981595707278e-01	-2.070009330152833837e-01	1.826640725390128173e-01	-1.536973085587161614e-01	2.331515788610052375e-01	-1.890134027954133711e-01	1.445627949657601885e-01	-1.635938233298157019e-01	1.713779422054751145e-01	-1.337523633967291348e-01	1.382949889483017225e-01	-5.761562907067636907e-02	5.716063747833420583e-02
-1.808682969651822514e-01	1.356652590164756089e-01	-1.891939512582645477e-01	1.674136914665101117e-01	-2.199174445957936541e-01	1.253518216558461573e-01	-1.828209420355896841e-01	2.001833438666537901e-01	-3.075061585867290281e-01	2.396411103711981738e-01	-6.286810099142654817e-02	6.187288874657658616e-02	-1.718920620254651976e-01	1.655651078636012630e-01	-4.048288413090231908e-01	1.984209765240053935e-01	-1.443056428644371447e-01	2.060962087185854719e-01	-4.460429931850520280e-01	1.000000000000000222e+00	-1.120445832549602921e-01	1.364908682435016229e-01	-2.066215607321057190e-01	1.918194797318897027e-01	-3.686228596669884894e-01	1.229640155890540654e-01	-2.464813433087532923e-01	2.038454708140695903e-01	-1.952738546093716332e-01	2.129061245339243513e-01	-1.531923764765469875e-01	1.361095992880642647e-01	-1.561653793581285199e-01	7.266008403620809186e-02	-7.558134718024665799e-02
5.927976863447970146e-02	-4.212940101105089319e-02	5.765409654437558123e-02	-4.324403912745244244e-02	5.331996875405611847e-02	-4.178000937435868978e-02	5.861638988412565948e-02	-6.165466239820113076e-02	7.817917191821373291e-02	-5.279982799367661378e-02	5.243850035458182818e-02	-5.153322021876436537e-02	5.603450022766491567e-02	-5.322552365593970908e-02	6.306046750370944420e-02	-3.867900580696643220e-01	2.272718249611748176e-01	-1.852729517311854091e-01	1.725464785872800610e-01	-1.120445832549602921e-01	1.000000000000001554e+00	-7.518656386385277335e-01	1.035526608633673268e-01	-8.648300071447048709e-02	7.383386842609267198e-02	-4.012735169163815230e-01	2.074203912711497233e-01	-9.137192560902614169e-02	6.840031824048194153e-02	-6.690506067865448214e-02	2.508754071632455229e-01	-1.085126709580274545e-01	1.028315698881274443e-01	-2.695624527497228473e-02	2.714602745647447940e-02
-7.394368413177851429e-02	5.242593704209690120e-02	-7.200896247965969665e-02	5.386467281637833532e-02	-6.659510073177690725e-02	5.178463060327346407e-02	-7.306014368938439085e-02	7.645213998178498893e-02	-9.774971314499399100e-02	6.539470413286893602e-02	-6.253222486423799797e-02	6.025592023444339973e-02	-7.076421952418181227e-02	6.675484487274005452e-02	-7.858258834454329156e-02	2.913675010194463066e-01	-3.451791976541561113e-01	2.137512242022438225e-01	-2.258346661815389123e-01	1.364908682435016229e-01	-7.518656386385277335e-01	1.000000000000001554e+00	-1.424640375362844213e-01	1.081735479065536187e-01	-9.252929609727725269e-02	2.565279436193930174e-01	-2.639535745994262550e-01	1.107406243113140121e-01	-8.492863117215299074e-02	8.205286799707206535e-02	-2.945530990425397899e-01	1.250778011199751572e-01	-1.254614179721333656e-01	3.306256627902813550e-02	-3.346295788447743724e-02
6.800532671356222802e-02	-4.985134966878668195e-02	6.822770790111044870e-02	-5.539242411173608827e-02	6.876081319759071164e-02	-4.788112530199659100e-02	6.779197199697661880e-02	-7.471619300238056816e-02	9.887566147724924370e-02	-7.413959916192457145e-02	3.596302371306107221e-02	-3.574099844243619484e-02	6.463071499855677082e-02	-6.364639110666019117e-02	9.075504887704244350e-02	-1.537719191478371106e-01	1.221866527357503424e-01	-1.934181485038758697e-01	1.939643981595707278e-01	-2.066215607321057190e-01	1.035526608633673268e-01	-1.424640375362844213e-01	1.000000000000002220e+00	-7.892128302836979303e-01	2.579793202389385476e-01	-9.606671952255457780e-02	1.466802666133042998e-01	-3.582945025654825089e-01	2.245675196625385450e-01	-2.452314476848275748e-01	1.116527366438838376e-01	-1.267697850984957353e-01	1.348549264594974539e-01	-7.649396467050303960e-02	7.487294995552154497e-02
-6.524188082997223193e-02	4.776875637841949962e-02	-6.574565989530771482e-02	5.345204335775731452e-02	-6.702035933392931633e-02	4.561197536034836131e-02	-6.506270179314574409e-02	7.117416827901840159e-02	-9.644349780310067233e-02	7.071548139663563770e-02	-3.191976832384012946e-02	3.151518646680529639e-02	-6.288337286223093237e-02	6.158143209643977822e-02	-8.954312279843554268e-02	1.262342746962285545e-01	-1.025608570906211547e-01	1.469854192449688013e-01	-2.070009330152833837e-01	1.918194797318897027e-01	-8.648300071447048709e-02	1.081735479065536187e-01	-7.892128302836979303e-01	1.000000000000002220e+00	-4.098345713722696959e-01	8.109908945950256021e-02	-1.331436492412145234e-01	2.421558695304834308e-01	-2.510093332250856735e-01	2.322445656918271928e-01	-9.776381330459003871e-02	1.028863292924447892e-01	-1.161389766817935293e-01	7.270117405642430308e-02	-7.466394442415648369e-02
7.528639004608891905e-02	-5.595190920059379958e-02	7.687971291882479685e-02	-6.539037982656888126e-02	8.212189821391085998e-02	-5.278127863499898487e-02	7.534238431331535812e-02	-8.367069081702543931e-02	1.162325714104921193e-01	-9.334567263095985834e-02	3.167063911486744238e-02	-3.139964521176287493e-02	6.940025660499339610e-02	-6.828706773597682800e-02	1.200543144161700937e-01	-1.215664251896225179e-01	8.729979922504915724e-02	-1.265630463808510298e-01	1.826640725390128173e-01	-3.686228596669884894e-01	7.383386842609267198e-02	-9.252929609727725269e-02	2.579793202389385476e-01	-4.098345713722696959e-01	1.000000000000003331e+00	-8.092895482422372833e-02	1.394604531797950797e-01	-3.070718952864533446e-01	2.761166507677629833e-01	-6.663107438835734753e-01	9.748309319954007179e-02	-1.218707858822675044e-01	1.301302526423064321e-01	-1.099154603089791543e-01	1.071053809973645521e-01
-6.366616163537135165e-02	4.531081212781289808e-02	-6.234737527967354476e-02	4.677942937892559661e-02	-5.770652603327960234e-02	4.427372380676106861e-02	-6.225836187351573014e-02	6.557672096209643531e-02	-8.428017465584440593e-02	5.702332070279068216e-02	-4.071516138285390801e-02	3.994285604320869931e-02	-5.481678487495510871e-02	5.228520447631111040e-02	-6.754414853339762992e-02	2.119937010422851265e-01	-1.455132995179352906e-01	1.432386806888558961e-01	-1.536973085587161614e-01	1.229640155890540654e-01	-4.012735169163815230e-01	2.565279436193930174e-01	-9.606671952255457780e-02	8.109908945950256021e-02	-8.092895482422372833e-02	1.000000000000002887e+00	-3.803204916623913467e-01	1.091691092274431896e-01	-8.062955690079871840e-02	7.465403302689914422e-02	-7.449929360530341826e-01	1.842573528242061609e-01	-1.671612582726282326e-01	3.269056586091403926e-02	-3.300819326279892663e-02
1.207351907813050962e-01	-8.627835081416528051e-02	1.183798270474104714e-01	-8.885956310968509686e-02	1.087632923243138511e-01	-8.390819688088226036e-02	1.168616173395655433e-01	-1.247686424402327382e-01	1.579610415642791477e-01	-1.095845607727430476e-01	6.013787646238424878e-02	-6.032309741501210715e-02	9.434105767817173305e-02	-9.140918282646982862e-02	1.266714316697209741e-01	-3.043399219692300428e-01	1.814392560905964125e-01	-2.339072336603212621e-01	2.331515788610052375e-01	-2.464813433087532923e-01	2.074203912711497233e-01	-2.639535745994262550e-01	1.466802666133042998e-01	-1.331436492412145234e-01	1.394604531797950797e-01	-3.803204916623913467e-01	1.000000000000003775e+00	-1.964867729881374647e-01	1.352838868435880249e-01	-1.352080067712682354e-01	2.841570781942868718e-01	-3.057638760476836803e-01	2.233627383545360168e-01	-5.635984702835045157e-02	5.576439829696494543e-02
-8.496694313285130251e-02	6.136695185698465282e-02	-8.550171327182068404e-02	6.760308785525795394e-02	-8.557011172334488824e-02	5.822308887038082914e-02	-8.358618472137065158e-02	8.827117525991468039e-02	-1.236338824941922293e-01	8.510893908025975174e-02	-3.543176985867979578e-02	3.492870121313885329e-02	-7.176045313193001041e-02	6.881002979359106264e-02	-1.075693941354673305e-01	1.363215601663646248e-01	-9.975459881401944895e-02	1.361434730753699196e-01	-1.890134027954133711e-01	2.038454708140695903e-01	-9.137192560902614169e-02	1.107406243113140121e-01	-3.582945025654825089e-01	2.421558695304834308e-01	-3.070718952864533446e-01	1.091691092274431896e-01	-1.964867729881374647e-01	1.000000000000002887e+00	-6.638338644615502382e-01	2.770020757406207457e-01	-1.396604504940144043e-01	2.028116847159741054e-01	-3.204876940005949026e-01	1.232361679428574108e-01	-1.309550413507548638e-01
6.247307646297271810e-02	-4.575615107010368166e-02	6.309294568290282901e-02	-5.142575525145624826e-02	6.442094427985972649e-02	-4.348298216342558198e-02	6.193687204718226202e-02	-6.741560728421645832e-02	9.231831824953130872e-02	-6.865668738068347876e-02	2.711469974645946274e-02	-2.687914904044269582e-02	5.488916132548784382e-02	-5.345109048768404564e-02	8.528375488830888806e-02	-1.083668213234863786e-01	7.664609017776009836e-02	-1.082457379762272187e-01	1.445627949657601885e-01	-1.952738546093716332e-01	6.840031824048194153e-02	-8.492863117215299074e-02	2.245675196625385450e-01	-2.510093332250856735e-01	2.761166507677629833e-01	-8.062955690079871840e-02	1.352838868435880249e-01	-6.638338644615502382e-01	1.000000000000003109e+00	-5.409565165297780531e-01	9.790065124317724743e-02	-1.538230943443728016e-01	1.688755162658429065e-01	-1.765175285910148550e-01	1.512867985892423495e-01
-7.068319821459435881e-02	5.172900649819591606e-02	-7.188714032859296055e-02	5.889071962643315644e-02	-7.496697685610752282e-02	4.877550348850740597e-02	-7.017618665857826288e-02	7.538811007119090857e-02	-1.073995579290624169e-01	7.739718315035302998e-02	-2.852078201207093947e-02	2.813689011444422960e-02	-6.223900872203751156e-02	5.996277478978878639e-02	-1.019402540194837559e-01	1.056288419529202716e-01	-7.756105503612498175e-02	1.086180960658486572e-01	-1.635938233298157019e-01	2.129061245339243513e-01	-6.690506067865448214e-02	8.205286799707206535e-02	-2.452314476848275748e-01	2.322445656918271928e-01	-6.663107438835734753e-01	7.465403302689914422e-02	-1.352080067712682354e-01	2.770020757406207457e-01	-5.409565165297780531e-01	1.000000000000002887e+00	-9.280371871047565779e-02	1.117292864308118694e-01	-1.327945200295417849e-01	1.414828544956056866e-01	-1.641567194472486890e-01
7.476862276352630454e-02	-5.349980857597150946e-02	7.330922059225362941e-02	-5.547534646046173995e-02	6.815051957543183381e-02	-5.230174445916140058e-02	7.314444901254861520e-02	-7.798973326642934245e-02	9.925846562298791531e-02	-6.853767136037114405e-02	4.655818983200378514e-02	-4.642834195784849988e-02	6.342502040263882368e-02	-6.105719645220124281e-02	8.044498890055748475e-02	-2.595164584559753740e-01	1.589706975553713819e-01	-1.752017238116563014e-01	1.713779422054751145e-01	-1.531923764765469875e-01	2.508754071632455229e-01	-2.945530990425397899e-01	1.116527366438838376e-01	-9.776381330459003871e-02	9.748309319954007179e-02	-7.449929360530341826e-01	2.841570781942868718e-01	-1.396604504940144043e-01	9.790065124317724743e-02	-9.280371871047565779e-02	1.000000000000002665e+00	-2.993426286316688278e-01	1.989619684277361411e-01	-4.029372955176671600e-02	4.021072191669304574e-02
-6.388483229244587558e-02	4.577113870220922420e-02	-6.339494357043296002e-02	4.862685748851274664e-02	-6.060816601019726468e-02	4.399002949331008716e-02	-6.234245898858772200e-02	6.579547202047252019e-02	-8.797466787289734413e-02	6.010047902232101141e-02	-3.023901937590329700e-02	2.999786162444889950e-02	-5.207824377205340360e-02	4.999131668140620322e-02	-7.233457517423882988e-02	1.384359526408504015e-01	-9.041393342178738468e-02	1.130713173042560693e-01	-1.337523633967291348e-01	1.361095992880642647e-01	-1.085126709580274545e-01	1.250778011199751572e-01	-1.267697850984957353e-01	1.028863292924447892e-01	-1.218707858822675044e-01	1.842573528242061609e-01	-3.057638760476836803e-01	2.028116847159741054e-01	-1.538230943443728016e-01	1.117292864308118694e-01	-2.993426286316688278e-01	1.000000000000002665e+00	-8.224022464824063405e-01	6.343414645645968630e-02	-6.548070091368793366e-02
6.606023795708659829e-02	-4.765707122913612898e-02	6.560059656345033907e-02	-5.096681271442911332e-02	6.309595641640544650e-02	-4.589230258421983510e-02	6.465102063284093592e-02	-6.937927565052864898e-02	9.125287749173838225e-02	-6.467456129939404275e-02	3.162036671716499103e-02	-3.151900253567407190e-02	5.442723526450862770e-02	-5.269018840247442076e-02	7.683795102040234803e-02	-1.475817732002020488e-01	9.380808873209305065e-02	-1.225734884955644033e-01	1.382949889483017225e-01	-1.561653793581285199e-01	1.028315698881274443e-01	-1.254614179721333656e-01	1.348549264594974539e-01	-1.161389766817935293e-01	1.301302526423064321e-01	-1.671612582726282326e-01	2.233627383545360168e-01	-3.204876940005949026e-01	1.688755162658429065e-01	-1.327945200295417849e-01	1.989619684277361411e-01	-8.224022464824063405e-01	1.000000000000002220e+00	-7.656267508059887150e-02	7.304973279754994886e-02
-2.603970877446895593e-02	1.895455328194771416e-02	-2.627151091356098866e-02	2.114053413697597472e-02	-2.662262762597775168e-02	1.798274983474608402e-02	-2.571283988841523149e-02	2.759272135437135232e-02	-3.827273115103832501e-02	2.752937637658137149e-02	-1.087907702235697827e-02	1.076079750632515444e-02	-2.229982065596199103e-02	2.155087877686433923e-02	-3.451890352732585321e-02	4.253525120183911101e-02	-2.998277059971311831e-02	4.158098541181279306e-02	-5.761562907067636907e-02	7.266008403620809186e-02	-2.695624527497228473e-02	3.306256627902813550e-02	-7.649396467050303960e-02	7.270117405642430308e-02	-1.099154603089791543e-01	3.269056586091403926e-02	-5.635984702835045157e-02	1.232361679428574108e-01	-1.765175285910148550e-01	1.414828544956056866e-01	-4.029372955176671600e-02	6.343414645645968630e-02	-7.656267508059887150e-02	1.000000000000002220e+00	-9.620119477760630256e-01
2.567942473383294510e-02	-1.874532775010788466e-02	2.590987889268597799e-02	-2.096355758380993861e-02	2.630992877016886944e-02	-1.780324103474426045e-02	2.539252109995485118e-02	-2.744236091166968317e-02	3.776315127704851782e-02	-2.764314898522936270e-02	1.089498120698660991e-02	-1.079356072978565964e-02	2.215107200441076424e-02	-2.148872548415681205e-02	3.438068498972700338e-02	-4.325970358091400791e-02	3.019414239129217248e-02	-4.213859359705705854e-02	5.716063747833420583e-02	-7.558134718024665799e-02	2.714602745647447940e-02	-3.346295788447743724e-02	7.487294995552154497e-02	-7.466394442415648369e-02	1.071053809973645521e-01	-3.300819326279892663e-02	5.576439829696494543e-02	-1.309550413507548638e-01	1.512867985892423495e-01	-1.641567194472486890e-01	4.021072191669304574e-02	-6.548070091368793366e-02	7.304973279754994886e-02	-9.620119477760630256e-01	1.000000000000002220e+00
