1.000000000000000000e+00	-3.672407904160342462e-01	1.742100487367771733e-01	-1.130649654848274177e-01	1.130804780827174560e-01	-8.626958002728968289e-01	2.455656715231427922e-01	-1.915973768106147557e-01	1.107442343724946709e-01	-1.019754533572596461e-01	9.596926986774143020e-02	-1.107008908938909852e-01	9.192353872990939589e-02	-7.503547836348833933e-02	7.059379088760464604e-02	-8.952005837260039456e-02	1.078859764188911802e-01	-7.720620816369987149e-02	6.491404314190336866e-02	-7.249665184629308645e-02	6.711044728123442826e-02	-6.685041755220043347e-02	7.855878230556759267e-02	-5.814158165585871230e-02	6.696723658880700258e-02	-4.369441190861550472e-02	5.133297551061127145e-02	-5.359348870205310478e-02	6.390022611965959221e-02	-3.055269898330318853e-02	5.584299128611636132e-02	-5.036048771736439250e-02	4.863605500111507079e-02	-5.035473522045928740e-02	3.490819300612650611e-02
-3.672407904160342462e-01	1.000000000000000000e+00	-4.695646291377983395e-01	1.959534495315966296e-01	-1.969682182468925902e-01	2.620590960366961930e-01	-6.405844978460520922e-01	3.021564892333855057e-01	-1.915943236663230076e-01	1.521963153997059337e-01	-1.513452335772220714e-01	1.765989218924103321e-01	-1.282230150733684182e-01	1.032523580242438593e-01	-9.845583324290936578e-02	1.218184976131582997e-01	-1.763203484374456786e-01	1.024190919856993731e-01	-8.576837373475326709e-02	9.306354126392600568e-02	-8.367706005275708792e-02	8.571585298222426930e-02	-9.778532448276124056e-02	7.194707188056242986e-02	-8.135224315083779134e-02	5.370829083647354896e-02	-6.358819056274092607e-02	6.504311650418659330e-02	-7.599479834593185490e-02	3.622108448243018669e-02	-6.723322723549798874e-02	6.106601506751675734e-02	-5.776608932217865144e-02	5.971059619736483054e-02	-4.105282325687772266e-02
1.742100487367771733e-01	-4.695646291377983395e-01	1.000000000000000222e+00	-4.784295917574065138e-01	2.480757942145319639e-01	-1.872822332880421659e-01	2.767905017185980365e-01	-5.816271279882380130e-01	2.626750429888897731e-01	-2.296607822141609745e-01	9.516358428229254596e-02	-1.152370328754631357e-01	1.515612976171324122e-01	-1.340326256518371006e-01	1.196306790039867590e-01	-8.813156309135826427e-02	1.119354991145949246e-01	-1.278311467025732562e-01	1.017039957666936167e-01	-1.144164592139191999e-01	7.526553479024541971e-02	-7.869715775877071662e-02	9.926922874693601406e-02	-7.933070523078872283e-02	8.667689843526889260e-02	-4.974991882457523162e-02	5.915677328061225149e-02	-6.705962695927326911e-02	7.788830704882124256e-02	-3.809775302775821049e-02	6.257075307005567633e-02	-5.845551471739135474e-02	5.867430816111010583e-02	-6.222009237514869451e-02	4.272551438746769598e-02
-1.130649654848274177e-01	1.959534495315966296e-01	-4.784295917574065138e-01	1.000000000000000000e+00	-5.700154179525940279e-01	1.139879815334925300e-01	-1.669436922023483927e-01	2.640412177596268006e-01	-5.424921897189074471e-01	3.080686305972994421e-01	-6.496297460996935946e-02	7.475705258865993075e-02	-1.192720170982013161e-01	1.463404116118519893e-01	-1.384677720185236438e-01	6.096931252881755692e-02	-7.746267103066099835e-02	9.707811461668543196e-02	-9.849958060409097493e-02	1.066154828492772988e-01	-5.989958920133992004e-02	6.142136585978492241e-02	-8.167289659785814671e-02	6.982653884205210215e-02	-7.761776086117094797e-02	3.952091521000257457e-02	-4.722683888784470763e-02	5.504804669165242609e-02	-6.583808284426763413e-02	3.276837899071661370e-02	-5.029382851967850038e-02	4.646210783211731504e-02	-4.859421414918065063e-02	5.123581317419192288e-02	-3.687826197279571450e-02
1.130804780827174560e-01	-1.969682182468925902e-01	2.480757942145319639e-01	-5.700154179525940279e-01	1.000000000000000444e+00	-1.260100928780185370e-01	1.546235066144295012e-01	-2.650402039595961545e-01	3.254214704902563815e-01	-6.551335208551120060e-01	6.634570669510449215e-02	-7.667425422825913106e-02	1.250372537228443270e-01	-1.627559054454510157e-01	1.523085618629469451e-01	-6.533603228439027744e-02	7.925513323298759294e-02	-1.082845076703862069e-01	1.078106819385666881e-01	-1.284390506558637512e-01	6.734910634259265449e-02	-6.900099621209350442e-02	9.166986142094325773e-02	-7.958666550501507231e-02	8.744170865616048005e-02	-4.480716761814054067e-02	5.343833349006762296e-02	-6.289456564820535001e-02	7.515480348873253280e-02	-3.758099434511254222e-02	5.724553186025047036e-02	-5.319263047996656418e-02	5.575283440854306161e-02	-5.936661593507405743e-02	4.221407328193752667e-02
-8.626958002728968289e-01	2.620590960366961930e-01	-1.872822332880421659e-01	1.139879815334925300e-01	-1.260100928780185370e-01	9.999999999999997780e-01	-3.295021280976608846e-01	1.849871446391282981e-01	-1.193213904080400317e-01	1.029957107276388284e-01	-1.160501517073610073e-01	1.252514491018429654e-01	-9.843996670714015573e-02	7.760937774241864762e-02	-7.512103702105481229e-02	9.855370774587558780e-02	-1.300409619627866109e-01	7.967970285068495806e-02	-6.836574999766603655e-02	7.431029820423575016e-02	-7.451748452250434029e-02	7.304332337808153164e-02	-8.541622702407837553e-02	6.163697976421611546e-02	-7.209714918235392289e-02	4.780246411960727831e-02	-5.628935630032976672e-02	5.738221191756886358e-02	-6.890330829905287613e-02	3.261773265928315929e-02	-6.136291932605542759e-02	5.426374560846312922e-02	-5.226794527334319845e-02	5.322966868912735322e-02	-3.745862627881552109e-02
2.455656715231427922e-01	-6.405844978460520922e-01	2.767905017185980365e-01	-1.669436922023483927e-01	1.546235066144295012e-01	-3.295021280976608846e-01	9.999999999999997780e-01	-4.807691186139387285e-01	1.679397053367180093e-01	-1.426234210006641079e-01	1.675421993881015537e-01	-2.931881876352106508e-01	1.344913248495235858e-01	-1.012009849399808509e-01	9.264256569712980838e-02	-1.450353105603157666e-01	1.907268673335433540e-01	-1.117046366781092870e-01	8.514807518855209423e-02	-9.399987421660883913e-02	8.507197632045299107e-02	-9.063433177258127527e-02	9.869815795690395355e-02	-7.218325782503574872e-02	7.988756267978842918e-02	-5.513061861008839576e-02	6.494162550003941548e-02	-6.611284228773428584e-02	7.556898732111423655e-02	-3.598127546424841755e-02	6.768609279202343620e-02	-6.295936552238658168e-02	5.793517296537752104e-02	-6.058342469257300272e-02	4.051580983609646275e-02
-1.915973768106147557e-01	3.021564892333855057e-01	-5.816271279882380130e-01	2.640412177596268006e-01	-2.650402039595961545e-01	1.849871446391282981e-01	-4.807691186139387285e-01	1.000000000000000222e+00	-3.558674204322379020e-01	2.176272573613619588e-01	-1.271633793477667529e-01	1.498905447662498280e-01	-2.494010084925084858e-01	1.517340586036888817e-01	-1.414602590425100559e-01	1.092125268454371273e-01	-1.506261886608066258e-01	1.621399267016108148e-01	-1.238604398189760425e-01	1.304102585047057505e-01	-9.191331388130317970e-02	9.607032930412867655e-02	-1.238359635829590494e-01	9.450425327583389379e-02	-1.042277771428082589e-01	6.003994531007571245e-02	-7.175080033040429073e-02	8.070399446811690747e-02	-9.361220760997744639e-02	4.519193390871651533e-02	-7.526770045581671065e-02	6.970536604878027620e-02	-7.022793759323675555e-02	7.335183717941423653e-02	-5.080160322954797164e-02
1.107442343724946709e-01	-1.915943236663230076e-01	2.626750429888897731e-01	-5.424921897189074471e-01	3.254214704902563815e-01	-1.193213904080400317e-01	1.679397053367180093e-01	-3.558674204322379020e-01	1.000000000000000666e+00	-5.971972962884044556e-01	6.792984151365455414e-02	-7.924550782439465646e-02	1.427629684484705563e-01	-2.562289957718619782e-01	1.886365193296199172e-01	-6.563826968455652167e-02	8.150094096608129224e-02	-1.207338484943149132e-01	1.300204517654567071e-01	-1.426269182101644606e-01	6.803582949892184040e-02	-7.067101085629066970e-02	9.588597267835606563e-02	-8.692907745558506316e-02	9.395851402912361316e-02	-4.522295321426458847e-02	5.417176094526367919e-02	-6.500281574932342821e-02	7.753894176735803834e-02	-3.908506077408684110e-02	5.736741620870789565e-02	-5.357862384561942748e-02	5.683925606913928230e-02	-6.052937439917044360e-02	4.369626019696589564e-02
-1.019754533572596461e-01	1.521963153997059337e-01	-2.296607822141609745e-01	3.080686305972994421e-01	-6.551335208551120060e-01	1.029957107276388284e-01	-1.426234210006641079e-01	2.176272573613619588e-01	-5.971972962884044556e-01	1.000000000000000666e+00	-6.255307681419890187e-02	7.036393226237198928e-02	-1.299576169663198555e-01	1.888434771565169201e-01	-2.209326962607902900e-01	6.035115209294560079e-02	-7.553480360852156406e-02	1.064946232898497241e-01	-1.228033471333541959e-01	1.370843626123293968e-01	-6.659355333626683360e-02	6.755162857522303832e-02	-9.312857202263437328e-02	8.335776193930936884e-02	-9.365993921510290532e-02	4.397857972681926825e-02	-5.272514817868076409e-02	6.290445928123132580e-02	-7.665396023105708334e-02	3.862906608854165674e-02	-5.641083774811470747e-02	5.181582635963905697e-02	-5.583495229843178642e-02	5.871770218205148856e-02	-4.357676950568406538e-02
9.596926986774143020e-02	-1.513452335772220714e-01	9.516358428229254596e-02	-6.496297460996935946e-02	6.634570669510449215e-02	-1.160501517073610073e-01	1.675421993881015537e-01	-1.271633793477667529e-01	6.792984151365455414e-02	-6.255307681419890187e-02	1.000000000000001554e+00	-5.767468538758301344e-01	8.356716463626312486e-02	-5.843831760362550726e-02	5.408436323360583248e-02	-7.077966333647437436e-01	3.232977895982006578e-01	-7.378566492875894556e-02	5.689051388571645523e-02	-6.202053208314824845e-02	1.130964704107811358e-01	-1.161150498805798154e-01	9.321220449427489174e-02	-5.842562800053507227e-02	6.467122911622472103e-02	-7.034142692411243791e-02	7.693724040810731579e-02	-6.295324065569654626e-02	6.809993747492427973e-02	-3.086997977109051661e-02	7.807332097791296055e-02	-7.408182398402848867e-02	5.466133687270074287e-02	-5.662924839418654460e-02	3.465427076205267881e-02
-1.107008908938909852e-01	1.765989218924103321e-01	-1.152370328754631357e-01	7.475705258865993075e-02	-7.667425422825913106e-02	1.252514491018429654e-01	-2.931881876352106508e-01	1.498905447662498280e-01	-7.924550782439465646e-02	7.036393226237198928e-02	-5.767468538758301344e-01	1.000000000000001998e+00	-1.005434262949507912e-01	6.492823846424959633e-02	-6.025582446214960974e-02	3.185620167925319324e-01	-6.520818350191359691e-01	8.461710327990580593e-02	-6.326040225713987220e-02	6.773965763023237496e-02	-1.185673183911330891e-01	1.317437837837995840e-01	-1.058967789099940354e-01	6.337857064518748196e-02	-7.008225987451277561e-02	7.196837019336392582e-02	-8.535455734345373524e-02	6.790372967723329323e-02	-7.330533933908051081e-02	3.290015976341677945e-02	-8.314045239977126134e-02	7.670485199652821162e-02	-5.847935042823905472e-02	5.958480819978616283e-02	-3.694765669245925893e-02
9.192353872990939589e-02	-1.282230150733684182e-01	1.515612976171324122e-01	-1.192720170982013161e-01	1.250372537228443270e-01	-9.843996670714015573e-02	1.344913248495235858e-01	-2.494010084925084858e-01	1.427629684484705563e-01	-1.299576169663198555e-01	8.356716463626312486e-02	-1.005434262949507912e-01	1.000000000000003109e+00	-2.634765512064955462e-01	1.924391903356379163e-01	-9.168129459764765010e-02	1.085745881384829609e-01	-7.698554484832531575e-01	2.517315972972766769e-01	-2.702433153028761526e-01	1.280473564946872922e-01	-1.562796459260964721e-01	2.317790674742739032e-01	-1.797985379634882697e-01	1.704936155979085433e-01	-8.920701892814053569e-02	1.082808187620058621e-01	-1.504741105125925738e-01	1.530597761134410428e-01	-7.481865236680199094e-02	1.077137115898183645e-01	-1.097708252772763432e-01	1.162796230929311336e-01	-1.284347703912057936e-01	8.080315610941067594e-02
-7.503547836348833933e-02	1.032523580242438593e-01	-1.340326256518371006e-01	1.463404116118519893e-01	-1.627559054454510157e-01	7.760937774241864762e-02	-1.012009849399808509e-01	1.517340586036888817e-01	-2.562289957718619782e-01	1.888434771565169201e-01	-5.843831760362550726e-02	6.492823846424959633e-02	-2.634765512064955462e-01	9.999999999999971134e-01	-7.232889715916954732e-01	6.194575939483559779e-02	-7.451840914443789987e-02	2.044097073405328480e-01	-4.264373263762453181e-01	3.111241049767982103e-01	-9.331689968163177362e-02	9.876911603647152427e-02	-1.554509139032139720e-01	1.737499443797566323e-01	-1.879516777818503737e-01	6.253434466992041640e-02	-7.643626951697266025e-02	1.026703063414735745e-01	-1.279701516524393567e-01	6.756487141205556879e-02	-7.914121187793901613e-02	7.496702654476022909e-02	-8.766113457934344988e-02	9.382742073371247438e-02	-7.489814829821529740e-02
7.059379088760464604e-02	-9.845583324290936578e-02	1.196306790039867590e-01	-1.384677720185236438e-01	1.523085618629469451e-01	-7.512103702105481229e-02	9.264256569712980838e-02	-1.414602590425100559e-01	1.886365193296199172e-01	-2.209326962607902900e-01	5.408436323360583248e-02	-6.025582446214960974e-02	1.924391903356379163e-01	-7.232889715916954732e-01	9.999999999999993339e-01	-5.822936863661581225e-02	6.866590073312918430e-02	-1.823969120291051849e-01	2.871172320896762109e-01	-5.162817315303747101e-01	8.600197437238220333e-02	-9.163891782828298416e-02	1.373458268229489909e-01	-1.577608315116242887e-01	1.587010420436741343e-01	-5.826139276952564672e-02	7.075616892771785515e-02	-9.456700369599631284e-02	1.150393873304984133e-01	-6.110093603080957170e-02	7.371558731910045348e-02	-7.060417555632339526e-02	8.080742787731008681e-02	-8.838129907953716502e-02	6.702722465627297677e-02
-8.952005837260039456e-02	1.218184976131582997e-01	-8.813156309135826427e-02	6.096931252881755692e-02	-6.533603228439027744e-02	9.855370774587558780e-02	-1.450353105603157666e-01	1.092125268454371273e-01	-6.563826968455652167e-02	6.035115209294560079e-02	-7.077966333647437436e-01	3.185620167925319324e-01	-9.168129459764765010e-02	6.194575939483559779e-02	-5.822936863661581225e-02	9.999999999999997780e-01	-5.680928965637831451e-01	8.092823391322361004e-02	-6.363691855762830529e-02	6.768528045514203562e-02	-1.690765682919035950e-01	1.526476914042199373e-01	-1.191773559403394994e-01	6.906094800654064003e-02	-7.732597258642658067e-02	9.437337015140806473e-02	-1.041144529861091905e-01	7.781291834211588598e-02	-8.380577488586299362e-02	3.699213673792162843e-02	-1.060286356744647163e-01	9.472842848727784648e-02	-6.771945188047936992e-02	6.839226459873634645e-02	-4.166918588430011672e-02
1.078859764188911802e-01	-1.763203484374456786e-01	1.119354991145949246e-01	-7.746267103066099835e-02	7.925513323298759294e-02	-1.300409619627866109e-01	1.907268673335433540e-01	-1.506261886608066258e-01	8.150094096608129224e-02	-7.553480360852156406e-02	3.232977895982006578e-01	-6.520818350191359691e-01	1.085745881384829609e-01	-7.451840914443789987e-02	6.866590073312918430e-02	-5.680928965637831451e-01	1.000000000000001776e+00	-1.007839468945363609e-01	7.477536980384337506e-02	-8.077774555076136509e-02	1.562565269483506269e-01	-2.205773099222076150e-01	1.353015819660698116e-01	-7.930350787866552453e-02	8.596707215520399403e-02	-9.846098173696524181e-02	1.147586457036385704e-01	-8.874663725011532056e-02	9.233341791884243366e-02	-4.127468454179768209e-02	1.078857254069315597e-01	-1.058829823015478705e-01	7.478528429522665610e-02	-7.725333537234965742e-02	4.604879546319318867e-02
-7.720620816369987149e-02	1.024190919856993731e-01	-1.278311467025732562e-01	9.707811461668543196e-02	-1.082845076703862069e-01	7.967970285068495806e-02	-1.117046366781092870e-01	1.621399267016108148e-01	-1.207338484943149132e-01	1.064946232898497241e-01	-7.378566492875894556e-02	8.461710327990580593e-02	-7.698554484832531575e-01	2.044097073405328480e-01	-1.823969120291051849e-01	8.092823391322361004e-02	-1.007839468945363609e-01	1.000000000000002665e+00	-3.566067003740167607e-01	2.313428247819329653e-01	-1.289911183270436579e-01	1.537183468536536812e-01	-3.332464482990812327e-01	1.832255240685861930e-01	-1.800209763413758157e-01	8.632697939726778624e-02	-1.078619801160237424e-01	1.518923638147950672e-01	-1.584775666284760354e-01	7.322465891073715039e-02	-1.042971332969303416e-01	1.030585303778661227e-01	-1.172442131501983120e-01	1.212034915791387335e-01	-7.977770468790480740e-02
6.491404314190336866e-02	-8.576837373475326709e-02	1.017039957666936167e-01	-9.849958060409097493e-02	1.078106819385666881e-01	-6.836574999766603655e-02	8.514807518855209423e-02	-1.238604398189760425e-01	1.300204517654567071e-01	-1.228033471333541959e-01	5.689051388571645523e-02	-6.326040225713987220e-02	2.517315972972766769e-01	-4.264373263762453181e-01	2.871172320896762109e-01	-6.363691855762830529e-02	7.477536980384337506e-02	-3.566067003740167607e-01	1.000000000000001332e+00	-6.468922393825958794e-01	1.049415410028129853e-01	-1.184154138078007817e-01	1.925622066428784862e-01	-3.577196782876125858e-01	2.400880402710501571e-01	-7.170361590109387839e-02	8.824415573215546593e-02	-1.294164263604620224e-01	1.569617254447152332e-01	-8.436745282323684925e-02	8.894024829927994757e-02	-8.742298904081498290e-02	1.039124359268474435e-01	-1.157018686683392583e-01	8.945875975311314010e-02
-7.249665184629308645e-02	9.306354126392600568e-02	-1.144164592139191999e-01	1.066154828492772988e-01	-1.284390506558637512e-01	7.431029820423575016e-02	-9.399987421660883913e-02	1.304102585047057505e-01	-1.426269182101644606e-01	1.370843626123293968e-01	-6.202053208314824845e-02	6.773965763023237496e-02	-2.702433153028761526e-01	3.111241049767982103e-01	-5.162817315303747101e-01	6.768528045514203562e-02	-8.077774555076136509e-02	2.313428247819329653e-01	-6.468922393825958794e-01	1.000000000000001554e+00	-1.139696756097571262e-01	1.192528630492676045e-01	-1.954851137905585234e-01	2.327263442016952733e-01	-2.699811959458234267e-01	7.607499430110888083e-02	-9.359124002135177367e-02	1.286117441909235271e-01	-1.666321404962042840e-01	9.040824374333693292e-02	-9.670133316937139234e-02	9.096401407256830829e-02	-1.104712541577974466e-01	1.173896059723221891e-01	-1.009437412459833205e-01
6.711044728123442826e-02	-8.367706005275708792e-02	7.526553479024541971e-02	-5.989958920133992004e-02	6.734910634259265449e-02	-7.451748452250434029e-02	8.507197632045299107e-02	-9.191331388130317970e-02	6.803582949892184040e-02	-6.659355333626683360e-02	1.130964704107811358e-01	-1.185673183911330891e-01	1.280473564946872922e-01	-9.331689968163177362e-02	8.600197437238220333e-02	-1.690765682919035950e-01	1.562565269483506269e-01	-1.289911183270436579e-01	1.049415410028129853e-01	-1.139696756097571262e-01	1.000000000000000222e+00	-5.581819856514598222e-01	2.422281208492453874e-01	-1.370950527929922502e-01	1.414090151179266397e-01	-5.584967866602503772e-01	2.980156608367882654e-01	-1.824885507300554877e-01	1.693378672547647401e-01	-7.404059781695271347e-02	2.904171159732475416e-01	-3.114668973689873610e-01	1.465190745289138008e-01	-1.572411780070707976e-01	8.086552865741157559e-02
-6.685041755220043347e-02	8.571585298222426930e-02	-7.869715775877071662e-02	6.142136585978492241e-02	-6.900099621209350442e-02	7.304332337808153164e-02	-9.063433177258127527e-02	9.607032930412867655e-02	-7.067101085629066970e-02	6.755162857522303832e-02	-1.161150498805798154e-01	1.317437837837995840e-01	-1.562796459260964721e-01	9.876911603647152427e-02	-9.163891782828298416e-02	1.526476914042199373e-01	-2.205773099222076150e-01	1.537183468536536812e-01	-1.184154138078007817e-01	1.192528630492676045e-01	-5.581819856514598222e-01	9.999999999999995559e-01	-4.695953499293025746e-01	1.559579691946462177e-01	-1.629053893208544934e-01	2.693421975927326462e-01	-4.429873150402987569e-01	2.095505213744975059e-01	-1.957000809018115961e-01	7.850780161245841937e-02	-2.785584827881943948e-01	2.612074291309168239e-01	-1.640490928405795301e-01	1.571553251356480052e-01	-8.643770748003086479e-02
7.855878230556759267e-02	-9.778532448276124056e-02	9.926922874693601406e-02	-8.167289659785814671e-02	9.166986142094325773e-02	-8.541622702407837553e-02	9.869815795690395355e-02	-1.238359635829590494e-01	9.588597267835606563e-02	-9.312857202263437328e-02	9.321220449427489174e-02	-1.058967789099940354e-01	2.317790674742739032e-01	-1.554509139032139720e-01	1.373458268229489909e-01	-1.191773559403394994e-01	1.353015819660698116e-01	-3.332464482990812327e-01	1.925622066428784862e-01	-1.954851137905585234e-01	2.422281208492453874e-01	-4.695953499293025746e-01	1.000000000000000222e+00	-3.125493824284192312e-01	2.361627553670561652e-01	-1.743937543002997970e-01	2.204152516131661910e-01	-4.517576627788397747e-01	2.764512772207495250e-01	-1.165593009130321406e-01	1.898771922302814052e-01	-2.129874844778723852e-01	2.250821282368622167e-01	-2.405529794161976043e-01	1.214188078118221548e-01
-5.814158165585871230e-02	7.194707188056242986e-02	-7.933070523078872283e-02	6.982653884205210215e-02	-7.958666550501507231e-02	6.163697976421611546e-02	-7.218325782503574872e-02	9.450425327583389379e-02	-8.692907745558506316e-02	8.335776193930936884e-02	-5.842562800053507227e-02	6.337857064518748196e-02	-1.797985379634882697e-01	1.737499443797566323e-01	-1.577608315116242887e-01	6.906094800654064003e-02	-7.930350787866552453e-02	1.832255240685861930e-01	-3.577196782876125858e-01	2.327263442016952733e-01	-1.370950527929922502e-01	1.559579691946462177e-01	-3.125493824284192312e-01	1.000000000000000444e+00	-7.342784572756342332e-01	9.380217956309881699e-02	-1.186420971172875288e-01	1.990134641616206068e-01	-3.140142852662579642e-01	1.575949595037026973e-01	-1.152855722614668649e-01	1.153458462278932201e-01	-1.544341719511406197e-01	1.764276943139936882e-01	-1.642874968133505031e-01
6.696723658880700258e-02	-8.135224315083779134e-02	8.667689843526889260e-02	-7.761776086117094797e-02	8.744170865616048005e-02	-7.209714918235392289e-02	7.988756267978842918e-02	-1.042277771428082589e-01	9.395851402912361316e-02	-9.365993921510290532e-02	6.467122911622472103e-02	-7.008225987451277561e-02	1.704936155979085433e-01	-1.879516777818503737e-01	1.587010420436741343e-01	-7.732597258642658067e-02	8.596707215520399403e-02	-1.800209763413758157e-01	2.400880402710501571e-01	-2.699811959458234267e-01	1.414090151179266397e-01	-1.629053893208544934e-01	2.361627553670561652e-01	-7.342784572756342332e-01	1.000000000000000000e+00	-1.007373039002766452e-01	1.232783980047607586e-01	-1.973683631246087589e-01	2.425654808985971689e-01	-2.471576732989846370e-01	1.246129773437193583e-01	-1.287292203889673359e-01	1.584774983865663844e-01	-2.004746916972521553e-01	1.926925256640142636e-01
-4.369441190861550472e-02	5.370829083647354896e-02	-4.974991882457523162e-02	3.952091521000257457e-02	-4.480716761814054067e-02	4.780246411960727831e-02	-5.513061861008839576e-02	6.003994531007571245e-02	-4.522295321426458847e-02	4.397857972681926825e-02	-7.034142692411243791e-02	7.196837019336392582e-02	-8.920701892814053569e-02	6.253434466992041640e-02	-5.826139276952564672e-02	9.437337015140806473e-02	-9.846098173696524181e-02	8.632697939726778624e-02	-7.170361590109387839e-02	7.607499430110888083e-02	-5.584967866602503772e-01	2.693421975927326462e-01	-1.743937543002997970e-01	9.380217956309881699e-02	-1.007373039002766452e-01	1.000000000000001776e+00	-4.646261150935209749e-01	1.367657266566560947e-01	-1.291681699830367624e-01	5.267325072893053184e-02	-5.937159879984698074e-01	3.067432735331889759e-01	-1.154316676196748687e-01	1.137313179251061568e-01	-5.820246271631135393e-02
5.133297551061127145e-02	-6.358819056274092607e-02	5.915677328061225149e-02	-4.722683888784470763e-02	5.343833349006762296e-02	-5.628935630032976672e-02	6.494162550003941548e-02	-7.175080033040429073e-02	5.417176094526367919e-02	-5.272514817868076409e-02	7.693724040810731579e-02	-8.535455734345373524e-02	1.082808187620058621e-01	-7.643626951697266025e-02	7.075616892771785515e-02	-1.041144529861091905e-01	1.147586457036385704e-01	-1.078619801160237424e-01	8.824415573215546593e-02	-9.359124002135177367e-02	2.980156608367882654e-01	-4.429873150402987569e-01	2.204152516131661910e-01	-1.186420971172875288e-01	1.232783980047607586e-01	-4.646261150935209749e-01	1.000000000000001998e+00	-2.175887085070940807e-01	1.684387292907515432e-01	-6.637777885575624204e-02	3.166225291982349144e-01	-6.279099067679466684e-01	1.559324021592853882e-01	-1.517090084087474866e-01	7.244539630955756926e-02
-5.359348870205310478e-02	6.504311650418659330e-02	-6.705962695927326911e-02	5.504804669165242609e-02	-6.289456564820535001e-02	5.738221191756886358e-02	-6.611284228773428584e-02	8.070399446811690747e-02	-6.500281574932342821e-02	6.290445928123132580e-02	-6.295324065569654626e-02	6.790372967723329323e-02	-1.504741105125925738e-01	1.026703063414735745e-01	-9.456700369599631284e-02	7.781291834211588598e-02	-8.874663725011532056e-02	1.518923638147950672e-01	-1.294164263604620224e-01	1.286117441909235271e-01	-1.824885507300554877e-01	2.095505213744975059e-01	-4.517576627788397747e-01	1.990134641616206068e-01	-1.973683631246087589e-01	1.367657266566560947e-01	-2.175887085070940807e-01	1.000000000000002442e+00	-5.853473001569369227e-01	1.240700866551530529e-01	-1.600545429611892057e-01	1.771330087355799943e-01	-4.996671507151783098e-01	3.069083383737666315e-01	-1.328163760623286005e-01
6.390022611965959221e-02	-7.599479834593185490e-02	7.788830704882124256e-02	-6.583808284426763413e-02	7.515480348873253280e-02	-6.890330829905287613e-02	7.556898732111423655e-02	-9.361220760997744639e-02	7.753894176735803834e-02	-7.665396023105708334e-02	6.809993747492427973e-02	-7.330533933908051081e-02	1.530597761134410428e-01	-1.279701516524393567e-01	1.150393873304984133e-01	-8.380577488586299362e-02	9.233341791884243366e-02	-1.584775666284760354e-01	1.569617254447152332e-01	-1.666321404962042840e-01	1.693378672547647401e-01	-1.957000809018115961e-01	2.764512772207495250e-01	-3.140142852662579642e-01	2.425654808985971689e-01	-1.291681699830367624e-01	1.684387292907515432e-01	-5.853473001569369227e-01	1.000000000000001554e+00	-2.126120337250186898e-01	1.549739789978796245e-01	-1.749205141760116489e-01	3.037443095011185812e-01	-4.760150632936791526e-01	1.828121976601078114e-01
-3.055269898330318853e-02	3.622108448243018669e-02	-3.809775302775821049e-02	3.276837899071661370e-02	-3.758099434511254222e-02	3.261773265928315929e-02	-3.598127546424841755e-02	4.519193390871651533e-02	-3.908506077408684110e-02	3.862906608854165674e-02	-3.086997977109051661e-02	3.290015976341677945e-02	-7.481865236680199094e-02	6.756487141205556879e-02	-6.110093603080957170e-02	3.699213673792162843e-02	-4.127468454179768209e-02	7.322465891073715039e-02	-8.436745282323684925e-02	9.040824374333693292e-02	-7.404059781695271347e-02	7.850780161245841937e-02	-1.165593009130321406e-01	1.575949595037026973e-01	-2.471576732989846370e-01	5.267325072893053184e-02	-6.637777885575624204e-02	1.240700866551530529e-01	-2.126120337250186898e-01	1.000000000000001554e+00	-6.668323801208336787e-02	6.790643739784346655e-02	-1.143206633459816629e-01	1.464045771136212037e-01	-9.134951743201923380e-01
5.584299128611636132e-02	-6.723322723549798874e-02	6.257075307005567633e-02	-5.029382851967850038e-02	5.724553186025047036e-02	-6.136291932605542759e-02	6.768609279202343620e-02	-7.526770045581671065e-02	5.736741620870789565e-02	-5.641083774811470747e-02	7.807332097791296055e-02	-8.314045239977126134e-02	1.077137115898183645e-01	-7.914121187793901613e-02	7.371558731910045348e-02	-1.060286356744647163e-01	1.078857254069315597e-01	-1.042971332969303416e-01	8.894024829927994757e-02	-9.670133316937139234e-02	2.904171159732475416e-01	-2.785584827881943948e-01	1.898771922302814052e-01	-1.152855722614668649e-01	1.246129773437193583e-01	-5.937159879984698074e-01	3.166225291982349144e-01	-1.600545429611892057e-01	1.549739789978796245e-01	-6.668323801208336787e-02	1.000000000000001776e+00	-5.928815669676346101e-01	1.443213388226555483e-01	-1.505727318163052053e-01	7.366895879849798268e-02
-5.036048771736439250e-02	6.106601506751675734e-02	-5.845551471739135474e-02	4.646210783211731504e-02	-5.319263047996656418e-02	5.426374560846312922e-02	-6.295936552238658168e-02	6.970536604878027620e-02	-5.357862384561942748e-02	5.181582635963905697e-02	-7.408182398402848867e-02	7.670485199652821162e-02	-1.097708252772763432e-01	7.496702654476022909e-02	-7.060417555632339526e-02	9.472842848727784648e-02	-1.058829823015478705e-01	1.030585303778661227e-01	-8.742298904081498290e-02	9.096401407256830829e-02	-3.114668973689873610e-01	2.612074291309168239e-01	-2.129874844778723852e-01	1.153458462278932201e-01	-1.287292203889673359e-01	3.067432735331889759e-01	-6.279099067679466684e-01	1.771330087355799943e-01	-1.749205141760116489e-01	6.790643739784346655e-02	-5.928815669676346101e-01	1.000000000000001776e+00	-1.842989734552820114e-01	1.542543863596839426e-01	-7.615751973066714475e-02
4.863605500111507079e-02	-5.776608932217865144e-02	5.867430816111010583e-02	-4.859421414918065063e-02	5.575283440854306161e-02	-5.226794527334319845e-02	5.793517296537752104e-02	-7.022793759323675555e-02	5.683925606913928230e-02	-5.583495229843178642e-02	5.466133687270074287e-02	-5.847935042823905472e-02	1.162796230929311336e-01	-8.766113457934344988e-02	8.080742787731008681e-02	-6.771945188047936992e-02	7.478528429522665610e-02	-1.172442131501983120e-01	1.039124359268474435e-01	-1.104712541577974466e-01	1.465190745289138008e-01	-1.640490928405795301e-01	2.250821282368622167e-01	-1.544341719511406197e-01	1.584774983865663844e-01	-1.154316676196748687e-01	1.559324021592853882e-01	-4.996671507151783098e-01	3.037443095011185812e-01	-1.143206633459816629e-01	1.443213388226555483e-01	-1.842989734552820114e-01	1.000000000000001998e+00	-7.371656648452297178e-01	1.220590327303371775e-01
-5.035473522045928740e-02	5.971059619736483054e-02	-6.222009237514869451e-02	5.123581317419192288e-02	-5.936661593507405743e-02	5.322966868912735322e-02	-6.058342469257300272e-02	7.335183717941423653e-02	-6.052937439917044360e-02	5.871770218205148856e-02	-5.662924839418654460e-02	5.958480819978616283e-02	-1.284347703912057936e-01	9.382742073371247438e-02	-8.838129907953716502e-02	6.839226459873634645e-02	-7.725333537234965742e-02	1.212034915791387335e-01	-1.157018686683392583e-01	1.173896059723221891e-01	-1.572411780070707976e-01	1.571553251356480052e-01	-2.405529794161976043e-01	1.764276943139936882e-01	-2.004746916972521553e-01	1.137313179251061568e-01	-1.517090084087474866e-01	3.069083383737666315e-01	-4.760150632936791526e-01	1.464045771136212037e-01	-1.505727318163052053e-01	1.542543863596839426e-01	-7.371656648452297178e-01	1.000000000000001998e+00	-1.785693683825236022e-01
3.490819300612650611e-02	-4.105282325687772266e-02	4.272551438746769598e-02	-3.687826197279571450e-02	4.221407328193752667e-02	-3.745862627881552109e-02	4.051580983609646275e-02	-5.080160322954797164e-02	4.369626019696589564e-02	-4.357676950568406538e-02	3.465427076205267881e-02	-3.694765669245925893e-02	8.080315610941067594e-02	-7.489814829821529740e-02	6.702722465627297677e-02	-4.166918588430011672e-02	4.604879546319318867e-02	-7.977770468790480740e-02	8.945875975311314010e-02	-1.009437412459833205e-01	8.086552865741157559e-02	-8.643770748003086479e-02	1.214188078118221548e-01	-1.642874968133505031e-01	1.926925256640142636e-01	-5.820246271631135393e-02	7.244539630955756926e-02	-1.328163760623286005e-01	1.828121976601078114e-01	-9.134951743201923380e-01	7.366895879849798268e-02	-7.615751973066714475e-02	1.220590327303371775e-01	-1.785693683825236022e-01	1.000000000000001998e+00
