1.000000000000000000e+00	-7.359238340014429003e-01	2.858744824882072932e-01	-2.058204392494247525e-01	1.261941783373875803e-01	-3.636535267279187855e-01	2.529798025285597274e-01	-3.748510726852933850e-01	1.612888910453127156e-01	-1.380917971468619554e-01	1.313915791523180554e-01	-1.246227105772264449e-01	1.191203092197608976e-01	-9.470324603284634157e-02	9.501791407125187439e-02	-7.118054839958357083e-02	6.464408550614610116e-02	-9.255427888063351427e-02	8.023202698385561993e-02	-7.961466653988541475e-02	5.687375309845023319e-02	-5.806324201169704019e-02	6.730086505187338197e-02	-7.315798762614857120e-02	5.844064558409651361e-02	-4.586830063114930717e-02	5.387944047991754387e-02	-6.711722162039986117e-02	5.570446030350166555e-02	-5.006997443845505325e-02	6.565578579665341807e-02	-5.572627338793514906e-02	5.184672094854602536e-02	-4.134093500676028904e-02	5.586850622767977614e-02
-7.359238340014429003e-01	1.000000000000000000e+00	-4.912683096327568610e-01	1.777343491616366900e-01	-1.173923043302026459e-01	2.266927090119392751e-01	-2.845262722740416472e-01	2.725621813457157483e-01	-1.449539796984123108e-01	1.120532240148857800e-01	-1.162244486885286032e-01	1.072796359494180007e-01	-1.024626393573305760e-01	7.891129523250592359e-02	-8.110838634814919457e-02	5.825966751287147555e-02	-5.398961726830932978e-02	7.535020117433602338e-02	-6.693029427458238589e-02	6.470694388201826686e-02	-4.617802526207760716e-02	4.694699172734601023e-02	-5.489112152807318346e-02	5.890021563142835981e-02	-4.767214706768407168e-02	3.696565817319762137e-02	-4.363066047403274528e-02	5.390243401011274305e-02	-4.517170652988905521e-02	4.040378535001466070e-02	-5.302079843880520144e-02	4.474046801436180193e-02	-4.192438288450182904e-02	3.338537435463932029e-02	-4.532102212319577550e-02
2.858744824882072932e-01	-4.912683096327568610e-01	1.000000000000000222e+00	-4.268999496044134645e-01	1.953239701725992816e-01	-1.567585893841232925e-01	1.629419582141760359e-01	-6.298101927239901920e-01	2.545577786037639401e-01	-1.978602670348285908e-01	9.964083793387144838e-02	-9.283258702937668971e-02	1.106575891823026181e-01	-1.119747866878654102e-01	1.093669486708392091e-01	-5.982897911870673630e-02	5.553332941116260330e-02	-8.579208876020515129e-02	8.659390112321303790e-02	-8.222450646485902903e-02	5.136502144009830878e-02	-5.221365937109715555e-02	6.258181059277552472e-02	-7.149987035217227060e-02	5.799354660870480183e-02	-4.144514333039451409e-02	4.894691455428617360e-02	-6.145535323491829738e-02	5.238421195803396463e-02	-4.762272512920472795e-02	5.962424189032580757e-02	-5.085216507007677550e-02	4.784135343187956996e-02	-3.852026074696378311e-02	5.266419280718560858e-02
-2.058204392494247525e-01	1.777343491616366900e-01	-4.268999496044134645e-01	1.000000000000000444e+00	-5.035823366676206447e-01	1.019149270302855126e-01	-1.131606903496088501e-01	2.957943936180856825e-01	-5.992194408429052377e-01	3.054547598304618861e-01	-8.853605880606374434e-02	7.850383281917797107e-02	-1.146156447448364035e-01	1.537430715672106485e-01	-1.530736548254351126e-01	5.703298748948847086e-02	-5.432171374566034661e-02	8.915610289269434996e-02	-1.121732127105420224e-01	9.694429638409597649e-02	-5.154457645082164557e-02	5.234999281974542923e-02	-6.548695726262973582e-02	7.873015513445956459e-02	-6.564244882054492969e-02	4.149681212819424092e-02	-4.949374443999823153e-02	6.263652807726842464e-02	-5.520556345866486914e-02	5.084620167106254640e-02	-5.978909682687951616e-02	5.147415964034438712e-02	-4.911896586672487991e-02	4.007484505333043512e-02	-5.564576639218064835e-02
1.261941783373875803e-01	-1.173923043302026459e-01	1.953239701725992816e-01	-5.035823366676206447e-01	1.000000000000000444e+00	-7.264362535177086577e-02	7.724805227251574369e-02	-2.475689486073004153e-01	3.048952827852764447e-01	-7.656538835121100561e-01	6.477743464998644840e-02	-5.809540914626695751e-02	8.453051654855776864e-02	-1.132979524193470366e-01	1.067857251964498128e-01	-4.374183855430351098e-02	4.125232731960696425e-02	-6.845984631479615223e-02	8.060141213800900428e-02	-7.445206325437078720e-02	3.995011549625999969e-02	-4.064030000723092145e-02	5.031562894789620016e-02	-6.125968829699604545e-02	5.009372917033884376e-02	-3.232951353857223264e-02	3.840277723585225345e-02	-4.883403019466206474e-02	4.263913524829501117e-02	-3.943158585419900136e-02	4.655127817193194240e-02	-4.019942294228509572e-02	3.811538007611377232e-02	-3.109187998852465731e-02	4.295553503181280541e-02
-3.636535267279187855e-01	2.266927090119392751e-01	-1.567585893841232925e-01	1.019149270302855126e-01	-7.264362535177086577e-02	1.000000000000000444e+00	-8.201068535519442371e-01	1.765722825175730648e-01	-9.370216972101876041e-02	7.411080876936541884e-02	-2.688620331443172251e-01	2.165185472017498169e-01	-1.564695842113516533e-01	8.095733845622642144e-02	-8.384167277448652256e-02	9.593870776833564318e-02	-8.857429246608489182e-02	1.057771847418862848e-01	-7.640864013322326564e-02	7.506287434826584837e-02	-6.250399901515872603e-02	6.514008734161004510e-02	-7.376047807961100267e-02	7.219763247114754923e-02	-5.757501568318859619e-02	4.936223971320956305e-02	-5.878594681525994847e-02	7.192979552873597637e-02	-5.728468475045177949e-02	5.059992382531516841e-02	-6.875942993549483129e-02	5.867839516609341111e-02	-5.402593166589446383e-02	4.266134141696396875e-02	-5.700229450153390665e-02
2.529798025285597274e-01	-2.845262722740416472e-01	1.629419582141760359e-01	-1.131606903496088501e-01	7.724805227251574369e-02	-8.201068535519442371e-01	1.000000000000000666e+00	-2.168729560197100725e-01	1.015836152376544121e-01	-8.154396278721451341e-02	2.215524853752478263e-01	-2.970604857470946492e-01	1.557243493695593117e-01	-8.535366125779174362e-02	8.587666802003224298e-02	-9.724642675024761096e-02	8.708979188080828715e-02	-1.116946849024390703e-01	7.909757633489379602e-02	-7.870935129429573740e-02	6.308626426486038663e-02	-6.672095153394597133e-02	7.551805657413523942e-02	-7.546091828684491076e-02	5.941448880889425160e-02	-5.041607440172665017e-02	5.985648597122742581e-02	-7.481999943360372052e-02	5.858884810953352007e-02	-5.227796323918932481e-02	6.967245528663743026e-02	-6.043960636713423262e-02	5.511053558673768837e-02	-4.376742676470050941e-02	5.820221070329556490e-02
-3.748510726852933850e-01	2.725621813457157483e-01	-6.298101927239901920e-01	2.957943936180856825e-01	-2.475689486073004153e-01	1.765722825175730648e-01	-2.168729560197100725e-01	1.000000000000000222e+00	-4.340689918150744675e-01	2.173107272139411517e-01	-1.377110426337306848e-01	1.214153705393770238e-01	-1.625064334840560232e-01	1.546604542428591245e-01	-1.626377072032379467e-01	7.998027584151204405e-02	-7.580127254412186155e-02	1.162688861805952351e-01	-1.235885784177142982e-01	1.121620236591007042e-01	-7.044006924189946672e-02	7.069240329559045577e-02	-8.593316135381275089e-02	9.657638233117274429e-02	-8.029495574292870586e-02	5.637320011468553715e-02	-6.680234230618140034e-02	8.279921692220086615e-02	-7.217159886795633528e-02	6.498282189637466510e-02	-8.193872026515799933e-02	6.887280135426193661e-02	-6.568761010858159555e-02	5.273421621209065102e-02	-7.270869254793738135e-02
1.612888910453127156e-01	-1.449539796984123108e-01	2.545577786037639401e-01	-5.992194408429052377e-01	3.048952827852764447e-01	-9.370216972101876041e-02	1.015836152376544121e-01	-4.340689918150744675e-01	1.000000000000000222e+00	-4.980026384266593720e-01	8.873745406947217140e-02	-8.058920655064366612e-02	1.246273784907060006e-01	-2.512773916990769241e-01	1.748667383741242531e-01	-6.141760886362429561e-02	5.832963171006276537e-02	-1.016773876621493433e-01	1.336963898614363100e-01	-1.160571182929984457e-01	5.534337752926470066e-02	-5.700893761528320197e-02	7.231024723473698790e-02	-9.105083813884101707e-02	7.436474261377191974e-02	-4.476518102822179407e-02	5.363645237004816685e-02	-6.920471926643453897e-02	6.040662535343784695e-02	-5.670222420233121674e-02	6.380268362987710773e-02	-5.604585709833440066e-02	5.316666878270821101e-02	-4.382481218377640153e-02	6.078056469553411167e-02
-1.380917971468619554e-01	1.120532240148857800e-01	-1.978602670348285908e-01	3.054547598304618861e-01	-7.656538835121100561e-01	7.411080876936541884e-02	-8.154396278721451341e-02	2.173107272139411517e-01	-4.980026384266593720e-01	1.000000000000000666e+00	-7.154297062529202389e-02	6.297995023227878630e-02	-9.661103181883944069e-02	1.339739917970656502e-01	-1.344786669841162019e-01	4.779321684620117805e-02	-4.564899697451459126e-02	7.603371568365595301e-02	-9.722776800027793653e-02	8.468993474273238398e-02	-4.406676412992945741e-02	4.467461693128718658e-02	-5.615944041775885326e-02	6.829381214698358737e-02	-5.701763688705733385e-02	3.550853606934348955e-02	-4.235831289895544000e-02	5.367383511995414691e-02	-4.760488480597392658e-02	4.393889709443941222e-02	-5.127475098865334063e-02	4.415513847803959752e-02	-4.222755768553757005e-02	3.451093446709048440e-02	-4.802018903937016470e-02
1.313915791523180554e-01	-1.162244486885286032e-01	9.964083793387144838e-02	-8.853605880606374434e-02	6.477743464998644840e-02	-2.688620331443172251e-01	2.215524853752478263e-01	-1.377110426337306848e-01	8.873745406947217140e-02	-7.154297062529202389e-02	1.000000000000000666e+00	-7.405809350038553562e-01	2.824945406322593167e-01	-1.389806451350965866e-01	1.352171747123510626e-01	-3.141849501207508721e-01	2.137095344163958133e-01	-2.476081914433407860e-01	1.416551541565459760e-01	-1.457518259019491558e-01	1.278277449257282095e-01	-1.442274354824723825e-01	1.535984216916794209e-01	-1.460198268484896866e-01	1.109161280684499984e-01	-1.024882782934283532e-01	1.223968870248311469e-01	-1.565480847901415395e-01	1.124972989447922123e-01	-1.010794830813865341e-01	1.342306227809386687e-01	-1.219640538029918564e-01	1.069686292725808008e-01	-8.520826382668487964e-02	1.103255027294969270e-01
-1.246227105772264449e-01	1.072796359494180007e-01	-9.283258702937668971e-02	7.850383281917797107e-02	-5.809540914626695751e-02	2.165185472017498169e-01	-2.970604857470946492e-01	1.214153705393770238e-01	-8.058920655064366612e-02	6.297995023227878630e-02	-7.405809350038553562e-01	9.999999999999996669e-01	-4.481213657872935019e-01	1.285889636125522317e-01	-1.268970336325014325e-01	1.987916630185010691e-01	-1.977096695635818246e-01	2.105543520722144013e-01	-1.277947459402231367e-01	1.227213062183135084e-01	-1.075244539422928469e-01	1.174380848184374132e-01	-1.332354768393815281e-01	1.202790248384186106e-01	-9.409048450463868007e-02	8.385659795019205498e-02	-1.019201417007255667e-01	1.261651575889435606e-01	-9.399708458411573653e-02	8.316231660193483533e-02	-1.115684400883574096e-01	9.855807353988486896e-02	-8.880557465698327158e-02	7.025093008737154365e-02	-9.236098516640446621e-02
1.191203092197608976e-01	-1.024626393573305760e-01	1.106575891823026181e-01	-1.146156447448364035e-01	8.453051654855776864e-02	-1.564695842113516533e-01	1.557243493695593117e-01	-1.625064334840560232e-01	1.246273784907060006e-01	-9.661103181883944069e-02	2.824945406322593167e-01	-4.481213657872935019e-01	1.000000000000000666e+00	-2.931378924195313096e-01	2.245628969997811308e-01	-2.453295616761938247e-01	2.140586513889990439e-01	-5.453928016271567536e-01	2.454482172244205618e-01	-2.421352075099979240e-01	1.658459403811878285e-01	-1.909304674738222796e-01	2.394091660572731095e-01	-2.299712212185549276e-01	1.706847479426228664e-01	-1.372035416482925152e-01	1.661898896901975453e-01	-2.376523511048654058e-01	1.617392151482248408e-01	-1.490621920675113399e-01	1.784868836925687929e-01	-1.697280481145046760e-01	1.489146511243567561e-01	-1.213166987528477569e-01	1.569808935549443230e-01
-9.470324603284634157e-02	7.891129523250592359e-02	-1.119747866878654102e-01	1.537430715672106485e-01	-1.132979524193470366e-01	8.095733845622642144e-02	-8.535366125779174362e-02	1.546604542428591245e-01	-2.512773916990769241e-01	1.339739917970656502e-01	-1.389806451350965866e-01	1.285889636125522317e-01	-2.931378924195313096e-01	1.000000000000000888e+00	-6.682858449982624904e-01	1.122090021490806250e-01	-1.107578379604379076e-01	2.209187848429447210e-01	-5.122675463660280037e-01	2.943597540763324694e-01	-1.022892257503970892e-01	1.083444055063087219e-01	-1.501425196360378356e-01	2.045205491883194115e-01	-1.732356285124999618e-01	8.270399716027278247e-02	-1.014406984059295636e-01	1.355988776233580106e-01	-1.206784465011255941e-01	1.173263343725960278e-01	-1.146033713580203589e-01	1.054139236069666780e-01	-1.009560520696260177e-01	8.581138758489609275e-02	-1.213719313239458308e-01
9.501791407125187439e-02	-8.110838634814919457e-02	1.093669486708392091e-01	-1.530736548254351126e-01	1.067857251964498128e-01	-8.384167277448652256e-02	8.587666802003224298e-02	-1.626377072032379467e-01	1.748667383741242531e-01	-1.344786669841162019e-01	1.352171747123510626e-01	-1.268970336325014325e-01	2.245628969997811308e-01	-6.682858449982624904e-01	1.000000000000000444e+00	-1.223238421496334188e-01	1.151598344558648623e-01	-2.275737315393017435e-01	3.165191174411399189e-01	-5.094551399837788930e-01	1.148992552769333847e-01	-1.234083734427682960e-01	1.618264366513124108e-01	-2.613263781204845371e-01	2.078218668813889558e-01	-9.495083595916976871e-02	1.152372533575875130e-01	-1.584889009049427755e-01	1.393166058857660261e-01	-1.459202108035569934e-01	1.303828281700810388e-01	-1.243411532380616080e-01	1.160279363482127069e-01	-1.008374871456598348e-01	1.402475115481668921e-01
-7.118054839958357083e-02	5.825966751287147555e-02	-5.982897911870673630e-02	5.703298748948847086e-02	-4.374183855430351098e-02	9.593870776833564318e-02	-9.724642675024761096e-02	7.998027584151204405e-02	-6.141760886362429561e-02	4.779321684620117805e-02	-3.141849501207508721e-01	1.987916630185010691e-01	-2.453295616761938247e-01	1.122090021490806250e-01	-1.223238421496334188e-01	1.000000000000000444e+00	-8.252918023777121581e-01	2.339031357824581658e-01	-1.352944334336099452e-01	1.219015103263651756e-01	-1.864904931414018974e-01	2.004618091727961571e-01	-1.764867557420008726e-01	1.291425969470078039e-01	-1.046435933957324538e-01	1.247692452097228510e-01	-1.602110529998130584e-01	1.535138285234259325e-01	-1.150813139295216725e-01	9.536655517496424317e-02	-1.542454398149600558e-01	1.280312757909566890e-01	-1.146001862348701439e-01	8.625672463016911817e-02	-1.121214139115824932e-01
6.464408550614610116e-02	-5.398961726830932978e-02	5.553332941116260330e-02	-5.432171374566034661e-02	4.125232731960696425e-02	-8.857429246608489182e-02	8.708979188080828715e-02	-7.580127254412186155e-02	5.832963171006276537e-02	-4.564899697451459126e-02	2.137095344163958133e-01	-1.977096695635818246e-01	2.140586513889990439e-01	-1.107578379604379076e-01	1.151598344558648623e-01	-8.252918023777121581e-01	1.000000000000000888e+00	-3.217284456627412803e-01	1.351027892147670939e-01	-1.242420010649247647e-01	1.712029862413595449e-01	-2.651946595786091043e-01	1.802848653714703708e-01	-1.322030704463694195e-01	1.027497401980990294e-01	-1.240580045388046254e-01	1.590501939397516717e-01	-1.631553826358516368e-01	1.110704549437467881e-01	-9.390838015123351146e-02	1.422551960503148361e-01	-1.294706404594174465e-01	1.099324908988695004e-01	-8.425351947936265962e-02	1.068128502049221773e-01
-9.255427888063351427e-02	7.535020117433602338e-02	-8.579208876020515129e-02	8.915610289269434996e-02	-6.845984631479615223e-02	1.057771847418862848e-01	-1.116946849024390703e-01	1.162688861805952351e-01	-1.016773876621493433e-01	7.603371568365595301e-02	-2.476081914433407860e-01	2.105543520722144013e-01	-5.453928016271567536e-01	2.209187848429447210e-01	-2.275737315393017435e-01	2.339031357824581658e-01	-3.217284456627412803e-01	1.000000000000000666e+00	-3.750267518091115471e-01	2.318759867127848373e-01	-1.868591362753091178e-01	2.094233680151634247e-01	-4.456371147245576925e-01	2.316198901749433325e-01	-1.862689032585219673e-01	1.431707216756721579e-01	-1.876165753108892387e-01	2.512341622667477181e-01	-1.772516962616676739e-01	1.504944300544634739e-01	-1.883834940028741300e-01	1.684361206223779772e-01	-1.598669026687903894e-01	1.264560275975467607e-01	-1.681189098537811955e-01
8.023202698385561993e-02	-6.693029427458238589e-02	8.659390112321303790e-02	-1.121732127105420224e-01	8.060141213800900428e-02	-7.640864013322326564e-02	7.909757633489379602e-02	-1.235885784177142982e-01	1.336963898614363100e-01	-9.722776800027793653e-02	1.416551541565459760e-01	-1.277947459402231367e-01	2.454482172244205618e-01	-5.122675463660280037e-01	3.165191174411399189e-01	-1.352944334336099452e-01	1.351027892147670939e-01	-3.750267518091115471e-01	1.000000000000000888e+00	-5.627287390979220927e-01	1.219412445207413154e-01	-1.342731382043269861e-01	1.978196960706306295e-01	-3.649196865119741506e-01	2.433029839067979705e-01	-9.905330610192497609e-02	1.236705759382042413e-01	-1.740849177693881422e-01	1.515408948844645942e-01	-1.564053551950025933e-01	1.334013393102895517e-01	-1.278772289538849527e-01	1.221627950749766267e-01	-1.069019536056583924e-01	1.513986528647021657e-01
-7.961466653988541475e-02	6.470694388201826686e-02	-8.222450646485902903e-02	9.694429638409597649e-02	-7.445206325437078720e-02	7.506287434826584837e-02	-7.870935129429573740e-02	1.121620236591007042e-01	-1.160571182929984457e-01	8.468993474273238398e-02	-1.457518259019491558e-01	1.227213062183135084e-01	-2.421352075099979240e-01	2.943597540763324694e-01	-5.094551399837788930e-01	1.219015103263651756e-01	-1.242420010649247647e-01	2.318759867127848373e-01	-5.627287390979220927e-01	1.000000000000001776e+00	-1.278322396320219489e-01	1.319421489276554615e-01	-1.882898572073486709e-01	2.933322445754783514e-01	-4.300551812559589293e-01	1.031066513338278617e-01	-1.282761506887040159e-01	1.692147744306767843e-01	-1.861452413452832355e-01	1.940584929622665988e-01	-1.449550009957948637e-01	1.371688007392354858e-01	-1.392024429159868515e-01	1.258345477891915920e-01	-1.932813628890849844e-01
5.687375309845023319e-02	-4.617802526207760716e-02	5.136502144009830878e-02	-5.154457645082164557e-02	3.995011549625999969e-02	-6.250399901515872603e-02	6.308626426486038663e-02	-7.044006924189946672e-02	5.534337752926470066e-02	-4.406676412992945741e-02	1.278277449257282095e-01	-1.075244539422928469e-01	1.658459403811878285e-01	-1.022892257503970892e-01	1.148992552769333847e-01	-1.864904931414018974e-01	1.712029862413595449e-01	-1.868591362753091178e-01	1.219412445207413154e-01	-1.278322396320219489e-01	1.000000000000000666e+00	-5.590452799518850213e-01	2.169878332025285406e-01	-1.591914974307085673e-01	1.227262236789713329e-01	-5.882119816178441596e-01	3.044563027048752257e-01	-2.444127786842124339e-01	1.573349160237603461e-01	-1.286647280673802185e-01	2.970347812528067455e-01	-2.542399622331436571e-01	1.752729983829987570e-01	-1.283544225584360154e-01	1.510855302002713785e-01
-5.806324201169704019e-02	4.694699172734601023e-02	-5.221365937109715555e-02	5.234999281974542923e-02	-4.064030000723092145e-02	6.514008734161004510e-02	-6.672095153394597133e-02	7.069240329559045577e-02	-5.700893761528320197e-02	4.467461693128718658e-02	-1.442274354824723825e-01	1.174380848184374132e-01	-1.909304674738222796e-01	1.083444055063087219e-01	-1.234083734427682960e-01	2.004618091727961571e-01	-2.651946595786091043e-01	2.094233680151634247e-01	-1.342731382043269861e-01	1.319421489276554615e-01	-5.590452799518850213e-01	1.000000000000000888e+00	-3.528408701804521264e-01	1.665204899860961429e-01	-1.334773444617887717e-01	2.837549188430044111e-01	-5.427641112409358204e-01	2.702501890890421921e-01	-1.736773436359082268e-01	1.336774521426690177e-01	-2.761944281217810770e-01	2.421476786304792850e-01	-1.945040185634695495e-01	1.339992521722994656e-01	-1.626166265190416294e-01
6.730086505187338197e-02	-5.489112152807318346e-02	6.258181059277552472e-02	-6.548695726262973582e-02	5.031562894789620016e-02	-7.376047807961100267e-02	7.551805657413523942e-02	-8.593316135381275089e-02	7.231024723473698790e-02	-5.615944041775885326e-02	1.535984216916794209e-01	-1.332354768393815281e-01	2.394091660572731095e-01	-1.501425196360378356e-01	1.618264366513124108e-01	-1.764867557420008726e-01	1.802848653714703708e-01	-4.456371147245576925e-01	1.978196960706306295e-01	-1.882898572073486709e-01	2.169878332025285406e-01	-3.528408701804521264e-01	1.000000000000000888e+00	-3.169187134118975901e-01	1.938141939109188638e-01	-1.810028736249710279e-01	2.539587454198488081e-01	-6.236486570873902568e-01	2.130575103936198644e-01	-1.769037912476231766e-01	2.012004221425623129e-01	-2.154227924107411096e-01	1.882544801109192756e-01	-1.538513605106754389e-01	1.824200834638029789e-01
-7.315798762614857120e-02	5.890021563142835981e-02	-7.149987035217227060e-02	7.873015513445956459e-02	-6.125968829699604545e-02	7.219763247114754923e-02	-7.546091828684491076e-02	9.657638233117274429e-02	-9.105083813884101707e-02	6.829381214698358737e-02	-1.460198268484896866e-01	1.202790248384186106e-01	-2.299712212185549276e-01	2.045205491883194115e-01	-2.613263781204845371e-01	1.291425969470078039e-01	-1.322030704463694195e-01	2.316198901749433325e-01	-3.649196865119741506e-01	2.933322445754783514e-01	-1.591914974307085673e-01	1.665204899860961429e-01	-3.169187134118975901e-01	1.000000000000000888e+00	-6.547290878697454852e-01	1.275726539678113669e-01	-1.644681426770788768e-01	2.256382786901366400e-01	-2.676280495170433871e-01	2.629235568914973786e-01	-1.765925217842668760e-01	1.731997476981505246e-01	-1.824421721530624652e-01	1.707188996648827395e-01	-2.717949231437301050e-01
5.844064558409651361e-02	-4.767214706768407168e-02	5.799354660870480183e-02	-6.564244882054492969e-02	5.009372917033884376e-02	-5.757501568318859619e-02	5.941448880889425160e-02	-8.029495574292870586e-02	7.436474261377191974e-02	-5.701763688705733385e-02	1.109161280684499984e-01	-9.409048450463868007e-02	1.706847479426228664e-01	-1.732356285124999618e-01	2.078218668813889558e-01	-1.046435933957324538e-01	1.027497401980990294e-01	-1.862689032585219673e-01	2.433029839067979705e-01	-4.300551812559589293e-01	1.227262236789713329e-01	-1.334773444617887717e-01	1.938141939109188638e-01	-6.547290878697454852e-01	1.000000000000000666e+00	-1.029106585030306609e-01	1.301903852646346116e-01	-1.910854374640809095e-01	2.305448656148838260e-01	-4.487063378087596810e-01	1.384396143832428150e-01	-1.508913277869070035e-01	1.497708850942566783e-01	-1.578830117781262476e-01	2.355336630600368686e-01
-4.586830063114930717e-02	3.696565817319762137e-02	-4.144514333039451409e-02	4.149681212819424092e-02	-3.232951353857223264e-02	4.936223971320956305e-02	-5.041607440172665017e-02	5.637320011468553715e-02	-4.476518102822179407e-02	3.550853606934348955e-02	-1.024882782934283532e-01	8.385659795019205498e-02	-1.372035416482925152e-01	8.270399716027278247e-02	-9.495083595916976871e-02	1.247692452097228510e-01	-1.240580045388046254e-01	1.431707216756721579e-01	-9.905330610192497609e-02	1.031066513338278617e-01	-5.882119816178441596e-01	2.837549188430044111e-01	-1.810028736249710279e-01	1.275726539678113669e-01	-1.029106585030306609e-01	1.000000000000001332e+00	-4.202061602459863932e-01	2.033285739566952077e-01	-1.412880451461320519e-01	1.098811193538355158e-01	-5.848227448560634478e-01	2.309673496674367055e-01	-1.669153690691471681e-01	1.143334530616808009e-01	-1.356822377162871796e-01
5.387944047991754387e-02	-4.363066047403274528e-02	4.894691455428617360e-02	-4.949374443999823153e-02	3.840277723585225345e-02	-5.878594681525994847e-02	5.985648597122742581e-02	-6.680234230618140034e-02	5.363645237004816685e-02	-4.235831289895544000e-02	1.223968870248311469e-01	-1.019201417007255667e-01	1.661898896901975453e-01	-1.014406984059295636e-01	1.152372533575875130e-01	-1.602110529998130584e-01	1.590501939397516717e-01	-1.876165753108892387e-01	1.236705759382042413e-01	-1.282761506887040159e-01	3.044563027048752257e-01	-5.427641112409358204e-01	2.539587454198488081e-01	-1.644681426770788768e-01	1.301903852646346116e-01	-4.202061602459863932e-01	1.000000000000001776e+00	-4.050507708387305339e-01	1.884390358558538092e-01	-1.438088432117159421e-01	2.763584689997051758e-01	-4.466993079854820192e-01	2.288372812879710394e-01	-1.567045033037534618e-01	1.715047508307589730e-01
-6.711722162039986117e-02	5.390243401011274305e-02	-6.145535323491829738e-02	6.263652807726842464e-02	-4.883403019466206474e-02	7.192979552873597637e-02	-7.481999943360372052e-02	8.279921692220086615e-02	-6.920471926643453897e-02	5.367383511995414691e-02	-1.565480847901415395e-01	1.261651575889435606e-01	-2.376523511048654058e-01	1.355988776233580106e-01	-1.584889009049427755e-01	1.535138285234259325e-01	-1.631553826358516368e-01	2.512341622667477181e-01	-1.740849177693881422e-01	1.692147744306767843e-01	-2.444127786842124339e-01	2.702501890890421921e-01	-6.236486570873902568e-01	2.256382786901366400e-01	-1.910854374640809095e-01	2.033285739566952077e-01	-4.050507708387305339e-01	1.000000000000001332e+00	-3.462106897238488301e-01	2.010695135999152339e-01	-2.460777384950398605e-01	2.534501883858318871e-01	-2.750758095897609667e-01	2.006012384631942758e-01	-2.280739258078751108e-01
5.570446030350166555e-02	-4.517170652988905521e-02	5.238421195803396463e-02	-5.520556345866486914e-02	4.263913524829501117e-02	-5.728468475045177949e-02	5.858884810953352007e-02	-7.217159886795633528e-02	6.040662535343784695e-02	-4.760488480597392658e-02	1.124972989447922123e-01	-9.399708458411573653e-02	1.617392151482248408e-01	-1.206784465011255941e-01	1.393166058857660261e-01	-1.150813139295216725e-01	1.110704549437467881e-01	-1.772516962616676739e-01	1.515408948844645942e-01	-1.861452413452832355e-01	1.573349160237603461e-01	-1.736773436359082268e-01	2.130575103936198644e-01	-2.676280495170433871e-01	2.305448656148838260e-01	-1.412880451461320519e-01	1.884390358558538092e-01	-3.462106897238488301e-01	1.000000000000002220e+00	-5.400240736129331420e-01	1.821759771589435695e-01	-2.765278271375216090e-01	2.709922885902973366e-01	-5.238760084048150745e-01	3.271138864794046475e-01
-5.006997443845505325e-02	4.040378535001466070e-02	-4.762272512920472795e-02	5.084620167106254640e-02	-3.943158585419900136e-02	5.059992382531516841e-02	-5.227796323918932481e-02	6.498282189637466510e-02	-5.670222420233121674e-02	4.393889709443941222e-02	-1.010794830813865341e-01	8.316231660193483533e-02	-1.490621920675113399e-01	1.173263343725960278e-01	-1.459202108035569934e-01	9.536655517496424317e-02	-9.390838015123351146e-02	1.504944300544634739e-01	-1.564053551950025933e-01	1.940584929622665988e-01	-1.286647280673802185e-01	1.336774521426690177e-01	-1.769037912476231766e-01	2.629235568914973786e-01	-4.487063378087596810e-01	1.098811193538355158e-01	-1.438088432117159421e-01	2.010695135999152339e-01	-5.400240736129331420e-01	1.000000000000001776e+00	-1.507241009840953050e-01	1.897597836616702338e-01	-2.176447078751445052e-01	2.719289086156478907e-01	-5.687521285072822952e-01
6.565578579665341807e-02	-5.302079843880520144e-02	5.962424189032580757e-02	-5.978909682687951616e-02	4.655127817193194240e-02	-6.875942993549483129e-02	6.967245528663743026e-02	-8.193872026515799933e-02	6.380268362987710773e-02	-5.127475098865334063e-02	1.342306227809386687e-01	-1.115684400883574096e-01	1.784868836925687929e-01	-1.146033713580203589e-01	1.303828281700810388e-01	-1.542454398149600558e-01	1.422551960503148361e-01	-1.883834940028741300e-01	1.334013393102895517e-01	-1.449550009957948637e-01	2.970347812528067455e-01	-2.761944281217810770e-01	2.012004221425623129e-01	-1.765925217842668760e-01	1.384396143832428150e-01	-5.848227448560634478e-01	2.763584689997051758e-01	-2.460777384950398605e-01	1.821759771589435695e-01	-1.507241009840953050e-01	1.000000000000001554e+00	-3.546784320080061392e-01	2.138317710993214438e-01	-1.561917354649833556e-01	1.809047148638529001e-01
-5.572627338793514906e-02	4.474046801436180193e-02	-5.085216507007677550e-02	5.147415964034438712e-02	-4.019942294228509572e-02	5.867839516609341111e-02	-6.043960636713423262e-02	6.887280135426193661e-02	-5.604585709833440066e-02	4.415513847803959752e-02	-1.219640538029918564e-01	9.855807353988486896e-02	-1.697280481145046760e-01	1.054139236069666780e-01	-1.243411532380616080e-01	1.280312757909566890e-01	-1.294706404594174465e-01	1.684361206223779772e-01	-1.278772289538849527e-01	1.371688007392354858e-01	-2.542399622331436571e-01	2.421476786304792850e-01	-2.154227924107411096e-01	1.731997476981505246e-01	-1.508913277869070035e-01	2.309673496674367055e-01	-4.466993079854820192e-01	2.534501883858318871e-01	-2.765278271375216090e-01	1.897597836616702338e-01	-3.546784320080061392e-01	1.000000000000001554e+00	-6.064641410514196584e-01	2.556989635802833227e-01	-2.833089656752124652e-01
5.184672094854602536e-02	-4.192438288450182904e-02	4.784135343187956996e-02	-4.911896586672487991e-02	3.811538007611377232e-02	-5.402593166589446383e-02	5.511053558673768837e-02	-6.568761010858159555e-02	5.316666878270821101e-02	-4.222755768553757005e-02	1.069686292725808008e-01	-8.880557465698327158e-02	1.489146511243567561e-01	-1.009560520696260177e-01	1.160279363482127069e-01	-1.146001862348701439e-01	1.099324908988695004e-01	-1.598669026687903894e-01	1.221627950749766267e-01	-1.392024429159868515e-01	1.752729983829987570e-01	-1.945040185634695495e-01	1.882544801109192756e-01	-1.824421721530624652e-01	1.497708850942566783e-01	-1.669153690691471681e-01	2.288372812879710394e-01	-2.750758095897609667e-01	2.709922885902973366e-01	-2.176447078751445052e-01	2.138317710993214438e-01	-6.064641410514196584e-01	1.000000000000001998e+00	-5.440712632139548255e-01	2.696366514747774445e-01
-4.134093500676028904e-02	3.338537435463932029e-02	-3.852026074696378311e-02	4.007484505333043512e-02	-3.109187998852465731e-02	4.266134141696396875e-02	-4.376742676470050941e-02	5.273421621209065102e-02	-4.382481218377640153e-02	3.451093446709048440e-02	-8.520826382668487964e-02	7.025093008737154365e-02	-1.213166987528477569e-01	8.581138758489609275e-02	-1.008374871456598348e-01	8.625672463016911817e-02	-8.425351947936265962e-02	1.264560275975467607e-01	-1.069019536056583924e-01	1.258345477891915920e-01	-1.283544225584360154e-01	1.339992521722994656e-01	-1.538513605106754389e-01	1.707188996648827395e-01	-1.578830117781262476e-01	1.143334530616808009e-01	-1.567045033037534618e-01	2.006012384631942758e-01	-5.238760084048150745e-01	2.719289086156478907e-01	-1.561917354649833556e-01	2.556989635802833227e-01	-5.440712632139548255e-01	1.000000000000001998e+00	-5.359584452081855854e-01
5.586850622767977614e-02	-4.532102212319577550e-02	5.266419280718560858e-02	-5.564576639218064835e-02	4.295553503181280541e-02	-5.700229450153390665e-02	5.820221070329556490e-02	-7.270869254793738135e-02	6.078056469553411167e-02	-4.802018903937016470e-02	1.103255027294969270e-01	-9.236098516640446621e-02	1.569808935549443230e-01	-1.213719313239458308e-01	1.402475115481668921e-01	-1.121214139115824932e-01	1.068128502049221773e-01	-1.681189098537811955e-01	1.513986528647021657e-01	-1.932813628890849844e-01	1.510855302002713785e-01	-1.626166265190416294e-01	1.824200834638029789e-01	-2.717949231437301050e-01	2.355336630600368686e-01	-1.356822377162871796e-01	1.715047508307589730e-01	-2.280739258078751108e-01	3.271138864794046475e-01	-5.687521285072822952e-01	1.809047148638529001e-01	-2.833089656752124652e-01	2.696366514747774445e-01	-5.359584452081855854e-01	1.000000000000001998e+00
