1.000000000000000000e+00	-3.367216706015029870e-01	2.181252202829796205e-01	-7.409416291712632441e-02	5.968376889074682862e-02	-8.037996224415369095e-01	2.704921795576625265e-01	-2.691417727650465275e-01	1.229079306598526294e-01	-1.459202948466343519e-01	2.241114727553422670e-01	-1.887298937676193111e-01	1.367937069230656666e-01	-7.396683726274691506e-02	6.896348288723369580e-02	-1.465609404018403950e-01	1.206639896780836441e-01	-1.343737875353633038e-01	5.663543758441028086e-02	-5.881479374301317592e-02	8.548154269031556229e-02	-8.352498595875830489e-02	7.432948806354303106e-02	-4.395248767480596647e-02	4.178613583537389015e-02	-4.314302615174151617e-02	5.446591932889601612e-02	-5.095997500740220842e-02	4.279531201265388690e-02	-4.837634375337425408e-02	4.571873790061849185e-02	-4.304987002565786175e-02	6.500152046219795365e-02	-3.351917823769363924e-02	3.789799559947924779e-02
-3.367216706015029870e-01	9.999999999999996669e-01	-7.870879456121466777e-01	7.207474127841283218e-02	-6.050220456479422221e-02	2.236186839342557686e-01	-3.646115261940777730e-01	2.701424652755095024e-01	-1.278812113542256435e-01	1.332899821550914132e-01	-2.039836923582414863e-01	1.648167914611380347e-01	-1.316885157678167606e-01	6.583184981555866011e-02	-6.329460494812476357e-02	1.154759027541437527e-01	-1.085239473372091867e-01	1.128371919474275148e-01	-5.045087014150059779e-02	5.184363454654764003e-02	-7.277646342346270891e-02	7.069679520313963683e-02	-6.475658845199706859e-02	3.817701917060229572e-02	-3.660758316583405392e-02	3.652581683128164336e-02	-4.676403607448497562e-02	4.386334771329963855e-02	-3.728365080229776446e-02	4.166287643026723303e-02	-3.902141498318810464e-02	3.669157032081905856e-02	-5.652167817460494043e-02	2.905100206364037013e-02	-3.297375043036597508e-02
2.181252202829796205e-01	-7.870879456121466777e-01	9.999999999999995559e-01	-9.957451674953220200e-02	7.965492979966995457e-02	-2.043304557107411268e-01	2.656909683120167731e-01	-4.232973230801611031e-01	1.629919068488178413e-01	-1.865268521216977837e-01	1.785981423513164912e-01	-1.564653553517020568e-01	1.276197590257097669e-01	-8.184030187351448715e-02	7.773317610310941095e-02	-1.243393971696273026e-01	1.095146989119892139e-01	-1.179272468364042092e-01	5.937076127347570148e-02	-6.280931789932936438e-02	7.825197665674432645e-02	-7.547719568239333321e-02	6.876237459408701680e-02	-4.392833170913913038e-02	4.233001229479988609e-02	-3.942869475295769643e-02	5.035097308248946690e-02	-4.732231598514951426e-02	4.195828851879659926e-02	-4.806471752796381836e-02	4.209721938367153027e-02	-3.961372086972050205e-02	6.089206402931654494e-02	-3.269281448436161391e-02	3.717710245816109593e-02
-7.409416291712632441e-02	7.207474127841283218e-02	-9.957451674953220200e-02	1.000000000000000222e+00	-9.241478453193634479e-01	5.915412487088360372e-02	-1.020237622848908787e-01	1.204826019431477491e-01	-2.408617256152112973e-01	2.220928940042439792e-01	-8.625557789710212864e-02	6.262412827781828339e-02	-6.049239247143882447e-02	6.966500887455893964e-02	-7.973081339094884035e-02	5.386503106990980089e-02	-5.314494810859207025e-02	5.311062668963382333e-02	-4.801542254730372522e-02	5.076039615807791811e-02	-4.000294153799133917e-02	3.737552889780423188e-02	-3.609778887775969003e-02	2.991792015303544605e-02	-3.022281233678883461e-02	2.014700522651719644e-02	-2.649276300867699913e-02	2.545816246908193942e-02	-2.714661293465498240e-02	3.174307353370198204e-02	-2.188212529097027792e-02	2.065181148441441739e-02	-3.339394007493058647e-02	2.064700232490621762e-02	-2.400959111068423288e-02
5.968376889074682862e-02	-6.050220456479422221e-02	7.965492979966995457e-02	-9.241478453193634479e-01	1.000000000000000000e+00	-4.875649209382645899e-02	8.291310102418759931e-02	-1.078474458529201513e-01	1.936145207649627997e-01	-2.933973292107028286e-01	6.996334266799850155e-02	-5.200294710746618254e-02	5.032232743809595538e-02	-6.706426807209238394e-02	7.472998675825935633e-02	-4.573461414471639841e-02	4.440972592439559885e-02	-4.519439669662720510e-02	4.408926511908163592e-02	-4.875858130533842344e-02	3.367985501704065521e-02	-3.174786617989266285e-02	3.056551518564022338e-02	-2.718075592857611966e-02	2.744861735702293359e-02	-1.704047980972516266e-02	2.241934823083555420e-02	-2.175489602793507365e-02	2.404355977473788750e-02	-2.881558866079852316e-02	1.847010379163484262e-02	-1.752437235141518501e-02	2.838686152390958173e-02	-1.831906749025581302e-02	2.125612097782610121e-02
-8.037996224415369095e-01	2.236186839342557686e-01	-2.043304557107411268e-01	5.915412487088360372e-02	-4.875649209382645899e-02	1.000000000000000000e+00	-3.874686570812652664e-01	2.214981083848657495e-01	-1.057376894732217354e-01	1.158110035114617020e-01	-3.047386477459083642e-01	1.963765079266251989e-01	-1.384449056697565628e-01	6.199470802405561420e-02	-5.830041687698610947e-02	1.293501706384336258e-01	-1.145918395633621079e-01	1.243842813869533853e-01	-4.896713479552030485e-02	4.985094944826581193e-02	-7.565978031708482654e-02	7.481383652515447014e-02	-6.698234326336782729e-02	3.792079951087182904e-02	-3.599823661618388460e-02	3.808565832989988659e-02	-4.828785843125616567e-02	4.532285334172350688e-02	-3.726642292179914440e-02	4.149760406942577112e-02	-4.038103916861064679e-02	3.808018292342348066e-02	-5.778670928925248168e-02	2.915360153165297286e-02	-3.292054422247638057e-02
2.704921795576625265e-01	-3.646115261940777730e-01	2.656909683120167731e-01	-1.020237622848908787e-01	8.291310102418759931e-02	-3.874686570812652664e-01	9.999999999999990008e-01	-5.672223094095311113e-01	1.916892922132202859e-01	-2.133542747367639658e-01	2.839030396363042552e-01	-4.164776481025792010e-01	2.081347787061065546e-01	-9.960763266784770920e-02	9.346766698736719281e-02	-1.764008923563650522e-01	1.628168470448676519e-01	-1.857272513485816456e-01	7.546176229705860161e-02	-7.791571586162313046e-02	1.038245310230466317e-01	-1.055093191360199217e-01	9.410057394849084822e-02	-5.589963245177781426e-02	5.340251321988057076e-02	-5.253983471082623175e-02	6.697672336080769118e-02	-6.371183315894810018e-02	5.382921802453732862e-02	-6.072281121192527747e-02	5.564928598410438798e-02	-5.286888874229886404e-02	8.073730053679736840e-02	-4.200560430819669927e-02	4.747165377313298379e-02
-2.691417727650465275e-01	2.701424652755095024e-01	-4.232973230801611031e-01	1.204826019431477491e-01	-1.078474458529201513e-01	2.214981083848657495e-01	-5.672223094095311113e-01	9.999999999999998890e-01	-4.141235361983145458e-01	2.526735390605807652e-01	-2.832707211669841518e-01	2.276873747305197537e-01	-2.053392747418213982e-01	1.112297798188712633e-01	-1.122751477370388662e-01	1.531509848972500976e-01	-1.547857832417339485e-01	1.591060030251107149e-01	-8.253240101229708525e-02	8.389951115843249929e-02	-1.013486686136661069e-01	9.853373592185667162e-02	-9.225743238306489957e-02	5.776701576458523335e-02	-5.633600708087735387e-02	5.084564301803284198e-02	-6.586502839690050459e-02	6.237309526382352198e-02	-5.551459137830507679e-02	6.212539845416707035e-02	-5.459745763098826365e-02	5.147406925855493171e-02	-8.079274531055724573e-02	4.289271745705196953e-02	-4.898135439062715341e-02
1.229079306598526294e-01	-1.278812113542256435e-01	1.629919068488178413e-01	-2.408617256152112973e-01	1.936145207649627997e-01	-1.057376894732217354e-01	1.916892922132202859e-01	-4.141235361983145458e-01	1.000000000000000000e+00	-7.769291060953392725e-01	1.415982052426338622e-01	-1.140931094351284175e-01	1.065083883541970006e-01	-1.797221608452223562e-01	1.666394953574242832e-01	-9.340268189787544195e-02	9.023221912442003223e-02	-9.620621595162089090e-02	1.028476473355418863e-01	-1.130377798982199478e-01	6.578278133776072067e-02	-6.405900729387278836e-02	6.106636936818819056e-02	-5.851579712999554345e-02	5.894626587690320052e-02	-3.353183343085749946e-02	4.411938931311833872e-02	-4.361753490221336599e-02	4.991304499528007033e-02	-6.113451171410499291e-02	3.611114364494334011e-02	-3.464931300915773810e-02	5.620061617861976666e-02	-3.801602125259267995e-02	4.388341055155797060e-02
-1.459202948466343519e-01	1.332899821550914132e-01	-1.865268521216977837e-01	2.220928940042439792e-01	-2.933973292107028286e-01	1.158110035114617020e-01	-2.133542747367639658e-01	2.526735390605807652e-01	-7.769291060953392725e-01	9.999999999999996669e-01	-1.687757232563849297e-01	1.238203348979961260e-01	-1.201652358201432957e-01	1.691168163538522562e-01	-2.337914697047356605e-01	1.024382876862714453e-01	-1.028930145963975196e-01	1.044843597702496268e-01	-1.125547218731757365e-01	1.223459389010755766e-01	-7.501337476702102380e-02	7.175484632755523007e-02	-6.946505568971821087e-02	6.402160686920446708e-02	-6.572102657641547274e-02	3.801373251902102207e-02	-5.023920153539925687e-02	4.928540603214807969e-02	-5.590239721943922324e-02	6.659731788377055983e-02	-4.115589680149876750e-02	3.925933107314373560e-02	-6.416237765195355325e-02	4.225657969483129217e-02	-4.914173711182783649e-02
2.241114727553422670e-01	-2.039836923582414863e-01	1.785981423513164912e-01	-8.625557789710212864e-02	6.996334266799850155e-02	-3.047386477459083642e-01	2.839030396363042552e-01	-2.832707211669841518e-01	1.415982052426338622e-01	-1.687757232563849297e-01	1.000000000000000000e+00	-6.234056038932958010e-01	2.826114332976098487e-01	-1.128497447574855483e-01	1.016686894605305369e-01	-3.378398673607436731e-01	2.504791433794790190e-01	-3.081692488478447456e-01	9.552556347179382013e-02	-9.517336395571321384e-02	1.680610150130744940e-01	-1.711036687925509836e-01	1.460981954242389635e-01	-7.735418784412745330e-02	7.204309693437473128e-02	-8.512235982153931735e-02	1.056239818025668797e-01	-9.928062415844710054e-02	7.692255706965667184e-02	-8.503524970071157929e-02	8.885730550530782090e-02	-8.423360493168327578e-02	1.238700485924239536e-01	-6.060129237494762955e-02	6.781515066053010743e-02
-1.887298937676193111e-01	1.648167914611380347e-01	-1.564653553517020568e-01	6.262412827781828339e-02	-5.200294710746618254e-02	1.963765079266251989e-01	-4.164776481025792010e-01	2.276873747305197537e-01	-1.140931094351284175e-01	1.238203348979961260e-01	-6.234056038932958010e-01	9.999999999999995559e-01	-4.878461617301234066e-01	8.555783449199924617e-02	-7.818957569299868349e-02	2.228658195498197381e-01	-2.715391760072141669e-01	2.681121353183185674e-01	-7.577560563886098777e-02	7.238570159421175987e-02	-1.229845337642493514e-01	1.336403276435405851e-01	-1.184552457046545298e-01	5.799334863581009220e-02	-5.422244172617591423e-02	6.211443122723237648e-02	-7.943596945609597559e-02	7.644402287035778620e-02	-5.790905059383146675e-02	6.235655153585626526e-02	-6.526971904938502766e-02	6.263434402760252595e-02	-9.538427931960653805e-02	4.533937360275384909e-02	-5.061059955058871962e-02
1.367937069230656666e-01	-1.316885157678167606e-01	1.276197590257097669e-01	-6.049239247143882447e-02	5.032232743809595538e-02	-1.384449056697565628e-01	2.081347787061065546e-01	-2.053392747418213982e-01	1.065083883541970006e-01	-1.201652358201432957e-01	2.826114332976098487e-01	-4.878461617301234066e-01	9.999999999999998890e-01	-1.160682284691934157e-01	9.774456198563281906e-02	-2.807139589769429011e-01	2.716001593144750093e-01	-6.817092775650681613e-01	1.116027430146529775e-01	-1.016935719733422921e-01	1.494730533368651415e-01	-1.753008784068162962e-01	1.574918613355099917e-01	-7.737498428427162789e-02	7.132843037212266424e-02	-7.736280024298285152e-02	9.914410129958918516e-02	-1.016028491368068387e-01	7.483667927475769199e-02	-8.127956700711107263e-02	8.034444410506980105e-02	-7.922446731874376036e-02	1.198658204457897503e-01	-5.855858075771859517e-02	6.481596736219627508e-02
-7.396683726274691506e-02	6.583184981555866011e-02	-8.184030187351448715e-02	6.966500887455893964e-02	-6.706426807209238394e-02	6.199470802405561420e-02	-9.960763266784770920e-02	1.112297798188712633e-01	-1.797221608452223562e-01	1.691168163538522562e-01	-1.128497447574855483e-01	8.555783449199924617e-02	-1.160682284691934157e-01	9.999999999999991118e-01	-6.817293595271631812e-01	9.352839928621042853e-02	-9.975123751195835720e-02	1.222002418118263989e-01	-5.777942584235691292e-01	3.198493269436015196e-01	-7.448516035873425922e-02	7.864820273007384899e-02	-8.096154203173179520e-02	1.447314587890594917e-01	-1.524838046852706741e-01	3.986049685171663692e-02	-5.549945419163855587e-02	6.282765438366715027e-02	-1.115803509373976682e-01	1.286712103373490179e-01	-4.292483368339034683e-02	4.398256007980123894e-02	-7.912364262168167239e-02	7.759211426990361704e-02	-9.337125139795719730e-02
6.896348288723369580e-02	-6.329460494812476357e-02	7.773317610310941095e-02	-7.973081339094884035e-02	7.472998675825935633e-02	-5.830041687698610947e-02	9.346766698736719281e-02	-1.122751477370388662e-01	1.666394953574242832e-01	-2.337914697047356605e-01	1.016686894605305369e-01	-7.818957569299868349e-02	9.774456198563281906e-02	-6.817293595271631812e-01	9.999999999999980016e-01	-8.975051564268113347e-02	8.923756592096808438e-02	-1.073017562462236507e-01	3.198827344283574070e-01	-5.513745567745667042e-01	7.133784356828634654e-02	-7.619592273429517948e-02	7.665080194215394271e-02	-1.584354419320006535e-01	1.664972183710519693e-01	-3.862036687222153430e-02	5.359406393851812167e-02	-6.169799526414018742e-02	1.101721301170653505e-01	-1.574293498856744467e-01	4.140571946922644297e-02	-4.287787599717508141e-02	7.665527450644465945e-02	-8.341032121317649983e-02	9.562184663356067260e-02
-1.465609404018403950e-01	1.154759027541437527e-01	-1.243393971696273026e-01	5.386503106990980089e-02	-4.573461414471639841e-02	1.293501706384336258e-01	-1.764008923563650522e-01	1.531509848972500976e-01	-9.340268189787544195e-02	1.024382876862714453e-01	-3.378398673607436731e-01	2.228658195498197381e-01	-2.807139589769429011e-01	9.352839928621042853e-02	-8.975051564268113347e-02	9.999999999999978906e-01	-6.295924311664410356e-01	2.656014100209800888e-01	-9.011677347638138991e-02	8.542799816050125616e-02	-4.134575084726159200e-01	2.596669433985195341e-01	-2.341217811303332452e-01	9.052103801141640760e-02	-8.281446009336762559e-02	1.662224966887985989e-01	-1.899216387424190189e-01	1.525287574000069313e-01	-1.012476942817688158e-01	9.828275156921550959e-02	-1.773981251949327542e-01	1.462759137565354806e-01	-2.031860549947136774e-01	8.010791264718838955e-02	-8.861869443898806598e-02
1.206639896780836441e-01	-1.085239473372091867e-01	1.095146989119892139e-01	-5.314494810859207025e-02	4.440972592439559885e-02	-1.145918395633621079e-01	1.628168470448676519e-01	-1.547857832417339485e-01	9.023221912442003223e-02	-1.028930145963975196e-01	2.504791433794790190e-01	-2.715391760072141669e-01	2.716001593144750093e-01	-9.975123751195835720e-02	8.923756592096808438e-02	-6.295924311664410356e-01	9.999999999999990008e-01	-4.686015534058390331e-01	9.784173073617001559e-02	-9.169261674718912070e-02	2.320644175421184285e-01	-3.579999405489882047e-01	2.214989255340064078e-01	-8.638622441126814211e-02	7.789795865094317762e-02	-1.177360939613957685e-01	1.476357608625322448e-01	-1.397848429850198360e-01	9.041574576585176271e-02	-9.236693872326651178e-02	1.191370053893100328e-01	-1.174988125612261847e-01	1.677415713464163460e-01	-7.166932532652187104e-02	7.815329743798926643e-02
-1.343737875353633038e-01	1.128371919474275148e-01	-1.179272468364042092e-01	5.311062668963382333e-02	-4.519439669662720510e-02	1.243842813869533853e-01	-1.857272513485816456e-01	1.591060030251107149e-01	-9.620621595162089090e-02	1.044843597702496268e-01	-3.081692488478447456e-01	2.681121353183185674e-01	-6.817092775650681613e-01	1.222002418118263989e-01	-1.073017562462236507e-01	2.656014100209800888e-01	-4.686015534058390331e-01	9.999999999999996669e-01	-1.525508071869373095e-01	1.149457928211131408e-01	-1.664466781579065080e-01	2.039304254072253630e-01	-2.278994212687569243e-01	8.831727127928609700e-02	-8.209495239209144146e-02	8.551505005040375973e-02	-1.154658686226523040e-01	1.233949192822355601e-01	-8.705954131541895902e-02	8.941201832995310239e-02	-9.008925193207287241e-02	9.019123297580283749e-02	-1.472035748812004496e-01	6.714525528894779716e-02	-7.403114448479451715e-02
5.663543758441028086e-02	-5.045087014150059779e-02	5.937076127347570148e-02	-4.801542254730372522e-02	4.408926511908163592e-02	-4.896713479552030485e-02	7.546176229705860161e-02	-8.253240101229708525e-02	1.028476473355418863e-01	-1.125547218731757365e-01	9.552556347179382013e-02	-7.577560563886098777e-02	1.116027430146529775e-01	-5.777942584235691292e-01	3.198827344283574070e-01	-9.011677347638138991e-02	9.784173073617001559e-02	-1.525508071869373095e-01	9.999999999999978906e-01	-6.719862558869316160e-01	7.047268920424916427e-02	-8.010475955247488289e-02	8.260280446680143274e-02	-2.245798357064662520e-01	1.953774663365436259e-01	-3.873356496436768104e-02	5.461254600448978841e-02	-6.627542656478657701e-02	1.302862782991420498e-01	-1.644200376584440959e-01	4.130040745665139457e-02	-4.383245507359068843e-02	8.027770544084131266e-02	-9.278109956021722560e-02	1.056565292881097573e-01
-5.881479374301317592e-02	5.184363454654764003e-02	-6.280931789932936438e-02	5.076039615807791811e-02	-4.875858130533842344e-02	4.985094944826581193e-02	-7.791571586162313046e-02	8.389951115843249929e-02	-1.130377798982199478e-01	1.223459389010755766e-01	-9.517336395571321384e-02	7.238570159421175987e-02	-1.016935719733422921e-01	3.198493269436015196e-01	-5.513745567745667042e-01	8.542799816050125616e-02	-9.169261674718912070e-02	1.149457928211131408e-01	-6.719862558869316160e-01	9.999999999999988898e-01	-7.016989621346222950e-02	7.734530430370563370e-02	-8.117690090037207873e-02	1.949032743915527222e-01	-2.874462382553716333e-01	3.854699597904061303e-02	-5.478555388014238331e-02	6.610777784528272527e-02	-1.361420721675733470e-01	1.732863404431898846e-01	-4.135958172356481860e-02	4.378664691737196857e-02	-8.185481854345932895e-02	9.504292157873203695e-02	-1.142345515393953931e-01
8.548154269031556229e-02	-7.277646342346270891e-02	7.825197665674432645e-02	-4.000294153799133917e-02	3.367985501704065521e-02	-7.565978031708482654e-02	1.038245310230466317e-01	-1.013486686136661069e-01	6.578278133776072067e-02	-7.501337476702102380e-02	1.680610150130744940e-01	-1.229845337642493514e-01	1.494730533368651415e-01	-7.448516035873425922e-02	7.133784356828634654e-02	-4.134575084726159200e-01	2.320644175421184285e-01	-1.664466781579065080e-01	7.047268920424916427e-02	-7.016989621346222950e-02	9.999999999999981126e-01	-3.497745035875292618e-01	2.205510282801002864e-01	-8.886095098957645655e-02	7.848581256599464206e-02	-4.915008896814954120e-01	2.330394774520848089e-01	-1.675889335666942703e-01	1.001975046309184908e-01	-1.010559180887889569e-01	2.701034139465584571e-01	-2.316496551944520754e-01	2.032618440652950442e-01	-8.154523672305738491e-02	8.783947658550575466e-02
-8.352498595875830489e-02	7.069679520313963683e-02	-7.547719568239333321e-02	3.737552889780423188e-02	-3.174786617989266285e-02	7.481383652515447014e-02	-1.055093191360199217e-01	9.853373592185667162e-02	-6.405900729387278836e-02	7.175484632755523007e-02	-1.711036687925509836e-01	1.336403276435405851e-01	-1.753008784068162962e-01	7.864820273007384899e-02	-7.619592273429517948e-02	2.596669433985195341e-01	-3.579999405489882047e-01	2.039304254072253630e-01	-8.010475955247488289e-02	7.734530430370563370e-02	-3.497745035875292618e-01	9.999999999999992228e-01	-6.436494490162394388e-01	1.122793235754783875e-01	-9.623127380082469040e-02	1.730631651858706987e-01	-3.006220555703328357e-01	2.676941467934921270e-01	-1.339000792447463950e-01	1.150072608071749936e-01	-1.804811617378427324e-01	1.998081747578488720e-01	-3.301262643801697316e-01	1.061736452148626109e-01	-1.104674484602662515e-01
7.432948806354303106e-02	-6.475658845199706859e-02	6.876237459408701680e-02	-3.609778887775969003e-02	3.056551518564022338e-02	-6.698234326336782729e-02	9.410057394849084822e-02	-9.225743238306489957e-02	6.106636936818819056e-02	-6.946505568971821087e-02	1.460981954242389635e-01	-1.184552457046545298e-01	1.574918613355099917e-01	-8.096154203173179520e-02	7.665080194215394271e-02	-2.341217811303332452e-01	2.214989255340064078e-01	-2.278994212687569243e-01	8.260280446680143274e-02	-8.117690090037207873e-02	2.205510282801002864e-01	-6.436494490162394388e-01	1.000000000000000666e+00	-1.361528757798901312e-01	1.034425621582131527e-01	-1.398717046931676755e-01	2.155672801138977246e-01	-5.085795860971218385e-01	1.444086247943802415e-01	-1.283709403013388595e-01	1.380344774224828985e-01	-1.801022739729866151e-01	2.949400930109837837e-01	-1.154795255395850428e-01	1.119336726702443441e-01
-4.395248767480596647e-02	3.817701917060229572e-02	-4.392833170913913038e-02	2.991792015303544605e-02	-2.718075592857611966e-02	3.792079951087182904e-02	-5.589963245177781426e-02	5.776701576458523335e-02	-5.851579712999554345e-02	6.402160686920446708e-02	-7.735418784412745330e-02	5.799334863581009220e-02	-7.737498428427162789e-02	1.447314587890594917e-01	-1.584354419320006535e-01	9.052103801141640760e-02	-8.638622441126814211e-02	8.831727127928609700e-02	-2.245798357064662520e-01	1.949032743915527222e-01	-8.886095098957645655e-02	1.122793235754783875e-01	-1.361528757798901312e-01	9.999999999999971134e-01	-6.253669266420722739e-01	5.400988236528105058e-02	-8.418595656879526712e-02	1.290577322256681592e-01	-5.533844121212718736e-01	3.036051629723784395e-01	-5.752591765376444122e-02	6.840253230933800166e-02	-1.487766968921743482e-01	2.391947981618767760e-01	-2.910104565565320156e-01
4.178613583537389015e-02	-3.660758316583405392e-02	4.233001229479988609e-02	-3.022281233678883461e-02	2.744861735702293359e-02	-3.599823661618388460e-02	5.340251321988057076e-02	-5.633600708087735387e-02	5.894626587690320052e-02	-6.572102657641547274e-02	7.204309693437473128e-02	-5.422244172617591423e-02	7.132843037212266424e-02	-1.524838046852706741e-01	1.664972183710519693e-01	-8.281446009336762559e-02	7.789795865094317762e-02	-8.209495239209144146e-02	1.953774663365436259e-01	-2.874462382553716333e-01	7.848581256599464206e-02	-9.623127380082469040e-02	1.034425621582131527e-01	-6.253669266420722739e-01	9.999999999999956701e-01	-4.692666843246526276e-02	7.014310489428673967e-02	-1.004767471775496746e-01	2.681926064995345804e-01	-5.887549792210300392e-01	4.980965304306448488e-02	-5.786473072725587669e-02	1.176490597711141867e-01	-2.105307479802947523e-01	2.340909770550470559e-01
-4.314302615174151617e-02	3.652581683128164336e-02	-3.942869475295769643e-02	2.014700522651719644e-02	-1.704047980972516266e-02	3.808565832989988659e-02	-5.253983471082623175e-02	5.084564301803284198e-02	-3.353183343085749946e-02	3.801373251902102207e-02	-8.512235982153931735e-02	6.211443122723237648e-02	-7.736280024298285152e-02	3.986049685171663692e-02	-3.862036687222153430e-02	1.662224966887985989e-01	-1.177360939613957685e-01	8.551505005040375973e-02	-3.873356496436768104e-02	3.854699597904061303e-02	-4.915008896814954120e-01	1.730631651858706987e-01	-1.398717046931676755e-01	5.400988236528105058e-02	-4.692666843246526276e-02	9.999999999999966693e-01	-3.011298955395496635e-01	1.248528081607011009e-01	-6.462078136580651222e-02	6.037609570322893110e-02	-7.309175542353441024e-01	2.575732157440445702e-01	-1.594254520443001977e-01	5.336164726929938651e-02	-5.543684606399387066e-02
5.446591932889601612e-02	-4.676403607448497562e-02	5.035097308248946690e-02	-2.649276300867699913e-02	2.241934823083555420e-02	-4.828785843125616567e-02	6.697672336080769118e-02	-6.586502839690050459e-02	4.411938931311833872e-02	-5.023920153539925687e-02	1.056239818025668797e-01	-7.943596945609597559e-02	9.914410129958918516e-02	-5.549945419163855587e-02	5.359406393851812167e-02	-1.899216387424190189e-01	1.476357608625322448e-01	-1.154658686226523040e-01	5.461254600448978841e-02	-5.478555388014238331e-02	2.330394774520848089e-01	-3.006220555703328357e-01	2.155672801138977246e-01	-8.418595656879526712e-02	7.014310489428673967e-02	-3.011298955395496635e-01	9.999999999999965583e-01	-2.899903063755793209e-01	1.016227566769056512e-01	-9.286607800390486722e-02	2.707036990979042601e-01	-7.351695664522750473e-01	2.519604251640252812e-01	-8.508534160544707625e-02	8.319012683874849046e-02
-5.095997500740220842e-02	4.386334771329963855e-02	-4.732231598514951426e-02	2.545816246908193942e-02	-2.175489602793507365e-02	4.532285334172350688e-02	-6.371183315894810018e-02	6.237309526382352198e-02	-4.361753490221336599e-02	4.928540603214807969e-02	-9.928062415844710054e-02	7.644402287035778620e-02	-1.016028491368068387e-01	6.282765438366715027e-02	-6.169799526414018742e-02	1.525287574000069313e-01	-1.397848429850198360e-01	1.233949192822355601e-01	-6.627542656478657701e-02	6.610777784528272527e-02	-1.675889335666942703e-01	2.676941467934921270e-01	-5.085795860971218385e-01	1.290577322256681592e-01	-1.004767471775496746e-01	1.248528081607011009e-01	-2.899903063755793209e-01	9.999999999999965583e-01	-2.025171475541149846e-01	1.293099882549094415e-01	-1.317529046031729323e-01	2.003185848037981887e-01	-7.033524861438864573e-01	1.464097235240712780e-01	-1.289779130187168887e-01
4.279531201265388690e-02	-3.728365080229776446e-02	4.195828851879659926e-02	-2.714661293465498240e-02	2.404355977473788750e-02	-3.726642292179914440e-02	5.382921802453732862e-02	-5.551459137830507679e-02	4.991304499528007033e-02	-5.590239721943922324e-02	7.692255706965667184e-02	-5.790905059383146675e-02	7.483667927475769199e-02	-1.115803509373976682e-01	1.101721301170653505e-01	-1.012476942817688158e-01	9.041574576585176271e-02	-8.705954131541895902e-02	1.302862782991420498e-01	-1.361420721675733470e-01	1.001975046309184908e-01	-1.339000792447463950e-01	1.444086247943802415e-01	-5.533844121212718736e-01	2.681926064995345804e-01	-6.462078136580651222e-02	1.016227566769056512e-01	-2.025171475541149846e-01	9.999999999999958922e-01	-3.896948557773630140e-01	6.749512828782087970e-02	-8.624301966142693121e-02	1.884223338743746812e-01	-5.719536592240435091e-01	3.008021546310802874e-01
-4.837634375337425408e-02	4.166287643026723303e-02	-4.806471752796381836e-02	3.174307353370198204e-02	-2.881558866079852316e-02	4.149760406942577112e-02	-6.072281121192527747e-02	6.212539845416707035e-02	-6.113451171410499291e-02	6.659731788377055983e-02	-8.503524970071157929e-02	6.235655153585626526e-02	-8.127956700711107263e-02	1.286712103373490179e-01	-1.574293498856744467e-01	9.828275156921550959e-02	-9.236693872326651178e-02	8.941201832995310239e-02	-1.644200376584440959e-01	1.732863404431898846e-01	-1.010559180887889569e-01	1.150072608071749936e-01	-1.283709403013388595e-01	3.036051629723784395e-01	-5.887549792210300392e-01	6.037609570322893110e-02	-9.286607800390486722e-02	1.293099882549094415e-01	-3.896948557773630140e-01	9.999999999999964473e-01	-6.519004985883501690e-02	7.526272750917649412e-02	-1.654986093715055673e-01	2.733455193360391222e-01	-5.351073883574397616e-01
4.571873790061849185e-02	-3.902141498318810464e-02	4.209721938367153027e-02	-2.188212529097027792e-02	1.847010379163484262e-02	-4.038103916861064679e-02	5.564928598410438798e-02	-5.459745763098826365e-02	3.611114364494334011e-02	-4.115589680149876750e-02	8.885730550530782090e-02	-6.526971904938502766e-02	8.034444410506980105e-02	-4.292483368339034683e-02	4.140571946922644297e-02	-1.773981251949327542e-01	1.191370053893100328e-01	-9.008925193207287241e-02	4.130040745665139457e-02	-4.135958172356481860e-02	2.701034139465584571e-01	-1.804811617378427324e-01	1.380344774224828985e-01	-5.752591765376444122e-02	4.980965304306448488e-02	-7.309175542353441024e-01	2.707036990979042601e-01	-1.317529046031729323e-01	6.749512828782087970e-02	-6.519004985883501690e-02	9.999999999999963363e-01	-4.674789785464095182e-01	1.606117495650659088e-01	-5.641869538542135937e-02	5.815337909775999264e-02
-4.304987002565786175e-02	3.669157032081905856e-02	-3.961372086972050205e-02	2.065181148441441739e-02	-1.752437235141518501e-02	3.808018292342348066e-02	-5.286888874229886404e-02	5.147406925855493171e-02	-3.464931300915773810e-02	3.925933107314373560e-02	-8.423360493168327578e-02	6.263434402760252595e-02	-7.922446731874376036e-02	4.398256007980123894e-02	-4.287787599717508141e-02	1.462759137565354806e-01	-1.174988125612261847e-01	9.019123297580283749e-02	-4.383245507359068843e-02	4.378664691737196857e-02	-2.316496551944520754e-01	1.998081747578488720e-01	-1.801022739729866151e-01	6.840253230933800166e-02	-5.786473072725587669e-02	2.575732157440445702e-01	-7.351695664522750473e-01	2.003185848037981887e-01	-8.624301966142693121e-02	7.526272750917649412e-02	-4.674789785464095182e-01	9.999999999999966693e-01	-2.820105288386887121e-01	7.337101056921505049e-02	-7.200497821712067981e-02
6.500152046219795365e-02	-5.652167817460494043e-02	6.089206402931654494e-02	-3.339394007493058647e-02	2.838686152390958173e-02	-5.778670928925248168e-02	8.073730053679736840e-02	-8.079274531055724573e-02	5.620061617861976666e-02	-6.416237765195355325e-02	1.238700485924239536e-01	-9.538427931960653805e-02	1.198658204457897503e-01	-7.912364262168167239e-02	7.665527450644465945e-02	-2.031860549947136774e-01	1.677415713464163460e-01	-1.472035748812004496e-01	8.027770544084131266e-02	-8.185481854345932895e-02	2.032618440652950442e-01	-3.301262643801697316e-01	2.949400930109837837e-01	-1.487766968921743482e-01	1.176490597711141867e-01	-1.594254520443001977e-01	2.519604251640252812e-01	-7.033524861438864573e-01	1.884223338743746812e-01	-1.654986093715055673e-01	1.606117495650659088e-01	-2.820105288386887121e-01	9.999999999999961142e-01	-2.055228090213482295e-01	1.551850379734445451e-01
-3.351917823769363924e-02	2.905100206364037013e-02	-3.269281448436161391e-02	2.064700232490621762e-02	-1.831906749025581302e-02	2.915360153165297286e-02	-4.200560430819669927e-02	4.289271745705196953e-02	-3.801602125259267995e-02	4.225657969483129217e-02	-6.060129237494762955e-02	4.533937360275384909e-02	-5.855858075771859517e-02	7.759211426990361704e-02	-8.341032121317649983e-02	8.010791264718838955e-02	-7.166932532652187104e-02	6.714525528894779716e-02	-9.278109956021722560e-02	9.504292157873203695e-02	-8.154523672305738491e-02	1.061736452148626109e-01	-1.154795255395850428e-01	2.391947981618767760e-01	-2.105307479802947523e-01	5.336164726929938651e-02	-8.508534160544707625e-02	1.464097235240712780e-01	-5.719536592240435091e-01	2.733455193360391222e-01	-5.641869538542135937e-02	7.337101056921505049e-02	-2.055228090213482295e-01	9.999999999999960032e-01	-6.869850249793308938e-01
3.789799559947924779e-02	-3.297375043036597508e-02	3.717710245816109593e-02	-2.400959111068423288e-02	2.125612097782610121e-02	-3.292054422247638057e-02	4.747165377313298379e-02	-4.898135439062715341e-02	4.388341055155797060e-02	-4.914173711182783649e-02	6.781515066053010743e-02	-5.061059955058871962e-02	6.481596736219627508e-02	-9.337125139795719730e-02	9.562184663356067260e-02	-8.861869443898806598e-02	7.815329743798926643e-02	-7.403114448479451715e-02	1.056565292881097573e-01	-1.142345515393953931e-01	8.783947658550575466e-02	-1.104674484602662515e-01	1.119336726702443441e-01	-2.910104565565320156e-01	2.340909770550470559e-01	-5.543684606399387066e-02	8.319012683874849046e-02	-1.289779130187168887e-01	3.008021546310802874e-01	-5.351073883574397616e-01	5.815337909775999264e-02	-7.200497821712067981e-02	1.551850379734445451e-01	-6.869850249793308938e-01	9.999999999999960032e-01
