1.000000000000000000e+00	-9.154767161019036203e-01	2.566065663050093662e-02	-2.288097559976882966e-02	1.084577277982842931e-02	-2.607559951013583843e-01	1.564667856340125618e-01	-7.217933498166283213e-02	4.112134679382730557e-02	-4.402971705637807875e-02	1.962983176952059761e-01	-1.699212175041002193e-01	6.694170923712265686e-02	-4.266285289879048065e-02	4.631881865309615126e-02	-8.264044188280823822e-02	6.536859989633304890e-02	-6.428008328411803640e-02	2.492134905433399453e-02	-1.997364952579905664e-02	6.724060195815954877e-02	-4.264104551626902301e-02	4.670154955240062022e-02	-2.476595055356336020e-02	1.875782400927706109e-02	-1.368061869626297639e-02	1.514625335673990686e-02	-1.671415522022954778e-02	1.728770221338074911e-02	-1.425663352488747496e-02	6.926477823499824216e-03	-6.311402071324224983e-03	1.269458203018252601e-02	-1.096871233772929444e-02	1.639453713533894907e-02
-9.154767161019036203e-01	9.999999999999996669e-01	-2.818183801438168060e-02	2.474253403558562825e-02	-1.164043744878650796e-02	1.948311962409913500e-01	-2.044177849196912311e-01	7.825933902464561609e-02	-4.518031619210422650e-02	4.674099778500811347e-02	-2.273388702692470398e-01	1.621345450543284217e-01	-7.594266216225442623e-02	4.608742362256289249e-02	-5.117021118593183954e-02	8.357873686749012210e-02	-6.951574573197304152e-02	6.652520607939366171e-02	-2.667350123442533208e-02	2.127391042575825855e-02	-7.407668773682687946e-02	4.504175574743109894e-02	-5.029449047166192205e-02	2.635741101443255657e-02	-2.009079730351340937e-02	1.495089203143970015e-02	-1.659834120995424059e-02	1.795985259517750288e-02	-1.864653856589599742e-02	1.527027138802167748e-02	-7.540722374976489666e-03	6.861357020466411771e-03	-1.369147514429532725e-02	1.180642965772221546e-02	-1.763601627908196329e-02
2.566065663050093662e-02	-2.818183801438168060e-02	9.999999999999996669e-01	-9.041236133640156991e-01	4.810615003726345651e-02	-2.116719821648386027e-02	6.604670291405932703e-02	-1.304137776966393936e-01	2.433473224534663248e-01	-2.980880115372416261e-01	2.209900396171358972e-02	-7.187116532264792301e-02	1.126462789712757151e-01	-1.338446886158209392e-01	1.251365830342561491e-01	-4.739491811078538896e-02	4.247343893484527982e-02	-6.826602014256193118e-02	3.620840208668692217e-02	-2.956557225274478520e-02	5.421961431291498490e-02	-3.220836187650242405e-02	4.044145948713093186e-02	-3.086169566743172249e-02	2.377522186926594311e-02	-1.139216978939922714e-02	1.264243308893371089e-02	-1.544868836028889109e-02	1.624681803236185940e-02	-1.665351017284763188e-02	6.208939489383077590e-03	-5.660633878214993767e-03	1.219214639829137997e-02	-1.069877262821389632e-02	1.882733056882988226e-02
-2.288097559976882966e-02	2.474253403558562825e-02	-9.041236133640156991e-01	9.999999999999997780e-01	-4.296699385477532884e-02	1.850987333069743432e-02	-6.086561690862112711e-02	1.177051961918582357e-01	-3.305851026032940454e-01	2.262118094446018135e-01	-1.945680228229209816e-02	6.249063129370904801e-02	-1.099021546584700165e-01	1.157016624279442463e-01	-1.177225901721660889e-01	4.101135968778975988e-02	-3.750272239456576423e-02	5.883619940496187528e-02	-3.192208084591592610e-02	2.585320198544101972e-02	-4.833783024579384191e-02	2.835880640447521403e-02	-3.585547913341348425e-02	2.691866444149210516e-02	-2.091780740902203506e-02	1.011864816423539530e-02	-1.124326605181677832e-02	1.363818090152587280e-02	-1.437436616214660297e-02	1.461984915644758479e-02	-5.506210689226664554e-03	5.015764194975334302e-03	-1.078166829834913826e-02	9.444840124806066009e-03	-1.660457180308828190e-02
1.084577277982842931e-02	-1.164043744878650796e-02	4.810615003726345651e-02	-4.296699385477532884e-02	9.999999999999992228e-01	-1.058221649761379238e-02	2.444526552202398381e-02	-3.523274574784701629e-02	5.376551854217120896e-02	-7.619958878603519392e-02	1.104669400159283277e-02	-2.737429608953382068e-02	3.760717104213317369e-02	-4.124971385765376780e-02	5.026609290978006905e-02	-3.929570711707851965e-02	3.018715745000300626e-02	-5.133349433147115642e-02	2.069167521347106339e-02	-1.697765927392033344e-02	5.019955898496210323e-02	-2.460283202781642087e-02	3.057240127865511539e-02	-1.970229466647920730e-02	1.511042426370254321e-02	-1.035774064882547842e-02	1.159899728732786961e-02	-1.192085755206552002e-02	1.252079572079508284e-02	-1.171571879317591554e-02	5.549008863638210665e-03	-5.032858592070421633e-03	9.473675582745755275e-03	-8.264984784737083867e-03	1.343188922194077373e-02
-2.607559951013583843e-01	1.948311962409913500e-01	-2.116719821648386027e-02	1.850987333069743432e-02	-1.058221649761379238e-02	9.999999999999995559e-01	-1.302315799725760614e-01	5.787256378926371875e-02	-3.535073384171512345e-02	3.693666360877351923e-02	-9.207668129039870974e-01	1.342043452526696101e-01	-6.052578757106954338e-02	3.787834932057471821e-02	-4.300598939814753718e-02	1.111301790960286667e-01	-8.243764778457109144e-02	6.604549822726346608e-02	-2.671387412064817751e-02	2.118959813578477971e-02	-8.953936590820679720e-02	5.065476391952595386e-02	-5.677951715098836921e-02	2.731207319667769071e-02	-2.086764204840762041e-02	1.762244967679181887e-02	-1.964016224484217005e-02	1.997565077412776641e-02	-2.078199658452700022e-02	1.613452736032287838e-02	-8.669988748007409485e-03	7.871434481370735009e-03	-1.519843158712557395e-02	1.303376018577074094e-02	-1.877746385095206347e-02
1.564667856340125618e-01	-2.044177849196912311e-01	6.604670291405932703e-02	-6.086561690862112711e-02	2.444526552202398381e-02	-1.302315799725760614e-01	9.999999999999994449e-01	-3.447853463110003847e-01	1.263353415584871631e-01	-1.264317392575337873e-01	1.303107746364875197e-01	-8.275142606033506487e-01	2.234484131527349204e-01	-1.233760950536904044e-01	1.273131216126358045e-01	-1.454752177694034476e-01	1.454602409512164574e-01	-1.471577154478531657e-01	5.658376252796079586e-02	-4.535503500272302507e-02	1.224719651407620291e-01	-9.382918179424803995e-02	9.640947457002972676e-02	-5.422440612361852791e-02	4.088427955477225845e-02	-2.576830196849379598e-02	2.828005771270594021e-02	-3.430976289790211436e-02	3.520678234295768899e-02	-3.023803141495821217e-02	1.339873769689733062e-02	-1.225916619994687692e-02	2.585828618364641521e-02	-2.246586396289775717e-02	3.446939593944460534e-02
-7.217933498166283213e-02	7.825933902464561609e-02	-1.304137776966393936e-01	1.177051961918582357e-01	-3.523274574784701629e-02	5.787256378926371875e-02	-3.447853463110003847e-01	9.999999999999993339e-01	-3.370775938755881107e-01	2.304820277873565193e-01	-6.103691288046516478e-02	2.352372406423595130e-01	-7.548636924217259070e-01	2.305896280021612621e-01	-2.425969527586187280e-01	1.026802773148773607e-01	-1.049130700712129216e-01	1.520832400805122442e-01	-7.242515477742518526e-02	5.661014457406741973e-02	-1.208168672166483049e-01	7.450159594297360577e-02	-9.362890840057759567e-02	6.098146134348031433e-02	-4.781943814694435135e-02	2.513541158822259897e-02	-2.792035917067045570e-02	3.391739592520730956e-02	-3.575745788644189155e-02	3.357777965310418389e-02	-1.353073904241649562e-02	1.231298889086197661e-02	-2.652272190147118153e-02	2.302295505002919379e-02	-3.862897549585270901e-02
4.112134679382730557e-02	-4.518031619210422650e-02	2.433473224534663248e-01	-3.305851026032940454e-01	5.376551854217120896e-02	-3.535073384171512345e-02	1.263353415584871631e-01	-3.370775938755881107e-01	9.999999999999986677e-01	-7.455491108794184418e-01	3.682752266722948836e-02	-1.317132376016414697e-01	2.350820234415642862e-01	-3.013960192631950918e-01	2.492215055463074813e-01	-7.576933823163535531e-02	7.076330798766578001e-02	-1.124774933681537137e-01	6.445670660509179861e-02	-5.216446921248620028e-02	8.834509006515642304e-02	-5.326537883456086003e-02	6.728579660529028506e-02	-5.282024625332627787e-02	4.094853028073917878e-02	-1.856496951925526440e-02	2.060338359055144050e-02	-2.555604552521705680e-02	2.692595837459716909e-02	-2.802429969914155272e-02	1.017120602695540874e-02	-9.272488946129239795e-03	2.020621526412812521e-02	-1.773802219776438038e-02	3.166896926682220836e-02
-4.402971705637807875e-02	4.674099778500811347e-02	-2.980880115372416261e-01	2.262118094446018135e-01	-7.619958878603519392e-02	3.693666360877351923e-02	-1.264317392575337873e-01	2.304820277873565193e-01	-7.455491108794184418e-01	9.999999999999987788e-01	-3.909224819160544290e-02	1.235094763224226927e-01	-2.604987048742684608e-01	2.597116308241054772e-01	-3.910825792871689965e-01	8.651093291071476621e-02	-8.189968644141197573e-02	1.263938551471029403e-01	-7.559586070020261894e-02	6.123612655477229244e-02	-1.101066299110622509e-01	6.265267387230018248e-02	-8.115592437673664616e-02	6.177743931844793812e-02	-4.929838552840277305e-02	2.296689001799135169e-02	-2.558258973514731388e-02	3.097705985017874461e-02	-3.284343019075811054e-02	3.393493622545874777e-02	-1.257262749000937971e-02	1.143721482883056431e-02	-2.470231407478434144e-02	2.162505353992828436e-02	-3.882027845687387180e-02
1.962983176952059761e-01	-2.273388702692470398e-01	2.209900396171358972e-02	-1.945680228229209816e-02	1.104669400159283277e-02	-9.207668129039870974e-01	1.303107746364875197e-01	-6.103691288046516478e-02	3.682752266722948836e-02	-3.909224819160544290e-02	9.999999999999986677e-01	-1.670216709435682068e-01	6.208849320112135722e-02	-3.963953564443284394e-02	4.432419866732064534e-02	-1.377692766793941481e-01	8.728343171360644637e-02	-7.077805912731957583e-02	2.793852203915678581e-02	-2.223294560774497983e-02	9.118889108976432900e-02	-5.379293478257186206e-02	5.900308812465053510e-02	-2.865515139050279353e-02	2.177939250172605118e-02	-1.805526408334381938e-02	2.006940270403271415e-02	-2.078281666556104981e-02	2.154185428879555261e-02	-1.681934342856523240e-02	8.907319490495120562e-03	-8.097495805991110351e-03	1.575266164816827713e-02	-1.353295657803061866e-02	1.950330144276464853e-02
-1.699212175041002193e-01	1.621345450543284217e-01	-7.187116532264792301e-02	6.249063129370904801e-02	-2.737429608953382068e-02	1.342043452526696101e-01	-8.275142606033506487e-01	2.352372406423595130e-01	-1.317132376016414697e-01	1.235094763224226927e-01	-1.670216709435682068e-01	9.999999999999992228e-01	-2.662211535693562170e-01	1.315924834709600866e-01	-1.522218000039089747e-01	1.601676960252831905e-01	-2.082426844035568936e-01	1.591287724184639318e-01	-6.567601596602874736e-02	5.204916274499318124e-02	-1.520862802354896459e-01	1.131683165693145032e-01	-1.203278309842227972e-01	6.306326422468469528e-02	-4.817184472961259789e-02	3.151082401327944676e-02	-3.471889149004404873e-02	4.156822412144084433e-02	-4.293973059692572647e-02	3.568320565585644810e-02	-1.631281483576736691e-02	1.489266521626788145e-02	-3.139517278889825125e-02	2.710818319541521970e-02	-4.108165155608675678e-02
6.694170923712265686e-02	-7.594266216225442623e-02	1.126462789712757151e-01	-1.099021546584700165e-01	3.760717104213317369e-02	-6.052578757106954338e-02	2.234484131527349204e-01	-7.548636924217259070e-01	2.350820234415642862e-01	-2.604987048742684608e-01	6.208849320112135722e-02	-2.662211535693562170e-01	9.999999999999992228e-01	-3.693570454510620160e-01	2.429053876388930777e-01	-1.165563849797894569e-01	1.143943531091871774e-01	-2.108215840000940977e-01	8.491091616627530203e-02	-6.682961196537681725e-02	1.304732324767185481e-01	-8.326796094891558697e-02	1.039192916102225084e-01	-7.099849133293474612e-02	5.461635944024295641e-02	-2.738780202256996255e-02	3.033832557761904566e-02	-3.772296313693670328e-02	3.958690507938160408e-02	-3.796173745532378102e-02	1.481288032970776679e-02	-1.350411852997324309e-02	2.937153682409697139e-02	-2.558789794897186470e-02	4.320873905704490647e-02
-4.266285289879048065e-02	4.608742362256289249e-02	-1.338446886158209392e-01	1.157016624279442463e-01	-4.124971385765376780e-02	3.787834932057471821e-02	-1.233760950536904044e-01	2.305896280021612621e-01	-3.013960192631950918e-01	2.597116308241054772e-01	-3.963953564443284394e-02	1.315924834709600866e-01	-3.693570454510620160e-01	9.999999999999994449e-01	-7.953468443000015764e-01	9.356841080195701932e-02	-8.798169814135391176e-02	1.461214135368072708e-01	-1.417467543820317699e-01	1.039992200514251314e-01	-1.128533046791248690e-01	6.908581837220950650e-02	-9.090308030069049749e-02	9.311726712121667915e-02	-7.405644118416247756e-02	2.401077303489962400e-02	-2.660750792051945479e-02	3.569059155424290919e-02	-3.782272620811991115e-02	4.579399528627167704e-02	-1.369022272089740963e-02	1.250542426594756715e-02	-2.876676073734421579e-02	2.559170646686081962e-02	-5.107423317860133177e-02
4.631881865309615126e-02	-5.117021118593183954e-02	1.251365830342561491e-01	-1.177225901721660889e-01	5.026609290978006905e-02	-4.300598939814753718e-02	1.273131216126358045e-01	-2.425969527586187280e-01	2.492215055463074813e-01	-3.910825792871689965e-01	4.432419866732064534e-02	-1.522218000039089747e-01	2.429053876388930777e-01	-7.953468443000015764e-01	1.000000000000000000e+00	-1.071484235881081104e-01	9.492112065215925487e-02	-1.667488685684599403e-01	1.278946759805447975e-01	-1.171479966972487213e-01	1.174189767792036126e-01	-7.465497581937730054e-02	9.528295840611046563e-02	-1.012404230666046206e-01	7.828562816731740592e-02	-2.523894475177412139e-02	2.786341202129697520e-02	-3.800744426262681053e-02	3.993611274968017488e-02	-4.967971307719987184e-02	1.442388181404371389e-02	-1.321974441485218935e-02	3.041292851218762097e-02	-2.724620411731870639e-02	5.403736336381072258e-02
-8.264044188280823822e-02	8.357873686749012210e-02	-4.739491811078538896e-02	4.101135968778975988e-02	-3.929570711707851965e-02	1.111301790960286667e-01	-1.454752177694034476e-01	1.026802773148773607e-01	-7.576933823163535531e-02	8.651093291071476621e-02	-1.377692766793941481e-01	1.601676960252831905e-01	-1.165563849797894569e-01	9.356841080195701932e-02	-1.071484235881081104e-01	9.999999999999986677e-01	-6.037423331646356583e-01	3.004748865445655559e-01	-1.234248260312707651e-01	9.670469357908419161e-02	-5.807802033434047440e-01	2.961324320769084251e-01	-3.330578361650987085e-01	1.353800296461765973e-01	-1.036445721667110520e-01	1.081096699763496177e-01	-1.209638831638177731e-01	1.115775489562360612e-01	-1.164013508995088986e-01	8.205412343057384705e-02	-5.079873651545593893e-02	4.597821347544725490e-02	-8.431860972912025298e-02	7.156922334114915185e-02	-9.662626843863800219e-02
6.536859989633304890e-02	-6.951574573197304152e-02	4.247343893484527982e-02	-3.750272239456576423e-02	3.018715745000300626e-02	-8.243764778457109144e-02	1.454602409512164574e-01	-1.049130700712129216e-01	7.076330798766578001e-02	-8.189968644141197573e-02	8.728343171360644637e-02	-2.082426844035568936e-01	1.143943531091871774e-01	-8.798169814135391176e-02	9.492112065215925487e-02	-6.037423331646356583e-01	9.999999999999996669e-01	-3.958433904849754104e-01	1.151909797511561917e-01	-9.353271413545082014e-02	3.112527254214575989e-01	-5.543355163081025161e-01	2.937276692747603501e-01	-1.333464232566031193e-01	9.327810408957344646e-02	-6.937110975383965761e-02	7.369316474767720337e-02	-9.881457061162382538e-02	9.476721079727054575e-02	-7.156642908527525992e-02	3.412449338297807860e-02	-3.166179159463215070e-02	6.819005703746390534e-02	-5.963164872547915135e-02	8.005719468025765395e-02
-6.428008328411803640e-02	6.652520607939366171e-02	-6.826602014256193118e-02	5.883619940496187528e-02	-5.133349433147115642e-02	6.604549822726346608e-02	-1.471577154478531657e-01	1.520832400805122442e-01	-1.124774933681537137e-01	1.263938551471029403e-01	-7.077805912731957583e-02	1.591287724184639318e-01	-2.108215840000940977e-01	1.461214135368072708e-01	-1.667488685684599403e-01	3.004748865445655559e-01	-3.958433904849754104e-01	9.999999999999993339e-01	-2.633135106111771373e-01	1.694995028486800948e-01	-5.325537474765902335e-01	2.911014567707245204e-01	-4.685867106167961316e-01	2.091221148728407697e-01	-1.702336421852881920e-01	1.076489507398004225e-01	-1.210591826228948342e-01	1.470131672915710730e-01	-1.582085978421583772e-01	1.218125280258998966e-01	-5.780995143503240424e-02	5.219676645206024895e-02	-1.143122769054888965e-01	9.640029594051378881e-02	-1.471862763924338680e-01
2.492134905433399453e-02	-2.667350123442533208e-02	3.620840208668692217e-02	-3.192208084591592610e-02	2.069167521347106339e-02	-2.671387412064817751e-02	5.658376252796079586e-02	-7.242515477742518526e-02	6.445670660509179861e-02	-7.559586070020261894e-02	2.793852203915678581e-02	-6.567601596602874736e-02	8.491091616627530203e-02	-1.417467543820317699e-01	1.278946759805447975e-01	-1.234248260312707651e-01	1.151909797511561917e-01	-2.633135106111771373e-01	9.999999999999995559e-01	-7.256064695263531039e-01	1.456162714532588109e-01	-1.149374520813650769e-01	1.658740164717578958e-01	-4.993184063477846268e-01	3.072921941604298546e-01	-3.397584982964209355e-02	3.699122568252310311e-02	-7.348226805231593273e-02	7.752016634702058040e-02	-1.485490682685392805e-01	2.212334066652085068e-02	-2.051939142782536335e-02	5.975135843446783418e-02	-5.641462646326902280e-02	1.473800501437658728e-01
-1.997364952579905664e-02	2.127391042575825855e-02	-2.956557225274478520e-02	2.585320198544101972e-02	-1.697765927392033344e-02	2.118959813578477971e-02	-4.535503500272302507e-02	5.661014457406741973e-02	-5.216446921248620028e-02	6.123612655477229244e-02	-2.223294560774497983e-02	5.204916274499318124e-02	-6.682961196537681725e-02	1.039992200514251314e-01	-1.171479966972487213e-01	9.670469357908419161e-02	-9.353271413545082014e-02	1.694995028486800948e-01	-7.256064695263531039e-01	9.999999999999995559e-01	-1.237248601152955430e-01	9.053805435615708275e-02	-1.379264732266678728e-01	3.128448211096525600e-01	-5.444240317850851385e-01	2.897565530174350812e-02	-3.170355415098173590e-02	6.528942107881988144e-02	-7.201140547032733319e-02	1.622738710288703090e-01	-2.012366091936739626e-02	1.859624750383990707e-02	-5.857000154585147167e-02	5.524842001548576492e-02	-1.814973214928654877e-01
6.724060195815954877e-02	-7.407668773682687946e-02	5.421961431291498490e-02	-4.833783024579384191e-02	5.019955898496210323e-02	-8.953936590820679720e-02	1.224719651407620291e-01	-1.208168672166483049e-01	8.834509006515642304e-02	-1.101066299110622509e-01	9.118889108976432900e-02	-1.520862802354896459e-01	1.304732324767185481e-01	-1.128533046791248690e-01	1.174189767792036126e-01	-5.807802033434047440e-01	3.112527254214575989e-01	-5.325537474765902335e-01	1.456162714532588109e-01	-1.237248601152955430e-01	1.000000000000000888e+00	-3.957227716389932204e-01	2.855054484057165110e-01	-1.659222995806990675e-01	1.147611043347025878e-01	-1.900579968539000686e-01	1.559341818364681220e-01	-1.133175605066959468e-01	1.089182321795817282e-01	-9.163764789458293814e-02	5.909717833597677439e-02	-5.632695301235011998e-02	8.163440211978151284e-02	-7.292021357569973550e-02	9.952651053493777322e-02
-4.264104551626902301e-02	4.504175574743109894e-02	-3.220836187650242405e-02	2.835880640447521403e-02	-2.460283202781642087e-02	5.065476391952595386e-02	-9.382918179424803995e-02	7.450159594297360577e-02	-5.326537883456086003e-02	6.265267387230018248e-02	-5.379293478257186206e-02	1.131683165693145032e-01	-8.326796094891558697e-02	6.908581837220950650e-02	-7.465497581937730054e-02	2.961324320769084251e-01	-5.543355163081025161e-01	2.911014567707245204e-01	-1.149374520813650769e-01	9.053805435615708275e-02	-3.957227716389932204e-01	1.000000000000000222e+00	-6.375074073742691416e-01	1.432930862337543354e-01	-1.025478804316214965e-01	7.611510020569846324e-02	-8.104508844483591934e-02	1.244211186908948386e-01	-1.206532294665564886e-01	7.398483016525496392e-02	-3.530461002169378582e-02	3.295506997581132413e-02	-8.156217259794799890e-02	6.862603599448346969e-02	-8.398020837390585136e-02
4.670154955240062022e-02	-5.029449047166192205e-02	4.044145948713093186e-02	-3.585547913341348425e-02	3.057240127865511539e-02	-5.677951715098836921e-02	9.640947457002972676e-02	-9.362890840057759567e-02	6.728579660529028506e-02	-8.115592437673664616e-02	5.900308812465053510e-02	-1.203278309842227972e-01	1.039192916102225084e-01	-9.090308030069049749e-02	9.528295840611046563e-02	-3.330578361650987085e-01	2.937276692747603501e-01	-4.685867106167961316e-01	1.658740164717578958e-01	-1.379264732266678728e-01	2.855054484057165110e-01	-6.375074073742691416e-01	1.000000000000000444e+00	-2.654247914993728141e-01	1.514542124352787344e-01	-7.393493700126371748e-02	7.688323219021085675e-02	-2.300430964520039645e-01	1.698128061516647191e-01	-1.097426098589373150e-01	4.189714461486652997e-02	-3.968369204392439842e-02	1.154985305549259961e-01	-1.017937215828796926e-01	1.179123879762645211e-01
-2.476595055356336020e-02	2.635741101443255657e-02	-3.086169566743172249e-02	2.691866444149210516e-02	-1.970229466647920730e-02	2.731207319667769071e-02	-5.422440612361852791e-02	6.098146134348031433e-02	-5.282024625332627787e-02	6.177743931844793812e-02	-2.865515139050279353e-02	6.306326422468469528e-02	-7.099849133293474612e-02	9.311726712121667915e-02	-1.012404230666046206e-01	1.353800296461765973e-01	-1.333464232566031193e-01	2.091221148728407697e-01	-4.993184063477846268e-01	3.128448211096525600e-01	-1.659222995806990675e-01	1.432930862337543354e-01	-2.654247914993728141e-01	1.000000000000000666e+00	-6.691319225353078437e-01	3.988809467428000577e-02	-4.333222755564450357e-02	1.018414283823765171e-01	-1.131337950040574997e-01	2.067637938604829917e-01	-2.803714053577443382e-02	2.600947354441911219e-02	-8.605214543608087630e-02	8.075876047691105120e-02	-2.484528358791434077e-01
1.875782400927706109e-02	-2.009079730351340937e-02	2.377522186926594311e-02	-2.091780740902203506e-02	1.511042426370254321e-02	-2.086764204840762041e-02	4.088427955477225845e-02	-4.781943814694435135e-02	4.094853028073917878e-02	-4.929838552840277305e-02	2.177939250172605118e-02	-4.817184472961259789e-02	5.461635944024295641e-02	-7.405644118416247756e-02	7.828562816731740592e-02	-1.036445721667110520e-01	9.327810408957344646e-02	-1.702336421852881920e-01	3.072921941604298546e-01	-5.444240317850851385e-01	1.147611043347025878e-01	-1.025478804316214965e-01	1.514542124352787344e-01	-6.691319225353078437e-01	1.000000000000000222e+00	-2.885616645360574578e-02	3.109360974883604647e-02	-7.830955706267278549e-02	8.481295136596612994e-02	-3.103253179360619951e-01	2.130854525736329552e-02	-1.991295212252924829e-02	6.771081944443431422e-02	-6.671535311758618192e-02	2.248893871932664545e-01
-1.368061869626297639e-02	1.495089203143970015e-02	-1.139216978939922714e-02	1.011864816423539530e-02	-1.035774064882547842e-02	1.762244967679181887e-02	-2.576830196849379598e-02	2.513541158822259897e-02	-1.856496951925526440e-02	2.296689001799135169e-02	-1.805526408334381938e-02	3.151082401327944676e-02	-2.738780202256996255e-02	2.401077303489962400e-02	-2.523894475177412139e-02	1.081096699763496177e-01	-6.937110975383965761e-02	1.076489507398004225e-01	-3.397584982964209355e-02	2.897565530174350812e-02	-1.900579968539000686e-01	7.611510020569846324e-02	-7.393493700126371748e-02	3.988809467428000577e-02	-2.885616645360574578e-02	1.000000000000000222e+00	-9.510980865253501060e-01	6.334652668031243161e-02	-5.864872179662870832e-02	2.833268225718022643e-02	-1.330291590904781329e-01	1.182258724383529885e-01	-4.737564594259979778e-02	4.001576721643218537e-02	-3.105456792964837731e-02
1.514625335673990686e-02	-1.659834120995424059e-02	1.264243308893371089e-02	-1.124326605181677832e-02	1.159899728732786961e-02	-1.964016224484217005e-02	2.828005771270594021e-02	-2.792035917067045570e-02	2.060338359055144050e-02	-2.558258973514731388e-02	2.006940270403271415e-02	-3.471889149004404873e-02	3.033832557761904566e-02	-2.660750792051945479e-02	2.786341202129697520e-02	-1.209638831638177731e-01	7.369316474767720337e-02	-1.210591826228948342e-01	3.699122568252310311e-02	-3.170355415098173590e-02	1.559341818364681220e-01	-8.104508844483591934e-02	7.688323219021085675e-02	-4.333222755564450357e-02	3.109360974883604647e-02	-9.510980865253501060e-01	1.000000000000000666e+00	-7.032408749992813402e-02	6.040616442174819023e-02	-3.038145746192388516e-02	1.226340918397804541e-01	-1.395427074288578539e-01	4.938182380971849889e-02	-4.256711876228907315e-02	3.297203292649501793e-02
-1.671415522022954778e-02	1.795985259517750288e-02	-1.544868836028889109e-02	1.363818090152587280e-02	-1.192085755206552002e-02	1.997565077412776641e-02	-3.430976289790211436e-02	3.391739592520730956e-02	-2.555604552521705680e-02	3.097705985017874461e-02	-2.078281666556104981e-02	4.156822412144084433e-02	-3.772296313693670328e-02	3.569059155424290919e-02	-3.800744426262681053e-02	1.115775489562360612e-01	-9.881457061162382538e-02	1.470131672915710730e-01	-7.348226805231593273e-02	6.528942107881988144e-02	-1.133175605066959468e-01	1.244211186908948386e-01	-2.300430964520039645e-01	1.018414283823765171e-01	-7.830955706267278549e-02	6.334652668031243161e-02	-7.032408749992813402e-02	9.999999999999997780e-01	-8.043327737077616835e-01	1.166618931124998454e-01	-6.287516652085325952e-02	5.985085911570374451e-02	-4.170846127426340866e-01	2.807558590619667060e-01	-1.277329801794790110e-01
1.728770221338074911e-02	-1.864653856589599742e-02	1.624681803236185940e-02	-1.437436616214660297e-02	1.252079572079508284e-02	-2.078199658452700022e-02	3.520678234295768899e-02	-3.575745788644189155e-02	2.692595837459716909e-02	-3.284343019075811054e-02	2.154185428879555261e-02	-4.293973059692572647e-02	3.958690507938160408e-02	-3.782272620811991115e-02	3.993611274968017488e-02	-1.164013508995088986e-01	9.476721079727054575e-02	-1.582085978421583772e-01	7.752016634702058040e-02	-7.201140547032733319e-02	1.089182321795817282e-01	-1.206532294665564886e-01	1.698128061516647191e-01	-1.131337950040574997e-01	8.481295136596612994e-02	-5.864872179662870832e-02	6.040616442174819023e-02	-8.043327737077616835e-01	9.999999999999997780e-01	-1.500902593195265200e-01	5.373811642836143210e-02	-5.297922811057428905e-02	2.875457759053449691e-01	-4.242333865997227060e-01	1.400354419211519708e-01
-1.425663352488747496e-02	1.527027138802167748e-02	-1.665351017284763188e-02	1.461984915644758479e-02	-1.171571879317591554e-02	1.613452736032287838e-02	-3.023803141495821217e-02	3.357777965310418389e-02	-2.802429969914155272e-02	3.393493622545874777e-02	-1.681934342856523240e-02	3.568320565585644810e-02	-3.796173745532378102e-02	4.579399528627167704e-02	-4.967971307719987184e-02	8.205412343057384705e-02	-7.156642908527525992e-02	1.218125280258998966e-01	-1.485490682685392805e-01	1.622738710288703090e-01	-9.163764789458293814e-02	7.398483016525496392e-02	-1.097426098589373150e-01	2.067637938604829917e-01	-3.103253179360619951e-01	2.833268225718022643e-02	-3.038145746192388516e-02	1.166618931124998454e-01	-1.500902593195265200e-01	1.000000000000000000e+00	-3.096315325210252656e-02	2.898137015673585282e-02	-1.349362800957616404e-01	1.380527539906042933e-01	-8.823814903552649191e-01
6.926477823499824216e-03	-7.540722374976489666e-03	6.208939489383077590e-03	-5.506210689226664554e-03	5.549008863638210665e-03	-8.669988748007409485e-03	1.339873769689733062e-02	-1.353073904241649562e-02	1.017120602695540874e-02	-1.257262749000937971e-02	8.907319490495120562e-03	-1.631281483576736691e-02	1.481288032970776679e-02	-1.369022272089740963e-02	1.442388181404371389e-02	-5.079873651545593893e-02	3.412449338297807860e-02	-5.780995143503240424e-02	2.212334066652085068e-02	-2.012366091936739626e-02	5.909717833597677439e-02	-3.530461002169378582e-02	4.189714461486652997e-02	-2.803714053577443382e-02	2.130854525736329552e-02	-1.330291590904781329e-01	1.226340918397804541e-01	-6.287516652085325952e-02	5.373811642836143210e-02	-3.096315325210252656e-02	1.000000000000000000e+00	-9.718707290358390427e-01	9.286647198144212800e-02	-8.622257564677258956e-02	3.246142381772372520e-02
-6.311402071324224983e-03	6.861357020466411771e-03	-5.660633878214993767e-03	5.015764194975334302e-03	-5.032858592070421633e-03	7.871434481370735009e-03	-1.225916619994687692e-02	1.231298889086197661e-02	-9.272488946129239795e-03	1.143721482883056431e-02	-8.097495805991110351e-03	1.489266521626788145e-02	-1.350411852997324309e-02	1.250542426594756715e-02	-1.321974441485218935e-02	4.597821347544725490e-02	-3.166179159463215070e-02	5.219676645206024895e-02	-2.051939142782536335e-02	1.859624750383990707e-02	-5.632695301235011998e-02	3.295506997581132413e-02	-3.968369204392439842e-02	2.600947354441911219e-02	-1.991295212252924829e-02	1.182258724383529885e-01	-1.395427074288578539e-01	5.985085911570374451e-02	-5.297922811057428905e-02	2.898137015673585282e-02	-9.718707290358390427e-01	9.999999999999998890e-01	-1.028669518684319495e-01	8.083293997228314931e-02	-3.104717092970749048e-02
1.269458203018252601e-02	-1.369147514429532725e-02	1.219214639829137997e-02	-1.078166829834913826e-02	9.473675582745755275e-03	-1.519843158712557395e-02	2.585828618364641521e-02	-2.652272190147118153e-02	2.020621526412812521e-02	-2.470231407478434144e-02	1.575266164816827713e-02	-3.139517278889825125e-02	2.937153682409697139e-02	-2.876676073734421579e-02	3.041292851218762097e-02	-8.431860972912025298e-02	6.819005703746390534e-02	-1.143122769054888965e-01	5.975135843446783418e-02	-5.857000154585147167e-02	8.163440211978151284e-02	-8.156217259794799890e-02	1.154985305549259961e-01	-8.605214543608087630e-02	6.771081944443431422e-02	-4.737564594259979778e-02	4.938182380971849889e-02	-4.170846127426340866e-01	2.875457759053449691e-01	-1.349362800957616404e-01	9.286647198144212800e-02	-1.028669518684319495e-01	9.999999999999997780e-01	-8.278288522840462349e-01	1.372221244488255609e-01
-1.096871233772929444e-02	1.180642965772221546e-02	-1.069877262821389632e-02	9.444840124806066009e-03	-8.264984784737083867e-03	1.303376018577074094e-02	-2.246586396289775717e-02	2.302295505002919379e-02	-1.773802219776438038e-02	2.162505353992828436e-02	-1.353295657803061866e-02	2.710818319541521970e-02	-2.558789794897186470e-02	2.559170646686081962e-02	-2.724620411731870639e-02	7.156922334114915185e-02	-5.963164872547915135e-02	9.640029594051378881e-02	-5.641462646326902280e-02	5.524842001548576492e-02	-7.292021357569973550e-02	6.862603599448346969e-02	-1.017937215828796926e-01	8.075876047691105120e-02	-6.671535311758618192e-02	4.001576721643218537e-02	-4.256711876228907315e-02	2.807558590619667060e-01	-4.242333865997227060e-01	1.380527539906042933e-01	-8.622257564677258956e-02	8.083293997228314931e-02	-8.278288522840462349e-01	9.999999999999997780e-01	-1.775917949074393432e-01
1.639453713533894907e-02	-1.763601627908196329e-02	1.882733056882988226e-02	-1.660457180308828190e-02	1.343188922194077373e-02	-1.877746385095206347e-02	3.446939593944460534e-02	-3.862897549585270901e-02	3.166896926682220836e-02	-3.882027845687387180e-02	1.950330144276464853e-02	-4.108165155608675678e-02	4.320873905704490647e-02	-5.107423317860133177e-02	5.403736336381072258e-02	-9.662626843863800219e-02	8.005719468025765395e-02	-1.471862763924338680e-01	1.473800501437658728e-01	-1.814973214928654877e-01	9.952651053493777322e-02	-8.398020837390585136e-02	1.179123879762645211e-01	-2.484528358791434077e-01	2.248893871932664545e-01	-3.105456792964837731e-02	3.297203292649501793e-02	-1.277329801794790110e-01	1.400354419211519708e-01	-8.823814903552649191e-01	3.246142381772372520e-02	-3.104717092970749048e-02	1.372221244488255609e-01	-1.775917949074393432e-01	9.999999999999997780e-01
