1.000000000000000222e+00	-6.515723074420962657e-01	1.856410115696570939e-01	-1.664884433470627811e-01	1.929288388951181377e-01	-4.810783723415812396e-01	3.165296890352032877e-01	-2.108858180099991986e-01	1.786335958821453351e-01	-1.190862103272747191e-01	2.336276479963333153e-01	-2.741074803829164352e-01	2.063405785249613489e-01	-1.319100487520440401e-01	1.269878118663733957e-01	-1.352583446103841625e-01	1.492678348362591889e-01	-1.392352937805910462e-01	1.401467429106533491e-01	-6.739438917669066109e-02	1.091482117771164634e-01	-1.248988481994015992e-01	1.108111922155992080e-01	-1.182653979610699124e-01	6.268135894665111119e-02	-1.226184304926081908e-01	8.876311754967820822e-02	-1.020659438871297509e-01	8.662865666829445976e-02	-7.196808878236461704e-02	2.079367316706671326e-02	-2.015747734015933476e-02	1.118954886405565674e-01	-8.357534738535293828e-02	6.307082199266758615e-02
-6.515723074420962657e-01	1.000000000000000000e+00	-2.562725580432955175e-01	1.804260888060529866e-01	-2.163629809227536338e-01	2.975952956251756154e-01	-5.499552365757535144e-01	2.269018415360622154e-01	-1.904837045842796561e-01	1.224712722285102029e-01	-2.091650257996276741e-01	2.135019716154891722e-01	-2.238267236621784284e-01	1.327972829881336470e-01	-1.324319151866319433e-01	1.144722330445490377e-01	-1.366059705884851982e-01	1.314048227281154058e-01	-1.380408178584094647e-01	6.331307041464741270e-02	-9.604996878179807018e-02	1.063701047303146074e-01	-1.047997138612555418e-01	1.088799017507043471e-01	-5.968077244365477957e-02	1.026166657497264850e-01	-7.709346287713200740e-02	9.375971073845544568e-02	-8.064061987531974396e-02	6.566376329841079607e-02	-1.814680631006920786e-02	1.752906783363493426e-02	-1.047001766796214206e-01	7.652343568069749913e-02	-5.831581174621067870e-02
1.856410115696570939e-01	-2.562725580432955175e-01	9.999999999999995559e-01	-7.035990460706551541e-01	2.660197811791983336e-01	-1.571200160440299476e-01	1.934340271564415625e-01	-4.560008475092000024e-01	2.226629150394496548e-01	-1.630299371370805828e-01	1.378647133424878435e-01	-1.717927764325293816e-01	2.443244044019119154e-01	-1.622667872459701566e-01	1.472743923235191876e-01	-9.925733728710571524e-02	1.228503322634621614e-01	-1.413964429154521418e-01	1.436298963345500890e-01	-6.917673573405255794e-02	8.220724204105388233e-02	-1.003363531988008678e-01	1.051966581172554954e-01	-1.177771372071140937e-01	6.267079129238982416e-02	-9.837901554326522469e-02	7.197242344217470722e-02	-9.734948128208299745e-02	8.305030336710984840e-02	-6.922282990994736707e-02	1.695471178442313487e-02	-1.646891419028225986e-02	1.029005700715736188e-01	-7.976375938251767383e-02	5.994237745332309936e-02
-1.664884433470627811e-01	1.804260888060529866e-01	-7.035990460706551541e-01	9.999999999999997780e-01	-4.773999751938349245e-01	1.322013086914746172e-01	-1.639056769362436383e-01	2.518318162399736937e-01	-3.083522281786548191e-01	1.918078387031069421e-01	-1.252530069231768683e-01	1.477242162436976647e-01	-2.302612643172662898e-01	1.777472520465919470e-01	-1.782687434742129817e-01	9.175141129818668861e-02	-1.173449891144850155e-01	1.351619479464561402e-01	-1.502682830604586683e-01	7.086972800818713836e-02	-7.686355515681402018e-02	9.366654005066450683e-02	-1.028991496170291592e-01	1.156700344644720491e-01	-6.492908175275080573e-02	9.158420131356816152e-02	-6.775096065296844217e-02	9.401416911373147722e-02	-8.175382052191616788e-02	6.777081916574620446e-02	-1.600566357092808589e-02	1.553160200096792738e-02	-1.009323081877934181e-01	7.773497641843221673e-02	-5.909975589223971648e-02
1.929288388951181377e-01	-2.163629809227536338e-01	2.660197811791983336e-01	-4.773999751938349245e-01	9.999999999999993339e-01	-1.605307962182356829e-01	1.723098260461817244e-01	-2.444421348279507966e-01	2.743708423805777952e-01	-4.781962943112267883e-01	1.483188038942750975e-01	-1.842853514148454497e-01	2.161822596180733302e-01	-2.297638643995778551e-01	2.698211809573767272e-01	-1.235843469109002141e-01	1.535961831228430663e-01	-1.748387554171867420e-01	1.902375553771932237e-01	-1.113309489527532226e-01	1.032231487831343081e-01	-1.306594496345456213e-01	1.366316485243763146e-01	-1.643294738011264466e-01	9.801848318044881214e-02	-1.311159755501466462e-01	9.453146965717541816e-02	-1.305007564787205032e-01	1.144234696990804601e-01	-1.003309977706869638e-01	2.253010538526737522e-02	-2.191836457148097286e-02	1.410666773292318932e-01	-1.121092761718548853e-01	8.592316241421182887e-02
-4.810783723415812396e-01	2.975952956251756154e-01	-1.571200160440299476e-01	1.322013086914746172e-01	-1.605307962182356829e-01	9.999999999999997780e-01	-5.893085406381385338e-01	2.054084312536070545e-01	-1.570128318009199331e-01	9.892155757193761556e-02	-4.822457529061707771e-01	2.798371296976457923e-01	-2.200337253208123067e-01	1.151206879619867396e-01	-1.080864559154501303e-01	1.440233759209920139e-01	-1.498085931546641325e-01	1.265183428214154693e-01	-1.260819795539152299e-01	5.501483180135394169e-02	-1.178955638011408708e-01	1.135812197762015308e-01	-9.936315004273565954e-02	9.938617782743733309e-02	-5.169433236983424218e-02	1.062620258339038032e-01	-8.091222680455875671e-02	8.800701749423356368e-02	-7.407025228818411855e-02	5.922832961731663154e-02	-1.857479341923912175e-02	1.790727124943953044e-02	-9.621333824911730559e-02	6.987532717460150089e-02	-5.261638262558235302e-02
3.165296890352032877e-01	-5.499552365757535144e-01	1.934340271564415625e-01	-1.639056769362436383e-01	1.723098260461817244e-01	-5.893085406381385338e-01	9.999999999999996669e-01	-3.410126107510990101e-01	1.667842904940962656e-01	-1.080837230894674400e-01	2.495274675268101816e-01	-2.976518319619254616e-01	2.349269957354928051e-01	-1.245010744581298567e-01	1.141839707844519436e-01	-1.257784170848322280e-01	1.383041477191852553e-01	-1.320586605272147662e-01	1.293366503204508577e-01	-5.828688130330215295e-02	1.005610362050134154e-01	-1.105653584334640449e-01	1.008348514805908758e-01	-1.047876427413645811e-01	5.413856117222155123e-02	-1.057495609048933749e-01	7.810138559812514203e-02	-9.111556832911686665e-02	7.654251939800109372e-02	-6.216179319144787135e-02	1.810297211020942681e-02	-1.752715989123287618e-02	9.779928584422895033e-02	-7.285483701719140670e-02	5.463516274504635895e-02
-2.108858180099991986e-01	2.269018415360622154e-01	-4.560008475092000024e-01	2.518318162399736937e-01	-2.444421348279507966e-01	2.054084312536070545e-01	-3.410126107510990101e-01	1.000000000000000444e+00	-2.651322086527807542e-01	1.496663611697415519e-01	-1.974249341024875148e-01	2.325270746309435477e-01	-6.380061594614843123e-01	1.843806845188739885e-01	-1.584557274163028717e-01	1.209184711870050499e-01	-1.569712379477204711e-01	1.839332518241900971e-01	-1.810532179613168480e-01	7.293715392231824024e-02	-1.009413869867537561e-01	1.171913236514051104e-01	-1.328968598234721299e-01	1.324545390255222888e-01	-6.762786493574285407e-02	1.113793533960450860e-01	-8.417734112335620300e-02	1.140491327940480470e-01	-9.613904631883492258e-02	7.589325619883358076e-02	-1.961755978588332339e-02	1.899658684216824073e-02	-1.201856078351755536e-01	8.951757243755274762e-02	-6.695828432705054623e-02
1.786335958821453351e-01	-1.904837045842796561e-01	2.226629150394496548e-01	-3.083522281786548191e-01	2.743708423805777952e-01	-1.570128318009199331e-01	1.667842904940962656e-01	-2.651322086527807542e-01	1.000000000000000222e+00	-3.241741485720932014e-01	1.523637757154516770e-01	-1.921751627294574771e-01	2.416841575101082717e-01	-6.015721022589640699e-01	2.778622050212233296e-01	-1.417777343777777976e-01	1.795170536644050407e-01	-2.422594563893208097e-01	2.773688972788913021e-01	-1.203633238866239075e-01	1.165999655997778245e-01	-1.530815146115532266e-01	1.704971400310467400e-01	-2.235222850420391649e-01	1.056823363649929542e-01	-1.512168325559931359e-01	1.091652260215433407e-01	-1.656365476502991707e-01	1.435659461851978014e-01	-1.186073601882949718e-01	2.560999587314701301e-02	-2.498126669628072949e-02	1.653958291557161564e-01	-1.374035250825668131e-01	1.006591481504263280e-01
-1.190862103272747191e-01	1.224712722285102029e-01	-1.630299371370805828e-01	1.918078387031069421e-01	-4.781962943112267883e-01	9.892155757193761556e-02	-1.080837230894674400e-01	1.496663611697415519e-01	-3.241741485720932014e-01	9.999999999999986677e-01	-9.760581564612286209e-02	1.182393547523370170e-01	-1.582990423176950656e-01	2.538713432321626495e-01	-7.246391747143944295e-01	8.527600441970108192e-02	-1.131156018178846451e-01	1.387306063696161496e-01	-1.851663474565461709e-01	1.108524292855876947e-01	-7.155478197758595449e-02	9.090612154479363327e-02	-1.069269682418661771e-01	1.283072693359879612e-01	-1.040981432967589132e-01	8.941673018759134506e-02	-6.618611874944083096e-02	9.907244505867740525e-02	-9.015893010139200414e-02	7.876056459264141330e-02	-1.570356446116953283e-02	1.525990143177986119e-02	-1.084674804923070890e-01	8.525864434616584053e-02	-6.937757417986914477e-02
2.336276479963333153e-01	-2.091650257996276741e-01	1.378647133424878435e-01	-1.252530069231768683e-01	1.483188038942750975e-01	-4.822457529061707771e-01	2.495274675268101816e-01	-1.974249341024875148e-01	1.523637757154516770e-01	-9.760581564612286209e-02	9.999999999999987788e-01	-6.892048015470785272e-01	2.275067570303390685e-01	-1.194312510328032761e-01	1.060177438868192684e-01	-2.779115254691799652e-01	1.976618758851079183e-01	-1.479448403282881408e-01	1.352081438379652556e-01	-5.750252782354955267e-02	1.703935314413905222e-01	-1.571040301203774081e-01	1.111682358248376468e-01	-1.093286400478735571e-01	5.355226983703918753e-02	-1.421060156353493587e-01	1.053560365577305841e-01	-9.980256503648257671e-02	8.103223357816104200e-02	-6.414027070073684278e-02	2.341870100753551051e-02	-2.263930691894683669e-02	1.041129903985810179e-01	-7.644172757689349229e-02	5.659827684162202499e-02
-2.741074803829164352e-01	2.135019716154891722e-01	-1.717927764325293816e-01	1.477242162436976647e-01	-1.842853514148454497e-01	2.798371296976457923e-01	-2.976518319619254616e-01	2.325270746309435477e-01	-1.921751627294574771e-01	1.182393547523370170e-01	-6.892048015470785272e-01	9.999999999999995559e-01	-4.000300487072788735e-01	1.475779498514414312e-01	-1.318806941866464966e-01	1.992295442750691703e-01	-2.401211542704087820e-01	1.770885771969774869e-01	-1.681608533042520115e-01	6.753470257195327842e-02	-1.664906429364869378e-01	1.554931557629874450e-01	-1.341919247554952954e-01	1.269274935606435062e-01	-6.359522309299632525e-02	1.395717750201403984e-01	-1.096425830660362893e-01	1.151910162579047603e-01	-9.537962955952762611e-02	7.417856176659323730e-02	-2.479615708077416436e-02	2.384189384905760142e-02	-1.235711267730621732e-01	8.866755235787804335e-02	-6.624993969123213478e-02
2.063405785249613489e-01	-2.238267236621784284e-01	2.443244044019119154e-01	-2.302612643172662898e-01	2.161822596180733302e-01	-2.200337253208123067e-01	2.349269957354928051e-01	-6.380061594614843123e-01	2.416841575101082717e-01	-1.582990423176950656e-01	2.275067570303390685e-01	-4.000300487072788735e-01	9.999999999999958922e-01	-2.394662170605348084e-01	1.657150430846841549e-01	-1.534357727644819480e-01	1.943713495560639715e-01	-2.979252318672417355e-01	2.156722193943728938e-01	-8.513233728159853853e-02	1.235805220978439950e-01	-1.502423342345939883e-01	1.662833226416136345e-01	-1.666436295283429403e-01	7.755289979735044414e-02	-1.415606183907589521e-01	1.049989309706925306e-01	-1.474868962148264406e-01	1.174499075807495102e-01	-9.246573627336630852e-02	2.418343692482026117e-02	-2.350757660620877640e-02	1.432214913207478790e-01	-1.101712910612253210e-01	8.040178436220023206e-02
-1.319100487520440401e-01	1.327972829881336470e-01	-1.622667872459701566e-01	1.777472520465919470e-01	-2.297638643995778551e-01	1.151206879619867396e-01	-1.245010744581298567e-01	1.843806845188739885e-01	-6.015721022589640699e-01	2.538713432321626495e-01	-1.194312510328032761e-01	1.475779498514414312e-01	-2.394662170605348084e-01	9.999999999999980016e-01	-4.331738685602607997e-01	1.120942985853956991e-01	-1.585923011596467036e-01	2.254015342677515576e-01	-4.897185194545567999e-01	1.066724893910315219e-01	-9.311559974484794056e-02	1.204335710310507623e-01	-1.574837012089773947e-01	1.927356287579742866e-01	-9.707113099987088600e-02	1.156218618029929424e-01	-8.687848615174038891e-02	1.395983655711555138e-01	-1.287148500710025845e-01	9.703691952868173654e-02	-2.025959018482743901e-02	1.970479299399965911e-02	-1.431062108930640508e-01	1.134304700550003014e-01	-8.528706232719614200e-02
1.269878118663733957e-01	-1.324319151866319433e-01	1.472743923235191876e-01	-1.782687434742129817e-01	2.698211809573767272e-01	-1.080864559154501303e-01	1.141839707844519436e-01	-1.584557274163028717e-01	2.778622050212233296e-01	-7.246391747143944295e-01	1.060177438868192684e-01	-1.318806941866464966e-01	1.657150430846841549e-01	-4.331738685602607997e-01	9.999999999999984457e-01	-9.748828595119186924e-02	1.265004842612257319e-01	-1.657724052977371798e-01	2.089894030127581737e-01	-1.542006074299918372e-01	8.100588482239064192e-02	-1.051436461393567418e-01	1.217487560604593316e-01	-1.558785700211532121e-01	1.227671396966452388e-01	-1.038199003369987272e-01	7.588207028069626769e-02	-1.161129044698050727e-01	1.047672555158769142e-01	-9.370348365476230401e-02	1.794225855313915166e-02	-1.747320444147647603e-02	1.229525359245646071e-01	-1.003395065383601431e-01	8.068727583299888095e-02
-1.352583446103841625e-01	1.144722330445490377e-01	-9.925733728710571524e-02	9.175141129818668861e-02	-1.235843469109002141e-01	1.440233759209920139e-01	-1.257784170848322280e-01	1.209184711870050499e-01	-1.417777343777777976e-01	8.527600441970108192e-02	-2.779115254691799652e-01	1.992295442750691703e-01	-1.534357727644819480e-01	1.120942985853956991e-01	-9.748828595119186924e-02	9.999999999999956701e-01	-4.836205055523021268e-01	1.830611452555250263e-01	-1.585191135990691724e-01	5.717355192597060876e-02	-7.009266014373393139e-01	2.825072074896253782e-01	-1.417799986258486133e-01	1.187424709090785790e-01	-5.416621566199555926e-02	2.254262334177488669e-01	-1.922606264711291535e-01	1.196536951768003981e-01	-9.317465006528502514e-02	6.857607188371173113e-02	-3.878418141799022667e-02	3.688016964537516040e-02	-1.232995734911190022e-01	8.477240571950306336e-02	-6.200746324498396939e-02
1.492678348362591889e-01	-1.366059705884851982e-01	1.228503322634621614e-01	-1.173449891144850155e-01	1.535961831228430663e-01	-1.498085931546641325e-01	1.383041477191852553e-01	-1.569712379477204711e-01	1.795170536644050407e-01	-1.131156018178846451e-01	1.976618758851079183e-01	-2.401211542704087820e-01	1.943713495560639715e-01	-1.585923011596467036e-01	1.265004842612257319e-01	-4.836205055523021268e-01	9.999999999999974465e-01	-4.209834064100683171e-01	2.224673767939099878e-01	-7.974811310569882017e-02	2.916750772786732004e-01	-4.965779934817949326e-01	2.064615288919760261e-01	-1.794829091921400777e-01	7.363395331696692692e-02	-3.147105195905071096e-01	2.329672375196969458e-01	-1.839813783566431049e-01	1.317422563622465959e-01	-9.825973995991549303e-02	4.742380093400201668e-02	-4.659022386945518845e-02	1.639511327665833518e-01	-1.218260182595639757e-01	8.624051487500267177e-02
-1.392352937805910462e-01	1.314048227281154058e-01	-1.413964429154521418e-01	1.351619479464561402e-01	-1.748387554171867420e-01	1.265183428214154693e-01	-1.320586605272147662e-01	1.839332518241900971e-01	-2.422594563893208097e-01	1.387306063696161496e-01	-1.479448403282881408e-01	1.770885771969774869e-01	-2.979252318672417355e-01	2.254015342677515576e-01	-1.657724052977371798e-01	1.830611452555250263e-01	-4.209834064100683171e-01	9.999999999999996669e-01	-5.252646144930283034e-01	9.805914684237322654e-02	-1.501552803018802174e-01	1.980418266224904800e-01	-4.718310390932400344e-01	2.423185419034003807e-01	-9.180568678734997434e-02	1.701208853662414255e-01	-1.387657504068140202e-01	2.486722871940858781e-01	-1.835034647204380753e-01	1.206353531574280713e-01	-3.059430501292533661e-02	2.969896549911127739e-02	-2.196248177883712849e-01	1.543672213444531593e-01	-1.087726320327885021e-01
1.401467429106533491e-01	-1.380408178584094647e-01	1.436298963345500890e-01	-1.502682830604586683e-01	1.902375553771932237e-01	-1.260819795539152299e-01	1.293366503204508577e-01	-1.810532179613168480e-01	2.773688972788913021e-01	-1.851663474565461709e-01	1.352081438379652556e-01	-1.681608533042520115e-01	2.156722193943728938e-01	-4.897185194545567999e-01	2.089894030127581737e-01	-1.585191135990691724e-01	2.224673767939099878e-01	-5.252646144930283034e-01	1.000000000000001998e+00	-1.318106212226624607e-01	1.269788612003729944e-01	-1.757398245643001233e-01	2.461065522687057860e-01	-4.013923328710778393e-01	1.135796261739215884e-01	-1.646302435056801183e-01	1.228367420932566095e-01	-2.287716767030112952e-01	2.055889572028454793e-01	-1.417516881110185423e-01	2.809537242501746607e-02	-2.746599356842387152e-02	2.056036538991883600e-01	-1.759717888859757828e-01	1.217185549944958672e-01
-6.739438917669066109e-02	6.331307041464741270e-02	-6.917673573405255794e-02	7.086972800818713836e-02	-1.113309489527532226e-01	5.501483180135394169e-02	-5.828688130330215295e-02	7.293715392231824024e-02	-1.203633238866239075e-01	1.108524292855876947e-01	-5.750252782354955267e-02	6.753470257195327842e-02	-8.513233728159853853e-02	1.066724893910315219e-01	-1.542006074299918372e-01	5.717355192597060876e-02	-7.974811310569882017e-02	9.805914684237322654e-02	-1.318106212226624607e-01	9.999999999999986677e-01	-4.931837149528185693e-02	6.380820691787983390e-02	-9.733793025056845793e-02	1.218270155888192402e-01	-9.172104952223137930e-01	6.374157398966813493e-02	-4.946178416797511468e-02	9.562338008363466257e-02	-1.134612751777239747e-01	1.886019745235892331e-01	-1.240313978428373397e-02	1.203997328590884069e-02	-1.448682844213115550e-01	1.182145873683478760e-01	-1.786588497388935937e-01
1.091482117771164634e-01	-9.604996878179807018e-02	8.220724204105388233e-02	-7.686355515681402018e-02	1.032231487831343081e-01	-1.178955638011408708e-01	1.005610362050134154e-01	-1.009413869867537561e-01	1.165999655997778245e-01	-7.155478197758595449e-02	1.703935314413905222e-01	-1.664906429364869378e-01	1.235805220978439950e-01	-9.311559974484794056e-02	8.100588482239064192e-02	-7.009266014373393139e-01	2.916750772786732004e-01	-1.501552803018802174e-01	1.269788612003729944e-01	-4.931837149528185693e-02	9.999999999999977796e-01	-4.801331972882200705e-01	1.199252267492701557e-01	-1.037200918428200919e-01	4.640520813609023271e-02	-3.618715593399710606e-01	2.388701064051536038e-01	-1.098645413140750954e-01	8.115747733630850058e-02	-6.044576383932506042e-02	4.533873477541607716e-02	-4.391477704241131264e-02	1.069852414002050167e-01	-7.484925018915536410e-02	5.412514442813984306e-02
-1.248988481994015992e-01	1.063701047303146074e-01	-1.003363531988008678e-01	9.366654005066450683e-02	-1.306594496345456213e-01	1.135812197762015308e-01	-1.105653584334640449e-01	1.171913236514051104e-01	-1.530815146115532266e-01	9.090612154479363327e-02	-1.571040301203774081e-01	1.554931557629874450e-01	-1.502423342345939883e-01	1.204335710310507623e-01	-1.051436461393567418e-01	2.825072074896253782e-01	-4.965779934817949326e-01	1.980418266224904800e-01	-1.757398245643001233e-01	6.380820691787983390e-02	-4.801331972882200705e-01	9.999999999999985567e-01	-1.743794541770701534e-01	1.359787320713123360e-01	-6.079778664268672972e-02	3.167596492272038988e-01	-5.310418632322363441e-01	1.524485494210485736e-01	-1.110642612385103895e-01	7.937951362652970189e-02	-7.351063184280141882e-02	6.931827129166752421e-02	-1.495976699432175205e-01	9.983408409708849351e-02	-7.236984977823629483e-02
1.108111922155992080e-01	-1.047997138612555418e-01	1.051966581172554954e-01	-1.028991496170291592e-01	1.366316485243763146e-01	-9.936315004273565954e-02	1.008348514805908758e-01	-1.328968598234721299e-01	1.704971400310467400e-01	-1.069269682418661771e-01	1.111682358248376468e-01	-1.341919247554952954e-01	1.662833226416136345e-01	-1.574837012089773947e-01	1.217487560604593316e-01	-1.417799986258486133e-01	2.064615288919760261e-01	-4.718310390932400344e-01	2.461065522687057860e-01	-9.733793025056845793e-02	1.199252267492701557e-01	-1.743794541770701534e-01	9.999999999999975575e-01	-3.365332812645169813e-01	8.905964574921712562e-02	-1.682200539020391461e-01	1.403924966225729709e-01	-6.669067025954956707e-01	2.367413540063013910e-01	-1.532272866897529950e-01	3.034836626300673607e-02	-2.990602556339762991e-02	2.612442681623384777e-01	-2.108127720877898126e-01	1.305798499026171733e-01
-1.182653979610699124e-01	1.088799017507043471e-01	-1.177771372071140937e-01	1.156700344644720491e-01	-1.643294738011264466e-01	9.938617782743733309e-02	-1.047876427413645811e-01	1.324545390255222888e-01	-2.235222850420391649e-01	1.283072693359879612e-01	-1.093286400478735571e-01	1.269274935606435062e-01	-1.666436295283429403e-01	1.927356287579742866e-01	-1.558785700211532121e-01	1.187424709090785790e-01	-1.794829091921400777e-01	2.423185419034003807e-01	-4.013923328710778393e-01	1.218270155888192402e-01	-1.037200918428200919e-01	1.359787320713123360e-01	-3.365332812645169813e-01	9.999999999999993339e-01	-1.232096556273186011e-01	1.337066854309882924e-01	-1.107595832839004119e-01	2.742835352622007838e-01	-6.254244506325494779e-01	1.994048348873154741e-01	-2.709734613902871694e-02	2.628891058351894711e-02	-3.596268629187198695e-01	2.728298201726420680e-01	-2.005923027609523568e-01
6.268135894665111119e-02	-5.968077244365477957e-02	6.267079129238982416e-02	-6.492908175275080573e-02	9.801848318044881214e-02	-5.169433236983424218e-02	5.413856117222155123e-02	-6.762786493574285407e-02	1.056823363649929542e-01	-1.040981432967589132e-01	5.355226983703918753e-02	-6.359522309299632525e-02	7.755289979735044414e-02	-9.707113099987088600e-02	1.227671396966452388e-01	-5.416621566199555926e-02	7.363395331696692692e-02	-9.180568678734997434e-02	1.135796261739215884e-01	-9.172104952223137930e-01	4.640520813609023271e-02	-6.079778664268672972e-02	8.905964574921712562e-02	-1.232096556273186011e-01	9.999999999999992228e-01	-6.121813268991833923e-02	4.675862150411568691e-02	-9.097605783481163555e-02	1.089379008934897863e-01	-2.494783193788223385e-01	1.161599319076359570e-02	-1.130248710046086007e-02	1.281399662579376653e-01	-1.177791713969697091e-01	1.638114267258067303e-01
-1.226184304926081908e-01	1.026166657497264850e-01	-9.837901554326522469e-02	9.158420131356816152e-02	-1.311159755501466462e-01	1.062620258339038032e-01	-1.057495609048933749e-01	1.113793533960450860e-01	-1.512168325559931359e-01	8.941673018759134506e-02	-1.421060156353493587e-01	1.395717750201403984e-01	-1.415606183907589521e-01	1.156218618029929424e-01	-1.038199003369987272e-01	2.254262334177488669e-01	-3.147105195905071096e-01	1.701208853662414255e-01	-1.646302435056801183e-01	6.374157398966813493e-02	-3.618715593399710606e-01	3.167596492272038988e-01	-1.682200539020391461e-01	1.337066854309882924e-01	-6.121813268991833923e-02	9.999999999999994449e-01	-7.399849494223239565e-01	1.592372679130276691e-01	-1.138857399796486952e-01	8.069187898871803266e-02	-1.093888610966715358e-01	9.873281176992027008e-02	-1.588947837241917738e-01	1.022601595506914124e-01	-7.438219534324493065e-02
8.876311754967820822e-02	-7.709346287713200740e-02	7.197242344217470722e-02	-6.775096065296844217e-02	9.453146965717541816e-02	-8.091222680455875671e-02	7.810138559812514203e-02	-8.417734112335620300e-02	1.091652260215433407e-01	-6.618611874944083096e-02	1.053560365577305841e-01	-1.096425830660362893e-01	1.049989309706925306e-01	-8.687848615174038891e-02	7.588207028069626769e-02	-1.922606264711291535e-01	2.329672375196969458e-01	-1.387657504068140202e-01	1.228367420932566095e-01	-4.946178416797511468e-02	2.388701064051536038e-01	-5.310418632322363441e-01	1.403924966225729709e-01	-1.107595832839004119e-01	4.675862150411568691e-02	-7.399849494223239565e-01	9.999999999999976685e-01	-1.667768464110272464e-01	9.386521653197073267e-02	-6.581104492397840677e-02	1.092272608744273565e-01	-1.224094079398548862e-01	1.251598574013757237e-01	-8.482753348719791753e-02	5.924689197283861813e-02
-1.020659438871297509e-01	9.375971073845544568e-02	-9.734948128208299745e-02	9.401416911373147722e-02	-1.305007564787205032e-01	8.800701749423356368e-02	-9.111556832911686665e-02	1.140491327940480470e-01	-1.656365476502991707e-01	9.907244505867740525e-02	-9.980256503648257671e-02	1.151910162579047603e-01	-1.474868962148264406e-01	1.395983655711555138e-01	-1.161129044698050727e-01	1.196536951768003981e-01	-1.839813783566431049e-01	2.486722871940858781e-01	-2.287716767030112952e-01	9.562338008363466257e-02	-1.098645413140750954e-01	1.524485494210485736e-01	-6.669067025954956707e-01	2.742835352622007838e-01	-9.097605783481163555e-02	1.592372679130276691e-01	-1.667768464110272464e-01	9.999999999999991118e-01	-3.580063018672957620e-01	1.641723140828840466e-01	-3.281651790429183230e-02	3.212644356492627695e-02	-4.626310524986202433e-01	2.431798355001333900e-01	-1.531812251786549006e-01
8.662865666829445976e-02	-8.064061987531974396e-02	8.305030336710984840e-02	-8.175382052191616788e-02	1.144234696990804601e-01	-7.407025228818411855e-02	7.654251939800109372e-02	-9.613904631883492258e-02	1.435659461851978014e-01	-9.015893010139200414e-02	8.103223357816104200e-02	-9.537962955952762611e-02	1.174499075807495102e-01	-1.287148500710025845e-01	1.047672555158769142e-01	-9.317465006528502514e-02	1.317422563622465959e-01	-1.835034647204380753e-01	2.055889572028454793e-01	-1.134612751777239747e-01	8.115747733630850058e-02	-1.110642612385103895e-01	2.367413540063013910e-01	-6.254244506325494779e-01	1.089379008934897863e-01	-1.138857399796486952e-01	9.386521653197073267e-02	-3.580063018672957620e-01	9.999999999999992228e-01	-2.931248323159054148e-01	2.234944559049286544e-02	-2.190527805350141188e-02	3.060940831120205763e-01	-5.084109596895736161e-01	2.310691985341406240e-01
-7.196808878236461704e-02	6.566376329841079607e-02	-6.922282990994736707e-02	6.777081916574620446e-02	-1.003309977706869638e-01	5.922832961731663154e-02	-6.216179319144787135e-02	7.589325619883358076e-02	-1.186073601882949718e-01	7.876056459264141330e-02	-6.414027070073684278e-02	7.417856176659323730e-02	-9.246573627336630852e-02	9.703691952868173654e-02	-9.370348365476230401e-02	6.857607188371173113e-02	-9.825973995991549303e-02	1.206353531574280713e-01	-1.417516881110185423e-01	1.886019745235892331e-01	-6.044576383932506042e-02	7.937951362652970189e-02	-1.532272866897529950e-01	1.994048348873154741e-01	-2.494783193788223385e-01	8.069187898871803266e-02	-6.581104492397840677e-02	1.641723140828840466e-01	-2.931248323159054148e-01	9.999999999999993339e-01	-1.717367370141556493e-02	1.669300232047126603e-02	-2.949941390079814929e-01	2.804484444769697049e-01	-7.986499139753368004e-01
2.079367316706671326e-02	-1.814680631006920786e-02	1.695471178442313487e-02	-1.600566357092808589e-02	2.253010538526737522e-02	-1.857479341923912175e-02	1.810297211020942681e-02	-1.961755978588332339e-02	2.560999587314701301e-02	-1.570356446116953283e-02	2.341870100753551051e-02	-2.479615708077416436e-02	2.418343692482026117e-02	-2.025959018482743901e-02	1.794225855313915166e-02	-3.878418141799022667e-02	4.742380093400201668e-02	-3.059430501292533661e-02	2.809537242501746607e-02	-1.240313978428373397e-02	4.533873477541607716e-02	-7.351063184280141882e-02	3.034836626300673607e-02	-2.709734613902871694e-02	1.161599319076359570e-02	-1.093888610966715358e-01	1.092272608744273565e-01	-3.281651790429183230e-02	2.234944559049286544e-02	-1.717367370141556493e-02	9.999999999999986677e-01	-9.850015334253571231e-01	3.387525448897442393e-02	-2.266224473397267930e-02	1.517996788890077844e-02
-2.015747734015933476e-02	1.752906783363493426e-02	-1.646891419028225986e-02	1.553160200096792738e-02	-2.191836457148097286e-02	1.790727124943953044e-02	-1.752715989123287618e-02	1.899658684216824073e-02	-2.498126669628072949e-02	1.525990143177986119e-02	-2.263930691894683669e-02	2.384189384905760142e-02	-2.350757660620877640e-02	1.970479299399965911e-02	-1.747320444147647603e-02	3.688016964537516040e-02	-4.659022386945518845e-02	2.969896549911127739e-02	-2.746599356842387152e-02	1.203997328590884069e-02	-4.391477704241131264e-02	6.931827129166752421e-02	-2.990602556339762991e-02	2.628891058351894711e-02	-1.130248710046086007e-02	9.873281176992027008e-02	-1.224094079398548862e-01	3.212644356492627695e-02	-2.190527805350141188e-02	1.669300232047126603e-02	-9.850015334253571231e-01	9.999999999999988898e-01	-3.391178596746489970e-02	2.212281553296691072e-02	-1.482790183182636917e-02
1.118954886405565674e-01	-1.047001766796214206e-01	1.029005700715736188e-01	-1.009323081877934181e-01	1.410666773292318932e-01	-9.621333824911730559e-02	9.779928584422895033e-02	-1.201856078351755536e-01	1.653958291557161564e-01	-1.084674804923070890e-01	1.041129903985810179e-01	-1.235711267730621732e-01	1.432214913207478790e-01	-1.431062108930640508e-01	1.229525359245646071e-01	-1.232995734911190022e-01	1.639511327665833518e-01	-2.196248177883712849e-01	2.056036538991883600e-01	-1.448682844213115550e-01	1.069852414002050167e-01	-1.495976699432175205e-01	2.612442681623384777e-01	-3.596268629187198695e-01	1.281399662579376653e-01	-1.588947837241917738e-01	1.251598574013757237e-01	-4.626310524986202433e-01	3.060940831120205763e-01	-2.949941390079814929e-01	3.387525448897442393e-02	-3.391178596746489970e-02	9.999999999999986677e-01	-5.942507766512327150e-01	2.399579323540621534e-01
-8.357534738535293828e-02	7.652343568069749913e-02	-7.976375938251767383e-02	7.773497641843221673e-02	-1.121092761718548853e-01	6.987532717460150089e-02	-7.285483701719140670e-02	8.951757243755274762e-02	-1.374035250825668131e-01	8.525864434616584053e-02	-7.644172757689349229e-02	8.866755235787804335e-02	-1.101712910612253210e-01	1.134304700550003014e-01	-1.003395065383601431e-01	8.477240571950306336e-02	-1.218260182595639757e-01	1.543672213444531593e-01	-1.759717888859757828e-01	1.182145873683478760e-01	-7.484925018915536410e-02	9.983408409708849351e-02	-2.108127720877898126e-01	2.728298201726420680e-01	-1.177791713969697091e-01	1.022601595506914124e-01	-8.482753348719791753e-02	2.431798355001333900e-01	-5.084109596895736161e-01	2.804484444769697049e-01	-2.266224473397267930e-02	2.212281553296691072e-02	-5.942507766512327150e-01	9.999999999999986677e-01	-4.428337196675975473e-01
6.307082199266758615e-02	-5.831581174621067870e-02	5.994237745332309936e-02	-5.909975589223971648e-02	8.592316241421182887e-02	-5.261638262558235302e-02	5.463516274504635895e-02	-6.695828432705054623e-02	1.006591481504263280e-01	-6.937757417986914477e-02	5.659827684162202499e-02	-6.624993969123213478e-02	8.040178436220023206e-02	-8.528706232719614200e-02	8.068727583299888095e-02	-6.200746324498396939e-02	8.624051487500267177e-02	-1.087726320327885021e-01	1.217185549944958672e-01	-1.786588497388935937e-01	5.412514442813984306e-02	-7.236984977823629483e-02	1.305798499026171733e-01	-2.005923027609523568e-01	1.638114267258067303e-01	-7.438219534324493065e-02	5.924689197283861813e-02	-1.531812251786549006e-01	2.310691985341406240e-01	-7.986499139753368004e-01	1.517996788890077844e-02	-1.482790183182636917e-02	2.399579323540621534e-01	-4.428337196675975473e-01	9.999999999999986677e-01
