1.000000000000000000e+00	-7.348353885862298762e-01	2.837477499396828806e-01	-3.009468923475589475e-01	1.061024415525661513e-01	-3.077809207417209758e-01	2.743899430474697754e-01	-3.261924520911721470e-01	1.863208117134473596e-01	-1.013639495101502086e-01	2.323545447321749835e-01	-2.294548960087065270e-01	1.633694592164335879e-01	-2.006263818283943456e-01	1.372136611690050467e-01	-8.879253680599134835e-02	9.277736091982152766e-02	-1.689042143577397792e-01	1.334835009888046264e-01	-1.016747917612177005e-01	7.553943938832288763e-02	-8.829134237188859813e-02	1.174376674595127151e-01	-9.497178702759967450e-02	1.238431272306884101e-01	-9.260605373089575432e-02	8.028270903888175269e-02	-1.094309712722193462e-01	5.611043089472774609e-02	-5.406041549607425861e-02	1.282411320249705611e-01	-8.393654876135359100e-02	9.602668132703642834e-02	-4.623740794369456120e-02	5.036365143295323810e-02
-7.348353885862298762e-01	9.999999999999998890e-01	-4.312511910973717555e-01	2.370523006463471916e-01	-8.881497026166443320e-02	2.347311653284149535e-01	-3.756234427641861884e-01	2.479709226217501339e-01	-1.565293133567233208e-01	8.114267875817912645e-02	-2.092142386814651589e-01	1.817844594108213307e-01	-1.358001338634219624e-01	1.524856534427924681e-01	-1.124693892467104051e-01	6.717193916350926164e-02	-7.197127413977325028e-02	1.272861901117547934e-01	-1.085055001404996722e-01	8.086519516014196995e-02	-5.783914032361287677e-02	6.703422641715844899e-02	-9.191664639286781235e-02	7.542901449273674286e-02	-1.005988581961345246e-01	6.992918859428184919e-02	-6.138832380735750882e-02	8.285394670218050595e-02	-4.429965911488325386e-02	4.242128443016213168e-02	-9.920735920028536658e-02	6.400315138487926159e-02	-7.438268450487345307e-02	3.591722340561644133e-02	-3.932435936111797203e-02
2.837477499396828806e-01	-4.312511910973717555e-01	1.000000000000000000e+00	-6.482145510902211916e-01	1.385634624083594835e-01	-1.888149674297883440e-01	2.076596534554892293e-01	-4.616102903612877562e-01	2.594728970788635625e-01	-1.313251557955054105e-01	1.978784825298213201e-01	-1.796046703742753270e-01	1.498127469152987223e-01	-2.243555522504808442e-01	1.472842920843584757e-01	-7.586477428785015631e-02	8.120277386054641777e-02	-1.449783686300588348e-01	1.368899043598382492e-01	-1.047630019808243607e-01	6.589943376284017329e-02	-7.668182438692362768e-02	1.057601436902000924e-01	-9.326836369014496197e-02	1.243962619756166510e-01	-7.994184320571318114e-02	7.033503334923703332e-02	-9.553560906961872101e-02	5.335599641547880689e-02	-5.119030877418481035e-02	1.130367300787183810e-01	-7.344644442610270829e-02	8.529602603327224308e-02	-4.215644825970157883e-02	4.605371395149618352e-02
-3.009468923475589475e-01	2.370523006463471916e-01	-6.482145510902211916e-01	1.000000000000000666e+00	-2.205900678913151058e-01	1.648877733812066093e-01	-1.871495458605393070e-01	3.125001180448137572e-01	-4.741675366771194722e-01	1.788908249815200635e-01	-2.174466055952782861e-01	1.721422856249490430e-01	-1.622539293632735968e-01	2.537476563681735353e-01	-1.923677496383069396e-01	8.177681829235952660e-02	-8.913406585760599854e-02	1.522721241463818598e-01	-1.727158572313043650e-01	1.283565615357540324e-01	-7.246573309639205152e-02	8.382126897430654255e-02	-1.186656565237877714e-01	1.121808614000418675e-01	-1.551424822466138664e-01	8.720960238031026657e-02	-7.760182502304897867e-02	1.046568193382150097e-01	-6.322252702223124521e-02	6.023133301179952465e-02	-1.264862087012106062e-01	8.119729435542277773e-02	-9.571059539571288854e-02	4.826282408631057258e-02	-5.296509114653417255e-02
1.061024415525661513e-01	-8.881497026166443320e-02	1.385634624083594835e-01	-2.205900678913151058e-01	1.000000000000000444e+00	-8.420635565394843369e-02	8.909536887058734644e-02	-2.033514821608307654e-01	2.277104252679338359e-01	-9.061417143915598826e-01	1.099100824184705144e-01	-1.026774265773124500e-01	9.591324381392425658e-02	-1.955159819715414360e-01	1.321897055393002340e-01	-5.006562299491243428e-02	5.321647526801066841e-02	-9.632914834625862233e-02	1.016964487747129137e-01	-9.582662251019088973e-02	4.370999152469417365e-02	-5.133461050174099177e-02	7.105346380540425444e-02	-6.984903262286595860e-02	9.016833971985503682e-02	-5.341292483517375705e-02	4.700604045616432053e-02	-6.487337365756074004e-02	3.795762890189880584e-02	-3.688616331814808386e-02	7.374306885975520642e-02	-4.906886767924369119e-02	5.642929073797454953e-02	-2.901952764359982256e-02	3.141425979807663943e-02
-3.077809207417209758e-01	2.347311653284149535e-01	-1.888149674297883440e-01	1.648877733812066093e-01	-8.420635565394843369e-02	1.000000000000000888e+00	-6.706776144460095956e-01	2.325440114859771146e-01	-1.447925712537422860e-01	7.630224181017600249e-02	-5.533040272952550742e-01	2.530408793500262266e-01	-1.821668769739784033e-01	1.603761296968712058e-01	-1.272140867501636574e-01	8.750263204774870462e-02	-9.396712549250339774e-02	1.612582365236704673e-01	-1.268390111515511898e-01	9.238061259870042341e-02	-7.402846974133293900e-02	8.502187152074169862e-02	-1.165267552116390770e-01	8.960647915652215911e-02	-1.193670869928646627e-01	8.846146312666494649e-02	-7.771081896923812127e-02	1.038402363684984842e-01	-5.370534749699696492e-02	5.129490601882725348e-02	-1.260537459060627752e-01	8.067097179398556583e-02	-9.408311770125957207e-02	4.446940218441709780e-02	-4.882119975459252303e-02
2.743899430474697754e-01	-3.756234427641861884e-01	2.076596534554892293e-01	-1.871495458605393070e-01	8.909536887058734644e-02	-6.706776144460095956e-01	1.000000000000000222e+00	-3.197783031301363876e-01	1.605420584244116600e-01	-8.212891389422535826e-02	2.998784986279637854e-01	-3.902321309521100123e-01	2.026042072280954121e-01	-1.778331229775061140e-01	1.290165989674178504e-01	-8.740807119043655926e-02	9.379198059964734269e-02	-1.779181672575488038e-01	1.281884831719334872e-01	-9.453566683773986790e-02	7.377717539464126451e-02	-8.576273416659571658e-02	1.188988042163508507e-01	-9.084064613132419863e-02	1.189732977404481667e-01	-8.871308126667298843e-02	7.794424536387029034e-02	-1.060368318922556841e-01	5.374392638108550779e-02	-5.148820785874881623e-02	1.227856932372878157e-01	-8.025571534327544110e-02	9.265889237356132735e-02	-4.411939705932300948e-02	4.821567275988464241e-02
-3.261924520911721470e-01	2.479709226217501339e-01	-4.616102903612877562e-01	3.125001180448137572e-01	-2.033514821608307654e-01	2.325440114859771146e-01	-3.197783031301363876e-01	1.000000000000000444e+00	-4.645387562792249181e-01	1.724894790925126931e-01	-3.252791000186203707e-01	2.377091407785247301e-01	-2.380067772207707377e-01	2.873689468732656405e-01	-2.431260326748301004e-01	1.101346255049190787e-01	-1.216372063774206203e-01	2.044554469171744882e-01	-2.254572393737828695e-01	1.625292530911492395e-01	-9.802556589962087286e-02	1.126635016769053504e-01	-1.611494600165523927e-01	1.470654213243363650e-01	-2.062104786468082207e-01	1.170850064060605517e-01	-1.046924938004100691e-01	1.398833565237682097e-01	-8.424069865662302259e-02	7.989120254948220423e-02	-1.729064781602158152e-01	1.094832411579106518e-01	-1.302478878173720378e-01	6.485051619074089224e-02	-7.148466312110943188e-02
1.863208117134473596e-01	-1.565293133567233208e-01	2.594728970788635625e-01	-4.741675366771194722e-01	2.277104252679338359e-01	-1.447925712537422860e-01	1.605420584244116600e-01	-4.645387562792249181e-01	1.000000000000002442e+00	-2.964997818400494922e-01	1.894171800193503452e-01	-1.802058312350924008e-01	1.813233602196178407e-01	-5.684562850866636818e-01	2.028900189524752984e-01	-8.055749550492995181e-02	8.726488151697020523e-02	-1.626192900503176109e-01	1.753277552973185049e-01	-1.423775446627112140e-01	7.052131710191204828e-02	-8.249743037983271743e-02	1.177008468528766283e-01	-1.153090871890816854e-01	1.494261669438425588e-01	-8.517494948628104301e-02	7.571878617552320334e-02	-1.042121121329792899e-01	6.191088788271380955e-02	-5.965644349898153315e-02	1.187650324231741550e-01	-7.844247113728931853e-02	9.108493028643546707e-02	-4.670459355177303956e-02	5.077066364838911383e-02
-1.013639495101502086e-01	8.114267875817912645e-02	-1.313251557955054105e-01	1.788908249815200635e-01	-9.061417143915598826e-01	7.630224181017600249e-02	-8.212891389422535826e-02	1.724894790925126931e-01	-2.964997818400494922e-01	1.000000000000001554e+00	-1.041325507429133185e-01	9.244378039035702765e-02	-8.981882054404526083e-02	1.765257745999629646e-01	-1.440301133569659997e-01	4.596660937261121821e-02	-4.934739458405948409e-02	8.773720982284907710e-02	-1.009192172640345359e-01	9.296477671893384198e-02	-4.045447069948499008e-02	4.735598012104095395e-02	-6.657606628070937560e-02	6.716629066049722985e-02	-8.895786341517489260e-02	4.917933094648874182e-02	-4.354295849336805441e-02	5.986789883238106957e-02	-3.632817791994268769e-02	3.511446157727303452e-02	-6.872296504328254119e-02	4.543173694570754040e-02	-5.265861212432332988e-02	2.728927015010764595e-02	-2.963092856239962769e-02
2.323545447321749835e-01	-2.092142386814651589e-01	1.978784825298213201e-01	-2.174466055952782861e-01	1.099100824184705144e-01	-5.533040272952550742e-01	2.998784986279637854e-01	-3.252791000186203707e-01	1.894171800193503452e-01	-1.041325507429133185e-01	1.000000000000000666e+00	-4.119906225759919494e-01	2.446268119835534327e-01	-2.466740279032529626e-01	1.765455361790144728e-01	-1.549262988864170409e-01	1.522494033599149643e-01	-2.761147027950557886e-01	1.807110386677298619e-01	-1.355742253275134535e-01	1.235033495470194004e-01	-1.441679906452280890e-01	1.819209463216375500e-01	-1.341007902178346645e-01	1.708458426022650412e-01	-1.519783392711382963e-01	1.290995662100245800e-01	-1.761328559276227335e-01	8.217120057551174916e-02	-7.941512552205945430e-02	2.034518059634233544e-01	-1.348345634333150134e-01	1.511745127072998685e-01	-7.081914930196517299e-02	7.686281851437162804e-02
-2.294548960087065270e-01	1.817844594108213307e-01	-1.796046703742753270e-01	1.721422856249490430e-01	-1.026774265773124500e-01	2.530408793500262266e-01	-3.902321309521100123e-01	2.377091407785247301e-01	-1.802058312350924008e-01	9.244378039035702765e-02	-4.119906225759919494e-01	9.999999999999990008e-01	-6.320104634920314934e-01	2.285546016585409679e-01	-1.805422417955602765e-01	1.266586013959351276e-01	-1.509454958339988828e-01	2.767776204490812186e-01	-1.866394441477807753e-01	1.304382521553875685e-01	-1.095286064993217928e-01	1.250614653935460951e-01	-1.959940777321456939e-01	1.313580806011558633e-01	-1.724999107536007714e-01	1.257958802212065241e-01	-1.149853992238026729e-01	1.527793449432946482e-01	-7.769428305543325808e-02	7.358018139578680061e-02	-1.793418552477919203e-01	1.149370319387172518e-01	-1.369450027390686220e-01	6.344071881068166774e-02	-6.992614491006435284e-02
1.633694592164335879e-01	-1.358001338634219624e-01	1.498127469152987223e-01	-1.622539293632735968e-01	9.591324381392425658e-02	-1.821668769739784033e-01	2.026042072280954121e-01	-2.380067772207707377e-01	1.813233602196178407e-01	-8.981882054404526083e-02	2.446268119835534327e-01	-6.320104634920314934e-01	1.000000000000000444e+00	-3.269903761400673736e-01	1.732346156566593465e-01	-1.313300534992308533e-01	1.494277436227313127e-01	-5.335693037672528671e-01	1.814468829758781598e-01	-1.304842268786875759e-01	1.073731303347717769e-01	-1.282205197571589794e-01	2.038087115066855581e-01	-1.313760690177503410e-01	1.603492710132665700e-01	-1.251498127289902562e-01	1.138880186586260918e-01	-1.644105570564814711e-01	7.434493277090592489e-02	-7.117137618713592628e-02	1.592363827491560524e-01	-1.101631306652017667e-01	1.257780972307104839e-01	-5.936601483543860192e-02	6.440639047081588020e-02
-2.006263818283943456e-01	1.524856534427924681e-01	-2.243555522504808442e-01	2.537476563681735353e-01	-1.955159819715414360e-01	1.603761296968712058e-01	-1.778331229775061140e-01	2.873689468732656405e-01	-5.684562850866636818e-01	1.765257745999629646e-01	-2.466740279032529626e-01	2.285546016585409679e-01	-3.269903761400673736e-01	1.000000000000000444e+00	-4.006110436885119142e-01	1.098188430057704945e-01	-1.220434802891646880e-01	2.251680218158950697e-01	-3.186290806074540960e-01	2.283251524357992057e-01	-9.757492540082864096e-02	1.139776622028248615e-01	-1.715579112629514735e-01	1.812949221576544423e-01	-2.415467208672715527e-01	1.165317622578930790e-01	-1.052279429552235024e-01	1.450935731525022920e-01	-9.371256789993462344e-02	8.943588838951069264e-02	-1.626476787018955594e-01	1.079929618285592752e-01	-1.265422071911321833e-01	6.688649702655952156e-02	-7.281618934139919008e-02
1.372136611690050467e-01	-1.124693892467104051e-01	1.472842920843584757e-01	-1.923677496383069396e-01	1.321897055393002340e-01	-1.272140867501636574e-01	1.290165989674178504e-01	-2.431260326748301004e-01	2.028900189524752984e-01	-1.440301133569659997e-01	1.765455361790144728e-01	-1.805422417955602765e-01	1.732346156566593465e-01	-4.006110436885119142e-01	1.000000000000000000e+00	-1.077412506058595537e-01	1.106558924106565839e-01	-2.080186625519334920e-01	2.829169176435728517e-01	-7.051159892521833283e-01	9.419509337786623193e-02	-1.138284148970154924e-01	1.569186631984656466e-01	-2.103807486037927166e-01	2.459359669842652862e-01	-1.179553994647514620e-01	1.032446498945902152e-01	-1.496860586316455799e-01	9.719462809968122674e-02	-9.934781838408793253e-02	1.502729000155096639e-01	-1.073721264159077787e-01	1.191861211437268420e-01	-6.861969060793404740e-02	7.197859538184722683e-02
-8.879253680599134835e-02	6.717193916350926164e-02	-7.586477428785015631e-02	8.177681829235952660e-02	-5.006562299491243428e-02	8.750263204774870462e-02	-8.740807119043655926e-02	1.101346255049190787e-01	-8.055749550492995181e-02	4.596660937261121821e-02	-1.549262988864170409e-01	1.266586013959351276e-01	-1.313300534992308533e-01	1.098188430057704945e-01	-1.077412506058595537e-01	1.000000000000000222e+00	-7.818356122177920753e-01	2.006154349097552525e-01	-1.250362450117391000e-01	8.442726950911566552e-02	-4.246160066629047769e-01	2.633207893407228939e-01	-1.885492705387953327e-01	1.001334568737770186e-01	-1.257073062162035459e-01	2.311296276618139967e-01	-1.896110950033532139e-01	1.735745451440724452e-01	-6.806015652490328416e-02	6.410624296102407360e-02	-2.269994216760200800e-01	1.506720194782911748e-01	-1.642798223377132105e-01	6.481414960909227807e-02	-7.118759971674618048e-02
9.277736091982152766e-02	-7.197127413977325028e-02	8.120277386054641777e-02	-8.913406585760599854e-02	5.321647526801066841e-02	-9.396712549250339774e-02	9.379198059964734269e-02	-1.216372063774206203e-01	8.726488151697020523e-02	-4.934739458405948409e-02	1.522494033599149643e-01	-1.509454958339988828e-01	1.494277436227313127e-01	-1.220434802891646880e-01	1.106558924106565839e-01	-7.818356122177920753e-01	1.000000000000000222e+00	-2.913897293650010711e-01	1.294286560225098581e-01	-8.881219775407016293e-02	2.740105458859734555e-01	-3.440818491072872298e-01	2.006051798274923748e-01	-1.063663324606549387e-01	1.276527039802767827e-01	-2.488747466178828083e-01	1.950375973469135882e-01	-1.986865276970205818e-01	7.067846247134108861e-02	-6.747250456432944687e-02	2.059616135756640320e-01	-1.605840229582737311e-01	1.606507496311671279e-01	-6.593174358755758691e-02	7.093988060891862069e-02
-1.689042143577397792e-01	1.272861901117547934e-01	-1.449783686300588348e-01	1.522721241463818598e-01	-9.632914834625862233e-02	1.612582365236704673e-01	-1.779181672575488038e-01	2.044554469171744882e-01	-1.626192900503176109e-01	8.773720982284907710e-02	-2.761147027950557886e-01	2.767776204490812186e-01	-5.335693037672528671e-01	2.251680218158950697e-01	-2.080186625519334920e-01	2.006154349097552525e-01	-2.913897293650010711e-01	1.000000000000000888e+00	-2.683192462285352575e-01	1.623620890704670916e-01	-1.703322956666609433e-01	1.982166567295162996e-01	-4.658004090168559874e-01	1.912675076987713774e-01	-2.287960009400257788e-01	1.831449778512983795e-01	-1.795370406997384982e-01	2.470971780932848805e-01	-1.085895109992864871e-01	1.016354091116494357e-01	-2.392956355158616100e-01	1.625361010195568445e-01	-1.935488913194925165e-01	8.654468446198247678e-02	-9.485219242612548396e-02
1.334835009888046264e-01	-1.085055001404996722e-01	1.368899043598382492e-01	-1.727158572313043650e-01	1.016964487747129137e-01	-1.268390111515511898e-01	1.281884831719334872e-01	-2.254572393737828695e-01	1.753277552973185049e-01	-1.009192172640345359e-01	1.807110386677298619e-01	-1.866394441477807753e-01	1.814468829758781598e-01	-3.186290806074540960e-01	2.829169176435728517e-01	-1.250362450117391000e-01	1.294286560225098581e-01	-2.683192462285352575e-01	1.000000000000000444e+00	-4.784447252765470782e-01	1.115458752889222638e-01	-1.384004130210518269e-01	2.114471968797169976e-01	-5.651729523231521224e-01	3.236444468361796001e-01	-1.390693688365203795e-01	1.250631016810102025e-01	-1.919327048304867167e-01	1.461313469573211066e-01	-1.490175129012977495e-01	1.687174912085495915e-01	-1.267562899674997134e-01	1.396237550299367913e-01	-8.937633231399327860e-02	9.156942934012461677e-02
-1.016747917612177005e-01	8.086519516014196995e-02	-1.047630019808243607e-01	1.283565615357540324e-01	-9.582662251019088973e-02	9.238061259870042341e-02	-9.453566683773986790e-02	1.625292530911492395e-01	-1.423775446627112140e-01	9.296477671893384198e-02	-1.355742253275134535e-01	1.304382521553875685e-01	-1.304842268786875759e-01	2.283251524357992057e-01	-7.051159892521833283e-01	8.442726950911566552e-02	-8.881219775407016293e-02	1.623620890704670916e-01	-4.784447252765470782e-01	9.999999999999995559e-01	-7.625564984012396519e-02	9.257168753623709612e-02	-1.412149190321191905e-01	2.455437869023710251e-01	-3.800154983469489767e-01	9.416697508805828287e-02	-8.499639735171124477e-02	1.252385773624715426e-01	-1.043480815633074099e-01	1.034510721318339654e-01	-1.196939738566918793e-01	8.716587756202637260e-02	-9.840766671915723851e-02	6.252717988109540714e-02	-6.609313050132213652e-02
7.553943938832288763e-02	-5.783914032361287677e-02	6.589943376284017329e-02	-7.246573309639205152e-02	4.370999152469417365e-02	-7.402846974133293900e-02	7.377717539464126451e-02	-9.802556589962087286e-02	7.052131710191204828e-02	-4.045447069948499008e-02	1.235033495470194004e-01	-1.095286064993217928e-01	1.073731303347717769e-01	-9.757492540082864096e-02	9.419509337786623193e-02	-4.246160066629047769e-01	2.740105458859734555e-01	-1.703322956666609433e-01	1.115458752889222638e-01	-7.625564984012396519e-02	9.999999999999982236e-01	-5.905599295228508572e-01	2.007640358597493624e-01	-9.657283066870600563e-02	1.153378970787725250e-01	-5.502243081783229073e-01	2.783713037380060040e-01	-2.193243635330677233e-01	6.879418254885130701e-02	-6.513288426956365118e-02	2.359260896212939107e-01	-1.899186067515969134e-01	1.778789638781348159e-01	-6.756620164367051207e-02	7.253979451077070817e-02
-8.829134237188859813e-02	6.703422641715844899e-02	-7.668182438692362768e-02	8.382126897430654255e-02	-5.133461050174099177e-02	8.502187152074169862e-02	-8.576273416659571658e-02	1.126635016769053504e-01	-8.249743037983271743e-02	4.735598012104095395e-02	-1.441679906452280890e-01	1.250614653935460951e-01	-1.282205197571589794e-01	1.139776622028248615e-01	-1.138284148970154924e-01	2.633207893407228939e-01	-3.440818491072872298e-01	1.982166567295162996e-01	-1.384004130210518269e-01	9.257168753623709612e-02	-5.905599295228508572e-01	1.000000000000002220e+00	-3.173118313706331794e-01	1.218803943252882438e-01	-1.451633741028475755e-01	3.178281074217982338e-01	-4.939171533387423096e-01	2.652304215888424688e-01	-8.570358706966038631e-02	7.971673325834176260e-02	-2.714917379701766720e-01	2.202790079289375924e-01	-2.302743961049706911e-01	8.285656891931385271e-02	-9.031927298488776068e-02
1.174376674595127151e-01	-9.191664639286781235e-02	1.057601436902000924e-01	-1.186656565237877714e-01	7.105346380540425444e-02	-1.165267552116390770e-01	1.188988042163508507e-01	-1.611494600165523927e-01	1.177008468528766283e-01	-6.657606628070937560e-02	1.819209463216375500e-01	-1.959940777321456939e-01	2.038087115066855581e-01	-1.715579112629514735e-01	1.569186631984656466e-01	-1.885492705387953327e-01	2.006051798274923748e-01	-4.658004090168559874e-01	2.114471968797169976e-01	-1.412149190321191905e-01	2.007640358597493624e-01	-3.173118313706331794e-01	1.000000000000003553e+00	-2.694938098455953446e-01	2.177586257809308312e-01	-2.430348943541368878e-01	2.557196183399842448e-01	-6.114776819130373076e-01	1.278010629867731840e-01	-1.227149768718003436e-01	2.294861753205221233e-01	-2.051558257618983916e-01	2.128409718460714251e-01	-9.668801563807259691e-02	1.006129710199158145e-01
-9.497178702759967450e-02	7.542901449273674286e-02	-9.326836369014496197e-02	1.121808614000418675e-01	-6.984903262286595860e-02	8.960647915652215911e-02	-9.084064613132419863e-02	1.470654213243363650e-01	-1.153090871890816854e-01	6.716629066049722985e-02	-1.341007902178346645e-01	1.313580806011558633e-01	-1.313760690177503410e-01	1.812949221576544423e-01	-2.103807486037927166e-01	1.001334568737770186e-01	-1.063663324606549387e-01	1.912675076987713774e-01	-5.651729523231521224e-01	2.455437869023710251e-01	-9.657283066870600563e-02	1.218803943252882438e-01	-2.694938098455953446e-01	1.000000000000000222e+00	-6.550681497611530180e-01	1.175643020902928104e-01	-1.131688248308049954e-01	1.805044452249763287e-01	-2.314325998152745867e-01	1.872289757858449089e-01	-1.397156012428349969e-01	1.099941549722409373e-01	-1.245578752986476467e-01	9.369911076718698273e-02	-9.728365090344408272e-02
1.238431272306884101e-01	-1.005988581961345246e-01	1.243962619756166510e-01	-1.551424822466138664e-01	9.016833971985503682e-02	-1.193670869928646627e-01	1.189732977404481667e-01	-2.062104786468082207e-01	1.494261669438425588e-01	-8.895786341517489260e-02	1.708458426022650412e-01	-1.724999107536007714e-01	1.603492710132665700e-01	-2.415467208672715527e-01	2.459359669842652862e-01	-1.257073062162035459e-01	1.276527039802767827e-01	-2.287960009400257788e-01	3.236444468361796001e-01	-3.800154983469489767e-01	1.153378970787725250e-01	-1.451633741028475755e-01	2.177586257809308312e-01	-6.550681497611530180e-01	1.000000000000000222e+00	-1.464786867352604882e-01	1.321615781166569359e-01	-2.086536571515139327e-01	2.007777179190653183e-01	-2.449921580635321949e-01	1.730132496369284067e-01	-1.356625231165843048e-01	1.481136268500597986e-01	-1.111192765059433873e-01	1.126953457257907909e-01
-9.260605373089575432e-02	6.992918859428184919e-02	-7.994184320571318114e-02	8.720960238031026657e-02	-5.341292483517375705e-02	8.846146312666494649e-02	-8.871308126667298843e-02	1.170850064060605517e-01	-8.517494948628104301e-02	4.917933094648874182e-02	-1.519783392711382963e-01	1.257958802212065241e-01	-1.251498127289902562e-01	1.165317622578930790e-01	-1.179553994647514620e-01	2.311296276618139967e-01	-2.488747466178828083e-01	1.831449778512983795e-01	-1.390693688365203795e-01	9.416697508805828287e-02	-5.502243081783229073e-01	3.178281074217982338e-01	-2.430348943541368878e-01	1.175643020902928104e-01	-1.464786867352604882e-01	1.000000000000000888e+00	-4.988757772066507723e-01	2.548893364895531422e-01	-8.785719492259473629e-02	8.176364532986349354e-02	-4.422308514219308040e-01	2.473724682775326755e-01	-2.551612424656655720e-01	9.003045854724624208e-02	-9.853442135538106883e-02
8.028270903888175269e-02	-6.138832380735750882e-02	7.033503334923703332e-02	-7.760182502304897867e-02	4.700604045616432053e-02	-7.771081896923812127e-02	7.794424536387029034e-02	-1.046924938004100691e-01	7.571878617552320334e-02	-4.354295849336805441e-02	1.290995662100245800e-01	-1.149853992238026729e-01	1.138880186586260918e-01	-1.052279429552235024e-01	1.032446498945902152e-01	-1.896110950033532139e-01	1.950375973469135882e-01	-1.795370406997384982e-01	1.250631016810102025e-01	-8.499639735171124477e-02	2.783713037380060040e-01	-4.939171533387423096e-01	2.557196183399842448e-01	-1.131688248308049954e-01	1.321615781166569359e-01	-4.988757772066507723e-01	1.000000000000002665e+00	-4.746854448893194078e-01	8.952683370426797738e-02	-8.385657554748345011e-02	2.655199313379322246e-01	-3.959359365734103631e-01	2.605750786813904596e-01	-8.949017146182315641e-02	9.432276466210365307e-02
-1.094309712722193462e-01	8.285394670218050595e-02	-9.553560906961872101e-02	1.046568193382150097e-01	-6.487337365756074004e-02	1.038402363684984842e-01	-1.060368318922556841e-01	1.398833565237682097e-01	-1.042121121329792899e-01	5.986789883238106957e-02	-1.761328559276227335e-01	1.527793449432946482e-01	-1.644105570564814711e-01	1.450935731525022920e-01	-1.496860586316455799e-01	1.735745451440724452e-01	-1.986865276970205818e-01	2.470971780932848805e-01	-1.919327048304867167e-01	1.252385773624715426e-01	-2.193243635330677233e-01	2.652304215888424688e-01	-6.114776819130373076e-01	1.805044452249763287e-01	-2.086536571515139327e-01	2.548893364895531422e-01	-4.746854448893194078e-01	1.000000000000001776e+00	-1.550366457973854917e-01	1.303974670201295261e-01	-2.837939766072186676e-01	2.492656516532280320e-01	-3.244590839235153013e-01	1.156620090798586298e-01	-1.242681063499516958e-01
5.611043089472774609e-02	-4.429965911488325386e-02	5.335599641547880689e-02	-6.322252702223124521e-02	3.795762890189880584e-02	-5.370534749699696492e-02	5.374392638108550779e-02	-8.424069865662302259e-02	6.191088788271380955e-02	-3.632817791994268769e-02	8.217120057551174916e-02	-7.769428305543325808e-02	7.434493277090592489e-02	-9.371256789993462344e-02	9.719462809968122674e-02	-6.806015652490328416e-02	7.067846247134108861e-02	-1.085895109992864871e-01	1.461313469573211066e-01	-1.043480815633074099e-01	6.879418254885130701e-02	-8.570358706966038631e-02	1.278010629867731840e-01	-2.314325998152745867e-01	2.007777179190653183e-01	-8.785719492259473629e-02	8.952683370426797738e-02	-1.550366457973854917e-01	1.000000000000001110e+00	-8.804294573400310853e-01	1.038313508801245594e-01	-1.011633179471963795e-01	1.202075783915440566e-01	-2.421424994725334956e-01	2.042539464865287535e-01
-5.406041549607425861e-02	4.242128443016213168e-02	-5.119030877418481035e-02	6.023133301179952465e-02	-3.688616331814808386e-02	5.129490601882725348e-02	-5.148820785874881623e-02	7.989120254948220423e-02	-5.965644349898153315e-02	3.511446157727303452e-02	-7.941512552205945430e-02	7.358018139578680061e-02	-7.117137618713592628e-02	8.943588838951069264e-02	-9.934781838408793253e-02	6.410624296102407360e-02	-6.747250456432944687e-02	1.016354091116494357e-01	-1.490175129012977495e-01	1.034510721318339654e-01	-6.513288426956365118e-02	7.971673325834176260e-02	-1.227149768718003436e-01	1.872289757858449089e-01	-2.449921580635321949e-01	8.176364532986349354e-02	-8.385657554748345011e-02	1.303974670201295261e-01	-8.804294573400310853e-01	1.000000000000001110e+00	-1.006067725938642465e-01	9.433252386216239849e-02	-1.173083466243056427e-01	2.006316184368623912e-01	-2.626135321681202228e-01
1.282411320249705611e-01	-9.920735920028536658e-02	1.130367300787183810e-01	-1.264862087012106062e-01	7.374306885975520642e-02	-1.260537459060627752e-01	1.227856932372878157e-01	-1.729064781602158152e-01	1.187650324231741550e-01	-6.872296504328254119e-02	2.034518059634233544e-01	-1.793418552477919203e-01	1.592363827491560524e-01	-1.626476787018955594e-01	1.502729000155096639e-01	-2.269994216760200800e-01	2.059616135756640320e-01	-2.392956355158616100e-01	1.687174912085495915e-01	-1.196939738566918793e-01	2.359260896212939107e-01	-2.714917379701766720e-01	2.294861753205221233e-01	-1.397156012428349969e-01	1.730132496369284067e-01	-4.422308514219308040e-01	2.655199313379322246e-01	-2.837939766072186676e-01	1.038313508801245594e-01	-1.006067725938642465e-01	1.000000000000000666e+00	-4.151661411700774962e-01	2.832940383723842603e-01	-1.150830551077412223e-01	1.190688255518776995e-01
-8.393654876135359100e-02	6.400315138487926159e-02	-7.344644442610270829e-02	8.119729435542277773e-02	-4.906886767924369119e-02	8.067097179398556583e-02	-8.025571534327544110e-02	1.094832411579106518e-01	-7.844247113728931853e-02	4.543173694570754040e-02	-1.348345634333150134e-01	1.149370319387172518e-01	-1.101631306652017667e-01	1.079929618285592752e-01	-1.073721264159077787e-01	1.506720194782911748e-01	-1.605840229582737311e-01	1.625361010195568445e-01	-1.267562899674997134e-01	8.716587756202637260e-02	-1.899186067515969134e-01	2.202790079289375924e-01	-2.051558257618983916e-01	1.099941549722409373e-01	-1.356625231165843048e-01	2.473724682775326755e-01	-3.959359365734103631e-01	2.492656516532280320e-01	-1.011633179471963795e-01	9.433252386216239849e-02	-4.151661411700774962e-01	1.000000000000000222e+00	-7.112508837243254334e-01	1.517852853582341566e-01	-1.644984466181572680e-01
9.602668132703642834e-02	-7.438268450487345307e-02	8.529602603327224308e-02	-9.571059539571288854e-02	5.642929073797454953e-02	-9.408311770125957207e-02	9.265889237356132735e-02	-1.302478878173720378e-01	9.108493028643546707e-02	-5.265861212432332988e-02	1.511745127072998685e-01	-1.369450027390686220e-01	1.257780972307104839e-01	-1.265422071911321833e-01	1.191861211437268420e-01	-1.642798223377132105e-01	1.606507496311671279e-01	-1.935488913194925165e-01	1.396237550299367913e-01	-9.840766671915723851e-02	1.778789638781348159e-01	-2.302743961049706911e-01	2.128409718460714251e-01	-1.245578752986476467e-01	1.481136268500597986e-01	-2.551612424656655720e-01	2.605750786813904596e-01	-3.244590839235153013e-01	1.202075783915440566e-01	-1.173083466243056427e-01	2.832940383723842603e-01	-7.112508837243254334e-01	1.000000000000000444e+00	-2.563737954631746252e-01	1.939741686163933276e-01
-4.623740794369456120e-02	3.591722340561644133e-02	-4.215644825970157883e-02	4.826282408631057258e-02	-2.901952764359982256e-02	4.446940218441709780e-02	-4.411939705932300948e-02	6.485051619074089224e-02	-4.670459355177303956e-02	2.728927015010764595e-02	-7.081914930196517299e-02	6.344071881068166774e-02	-5.936601483543860192e-02	6.688649702655952156e-02	-6.861969060793404740e-02	6.481414960909227807e-02	-6.593174358755758691e-02	8.654468446198247678e-02	-8.937633231399327860e-02	6.252717988109540714e-02	-6.756620164367051207e-02	8.285656891931385271e-02	-9.668801563807259691e-02	9.369911076718698273e-02	-1.111192765059433873e-01	9.003045854724624208e-02	-8.949017146182315641e-02	1.156620090798586298e-01	-2.421424994725334956e-01	2.006316184368623912e-01	-1.150830551077412223e-01	1.517852853582341566e-01	-2.563737954631746252e-01	1.000000000000000222e+00	-8.912839046946466892e-01
5.036365143295323810e-02	-3.932435936111797203e-02	4.605371395149618352e-02	-5.296509114653417255e-02	3.141425979807663943e-02	-4.882119975459252303e-02	4.821567275988464241e-02	-7.148466312110943188e-02	5.077066364838911383e-02	-2.963092856239962769e-02	7.686281851437162804e-02	-6.992614491006435284e-02	6.440639047081588020e-02	-7.281618934139919008e-02	7.197859538184722683e-02	-7.118759971674618048e-02	7.093988060891862069e-02	-9.485219242612548396e-02	9.156942934012461677e-02	-6.609313050132213652e-02	7.253979451077070817e-02	-9.031927298488776068e-02	1.006129710199158145e-01	-9.728365090344408272e-02	1.126953457257907909e-01	-9.853442135538106883e-02	9.432276466210365307e-02	-1.242681063499516958e-01	2.042539464865287535e-01	-2.626135321681202228e-01	1.190688255518776995e-01	-1.644984466181572680e-01	1.939741686163933276e-01	-8.912839046946466892e-01	1.000000000000000444e+00
