1.000000000000000000e+00	-4.811854250115183418e-01	2.042512640346254571e-01	-1.158692366841728716e-01	6.734443853622409937e-02	-7.104904126746908188e-01	3.268647253682686049e-01	-2.988784382403525397e-01	1.203691133304568145e-01	-6.959684002931904034e-02	1.024614850371164815e-01	-9.761843088812235947e-02	6.254925925658538777e-02	-6.211458233839847048e-02	5.887688338007045219e-02	-6.945829274258837061e-02	6.321612473515174357e-02	-4.567105971669941505e-02	5.100022315003360784e-02	-6.847739893911025666e-02	6.721614770971551245e-02	-6.688671821073385870e-02	5.440959874319440531e-02	-4.206163609408398313e-02	7.330623455843275627e-02	-2.701972072744833128e-02	3.024084879704210665e-02	-2.350314389253508121e-02	2.157173552410917433e-02	-2.723524036550647662e-02	2.319245582757379145e-02	-3.034485938644868042e-02	1.949512705245063510e-02	-1.684640869607205438e-02	3.211177070604340211e-02
-4.811854250115183418e-01	1.000000000000000222e+00	-5.652828777210170408e-01	1.552166762181050319e-01	-9.341381980625819426e-02	2.563497653461131454e-01	-4.879236470171386397e-01	3.193934256477214961e-01	-1.883348515676718238e-01	8.682821457241911289e-02	-1.028214579346238139e-01	9.353514204322217751e-02	-7.376542669591094892e-02	7.023024351997503301e-02	-7.358561726180970486e-02	6.979202175982308909e-02	-6.793005459142922864e-02	5.370344781273640039e-02	-6.239202643316809488e-02	8.095977322025646461e-02	-7.644417015975792096e-02	6.860426574622396911e-02	-6.577381492082923220e-02	5.091151550078115012e-02	-9.143186222367374882e-02	2.929757897703793787e-02	-3.282627546750991471e-02	2.684939769301975671e-02	-2.494330805709315396e-02	3.283061349363976950e-02	-2.552689528739015418e-02	3.246045764899390534e-02	-2.249263455770674977e-02	1.939133500306697983e-02	-3.914020303540177714e-02
2.042512640346254571e-01	-5.652828777210170408e-01	1.000000000000000222e+00	-2.069541132630607350e-01	9.064954446502063168e-02	-1.360760101502153929e-01	2.431173485276984236e-01	-7.211641463223462667e-01	1.872463434259535320e-01	-8.438724854657346508e-02	5.786283419897417235e-02	-5.440551402254092256e-02	5.943070533956108792e-02	-5.758260470632006744e-02	6.044204620249628290e-02	-4.080941438396588211e-02	4.005458120902489344e-02	-3.860881245002785456e-02	4.322650017890246332e-02	-6.762906134224419552e-02	4.448302295753039926e-02	-4.125901896680885667e-02	4.520736209732478805e-02	-3.548281865491673126e-02	6.248130755482240312e-02	-1.764234210041677742e-02	1.997334060225179966e-02	-1.737437216466078752e-02	1.615444479425615781e-02	-2.217434092661261721e-02	1.533250494789235169e-02	-1.979563644394924729e-02	1.446089901193800716e-02	-1.256344705465258123e-02	2.604026945985887798e-02
-1.158692366841728716e-01	1.552166762181050319e-01	-2.069541132630607350e-01	9.999999999999998890e-01	-4.296054636810183736e-01	7.355985947349598375e-02	-1.378852224058602083e-01	1.879620424470445361e-01	-7.865401966651062171e-01	2.502820513784378975e-01	-5.202148568574865156e-02	4.907243441808840229e-02	-8.066037873530046420e-02	8.372422833047228619e-02	-1.454072841786945847e-01	4.116400939539822251e-02	-4.158760944127960768e-02	5.724320967946217725e-02	-6.889051216638034103e-02	1.481230009803974068e-01	-4.731203952288452752e-02	4.468640547479055952e-02	-6.898905961143102228e-02	5.753372581463044033e-02	-1.068203631714334106e-01	2.010301472442541440e-02	-2.335779036385761051e-02	2.433075476197406328e-02	-2.292813571887590898e-02	3.571851186190942024e-02	-1.750491057787612048e-02	2.312561718095535596e-02	-2.023610996262589432e-02	1.785199827530432187e-02	-4.144878198773990774e-02
6.734443853622409937e-02	-9.341381980625819426e-02	9.064954446502063168e-02	-4.296054636810183736e-01	1.000000000000000444e+00	-4.400351369646206268e-02	7.977970533362677141e-02	-1.018942113866861121e-01	2.676715611585117616e-01	-7.712486808785548043e-01	4.591022866748366987e-02	-4.449480053764019727e-02	9.313379976758176526e-02	-1.077971888759732128e-01	2.278407048760932307e-01	-3.854502605971114187e-02	3.951534782743259394e-02	-6.543384610770197618e-02	7.648316126900794876e-02	-2.568788751260411285e-01	4.445287244049154346e-02	-4.365267353019133822e-02	7.520634474686839488e-02	-6.649840143421702210e-02	1.200878589779639238e-01	-1.982286878307568112e-02	2.335027514919294292e-02	-2.614171339265777480e-02	2.454973092033463020e-02	-4.020698659893440913e-02	1.718545988546283168e-02	-2.318163268392192319e-02	2.139893989838949004e-02	-1.914943273267740234e-02	4.473067782153325456e-02
-7.104904126746908188e-01	2.563497653461131454e-01	-1.360760101502153929e-01	7.355985947349598375e-02	-4.400351369646206268e-02	1.000000000000000000e+00	-6.064297606462113466e-01	1.907230893977601704e-01	-7.949232069583644922e-02	4.506912983459177707e-02	-1.157061937953424852e-01	9.784631546773306376e-02	-4.689555798648023521e-02	4.578929677652578828e-02	-3.992822892903127863e-02	6.119682507340704070e-02	-5.675825472535345195e-02	3.329303781351673763e-02	-3.595345270881375455e-02	4.602851438480595747e-02	-5.668455704603826001e-02	5.650242149780447531e-02	-3.917951074122200117e-02	2.967290119303956850e-02	-5.026322973079316858e-02	2.201248048537095270e-02	-2.457808740977764431e-02	1.766976179272353176e-02	-1.610974224598325441e-02	1.908806623989998258e-02	-1.888003018819131573e-02	2.454601691565168678e-02	-1.456014658424139782e-02	1.251089641526774779e-02	-2.239624044399448830e-02
3.268647253682686049e-01	-4.879236470171386397e-01	2.431173485276984236e-01	-1.378852224058602083e-01	7.977970533362677141e-02	-6.064297606462113466e-01	1.000000000000000444e+00	-4.167073578161134551e-01	1.440615592012864654e-01	-8.262772043684907253e-02	1.281430336774249945e-01	-1.385428384476427854e-01	7.728794871429410518e-02	-7.629764554017498535e-02	7.014465966539699948e-02	-8.453169578018752961e-02	8.117030779634516746e-02	-5.524735429827419553e-02	6.087095939609496464e-02	-8.157503657989913226e-02	8.292615258685476221e-02	-8.291996672729724793e-02	6.526317065952182139e-02	-5.021183577646708834e-02	8.668866197246465066e-02	-3.306693195579349376e-02	3.708459542614911397e-02	-2.833436425230617325e-02	2.596737198344556755e-02	-3.235526139807603369e-02	2.841219060114860348e-02	-3.709709633210350743e-02	2.345409048475439323e-02	-2.024476201790449334e-02	3.806766613732972399e-02
-2.988784382403525397e-01	3.193934256477214961e-01	-7.211641463223462667e-01	1.879620424470445361e-01	-1.018942113866861121e-01	1.907230893977601704e-01	-4.167073578161134551e-01	1.000000000000001110e+00	-2.578260371224465053e-01	9.619549781115720177e-02	-8.339046028579788494e-02	7.771650127156203014e-02	-8.431220713590339977e-02	7.669631190741744986e-02	-7.537628967128673363e-02	5.718499681679838770e-02	-5.656380887289327170e-02	5.202376595778826496e-02	-5.801124913627923874e-02	8.338258074734493375e-02	-6.256410306098295071e-02	5.730556428637333805e-02	-6.111215634076939268e-02	4.728971777357637851e-02	-8.286695981308019043e-02	2.445086832881472605e-02	-2.761652958278788123e-02	2.353059815996465937e-02	-2.186937223884893866e-02	2.950057579506811314e-02	-2.128209762579978334e-02	2.730797019447901014e-02	-1.959962259268833995e-02	1.697779907727063609e-02	-3.478462338040831658e-02
1.203691133304568145e-01	-1.883348515676718238e-01	1.872463434259535320e-01	-7.865401966651062171e-01	2.676715611585117616e-01	-7.949232069583644922e-02	1.440615592012864654e-01	-2.578260371224465053e-01	1.000000000000000000e+00	-3.176064623767155259e-01	5.946114568821603968e-02	-5.697502838593568320e-02	9.457040701567692720e-02	-1.036545830631496468e-01	1.627201085694378879e-01	-4.887243518225099087e-02	4.890011396556696172e-02	-6.908597882027857351e-02	8.165376795363615825e-02	-1.986552303883465376e-01	5.581019769482874898e-02	-5.354760928282805560e-02	8.161848764374703136e-02	-6.933578237173891601e-02	1.261803555134510257e-01	-2.417307355846157538e-02	2.808738184357955150e-02	-2.957399622338259190e-02	2.775160211281261710e-02	-4.345358033130629349e-02	2.098706086249205877e-02	-2.793899283369108422e-02	2.454674927108196208e-02	-2.174971400409625444e-02	4.975982934540554292e-02
-6.959684002931904034e-02	8.682821457241911289e-02	-8.438724854657346508e-02	2.502820513784378975e-01	-7.712486808785548043e-01	4.506912983459177707e-02	-8.262772043684907253e-02	9.619549781115720177e-02	-3.176064623767155259e-01	1.000000000000000222e+00	-4.917391486511498572e-02	4.726076719338439397e-02	-1.103018228463484574e-01	1.193350711890823479e-01	-3.902096100982885285e-01	3.999626312526990274e-02	-4.174639645547027073e-02	7.054212402878880239e-02	-8.392555603154869259e-02	2.404871791625403932e-01	-4.647423419519954024e-02	4.531703126950060306e-02	-8.266212783954070276e-02	7.098617527048185771e-02	-1.320700398607833614e-01	2.050478703415683016e-02	-2.425454248576488017e-02	2.723159110475972811e-02	-2.571963945708506324e-02	4.207910143639631562e-02	-1.782209849424443854e-02	2.394914968693354074e-02	-2.229838507598826819e-02	1.987724682436826928e-02	-4.758556743215297535e-02
1.024614850371164815e-01	-1.028214579346238139e-01	5.786283419897417235e-02	-5.202148568574865156e-02	4.591022866748366987e-02	-1.157061937953424852e-01	1.281430336774249945e-01	-8.339046028579788494e-02	5.946114568821603968e-02	-4.917391486511498572e-02	1.000000000000000000e+00	-7.903439769431837014e-01	1.334339954748598178e-01	-1.326669881003813833e-01	6.709102901263395979e-02	-3.862810652172976589e-01	2.693979723968737416e-01	-8.840365346098358335e-02	7.821847709208000488e-02	-7.713894065907868358e-02	2.340914756496491334e-01	-2.690295441478340877e-01	9.553541271059408369e-02	-6.596155238435261192e-02	9.222664042088209169e-02	-8.925917239763650479e-02	9.883686608336746116e-02	-5.433903751032465729e-02	4.767199283130278686e-02	-4.130067669188461355e-02	7.451139635590199595e-02	-9.990551265198496789e-02	4.300982527938887467e-02	-3.639855827749943762e-02	4.662981686362931144e-02
-9.761843088812235947e-02	9.353514204322217751e-02	-5.440551402254092256e-02	4.907243441808840229e-02	-4.449480053764019727e-02	9.784631546773306376e-02	-1.385428384476427854e-01	7.771650127156203014e-02	-5.697502838593568320e-02	4.726076719338439397e-02	-7.903439769431837014e-01	1.000000000000000444e+00	-1.691195273616114547e-01	1.326508950440447310e-01	-6.683567161389249167e-02	2.502556481379324960e-01	-4.125815971666470516e-01	8.980196406536822273e-02	-7.945776512521343649e-02	7.444353571630062116e-02	-2.406527194533731318e-01	2.366084800010621325e-01	-9.751032463015905927e-02	6.529056917026777873e-02	-9.106257282886892623e-02	8.156818533486241696e-02	-9.374036436881931500e-02	5.115785474684372836e-02	-4.566675037236274382e-02	3.974117008527010275e-02	-7.120483767454596769e-02	8.879538929601334118e-02	-4.101821228704065347e-02	3.429658140409727607e-02	-4.510917440597254913e-02
6.254925925658538777e-02	-7.376542669591094892e-02	5.943070533956108792e-02	-8.066037873530046420e-02	9.313379976758176526e-02	-4.689555798648023521e-02	7.728794871429410518e-02	-8.431220713590339977e-02	9.457040701567692720e-02	-1.103018228463484574e-01	1.334339954748598178e-01	-1.691195273616114547e-01	1.000000000000002220e+00	-8.409939424710077827e-01	1.941430815046216452e-01	-8.941209274333045132e-02	1.036142882223430178e-01	-2.941288228806224758e-01	1.771460397859429270e-01	-2.117279250926024370e-01	9.523883151908277278e-02	-1.030183886449750341e-01	1.993886797906708197e-01	-1.373154285874658986e-01	1.583986984716644342e-01	-4.068967285576663429e-02	4.855000610907654612e-02	-4.832062577618399801e-02	4.400267739650253612e-02	-5.702765544603707187e-02	3.520016174743427484e-02	-4.749206482898563064e-02	3.741931910386082222e-02	-3.292482097225130772e-02	6.168000071339069246e-02
-6.211458233839847048e-02	7.023024351997503301e-02	-5.758260470632006744e-02	8.372422833047228619e-02	-1.077971888759732128e-01	4.578929677652578828e-02	-7.629764554017498535e-02	7.669631190741744986e-02	-1.036545830631496468e-01	1.193350711890823479e-01	-1.326669881003813833e-01	1.326508950440447310e-01	-8.409939424710077827e-01	1.000000000000001110e+00	-2.853954388185875324e-01	8.443052666406616891e-02	-9.973859285519776074e-02	2.097021376795689118e-01	-1.962241488889511776e-01	2.054158568242906158e-01	-9.537981153524494049e-02	9.580868676136142237e-02	-2.130195676928079151e-01	1.381608819344322114e-01	-1.731816348380561810e-01	3.943453939569248334e-02	-4.718889753190180086e-02	4.808991032820143091e-02	-4.448081342732886773e-02	5.830070721319557947e-02	-3.444173659764476758e-02	4.559063269808273644e-02	-3.761592242584643753e-02	3.284874111136653480e-02	-6.413507603816515079e-02
5.887688338007045219e-02	-7.358561726180970486e-02	6.044204620249628290e-02	-1.454072841786945847e-01	2.278407048760932307e-01	-3.992822892903127863e-02	7.014465966539699948e-02	-7.537628967128673363e-02	1.627201085694378879e-01	-3.902096100982885285e-01	6.709102901263395979e-02	-6.683567161389249167e-02	1.941430815046216452e-01	-2.853954388185875324e-01	1.000000000000002220e+00	-5.500297792519989737e-02	5.849857608287375305e-02	-1.145345763649063542e-01	1.268086494773400241e-01	-7.599411682442522853e-01	6.317394320388482198e-02	-6.409892645110244758e-02	1.232222632522048111e-01	-1.130655055429146266e-01	1.960537923102160518e-01	-2.872709499826630805e-02	3.426951548812379178e-02	-3.984217312995429194e-02	3.733866739025407805e-02	-6.303866695704507528e-02	2.486726060271026925e-02	-3.391808639114907847e-02	3.187710698104967433e-02	-2.879329339449222813e-02	6.701535051965351597e-02
-6.945829274258837061e-02	6.979202175982308909e-02	-4.080941438396588211e-02	4.116400939539822251e-02	-3.854502605971114187e-02	6.119682507340704070e-02	-8.453169578018752961e-02	5.718499681679838770e-02	-4.887243518225099087e-02	3.999626312526990274e-02	-3.862810652172976589e-01	2.502556481379324960e-01	-8.941209274333045132e-02	8.443052666406616891e-02	-5.500297792519989737e-02	9.999999999999994449e-01	-3.906449793134548210e-01	7.876021782532863225e-02	-7.544342493532076033e-02	6.277146854826862188e-02	-7.439085728483286752e-01	2.727528034179497185e-01	-9.414044396398749126e-02	6.380580309141435646e-02	-9.402974069738682938e-02	1.437521972582821994e-01	-1.352980285006857297e-01	6.725396627319799037e-02	-6.042628921613832360e-02	4.577729132487416003e-02	-1.289062858445063353e-01	1.261577574369685817e-01	-5.508410405350916417e-02	4.514054475198465283e-02	-5.250514791859899749e-02
6.321612473515174357e-02	-6.793005459142922864e-02	4.005458120902489344e-02	-4.158760944127960768e-02	3.951534782743259394e-02	-5.675825472535345195e-02	8.117030779634516746e-02	-5.656380887289327170e-02	4.890011396556696172e-02	-4.174639645547027073e-02	2.693979723968737416e-01	-4.125815971666470516e-01	1.036142882223430178e-01	-9.973859285519776074e-02	5.849857608287375305e-02	-3.906449793134548210e-01	1.000000000000002665e+00	-1.081016884374366854e-01	8.689215137817569989e-02	-6.801309352049635104e-02	2.753440955170984861e-01	-7.070072519076768813e-01	1.194892276061305797e-01	-7.605622031575384745e-02	9.758026028614723291e-02	-1.327208039377589799e-01	1.694730864653050395e-01	-7.861357433876844936e-02	6.708161321597370941e-02	-4.862541916952130977e-02	1.091794703389857291e-01	-1.672559415739194588e-01	5.958693794063853189e-02	-4.992333826457508866e-02	5.441536819909689737e-02
-4.567105971669941505e-02	5.370344781273640039e-02	-3.860881245002785456e-02	5.724320967946217725e-02	-6.543384610770197618e-02	3.329303781351673763e-02	-5.524735429827419553e-02	5.202376595778826496e-02	-6.908597882027857351e-02	7.054212402878880239e-02	-8.840365346098358335e-02	8.980196406536822273e-02	-2.941288228806224758e-01	2.097021376795689118e-01	-1.145345763649063542e-01	7.876021782532863225e-02	-1.081016884374366854e-01	1.000000000000001332e+00	-5.117297393858658561e-01	1.354022673910669494e-01	-9.169116972210665517e-02	1.165140541927127543e-01	-7.035761134196810707e-01	2.841477049662879950e-01	-2.244022828436889050e-01	4.475209953097293580e-02	-5.819136870641569703e-02	7.451701682052871978e-02	-6.779705007295674934e-02	7.688521398228030657e-02	-3.885041412097303692e-02	5.498210477585884631e-02	-5.308491619493944241e-02	4.615433441561974520e-02	-8.059640589165793789e-02
5.100022315003360784e-02	-6.239202643316809488e-02	4.322650017890246332e-02	-6.889051216638034103e-02	7.648316126900794876e-02	-3.595345270881375455e-02	6.087095939609496464e-02	-5.801124913627923874e-02	8.165376795363615825e-02	-8.392555603154869259e-02	7.821847709208000488e-02	-7.945776512521343649e-02	1.771460397859429270e-01	-1.962241488889511776e-01	1.268086494773400241e-01	-7.544342493532076033e-02	8.689215137817569989e-02	-5.117297393858658561e-01	1.000000000000000444e+00	-1.738790175963821349e-01	8.670551684409920357e-02	-1.029787696883993353e-01	3.168903864201457754e-01	-6.587016388934315847e-01	2.767256036738816594e-01	-4.430166231213235328e-02	5.526954900683429123e-02	-7.490566803685996811e-02	6.914770065998837589e-02	-1.006945742421912343e-01	3.800375221848180385e-02	-5.453686820762037452e-02	5.449899502743929536e-02	-5.040812421024019885e-02	9.835816386862825111e-02
-6.847739893911025666e-02	8.095977322025646461e-02	-6.762906134224419552e-02	1.481230009803974068e-01	-2.568788751260411285e-01	4.602851438480595747e-02	-8.157503657989913226e-02	8.338258074734493375e-02	-1.986552303883465376e-01	2.404871791625403932e-01	-7.713894065907868358e-02	7.444353571630062116e-02	-2.117279250926024370e-01	2.054158568242906158e-01	-7.599411682442522853e-01	6.277146854826862188e-02	-6.801309352049635104e-02	1.354022673910669494e-01	-1.738790175963821349e-01	1.000000000000001998e+00	-7.364604300315159835e-02	7.394248530706284961e-02	-1.585558868699427360e-01	1.500823463305590300e-01	-3.330268089924532937e-01	3.364440638742913908e-02	-4.059569785435819533e-02	4.939596316245660479e-02	-4.717652162273585498e-02	8.414163526545942462e-02	-2.922093570562872208e-02	3.989378864542554581e-02	-3.954805217470082346e-02	3.572409367630535737e-02	-9.212477501286533976e-02
6.721614770971551245e-02	-7.644417015975792096e-02	4.448302295753039926e-02	-4.731203952288452752e-02	4.445287244049154346e-02	-5.668455704603826001e-02	8.292615258685476221e-02	-6.256410306098295071e-02	5.581019769482874898e-02	-4.647423419519954024e-02	2.340914756496491334e-01	-2.406527194533731318e-01	9.523883151908277278e-02	-9.537981153524494049e-02	6.317394320388482198e-02	-7.439085728483286752e-01	2.753440955170984861e-01	-9.169116972210665517e-02	8.670551684409920357e-02	-7.364604300315159835e-02	1.000000000000002442e+00	-3.968821995695207550e-01	1.091619801420722485e-01	-7.546124006264444406e-02	1.097053539942925704e-01	-2.407066250357746406e-01	1.736336714936848324e-01	-8.671053830321055755e-02	7.488177553109458262e-02	-5.584565488875412043e-02	1.644079945265792264e-01	-1.842215740205992436e-01	6.832708595322385670e-02	-5.758580675935207061e-02	6.312720572241012351e-02
-6.688671821073385870e-02	6.860426574622396911e-02	-4.125901896680885667e-02	4.468640547479055952e-02	-4.365267353019133822e-02	5.650242149780447531e-02	-8.291996672729724793e-02	5.730556428637333805e-02	-5.354760928282805560e-02	4.531703126950060306e-02	-2.690295441478340877e-01	2.366084800010621325e-01	-1.030183886449750341e-01	9.580868676136142237e-02	-6.409892645110244758e-02	2.727528034179497185e-01	-7.070072519076768813e-01	1.165140541927127543e-01	-1.029787696883993353e-01	7.394248530706284961e-02	-3.968821995695207550e-01	1.000000000000001332e+00	-1.601492748128536259e-01	9.072989547011804656e-02	-1.197532988641897278e-01	1.633764586649293360e-01	-3.007565990556895774e-01	1.048100186943456691e-01	-9.361264714257218345e-02	6.124253327568353333e-02	-1.500831166489382806e-01	1.997039987464588051e-01	-8.106215006536585110e-02	6.527614376971171972e-02	-6.958396268254884998e-02
5.440959874319440531e-02	-6.577381492082923220e-02	4.520736209732478805e-02	-6.898905961143102228e-02	7.520634474686839488e-02	-3.917951074122200117e-02	6.526317065952182139e-02	-6.111215634076939268e-02	8.161848764374703136e-02	-8.266212783954070276e-02	9.553541271059408369e-02	-9.751032463015905927e-02	1.993886797906708197e-01	-2.130195676928079151e-01	1.232222632522048111e-01	-9.414044396398749126e-02	1.194892276061305797e-01	-7.035761134196810707e-01	3.168903864201457754e-01	-1.585558868699427360e-01	1.091619801420722485e-01	-1.601492748128536259e-01	1.000000000000002442e+00	-4.371000224795816291e-01	2.458456416553946866e-01	-5.702135732811141472e-02	7.483999580854502898e-02	-1.059938891947560524e-01	8.801229354020655149e-02	-9.751972542886662432e-02	4.897211125930246017e-02	-7.164169501265431339e-02	6.836902731508454067e-02	-6.068866875833688057e-02	9.832967104563192229e-02
-4.206163609408398313e-02	5.091151550078115012e-02	-3.548281865491673126e-02	5.753372581463044033e-02	-6.649840143421702210e-02	2.967290119303956850e-02	-5.021183577646708834e-02	4.728971777357637851e-02	-6.933578237173891601e-02	7.098617527048185771e-02	-6.596155238435261192e-02	6.529056917026777873e-02	-1.373154285874658986e-01	1.381608819344322114e-01	-1.130655055429146266e-01	6.380580309141435646e-02	-7.605622031575384745e-02	2.841477049662879950e-01	-6.587016388934315847e-01	1.500823463305590300e-01	-7.546124006264444406e-02	9.072989547011804656e-02	-4.371000224795816291e-01	1.000000000000001554e+00	-4.942579373748561822e-01	3.959508846175355257e-02	-5.108317389022797722e-02	7.615074726058965182e-02	-7.482402422585436585e-02	1.071773838063247858e-01	-3.412375363116268434e-02	4.941446869624666061e-02	-5.388699527028165126e-02	4.997287353759175682e-02	-1.066907073895525249e-01
7.330623455843275627e-02	-9.143186222367374882e-02	6.248130755482240312e-02	-1.068203631714334106e-01	1.200878589779639238e-01	-5.026322973079316858e-02	8.668866197246465066e-02	-8.286695981308019043e-02	1.261803555134510257e-01	-1.320700398607833614e-01	9.222664042088209169e-02	-9.106257282886892623e-02	1.583986984716644342e-01	-1.731816348380561810e-01	1.960537923102160518e-01	-9.402974069738682938e-02	9.758026028614723291e-02	-2.244022828436889050e-01	2.767256036738816594e-01	-3.330268089924532937e-01	1.097053539942925704e-01	-1.197532988641897278e-01	2.458456416553946866e-01	-4.942579373748561822e-01	1.000000000000003331e+00	-5.831135324339519616e-02	7.162343385523395334e-02	-1.055393905794564519e-01	1.001310566415890141e-01	-2.563448800712783138e-01	4.981371441513984810e-02	-7.207748167173699816e-02	7.943295231996450045e-02	-7.642313346135944097e-02	2.001117313257768648e-01
-2.701972072744833128e-02	2.929757897703793787e-02	-1.764234210041677742e-02	2.010301472442541440e-02	-1.982286878307568112e-02	2.201248048537095270e-02	-3.306693195579349376e-02	2.445086832881472605e-02	-2.417307355846157538e-02	2.050478703415683016e-02	-8.925917239763650479e-02	8.156818533486241696e-02	-4.068967285576663429e-02	3.943453939569248334e-02	-2.872709499826630805e-02	1.437521972582821994e-01	-1.327208039377589799e-01	4.475209953097293580e-02	-4.430166231213235328e-02	3.364440638742913908e-02	-2.407066250357746406e-01	1.633764586649293360e-01	-5.702135732811141472e-02	3.959508846175355257e-02	-5.831135324339519616e-02	1.000000000000002442e+00	-3.741827091820968398e-01	1.078684701541792329e-01	-9.943419662408971293e-02	4.518672821653695049e-02	-8.214545227973246710e-01	2.873041217436759220e-01	-8.541743898210862884e-02	6.515301470563676645e-02	-5.143455034314609042e-02
3.024084879704210665e-02	-3.282627546750991471e-02	1.997334060225179966e-02	-2.335779036385761051e-02	2.335027514919294292e-02	-2.457808740977764431e-02	3.708459542614911397e-02	-2.761652958278788123e-02	2.808738184357955150e-02	-2.425454248576488017e-02	9.883686608336746116e-02	-9.374036436881931500e-02	4.855000610907654612e-02	-4.718889753190180086e-02	3.426951548812379178e-02	-1.352980285006857297e-01	1.694730864653050395e-01	-5.819136870641569703e-02	5.526954900683429123e-02	-4.059569785435819533e-02	1.736336714936848324e-01	-3.007565990556895774e-01	7.483999580854502898e-02	-5.108317389022797722e-02	7.162343385523395334e-02	-3.741827091820968398e-01	1.000000000000001998e+00	-2.402643335343520592e-01	1.599439783501147572e-01	-6.407731376361462672e-02	2.704491252464147899e-01	-7.585442213184520055e-01	1.275636067169252374e-01	-1.040548772366114705e-01	7.011915008202963817e-02
-2.350314389253508121e-02	2.684939769301975671e-02	-1.737437216466078752e-02	2.433075476197406328e-02	-2.614171339265777480e-02	1.766976179272353176e-02	-2.833436425230617325e-02	2.353059815996465937e-02	-2.957399622338259190e-02	2.723159110475972811e-02	-5.433903751032465729e-02	5.115785474684372836e-02	-4.832062577618399801e-02	4.808991032820143091e-02	-3.984217312995429194e-02	6.725396627319799037e-02	-7.861357433876844936e-02	7.451701682052871978e-02	-7.490566803685996811e-02	4.939596316245660479e-02	-8.671053830321055755e-02	1.048100186943456691e-01	-1.059938891947560524e-01	7.615074726058965182e-02	-1.055393905794564519e-01	1.078684701541792329e-01	-2.402643335343520592e-01	1.000000000000002887e+00	-7.951721855757376556e-01	1.580257642428571641e-01	-9.360680939361734620e-02	1.683205452260782831e-01	-3.888443107753091765e-01	2.724389646916838270e-01	-1.756523099901313723e-01
2.157173552410917433e-02	-2.494330805709315396e-02	1.615444479425615781e-02	-2.292813571887590898e-02	2.454973092033463020e-02	-1.610974224598325441e-02	2.596737198344556755e-02	-2.186937223884893866e-02	2.775160211281261710e-02	-2.571963945708506324e-02	4.767199283130278686e-02	-4.566675037236274382e-02	4.400267739650253612e-02	-4.448081342732886773e-02	3.733866739025407805e-02	-6.042628921613832360e-02	6.708161321597370941e-02	-6.779705007295674934e-02	6.914770065998837589e-02	-4.717652162273585498e-02	7.488177553109458262e-02	-9.361264714257218345e-02	8.801229354020655149e-02	-7.482402422585436585e-02	1.001310566415890141e-01	-9.943419662408971293e-02	1.599439783501147572e-01	-7.951721855757376556e-01	1.000000000000002442e+00	-2.110734468636617234e-01	8.058915148147463570e-02	-1.575868858322080346e-01	2.799737936630677382e-01	-4.138413479781494209e-01	1.712890789191354735e-01
-2.723524036550647662e-02	3.283061349363976950e-02	-2.217434092661261721e-02	3.571851186190942024e-02	-4.020698659893440913e-02	1.908806623989998258e-02	-3.235526139807603369e-02	2.950057579506811314e-02	-4.345358033130629349e-02	4.207910143639631562e-02	-4.130067669188461355e-02	3.974117008527010275e-02	-5.702765544603707187e-02	5.830070721319557947e-02	-6.303866695704507528e-02	4.577729132487416003e-02	-4.862541916952130977e-02	7.688521398228030657e-02	-1.006945742421912343e-01	8.414163526545942462e-02	-5.584565488875412043e-02	6.124253327568353333e-02	-9.751972542886662432e-02	1.071773838063247858e-01	-2.563448800712783138e-01	4.518672821653695049e-02	-6.407731376361462672e-02	1.580257642428571641e-01	-2.110734468636617234e-01	1.000000000000002665e+00	-3.831110384158715326e-02	6.280425275505893690e-02	-1.175264418600193844e-01	1.216517771020278194e-01	-8.967051278383332269e-01
2.319245582757379145e-02	-2.552689528739015418e-02	1.533250494789235169e-02	-1.750491057787612048e-02	1.718545988546283168e-02	-1.888003018819131573e-02	2.841219060114860348e-02	-2.128209762579978334e-02	2.098706086249205877e-02	-1.782209849424443854e-02	7.451139635590199595e-02	-7.120483767454596769e-02	3.520016174743427484e-02	-3.444173659764476758e-02	2.486726060271026925e-02	-1.289062858445063353e-01	1.091794703389857291e-01	-3.885041412097303692e-02	3.800375221848180385e-02	-2.922093570562872208e-02	1.644079945265792264e-01	-1.500831166489382806e-01	4.897211125930246017e-02	-3.412375363116268434e-02	4.981371441513984810e-02	-8.214545227973246710e-01	2.704491252464147899e-01	-9.360680939361734620e-02	8.058915148147463570e-02	-3.831110384158715326e-02	1.000000000000002887e+00	-4.486970092638654095e-01	7.247418882695763620e-02	-5.777520397619963222e-02	4.291739606017323100e-02
-3.034485938644868042e-02	3.246045764899390534e-02	-1.979563644394924729e-02	2.312561718095535596e-02	-2.318163268392192319e-02	2.454601691565168678e-02	-3.709709633210350743e-02	2.730797019447901014e-02	-2.793899283369108422e-02	2.394914968693354074e-02	-9.990551265198496789e-02	8.879538929601334118e-02	-4.749206482898563064e-02	4.559063269808273644e-02	-3.391808639114907847e-02	1.261577574369685817e-01	-1.672559415739194588e-01	5.498210477585884631e-02	-5.453686820762037452e-02	3.989378864542554581e-02	-1.842215740205992436e-01	1.997039987464588051e-01	-7.164169501265431339e-02	4.941446869624666061e-02	-7.207748167173699816e-02	2.873041217436759220e-01	-7.585442213184520055e-01	1.683205452260782831e-01	-1.575868858322080346e-01	6.280425275505893690e-02	-4.486970092638654095e-01	1.000000000000002442e+00	-1.401103596486100722e-01	1.017890248437405554e-01	-7.143833282371302162e-02
1.949512705245063510e-02	-2.249263455770674977e-02	1.446089901193800716e-02	-2.023610996262589432e-02	2.139893989838949004e-02	-1.456014658424139782e-02	2.345409048475439323e-02	-1.959962259268833995e-02	2.454674927108196208e-02	-2.229838507598826819e-02	4.300982527938887467e-02	-4.101821228704065347e-02	3.741931910386082222e-02	-3.761592242584643753e-02	3.187710698104967433e-02	-5.508410405350916417e-02	5.958693794063853189e-02	-5.308491619493944241e-02	5.449899502743929536e-02	-3.954805217470082346e-02	6.832708595322385670e-02	-8.106215006536585110e-02	6.836902731508454067e-02	-5.388699527028165126e-02	7.943295231996450045e-02	-8.541743898210862884e-02	1.275636067169252374e-01	-3.888443107753091765e-01	2.799737936630677382e-01	-1.175264418600193844e-01	7.247418882695763620e-02	-1.401103596486100722e-01	1.000000000000002665e+00	-8.482589612257813716e-01	1.178651499450240753e-01
-1.684640869607205438e-02	1.939133500306697983e-02	-1.256344705465258123e-02	1.785199827530432187e-02	-1.914943273267740234e-02	1.251089641526774779e-02	-2.024476201790449334e-02	1.697779907727063609e-02	-2.174971400409625444e-02	1.987724682436826928e-02	-3.639855827749943762e-02	3.429658140409727607e-02	-3.292482097225130772e-02	3.284874111136653480e-02	-2.879329339449222813e-02	4.514054475198465283e-02	-4.992333826457508866e-02	4.615433441561974520e-02	-5.040812421024019885e-02	3.572409367630535737e-02	-5.758580675935207061e-02	6.527614376971171972e-02	-6.068866875833688057e-02	4.997287353759175682e-02	-7.642313346135944097e-02	6.515301470563676645e-02	-1.040548772366114705e-01	2.724389646916838270e-01	-4.138413479781494209e-01	1.216517771020278194e-01	-5.777520397619963222e-02	1.017890248437405554e-01	-8.482589612257813716e-01	1.000000000000002665e+00	-1.381969844009484083e-01
3.211177070604340211e-02	-3.914020303540177714e-02	2.604026945985887798e-02	-4.144878198773990774e-02	4.473067782153325456e-02	-2.239624044399448830e-02	3.806766613732972399e-02	-3.478462338040831658e-02	4.975982934540554292e-02	-4.758556743215297535e-02	4.662981686362931144e-02	-4.510917440597254913e-02	6.168000071339069246e-02	-6.413507603816515079e-02	6.701535051965351597e-02	-5.250514791859899749e-02	5.441536819909689737e-02	-8.059640589165793789e-02	9.835816386862825111e-02	-9.212477501286533976e-02	6.312720572241012351e-02	-6.958396268254884998e-02	9.832967104563192229e-02	-1.066907073895525249e-01	2.001117313257768648e-01	-5.143455034314609042e-02	7.011915008202963817e-02	-1.756523099901313723e-01	1.712890789191354735e-01	-8.967051278383332269e-01	4.291739606017323100e-02	-7.143833282371302162e-02	1.178651499450240753e-01	-1.381969844009484083e-01	1.000000000000002665e+00
