1.000000000000000000e+00	-6.323025515660325446e-01	2.476552310622934239e-01	-1.521897501562341215e-01	1.253683937437568008e-01	-4.725448401272488441e-01	3.132384167153732801e-01	-2.709974451822477204e-01	1.363022693430678833e-01	-1.005844365982747346e-01	2.226155706189046624e-01	-2.314747079965149001e-01	1.795356959432897470e-01	-1.380862334200630703e-01	1.183703084641174325e-01	-2.803457226235082644e-01	1.951867334887328886e-01	-1.745581087852340341e-01	1.159207164977507087e-01	-9.886045048204532282e-02	1.363242504964972956e-01	-1.229020261021998434e-01	2.077202484161621565e-01	-2.675533700006316531e-02	2.488543198181484770e-02	-5.348792037644042874e-02	5.759594725519971009e-02	-4.905312983520696696e-02	2.726241755594045052e-02	-2.742489616305503544e-02	4.050982002067587961e-02	-4.561641560406459739e-02	5.359954188718571433e-02	-1.841930077289935519e-02	2.133180596441516808e-02
-6.323025515660325446e-01	1.000000000000000222e+00	-3.993820503158816426e-01	1.534881943549682437e-01	-1.328648522418246769e-01	2.723721701859896926e-01	-5.466204525060780473e-01	2.779985027755586535e-01	-1.377282969588965733e-01	9.572775954851943381e-02	-1.595086777317639704e-01	1.728363144873770740e-01	-1.486385654102184428e-01	1.075040647821279977e-01	-9.538594022703981989e-02	1.753777861304327002e-01	-1.476868300243094345e-01	1.316638140673447033e-01	-9.043241628410908506e-02	7.653588741515990335e-02	-9.860028454001057430e-02	8.735078183171121613e-02	-1.525948036079529391e-01	1.932979766930548529e-02	-1.797984149657393116e-02	3.761764513345337152e-02	-4.075183956461100182e-02	3.460234170880695237e-02	-1.942870057458830416e-02	1.940362388602980687e-02	-2.830494921912539430e-02	3.166416298092110393e-02	-3.780948373462326983e-02	1.299317666621235823e-02	-1.504647124076533005e-02
2.476552310622934239e-01	-3.993820503158816426e-01	1.000000000000000222e+00	-3.877077742156139761e-01	2.103666045667129114e-01	-2.428515705021176418e-01	2.835517032083740285e-01	-6.668449099100857147e-01	2.050974008496733170e-01	-1.546050286007783492e-01	1.476070087811286458e-01	-1.751509180931175857e-01	1.804826507411216308e-01	-1.368821293801228689e-01	1.168826064728740455e-01	-1.804555686168491102e-01	1.485972408530431554e-01	-1.603569389808991719e-01	1.074990499538952676e-01	-9.533399813589991945e-02	1.002995504967917895e-01	-9.102235216556925357e-02	1.618129504355343140e-01	-2.188421486241440631e-02	2.035209488357166141e-02	-3.952141791991604231e-02	4.264761804754838015e-02	-3.693711380428366109e-02	2.158438644752249877e-02	-2.169069250545744079e-02	2.986580026493932533e-02	-3.366492159108429305e-02	4.012165121140202906e-02	-1.422680090140088227e-02	1.648103469839223845e-02
-1.521897501562341215e-01	1.534881943549682437e-01	-3.877077742156139761e-01	1.000000000000000222e+00	-6.767976944791131988e-01	1.358958936435313292e-01	-1.500513896493172739e-01	2.235319667388400156e-01	-4.808061776236773888e-01	2.973356824537233822e-01	-9.055673716538530094e-02	1.060077780078280407e-01	-1.159918123835159964e-01	1.158732505757306824e-01	-1.204128874012514727e-01	1.117131139690882013e-01	-9.760772983423014748e-02	1.053802942427133488e-01	-8.961842900077363061e-02	8.796540308372602368e-02	-6.772087298235342223e-02	6.064430657890462761e-02	-1.151705473547815217e-01	1.662443645417888485e-02	-1.552639800765179962e-02	2.687657788625133493e-02	-2.911799721686998688e-02	2.573302326904034279e-02	-1.595482299893914019e-02	1.604484613043533764e-02	-2.043806831913757768e-02	2.298468132821717205e-02	-2.803347834811367734e-02	1.028413753016629850e-02	-1.193724268728975357e-02
1.253683937437568008e-01	-1.328648522418246769e-01	2.103666045667129114e-01	-6.767976944791131988e-01	1.000000000000000444e+00	-1.307571424436769769e-01	1.273684850073106001e-01	-2.056234466688525997e-01	3.218472400860152294e-01	-5.701075724089182950e-01	8.601303609123879534e-02	-1.023563139214533346e-01	1.096627723489981138e-01	-1.244047165715845421e-01	1.299535322566812978e-01	-1.103388752901405950e-01	9.293344504250740379e-02	-1.048275956524452185e-01	9.086844684883239875e-02	-9.864394093256591278e-02	6.466117612684772753e-02	-5.856752435549419239e-02	1.093541278870671651e-01	-1.683050294416130188e-02	1.574204742093365458e-02	-2.607796977986559864e-02	2.816519191195939603e-02	-2.504116503415593914e-02	1.596330437344445005e-02	-1.618611103070561469e-02	1.988440837452831733e-02	-2.246929900771829289e-02	2.720251197946998989e-02	-1.020992636411867382e-02	1.185149307173814781e-02
-4.725448401272488441e-01	2.723721701859896926e-01	-2.428515705021176418e-01	1.358958936435313292e-01	-1.307571424436769769e-01	1.000000000000000000e+00	-4.777712521265509715e-01	2.385453564143267813e-01	-1.452180066969973316e-01	1.003753170655224680e-01	-5.067288793716904216e-01	2.743466446672954695e-01	-2.144526455329732739e-01	1.449152612908780058e-01	-1.319896390476660575e-01	2.861275476793297967e-01	-2.551525650026148506e-01	1.879057148868099048e-01	-1.294095388510433098e-01	1.041675121422073191e-01	-1.685284615719116752e-01	1.418935098836243691e-01	-2.426746512854732474e-01	2.837522875103199935e-02	-2.637938456586850361e-02	6.024063326242439648e-02	-6.577971432068596691e-02	5.406923798419176197e-02	-2.898162603587317240e-02	2.861422983991217944e-02	-4.485656580221683565e-02	4.946618314393470828e-02	-5.947729017639306892e-02	1.964135418746422446e-02	-2.272248420661100721e-02
3.132384167153732801e-01	-5.466204525060780473e-01	2.835517032083740285e-01	-1.500513896493172739e-01	1.273684850073106001e-01	-4.777712521265509715e-01	1.000000000000000444e+00	-4.705585165464991615e-01	1.395729332497879782e-01	-9.978473614885893794e-02	2.227658484412015361e-01	-2.808325436911142114e-01	1.928617274556473915e-01	-1.341695074770543894e-01	1.130165324862939386e-01	-2.379698843989244139e-01	1.914412631837075496e-01	-1.704180502604281111e-01	1.102131356367856002e-01	-9.263308020727080427e-02	1.225812629376222818e-01	-1.109400142069574824e-01	1.814881175127059376e-01	-2.344598624118455002e-02	2.176714597539065182e-02	-4.655345733566623040e-02	5.021546061427137331e-02	-4.201086259377637133e-02	2.350652179851117282e-02	-2.351874656216738219e-02	3.471973593089595217e-02	-3.899619364764139728e-02	4.562747861832175400e-02	-1.570393566924248308e-02	1.816136665556095098e-02
-2.709974451822477204e-01	2.779985027755586535e-01	-6.668449099100857147e-01	2.235319667388400156e-01	-2.056234466688525997e-01	2.385453564143267813e-01	-4.705585165464991615e-01	9.999999999999995559e-01	-2.304544661387666338e-01	1.466603047362538270e-01	-1.630542415395429268e-01	1.938731846242150170e-01	-2.674457051688254872e-01	1.506495498754548412e-01	-1.319097905243340196e-01	1.795107270905147712e-01	-1.696177598796694275e-01	1.792688149833741862e-01	-1.227870991740118572e-01	1.028954173189792903e-01	-1.103038545479572696e-01	9.860714130116092491e-02	-1.838156503753089477e-01	2.373502078900016285e-02	-2.207139757083021944e-02	4.242303850668052712e-02	-4.606578093328513729e-02	3.991455663321138297e-02	-2.329288234309695102e-02	2.318769219664150449e-02	-3.189795527566703648e-02	3.570383453675025909e-02	-4.343215519771911892e-02	1.527639141876833972e-02	-1.770124570406791942e-02
1.363022693430678833e-01	-1.377282969588965733e-01	2.050974008496733170e-01	-4.808061776236773888e-01	3.218472400860152294e-01	-1.452180066969973316e-01	1.395729332497879782e-01	-2.304544661387666338e-01	9.999999999999993339e-01	-7.152190538393997654e-01	9.776525248664114098e-02	-1.179827713179238124e-01	1.303743010842218220e-01	-1.683160804428711632e-01	1.648592339525031536e-01	-1.260194457078149533e-01	1.075185229171843199e-01	-1.250540173443274727e-01	1.146175808786680239e-01	-1.267950151725779906e-01	7.466318884901966546e-02	-6.783239357034623329e-02	1.274173446506135510e-01	-2.042497734196706966e-02	1.911432888514040529e-02	-3.026981560495285023e-02	3.268448246841339916e-02	-2.923317475608829680e-02	1.913747494874640936e-02	-1.943542052274929710e-02	2.309651943683192765e-02	-2.613265102826149711e-02	3.171191014078825199e-02	-1.211960421586162628e-02	1.407391414145940656e-02
-1.005844365982747346e-01	9.572775954851943381e-02	-1.546050286007783492e-01	2.973356824537233822e-01	-5.701075724089182950e-01	1.003753170655224680e-01	-9.978473614885893794e-02	1.466603047362538270e-01	-7.152190538393997654e-01	1.000000000000000000e+00	-7.046329631878328614e-02	8.564340815584381428e-02	-1.003739369604323556e-01	1.377823057173307997e-01	-1.927359029350212694e-01	8.918363667330575506e-02	-7.983127782054556809e-02	9.476373396040535524e-02	-9.939856013686547420e-02	1.137962539911715337e-01	-5.502353407572943556e-02	4.981678042252231375e-02	-9.611947328551062597e-02	1.629205546872374705e-02	-1.527973257523779736e-02	2.222395666674971404e-02	-2.405044005276858743e-02	2.170328304445117568e-02	-1.492065274368113009e-02	1.511853049631949053e-02	-1.693378818670972230e-02	1.912853779267637347e-02	-2.353413393356875577e-02	9.260364710478322103e-03	-1.076645903962349105e-02
2.226155706189046624e-01	-1.595086777317639704e-01	1.476070087811286458e-01	-9.055673716538530094e-02	8.601303609123879534e-02	-5.067288793716904216e-01	2.227658484412015361e-01	-1.630542415395429268e-01	9.776525248664114098e-02	-7.046329631878328614e-02	9.999999999999997780e-01	-5.185312736715423920e-01	2.080782577771984054e-01	-1.355165359093726818e-01	1.120191706748618898e-01	-5.739070107310978441e-01	2.770387452015269925e-01	-1.888513242550386995e-01	1.144163730482098129e-01	-9.225907514000919463e-02	1.638619173851869615e-01	-1.477919540378112573e-01	1.952287969119695099e-01	-2.430647281031253840e-02	2.245185967723528978e-02	-5.650401663374168132e-02	6.076439762849571158e-02	-4.713341332123077015e-02	2.469718730606513049e-02	-2.444303017426337904e-02	4.064347021792275721e-02	-4.524224822336271601e-02	5.102799399443942729e-02	-1.675469386975173003e-02	1.930589501048737833e-02
-2.314747079965149001e-01	1.728363144873770740e-01	-1.751509180931175857e-01	1.060077780078280407e-01	-1.023563139214533346e-01	2.743466446672954695e-01	-2.808325436911142114e-01	1.938731846242150170e-01	-1.179827713179238124e-01	8.564340815584381428e-02	-5.185312736715423920e-01	9.999999999999998890e-01	-4.243663565593464027e-01	1.855005508189241370e-01	-1.552352365392578037e-01	3.136339301589662343e-01	-5.090193025484718303e-01	2.626507031216707699e-01	-1.597542287336536360e-01	1.227640725366331842e-01	-2.035255201176784656e-01	1.854671113190583809e-01	-2.503163748661956234e-01	3.061996457489525938e-02	-2.823488628057050157e-02	6.833250569881174630e-02	-7.459323676886286947e-02	5.739358580911503582e-02	-3.057394665694443056e-02	3.005715909712120687e-02	-4.878355743261040406e-02	5.399476531585634120e-02	-6.190974239287626302e-02	2.046442203112606995e-02	-2.357878999102847040e-02
1.795356959432897470e-01	-1.486385654102184428e-01	1.804826507411216308e-01	-1.159918123835159964e-01	1.096627723489981138e-01	-2.144526455329732739e-01	1.928617274556473915e-01	-2.674457051688254872e-01	1.303743010842218220e-01	-1.003739369604323556e-01	2.080782577771984054e-01	-4.243663565593464027e-01	1.000000000000000000e+00	-4.181414772947781300e-01	2.196921992826423864e-01	-2.403739914682119228e-01	2.621091130855718321e-01	-5.957016218654449524e-01	2.353679698911970153e-01	-1.878690032744474991e-01	1.472308641427632070e-01	-1.442358022362666137e-01	2.591215863189200719e-01	-3.681927499536106346e-02	3.370915519436042812e-02	-5.770937621887606978e-02	6.211747783833897196e-02	-5.519078586189329894e-02	3.420251353982294712e-02	-3.394953479520430861e-02	4.242698538538792336e-02	-4.818985809166559386e-02	5.817505355137432554e-02	-2.159265372257636317e-02	2.495789175976305396e-02
-1.380862334200630703e-01	1.075040647821279977e-01	-1.368821293801228689e-01	1.158732505757306824e-01	-1.244047165715845421e-01	1.449152612908780058e-01	-1.341695074770543894e-01	1.506495498754548412e-01	-1.683160804428711632e-01	1.377823057173307997e-01	-1.355165359093726818e-01	1.855005508189241370e-01	-4.181414772947781300e-01	9.999999999999992228e-01	-6.076209149034215162e-01	1.583177534367251893e-01	-1.797264820186395551e-01	2.600164775018732333e-01	-4.999368689118588449e-01	3.056231326463241804e-01	-1.110605421817221355e-01	1.023058397637427036e-01	-2.101953585531895208e-01	4.832805028073945686e-02	-4.451564281997780204e-02	4.426507696273346282e-02	-4.811524986285868610e-02	4.517085863647767041e-02	-4.036326690589304295e-02	3.883471217008058890e-02	-3.311436971956584208e-02	3.741243927524869756e-02	-4.846583137171528444e-02	2.249204412770741679e-02	-2.637829623171933369e-02
1.183703084641174325e-01	-9.538594022703981989e-02	1.168826064728740455e-01	-1.204128874012514727e-01	1.299535322566812978e-01	-1.319896390476660575e-01	1.130165324862939386e-01	-1.319097905243340196e-01	1.648592339525031536e-01	-1.927359029350212694e-01	1.120191706748618898e-01	-1.552352365392578037e-01	2.196921992826423864e-01	-6.076209149034215162e-01	1.000000000000000444e+00	-1.441167601245382790e-01	1.437014475258787671e-01	-2.242364089202212585e-01	3.196927643642818451e-01	-6.095461757458134899e-01	9.357261658663333648e-02	-8.784090017606713263e-02	1.712821487578332080e-01	-4.451675590043362857e-02	4.248198160264166773e-02	-3.885336300811888244e-02	4.192213713956711996e-02	-3.983976117140105438e-02	3.631216221596544891e-02	-3.791072719094028959e-02	2.933575270374397942e-02	-3.344773712010801203e-02	4.255254886166602579e-02	-2.051930100481878794e-02	2.390111699529999523e-02
-2.803457226235082644e-01	1.753777861304327002e-01	-1.804555686168491102e-01	1.117131139690882013e-01	-1.103388752901405950e-01	2.861275476793297967e-01	-2.379698843989244139e-01	1.795107270905147712e-01	-1.260194457078149533e-01	8.918363667330575506e-02	-5.739070107310978441e-01	3.136339301589662343e-01	-2.403739914682119228e-01	1.583177534367251893e-01	-1.441167601245382790e-01	1.000000000000000222e+00	-4.903480327713780063e-01	2.274621551030307498e-01	-1.474416272389181271e-01	1.149931077467171991e-01	-3.045859709705721063e-01	2.270891236618982068e-01	-2.866834824504894685e-01	3.325595910400523658e-02	-3.071393998848758605e-02	8.931229299596978033e-02	-9.706071003741324754e-02	7.057830014908765548e-02	-3.470159975670573937e-02	3.394029429926519875e-02	-6.345382702547469611e-02	6.878390736357235802e-02	-7.748409167092322469e-02	2.409343190932926315e-02	-2.772353242544074725e-02
1.951867334887328886e-01	-1.476868300243094345e-01	1.485972408530431554e-01	-9.760772983423014748e-02	9.293344504250740379e-02	-2.551525650026148506e-01	1.914412631837075496e-01	-1.696177598796694275e-01	1.075185229171843199e-01	-7.983127782054556809e-02	2.770387452015269925e-01	-5.090193025484718303e-01	2.621091130855718321e-01	-1.797264820186395551e-01	1.437014475258787671e-01	-4.903480327713780063e-01	1.000000000000000000e+00	-3.674192115004661363e-01	1.580559218337016236e-01	-1.280876249299924274e-01	2.658669918178807601e-01	-3.942205819275135248e-01	2.646980587692954190e-01	-3.397260297340805313e-02	3.106841756936693302e-02	-9.569076453615055211e-02	1.018799916593129684e-01	-7.178770457387992354e-02	3.474831067962243225e-02	-3.439216663747243774e-02	6.404885949511375520e-02	-7.285163926464385820e-02	7.521750164048544851e-02	-2.389744462660539637e-02	2.732294846306415614e-02
-1.745581087852340341e-01	1.316638140673447033e-01	-1.603569389808991719e-01	1.053802942427133488e-01	-1.048275956524452185e-01	1.879057148868099048e-01	-1.704180502604281111e-01	1.792688149833741862e-01	-1.250540173443274727e-01	9.476373396040535524e-02	-1.888513242550386995e-01	2.626507031216707699e-01	-5.957016218654449524e-01	2.600164775018732333e-01	-2.242364089202212585e-01	2.274621551030307498e-01	-3.674192115004661363e-01	9.999999999999995559e-01	-3.382572836937017824e-01	1.973792701679260853e-01	-1.734999466155832948e-01	1.694194636633061524e-01	-4.610625151972926328e-01	4.272697590045749366e-02	-3.882096875153556031e-02	6.667482826345684510e-02	-7.278286224914383429e-02	6.782934125932667258e-02	-3.974953752155926251e-02	3.848202049667536623e-02	-4.854059058378634717e-02	5.485575881076491106e-02	-7.095666191504022835e-02	2.507629896861045260e-02	-2.890682585712407715e-02
1.159207164977507087e-01	-9.043241628410908506e-02	1.074990499538952676e-01	-8.961842900077363061e-02	9.086844684883239875e-02	-1.294095388510433098e-01	1.102131356367856002e-01	-1.227870991740118572e-01	1.146175808786680239e-01	-9.939856013686547420e-02	1.144163730482098129e-01	-1.597542287336536360e-01	2.353679698911970153e-01	-4.999368689118588449e-01	3.196927643642818451e-01	-1.474416272389181271e-01	1.580559218337016236e-01	-3.382572836937017824e-01	9.999999999999992228e-01	-6.782017074734423279e-01	9.891877252152082856e-02	-9.465892079318859176e-02	1.896678919008351338e-01	-7.238293703670015122e-02	6.092565591079956294e-02	-4.164931533825684540e-02	4.499452525516340479e-02	-4.462880947860548703e-02	5.163813210497127798e-02	-4.962920721219354209e-02	3.125131577505133734e-02	-3.572299059466407106e-02	4.730289572197653170e-02	-2.651895601254154744e-02	3.099406092242835975e-02
-9.886045048204532282e-02	7.653588741515990335e-02	-9.533399813589991945e-02	8.796540308372602368e-02	-9.864394093256591278e-02	1.041675121422073191e-01	-9.263308020727080427e-02	1.028954173189792903e-01	-1.267950151725779906e-01	1.137962539911715337e-01	-9.225907514000919463e-02	1.227640725366331842e-01	-1.878690032744474991e-01	3.056231326463241804e-01	-6.095461757458134899e-01	1.149931077467171991e-01	-1.280876249299924274e-01	1.973792701679260853e-01	-6.782017074734423279e-01	9.999999999999985567e-01	-8.180337474686669164e-02	7.570591351972387473e-02	-1.611287676620172804e-01	5.720341406489288377e-02	-5.673005496808963127e-02	3.393655619387144634e-02	-3.690489487984811162e-02	3.672154617502081803e-02	-4.358733381187850087e-02	4.384386880404409631e-02	-2.555060222181498170e-02	2.900662752601495045e-02	-3.940009537528738753e-02	2.241625125315055422e-02	-2.633416548103277577e-02
1.363242504964972956e-01	-9.860028454001057430e-02	1.002995504967917895e-01	-6.772087298235342223e-02	6.466117612684772753e-02	-1.685284615719116752e-01	1.225812629376222818e-01	-1.103038545479572696e-01	7.466318884901966546e-02	-5.502353407572943556e-02	1.638619173851869615e-01	-2.035255201176784656e-01	1.472308641427632070e-01	-1.110605421817221355e-01	9.357261658663333648e-02	-3.045859709705721063e-01	2.658669918178807601e-01	-1.734999466155832948e-01	9.891877252152082856e-02	-8.180337474686669164e-02	1.000000000000000000e+00	-7.931871325420695173e-01	2.244799080490846033e-01	-3.154338998359901974e-02	2.840404386211128548e-02	-2.226626073671609529e-01	1.852821063268512425e-01	-9.916445513329409656e-02	3.593404009969928398e-02	-3.498742064336250041e-02	1.113892061829550861e-01	-1.270037818908255067e-01	1.010733609900295593e-01	-2.707933785352538425e-02	3.035041982227723589e-02
-1.229020261021998434e-01	8.735078183171121613e-02	-9.102235216556925357e-02	6.064430657890462761e-02	-5.856752435549419239e-02	1.418935098836243691e-01	-1.109400142069574824e-01	9.860714130116092491e-02	-6.783239357034623329e-02	4.981678042252231375e-02	-1.477919540378112573e-01	1.854671113190583809e-01	-1.442358022362666137e-01	1.023058397637427036e-01	-8.784090017606713263e-02	2.270891236618982068e-01	-3.942205819275135248e-01	1.694194636633061524e-01	-9.465892079318859176e-02	7.570591351972387473e-02	-7.931871325420695173e-01	1.000000000000000666e+00	-2.646906375282467305e-01	2.898510708497573085e-02	-2.605039658419604567e-02	1.686678457479111881e-01	-2.072604998297901679e-01	9.374789367052401012e-02	-3.321531742759908923e-02	3.175292389353898820e-02	-9.920927181900840441e-02	1.067530851957950722e-01	-9.820834667359940040e-02	2.515487652821225828e-02	-2.820674230748602962e-02
2.077202484161621565e-01	-1.525948036079529391e-01	1.618129504355343140e-01	-1.151705473547815217e-01	1.093541278870671651e-01	-2.426746512854732474e-01	1.814881175127059376e-01	-1.838156503753089477e-01	1.274173446506135510e-01	-9.611947328551062597e-02	1.952287969119695099e-01	-2.503163748661956234e-01	2.591215863189200719e-01	-2.101953585531895208e-01	1.712821487578332080e-01	-2.866834824504894685e-01	2.646980587692954190e-01	-4.610625151972926328e-01	1.896678919008351338e-01	-1.611287676620172804e-01	2.244799080490846033e-01	-2.646906375282467305e-01	1.000000000000000222e+00	-5.471548622993457206e-02	4.906840620635404687e-02	-1.104393764212435181e-01	1.172894137938797210e-01	-1.425561498007542616e-01	5.769668645606589735e-02	-5.774071693795484322e-02	8.215024951251950758e-02	-9.699186703088853723e-02	1.302550962745447349e-01	-4.072277856152239917e-02	4.597376185599066911e-02
-2.675533700006316531e-02	1.932979766930548529e-02	-2.188421486241440631e-02	1.662443645417888485e-02	-1.683050294416130188e-02	2.837522875103199935e-02	-2.344598624118455002e-02	2.373502078900016285e-02	-2.042497734196706966e-02	1.629205546872374705e-02	-2.430647281031253840e-02	3.061996457489525938e-02	-3.681927499536106346e-02	4.832805028073945686e-02	-4.451675590043362857e-02	3.325595910400523658e-02	-3.397260297340805313e-02	4.272697590045749366e-02	-7.238293703670015122e-02	5.720341406489288377e-02	-3.154338998359901974e-02	2.898510708497573085e-02	-5.471548622993457206e-02	9.999999999999997780e-01	-7.056858333991843368e-01	3.450142205273787344e-02	-3.923862521049094332e-02	8.585842782195915457e-02	-5.746660522603809218e-01	3.277521699291091051e-01	-2.736523171646353461e-02	3.297406879028505489e-02	-9.300142421132590043e-02	1.710242098226746610e-01	-2.071210754244168228e-01
2.488543198181484770e-02	-1.797984149657393116e-02	2.035209488357166141e-02	-1.552639800765179962e-02	1.574204742093365458e-02	-2.637938456586850361e-02	2.176714597539065182e-02	-2.207139757083021944e-02	1.911432888514040529e-02	-1.527973257523779736e-02	2.245185967723528978e-02	-2.823488628057050157e-02	3.370915519436042812e-02	-4.451564281997780204e-02	4.248198160264166773e-02	-3.071393998848758605e-02	3.106841756936693302e-02	-3.882096875153556031e-02	6.092565591079956294e-02	-5.673005496808963127e-02	2.840404386211128548e-02	-2.605039658419604567e-02	4.906840620635404687e-02	-7.056858333991843368e-01	1.000000000000000666e+00	-2.975352982434948529e-02	3.296785324195721650e-02	-6.971307858292491444e-02	3.097161115392290109e-01	-6.129865615130211109e-01	2.351871211562478123e-02	-2.862226821201638294e-02	7.293349389676957728e-02	-1.410066714855829906e-01	1.546503099232047762e-01
-5.348792037644042874e-02	3.761764513345337152e-02	-3.952141791991604231e-02	2.687657788625133493e-02	-2.607796977986559864e-02	6.024063326242439648e-02	-4.655345733566623040e-02	4.242303850668052712e-02	-3.026981560495285023e-02	2.222395666674971404e-02	-5.650401663374168132e-02	6.833250569881174630e-02	-5.770937621887606978e-02	4.426507696273346282e-02	-3.885336300811888244e-02	8.931229299596978033e-02	-9.569076453615055211e-02	6.667482826345684510e-02	-4.164931533825684540e-02	3.393655619387144634e-02	-2.226626073671609529e-01	1.686678457479111881e-01	-1.104393764212435181e-01	3.450142205273787344e-02	-2.975352982434948529e-02	1.000000000000000000e+00	-7.807044505134217438e-01	1.929371046889211405e-01	-4.803659779071053210e-02	4.241490158075422734e-02	-4.186127839721029975e-01	2.778371595427494012e-01	-2.203028139656292850e-01	4.222729139722112418e-02	-4.612533290093816241e-02
5.759594725519971009e-02	-4.075183956461100182e-02	4.264761804754838015e-02	-2.911799721686998688e-02	2.816519191195939603e-02	-6.577971432068596691e-02	5.021546061427137331e-02	-4.606578093328513729e-02	3.268448246841339916e-02	-2.405044005276858743e-02	6.076439762849571158e-02	-7.459323676886286947e-02	6.211747783833897196e-02	-4.811524986285868610e-02	4.192213713956711996e-02	-9.706071003741324754e-02	1.018799916593129684e-01	-7.278286224914383429e-02	4.499452525516340479e-02	-3.690489487984811162e-02	1.852821063268512425e-01	-2.072604998297901679e-01	1.172894137938797210e-01	-3.923862521049094332e-02	3.296785324195721650e-02	-7.807044505134217438e-01	1.000000000000000222e+00	-3.026798741269135506e-01	5.400752865828310073e-02	-4.821436416321938506e-02	2.620557188737230869e-01	-3.576706748286630488e-01	2.202744552450768556e-01	-4.525831991099135004e-02	4.817303300291628232e-02
-4.905312983520696696e-02	3.460234170880695237e-02	-3.693711380428366109e-02	2.573302326904034279e-02	-2.504116503415593914e-02	5.406923798419176197e-02	-4.201086259377637133e-02	3.991455663321138297e-02	-2.923317475608829680e-02	2.170328304445117568e-02	-4.713341332123077015e-02	5.739358580911503582e-02	-5.519078586189329894e-02	4.517085863647767041e-02	-3.983976117140105438e-02	7.057830014908765548e-02	-7.178770457387992354e-02	6.782934125932667258e-02	-4.462880947860548703e-02	3.672154617502081803e-02	-9.916445513329409656e-02	9.374789367052401012e-02	-1.425561498007542616e-01	8.585842782195915457e-02	-6.971307858292491444e-02	1.929371046889211405e-01	-3.026798741269135506e-01	1.000000000000000444e+00	-1.428998906634381394e-01	1.061780227950552130e-01	-1.434110465747330254e-01	1.660485063407742545e-01	-8.753747609971737065e-01	1.171504214147425643e-01	-1.223667256041864188e-01
2.726241755594045052e-02	-1.942870057458830416e-02	2.158438644752249877e-02	-1.595482299893914019e-02	1.596330437344445005e-02	-2.898162603587317240e-02	2.350652179851117282e-02	-2.329288234309695102e-02	1.913747494874640936e-02	-1.492065274368113009e-02	2.469718730606513049e-02	-3.057394665694443056e-02	3.420251353982294712e-02	-4.036326690589304295e-02	3.631216221596544891e-02	-3.470159975670573937e-02	3.474831067962243225e-02	-3.974953752155926251e-02	5.163813210497127798e-02	-4.358733381187850087e-02	3.593404009969928398e-02	-3.321531742759908923e-02	5.769668645606589735e-02	-5.746660522603809218e-01	3.097161115392290109e-01	-4.803659779071053210e-02	5.400752865828310073e-02	-1.428998906634381394e-01	1.000000000000000444e+00	-6.129323920377999224e-01	3.671206697436734528e-02	-4.535430253939347345e-02	1.301814792859501413e-01	-3.590112159844861539e-01	2.572980775948262022e-01
-2.742489616305503544e-02	1.940362388602980687e-02	-2.169069250545744079e-02	1.604484613043533764e-02	-1.618611103070561469e-02	2.861422983991217944e-02	-2.351874656216738219e-02	2.318769219664150449e-02	-1.943542052274929710e-02	1.511853049631949053e-02	-2.444303017426337904e-02	3.005715909712120687e-02	-3.394953479520430861e-02	3.883471217008058890e-02	-3.791072719094028959e-02	3.394029429926519875e-02	-3.439216663747243774e-02	3.848202049667536623e-02	-4.962920721219354209e-02	4.384386880404409631e-02	-3.498742064336250041e-02	3.175292389353898820e-02	-5.774071693795484322e-02	3.277521699291091051e-01	-6.129865615130211109e-01	4.241490158075422734e-02	-4.821436416321938506e-02	1.061780227950552130e-01	-6.129323920377999224e-01	1.000000000000000666e+00	-3.423037549144482272e-02	4.118654379392940046e-02	-1.190188298041801040e-01	2.232527237352982252e-01	-3.123139855889551786e-01
4.050982002067587961e-02	-2.830494921912539430e-02	2.986580026493932533e-02	-2.043806831913757768e-02	1.988440837452831733e-02	-4.485656580221683565e-02	3.471973593089595217e-02	-3.189795527566703648e-02	2.309651943683192765e-02	-1.693378818670972230e-02	4.064347021792275721e-02	-4.878355743261040406e-02	4.242698538538792336e-02	-3.311436971956584208e-02	2.933575270374397942e-02	-6.345382702547469611e-02	6.404885949511375520e-02	-4.854059058378634717e-02	3.125131577505133734e-02	-2.555060222181498170e-02	1.113892061829550861e-01	-9.920927181900840441e-02	8.215024951251950758e-02	-2.736523171646353461e-02	2.351871211562478123e-02	-4.186127839721029975e-01	2.620557188737230869e-01	-1.434110465747330254e-01	3.671206697436734528e-02	-3.423037549144482272e-02	1.000000000000000888e+00	-8.471603584648064178e-01	1.493749109125764307e-01	-3.180718119397628330e-02	3.432883677688295526e-02
-4.561641560406459739e-02	3.166416298092110393e-02	-3.366492159108429305e-02	2.298468132821717205e-02	-2.246929900771829289e-02	4.946618314393470828e-02	-3.899619364764139728e-02	3.570383453675025909e-02	-2.613265102826149711e-02	1.912853779267637347e-02	-4.524224822336271601e-02	5.399476531585634120e-02	-4.818985809166559386e-02	3.741243927524869756e-02	-3.344773712010801203e-02	6.878390736357235802e-02	-7.285163926464385820e-02	5.485575881076491106e-02	-3.572299059466407106e-02	2.900662752601495045e-02	-1.270037818908255067e-01	1.067530851957950722e-01	-9.699186703088853723e-02	3.297406879028505489e-02	-2.862226821201638294e-02	2.778371595427494012e-01	-3.576706748286630488e-01	1.660485063407742545e-01	-4.535430253939347345e-02	4.118654379392940046e-02	-8.471603584648064178e-01	1.000000000000000888e+00	-2.170461066223565716e-01	4.120931387055960793e-02	-4.509350242650637941e-02
5.359954188718571433e-02	-3.780948373462326983e-02	4.012165121140202906e-02	-2.803347834811367734e-02	2.720251197946998989e-02	-5.947729017639306892e-02	4.562747861832175400e-02	-4.343215519771911892e-02	3.171191014078825199e-02	-2.353413393356875577e-02	5.102799399443942729e-02	-6.190974239287626302e-02	5.817505355137432554e-02	-4.846583137171528444e-02	4.255254886166602579e-02	-7.748409167092322469e-02	7.521750164048544851e-02	-7.095666191504022835e-02	4.730289572197653170e-02	-3.940009537528738753e-02	1.010733609900295593e-01	-9.820834667359940040e-02	1.302550962745447349e-01	-9.300142421132590043e-02	7.293349389676957728e-02	-2.203028139656292850e-01	2.202744552450768556e-01	-8.753747609971737065e-01	1.301814792859501413e-01	-1.190188298041801040e-01	1.493749109125764307e-01	-2.170461066223565716e-01	1.000000000000001110e+00	-1.438035515784271134e-01	1.238719557439512675e-01
-1.841930077289935519e-02	1.299317666621235823e-02	-1.422680090140088227e-02	1.028413753016629850e-02	-1.020992636411867382e-02	1.964135418746422446e-02	-1.570393566924248308e-02	1.527639141876833972e-02	-1.211960421586162628e-02	9.260364710478322103e-03	-1.675469386975173003e-02	2.046442203112606995e-02	-2.159265372257636317e-02	2.249204412770741679e-02	-2.051930100481878794e-02	2.409343190932926315e-02	-2.389744462660539637e-02	2.507629896861045260e-02	-2.651895601254154744e-02	2.241625125315055422e-02	-2.707933785352538425e-02	2.515487652821225828e-02	-4.072277856152239917e-02	1.710242098226746610e-01	-1.410066714855829906e-01	4.222729139722112418e-02	-4.525831991099135004e-02	1.171504214147425643e-01	-3.590112159844861539e-01	2.232527237352982252e-01	-3.180718119397628330e-02	4.120931387055960793e-02	-1.438035515784271134e-01	1.000000000000000888e+00	-8.781965689174513479e-01
2.133180596441516808e-02	-1.504647124076533005e-02	1.648103469839223845e-02	-1.193724268728975357e-02	1.185149307173814781e-02	-2.272248420661100721e-02	1.816136665556095098e-02	-1.770124570406791942e-02	1.407391414145940656e-02	-1.076645903962349105e-02	1.930589501048737833e-02	-2.357878999102847040e-02	2.495789175976305396e-02	-2.637829623171933369e-02	2.390111699529999523e-02	-2.772353242544074725e-02	2.732294846306415614e-02	-2.890682585712407715e-02	3.099406092242835975e-02	-2.633416548103277577e-02	3.035041982227723589e-02	-2.820674230748602962e-02	4.597376185599066911e-02	-2.071210754244168228e-01	1.546503099232047762e-01	-4.612533290093816241e-02	4.817303300291628232e-02	-1.223667256041864188e-01	2.572980775948262022e-01	-3.123139855889551786e-01	3.432883677688295526e-02	-4.509350242650637941e-02	1.238719557439512675e-01	-8.781965689174513479e-01	1.000000000000000888e+00
