1.000000000000000000e+00	-8.774952953913031095e-01	1.357970900340146614e-01	-1.204244123554861767e-01	7.964828551611577434e-02	-3.536510948388603692e-01	2.342277731869545632e-01	-1.239788374045254771e-01	9.629249154410980671e-02	-6.636485282352086457e-02	1.702102260785781918e-01	-1.549238157175825414e-01	1.168825778640862345e-01	-9.988230118788514467e-02	7.946913574588655715e-02	-6.798303964573765290e-02	1.098384215250718388e-01	-9.441064917805271073e-02	7.635754128105569360e-02	-8.038714401127992903e-02	6.658011932682764145e-02	-7.084839608733173311e-02	6.027908918066938321e-02	-8.509371938830828652e-02	5.133194762418102908e-02	-4.052587199268782581e-02	5.132893545067046537e-02	-4.111679194600338649e-02	4.987310626636785871e-02	-4.197353906333357171e-02	4.558060535765488808e-02	-3.794554594064745295e-02	3.344590158905606792e-02	-5.506708287481221209e-02	7.637314888345042574e-02
-8.774952953913031095e-01	9.999999999999998890e-01	-1.708185533702745451e-01	1.266967545489802449e-01	-8.877191819428195685e-02	2.542955825271230874e-01	-3.048220571271428314e-01	1.395959740426360174e-01	-1.084723154596331646e-01	7.259608157993975575e-02	-1.886798947299670737e-01	1.567240745837679694e-01	-1.301635572324884860e-01	1.070832941229109270e-01	-8.768148692260080423e-02	7.314606413201539536e-02	-1.227153982380045222e-01	1.007043219008982859e-01	-8.245794903282194221e-02	8.554487713667639770e-02	-7.462794071206278745e-02	7.448128639225462533e-02	-6.433495871903543994e-02	8.949070636794038969e-02	-5.517176377488512001e-02	4.413252032634359945e-02	-5.532323629071463772e-02	4.389605049797395964e-02	-5.339771701233594903e-02	4.483590281688967782e-02	-5.061357925238375161e-02	4.060958164767079076e-02	-3.595309656549600802e-02	5.829980012901628261e-02	-8.248185606628195832e-02
1.357970900340146614e-01	-1.708185533702745451e-01	1.000000000000000000e+00	-4.375567033520659233e-01	2.008336758322575299e-01	-2.156019319272076407e-01	2.388442746173064513e-01	-7.151767467784745369e-01	2.731710108748474641e-01	-1.780501347433567638e-01	1.779046258672559444e-01	-2.087947606519167942e-01	2.337007124079133746e-01	-2.571512134079606549e-01	1.824653855767524036e-01	-8.722961610530034771e-02	1.915004360903849456e-01	-1.904766635115293094e-01	1.624906431423414621e-01	-1.797598441093184174e-01	8.656089167537692197e-02	-1.357749624674565725e-01	1.166945689329770691e-01	-1.716837319399246164e-01	9.867209393245192361e-02	-5.901668900377973065e-02	9.243534595985800073e-02	-7.565974298856303903e-02	9.394739027856162383e-02	-8.050266480705360606e-02	6.597962277384697427e-02	-6.732027825224856654e-02	6.010404896899726457e-02	-1.034817164625890518e-01	1.408314839749764125e-01
-1.204244123554861767e-01	1.266967545489802449e-01	-4.375567033520659233e-01	9.999999999999997780e-01	-5.096826842908106503e-01	1.661710770519561065e-01	-2.100733624026406843e-01	2.721841718785300013e-01	-4.296149590071907109e-01	2.808540593676761010e-01	-1.988742895167374403e-01	1.947609498470544709e-01	-2.727861156651825714e-01	2.819481632785685865e-01	-3.099198664108068213e-01	1.033174505847109792e-01	-2.665580460401048568e-01	2.136753978297713241e-01	-2.156725031002441340e-01	2.301992803389224795e-01	-1.077225870628826382e-01	1.570461854297855175e-01	-1.416510760258318236e-01	2.033371386166201722e-01	-1.317533446201371583e-01	7.258485850295963437e-02	-1.185397163930082820e-01	9.459132823713592431e-02	-1.219812247841221831e-01	1.044379802949199909e-01	-8.369203335561353763e-02	8.358484624141139518e-02	-7.637004356556298390e-02	1.292170019102558132e-01	-1.941785547576346804e-01
7.964828551611577434e-02	-8.877191819428195685e-02	2.008336758322575299e-01	-5.096826842908106503e-01	1.000000000000000444e+00	-1.165252046670089414e-01	1.346550899002811885e-01	-1.849215809181886938e-01	2.682417448044364106e-01	-6.734638650277713356e-01	1.314923991531609104e-01	-1.422476632690803933e-01	1.867225297794157524e-01	-2.579447356395177526e-01	2.899852025445928128e-01	-7.282237717969408664e-02	1.851023333812536475e-01	-1.763297599315342412e-01	1.843763875259540330e-01	-2.651867050176867080e-01	7.401497331903023058e-02	-1.363604964823422472e-01	1.182162254868918960e-01	-1.884433281013519201e-01	1.073761854676965749e-01	-5.339047746582935294e-02	9.342365281311913738e-02	-7.731300064427501506e-02	9.885058511812463977e-02	-8.754224107028739377e-02	6.009414565748608800e-02	-6.740324448720419470e-02	6.087002626201013650e-02	-1.086522329797208058e-01	1.458139672754100724e-01
-3.536510948388603692e-01	2.542955825271230874e-01	-2.156019319272076407e-01	1.661710770519561065e-01	-1.165252046670089414e-01	9.999999999999996669e-01	-6.680275461745422971e-01	2.025695946389949598e-01	-1.505765553678018176e-01	9.707848958262851879e-02	-4.739609158563296565e-01	2.755244035830000660e-01	-1.935344295293096040e-01	1.491260083701827222e-01	-1.164724624891961269e-01	1.261002776838913708e-01	-1.653685957172574550e-01	1.416977813045356693e-01	-1.122149072632364908e-01	1.152709767253238260e-01	-1.258269931511975803e-01	1.017085071272924301e-01	-8.794087100170769333e-02	1.209813349624462714e-01	-7.249355825996424418e-02	6.649262425754698391e-02	-7.488579171897544184e-02	5.924899099283213039e-02	-7.067350369632460771e-02	5.908698344452534973e-02	-7.579570227471175980e-02	5.567917245159662021e-02	-4.881618550263591705e-02	7.722387408143267795e-02	-1.061182082575323066e-01
2.342277731869545632e-01	-3.048220571271428314e-01	2.388442746173064513e-01	-2.100733624026406843e-01	1.346550899002811885e-01	-6.680275461745422971e-01	9.999999999999996669e-01	-3.472172236289342573e-01	1.806708514448439606e-01	-1.170641539647440110e-01	2.883593990958961961e-01	-3.872445287165328653e-01	2.193514515034087897e-01	-1.868309466000173391e-01	1.347750616803803647e-01	-1.100175793698646015e-01	1.762472712678030129e-01	-1.668549355084178454e-01	1.309096524517276983e-01	-1.375108622714263096e-01	1.054021451533111164e-01	-1.179417665261841552e-01	1.009973923922110189e-01	-1.427231144953788056e-01	8.286137912688890106e-02	-6.370223445425876596e-02	8.236962110839897433e-02	-6.648774286347827744e-02	8.036353956700391377e-02	-6.781934256319432919e-02	7.097574537720340027e-02	-6.094876184106339662e-02	5.368227406673731217e-02	-8.867889993933675274e-02	1.200398065386216323e-01
-1.239788374045254771e-01	1.395959740426360174e-01	-7.151767467784745369e-01	2.721841718785300013e-01	-1.849215809181886938e-01	2.025695946389949598e-01	-3.472172236289342573e-01	1.000000000000000666e+00	-3.976479503425305873e-01	1.633336910083796056e-01	-1.783498333674858882e-01	2.002702096695783973e-01	-2.891793504305943396e-01	2.422999246015525854e-01	-1.718106127671222561e-01	8.082740395719513471e-02	-1.775251520497057311e-01	1.739873688698011789e-01	-1.499517559307855796e-01	1.552752315095564939e-01	-8.120659180264863664e-02	1.163085951953966718e-01	-1.035621418519759168e-01	1.468333575945535430e-01	-8.578401850700195785e-02	5.289028737332695379e-02	-8.066836286248102450e-02	6.537656767873177566e-02	-8.124390692602447006e-02	6.925642175218281460e-02	-5.971473274138679871e-02	5.825903981555208277e-02	-5.226384592205532420e-02	8.793362529118617377e-02	-1.216648962692368080e-01
9.629249154410980671e-02	-1.084723154596331646e-01	2.731710108748474641e-01	-4.296149590071907109e-01	2.682417448044364106e-01	-1.505765553678018176e-01	1.806708514448439606e-01	-3.976479503425305873e-01	1.000000000000001776e+00	-3.669006277328911714e-01	1.581044920217097305e-01	-1.815416415781503368e-01	2.521148681364053235e-01	-5.987272897139669370e-01	2.587249735189371402e-01	-8.161030831593388268e-02	1.994802537500608985e-01	-2.013164906791257980e-01	2.088549155429282600e-01	-2.287192210753658250e-01	8.237864128294225541e-02	-1.398809036267321948e-01	1.246197013585277347e-01	-1.913088723185711049e-01	1.069017180557129271e-01	-5.708205808702410816e-02	9.557813079899572795e-02	-7.834854434358071162e-02	9.928799772809197843e-02	-8.611075133295313655e-02	6.431948265059492242e-02	-6.859716074679921005e-02	6.200547887718373119e-02	-1.070212421217041354e-01	1.461973688747454647e-01
-6.636485282352086457e-02	7.259608157993975575e-02	-1.780501347433567638e-01	2.808540593676761010e-01	-6.734638650277713356e-01	9.707848958262851879e-02	-1.170641539647440110e-01	1.633336910083796056e-01	-3.669006277328911714e-01	1.000000000000001554e+00	-1.126606774874481104e-01	1.198940488641700164e-01	-1.692332081671922839e-01	2.399882645855510310e-01	-5.157039034863306615e-01	6.119983304003558805e-02	-1.588729324862346859e-01	1.486977273957601764e-01	-1.733189419889044625e-01	2.338526617163091126e-01	-6.254355131517039257e-02	1.099803863298408901e-01	-9.874314428597544269e-02	1.533757834250888963e-01	-9.145382823734733713e-02	4.427169112751255103e-02	-7.744839664647303057e-02	6.348989592987444586e-02	-8.225256217477283638e-02	7.272718450185235162e-02	-5.012788373541074427e-02	5.516714121790524533e-02	-5.027161197627906530e-02	8.799130138785961341e-02	-1.217399082812412603e-01
1.702102260785781918e-01	-1.886798947299670737e-01	1.779046258672559444e-01	-1.988742895167374403e-01	1.314923991531609104e-01	-4.739609158563296565e-01	2.883593990958961961e-01	-1.783498333674858882e-01	1.581044920217097305e-01	-1.126606774874481104e-01	9.999999999999994449e-01	-6.381228898378324965e-01	2.488310702246017136e-01	-1.890407361797687424e-01	1.384622355795672444e-01	-2.749450278788843072e-01	2.101250799633476718e-01	-1.986464527188952223e-01	1.443805901840365946e-01	-1.496486812075879802e-01	1.934751449420656078e-01	-1.420677454622927272e-01	1.191107548139496847e-01	-1.646520231758628328e-01	9.469630467801117002e-02	-1.028422983142323333e-01	1.011106242664931570e-01	-8.074823552385083925e-02	9.382792636096114192e-02	-7.814902734082744551e-02	1.088217135877111302e-01	-7.728602106362514323e-02	6.640501409626771434e-02	-1.043349552393413870e-01	1.373266055974017852e-01
-1.549238157175825414e-01	1.567240745837679694e-01	-2.087947606519167942e-01	1.947609498470544709e-01	-1.422476632690803933e-01	2.755244035830000660e-01	-3.872445287165328653e-01	2.002702096695783973e-01	-1.815416415781503368e-01	1.198940488641700164e-01	-6.381228898378324965e-01	1.000000000000003553e+00	-4.616871772918548777e-01	2.052229628531523908e-01	-1.511239279041847183e-01	1.658206221122733026e-01	-2.440131457323597153e-01	2.176181185127145923e-01	-1.570889104700067818e-01	1.523594847098768135e-01	-1.681926826960831733e-01	1.390140967140872930e-01	-1.247079824642080143e-01	1.625539060677820558e-01	-9.586712238651616536e-02	8.758002187953092821e-02	-1.000488284450277987e-01	7.905793821701057045e-02	-9.359337079257638858e-02	7.784532024159515617e-02	-1.003517452645621699e-01	7.397664566611683590e-02	-6.501426878804519860e-02	1.012578306019695368e-01	-1.380956463013811308e-01
1.168825778640862345e-01	-1.301635572324884860e-01	2.337007124079133746e-01	-2.727861156651825714e-01	1.867225297794157524e-01	-1.935344295293096040e-01	2.193514515034087897e-01	-2.891793504305943396e-01	2.521148681364053235e-01	-1.692332081671922839e-01	2.488310702246017136e-01	-4.616871772918548777e-01	1.000000000000000666e+00	-4.259266473484107363e-01	2.104282337391696345e-01	-1.211048454465026569e-01	2.810492871259577807e-01	-4.933344549314230831e-01	2.425021482203109646e-01	-2.321665502992538155e-01	1.172886588129094104e-01	-2.063745500879866357e-01	1.864076252396736355e-01	-2.434501269650089228e-01	1.286788120617494979e-01	-7.899964726929389891e-02	1.255989611901527081e-01	-1.036344493257077559e-01	1.240538520926501298e-01	-1.048781511990227316e-01	8.743979284996598877e-02	-9.120517428512019131e-02	8.122315399481236375e-02	-1.344965873321293248e-01	1.767599207063957345e-01
-9.988230118788514467e-02	1.070832941229109270e-01	-2.571512134079606549e-01	2.819481632785685865e-01	-2.579447356395177526e-01	1.491260083701827222e-01	-1.868309466000173391e-01	2.422999246015525854e-01	-5.987272897139669370e-01	2.399882645855510310e-01	-1.890407361797687424e-01	2.052229628531523908e-01	-4.259266473484107363e-01	9.999999999999990008e-01	-3.472530180050499848e-01	9.610109235106205350e-02	-2.511292528728158446e-01	2.482110511733121028e-01	-3.433984589118407871e-01	2.575768135369596035e-01	-9.842406661864049056e-02	1.603699858583806648e-01	-1.525563681677954142e-01	2.231471702141774038e-01	-1.282475752876186537e-01	6.668223367536445234e-02	-1.131026769107169316e-01	9.157093611103998831e-02	-1.177151141364007059e-01	1.007531209725510413e-01	-7.586449408686421481e-02	7.973223669429750637e-02	-7.295199778399914792e-02	1.225925608524938981e-01	-1.725460878526326458e-01
7.946913574588655715e-02	-8.768148692260080423e-02	1.824653855767524036e-01	-3.099198664108068213e-01	2.899852025445928128e-01	-1.164724624891961269e-01	1.347750616803803647e-01	-1.718106127671222561e-01	2.587249735189371402e-01	-5.157039034863306615e-01	1.384622355795672444e-01	-1.511239279041847183e-01	2.104282337391696345e-01	-3.472530180050499848e-01	1.000000000000003553e+00	-7.908064970844506936e-02	2.086729931619294709e-01	-2.147099382322903427e-01	2.638901601194676427e-01	-5.685052019925066480e-01	8.022738896727776847e-02	-1.596226949106850646e-01	1.422175998187614476e-01	-2.383054414461941994e-01	1.338884196553662975e-01	-5.890134573310514682e-02	1.077782257701156987e-01	-9.005245350015059214e-02	1.170758369116917108e-01	-1.080640844356571539e-01	6.612825774488986785e-02	-7.732198820639366033e-02	7.034733825315678257e-02	-1.266021915004615361e-01	1.660273277034114148e-01
-6.798303964573765290e-02	7.314606413201539536e-02	-8.722961610530034771e-02	1.033174505847109792e-01	-7.282237717969408664e-02	1.261002776838913708e-01	-1.100175793698646015e-01	8.082740395719513471e-02	-8.161030831593388268e-02	6.119983304003558805e-02	-2.749450278788843072e-01	1.658206221122733026e-01	-1.211048454465026569e-01	9.610109235106205350e-02	-7.908064970844506936e-02	1.000000000000001332e+00	-2.148251453361522123e-01	1.251390408809610888e-01	-8.768899537671469291e-02	8.776794181705957487e-02	-8.572709388944854680e-01	1.050115752164915567e-01	-8.552633156842391615e-02	1.065165135171319555e-01	-6.422718114255868138e-02	1.996996887735116577e-01	-9.686444769755714335e-02	6.938870506392406934e-02	-6.895043242767358305e-02	5.372336861834889343e-02	-2.294080740413841357e-01	7.987706979114835015e-02	-6.492621447237870158e-02	7.518405333535427282e-02	-9.327702455364675349e-02
1.098384215250718388e-01	-1.227153982380045222e-01	1.915004360903849456e-01	-2.665580460401048568e-01	1.851023333812536475e-01	-1.653685957172574550e-01	1.762472712678030129e-01	-1.775251520497057311e-01	1.994802537500608985e-01	-1.588729324862346859e-01	2.101250799633476718e-01	-2.440131457323597153e-01	2.810492871259577807e-01	-2.511292528728158446e-01	2.086729931619294709e-01	-2.148251453361522123e-01	9.999999999999997780e-01	-5.359525848605904974e-01	2.577511714642580221e-01	-2.575624554532622845e-01	1.721193393724804177e-01	-3.096478956080419565e-01	2.420949254165173370e-01	-3.215019715199790018e-01	1.697806838216985026e-01	-1.196635655186123748e-01	1.755875831928206676e-01	-1.466283481489377982e-01	1.699185751969835012e-01	-1.419451918398217938e-01	1.258429530061686841e-01	-1.322587967252306929e-01	1.143412666000371003e-01	-1.935846454882945156e-01	2.437425838399991940e-01
-9.441064917805271073e-02	1.007043219008982859e-01	-1.904766635115293094e-01	2.136753978297713241e-01	-1.763297599315342412e-01	1.416977813045356693e-01	-1.668549355084178454e-01	1.739873688698011789e-01	-2.013164906791257980e-01	1.486977273957601764e-01	-1.986464527188952223e-01	2.176181185127145923e-01	-4.933344549314230831e-01	2.482110511733121028e-01	-2.147099382322903427e-01	1.251390408809610888e-01	-5.359525848605904974e-01	1.000000000000001110e+00	-3.974898672882823392e-01	2.400950883305388583e-01	-1.247204632985237510e-01	2.523368567274805740e-01	-3.420316382258423715e-01	2.776449716266072842e-01	-1.497878910032056921e-01	8.422820893017060606e-02	-1.524652153414202127e-01	1.235132359606034569e-01	-1.449472269440207073e-01	1.183407734253859311e-01	-9.468882561406984089e-02	1.051547859671971563e-01	-9.671675369479817985e-02	1.479502903753572296e-01	-2.001366149981090858e-01
7.635754128105569360e-02	-8.245794903282194221e-02	1.624906431423414621e-01	-2.156725031002441340e-01	1.843763875259540330e-01	-1.122149072632364908e-01	1.309096524517276983e-01	-1.499517559307855796e-01	2.088549155429282600e-01	-1.733189419889044625e-01	1.443805901840365946e-01	-1.570889104700067818e-01	2.425021482203109646e-01	-3.433984589118407871e-01	2.638901601194676427e-01	-8.768899537671469291e-02	2.577511714642580221e-01	-3.974898672882823392e-01	1.000000000000001554e+00	-5.668739362196912879e-01	8.881769608735985699e-02	-2.103971315418337040e-01	2.116801288297784356e-01	-4.986181732519232579e-01	1.672464714494980853e-01	-6.624460915832602881e-02	1.320578145655195990e-01	-1.117993366595363414e-01	1.483747589455521043e-01	-1.313916365909411910e-01	7.436128529690690103e-02	-9.252355854553030723e-02	8.581451103707785077e-02	-1.494962263315838258e-01	1.908028188700596206e-01
-8.038714401127992903e-02	8.554487713667639770e-02	-1.797598441093184174e-01	2.301992803389224795e-01	-2.651867050176867080e-01	1.152709767253238260e-01	-1.375108622714263096e-01	1.552752315095564939e-01	-2.287192210753658250e-01	2.338526617163091126e-01	-1.496486812075879802e-01	1.523594847098768135e-01	-2.321665502992538155e-01	2.575768135369596035e-01	-5.685052019925066480e-01	8.776794181705957487e-02	-2.575624554532622845e-01	2.400950883305388583e-01	-5.668739362196912879e-01	1.000000000000000000e+00	-9.050522139712220693e-02	1.705760150919427842e-01	-1.694348185946348007e-01	2.666440846216583394e-01	-1.915011552427380859e-01	6.581403216487670405e-02	-1.270768908996340318e-01	1.041076621097098281e-01	-1.441884896913649405e-01	1.352779929498766076e-01	-7.494550320539139499e-02	8.779528095029831558e-02	-8.242072691126947626e-02	1.435253618127840802e-01	-2.051601000180781342e-01
6.658011932682764145e-02	-7.462794071206278745e-02	8.656089167537692197e-02	-1.077225870628826382e-01	7.401497331903023058e-02	-1.258269931511975803e-01	1.054021451533111164e-01	-8.120659180264863664e-02	8.237864128294225541e-02	-6.254355131517039257e-02	1.934751449420656078e-01	-1.681926826960831733e-01	1.172886588129094104e-01	-9.842406661864049056e-02	8.022738896727776847e-02	-8.572709388944854680e-01	1.721193393724804177e-01	-1.247204632985237510e-01	8.881769608735985699e-02	-9.050522139712220693e-02	1.000000000000002220e+00	-1.128626762310081244e-01	8.768183504374700565e-02	-1.113075407675548079e-01	6.595702296616512417e-02	-2.957815433471741029e-01	9.699955015387809465e-02	-7.145791101684266511e-02	7.076778847783571358e-02	-5.549369541836488007e-02	2.112025778031105250e-01	-8.201797078078360004e-02	6.487778387349846243e-02	-7.846233793324716710e-02	9.584365359284058306e-02
-7.084839608733173311e-02	7.448128639225462533e-02	-1.357749624674565725e-01	1.570461854297855175e-01	-1.363604964823422472e-01	1.017085071272924301e-01	-1.179417665261841552e-01	1.163085951953966718e-01	-1.398809036267321948e-01	1.099803863298408901e-01	-1.420677454622927272e-01	1.390140967140872930e-01	-2.063745500879866357e-01	1.603699858583806648e-01	-1.596226949106850646e-01	1.050115752164915567e-01	-3.096478956080419565e-01	2.523368567274805740e-01	-2.103971315418337040e-01	1.705760150919427842e-01	-1.128626762310081244e-01	1.000000000000001554e+00	-7.476853337735747118e-01	2.778561552093497533e-01	-1.698148101948278588e-01	9.198611262856086490e-02	-3.036827694972222269e-01	1.895442055156493499e-01	-1.824047475840118726e-01	1.328966058245535375e-01	-1.032088826716858199e-01	1.589083116810492691e-01	-1.474275880904239444e-01	1.711145265703901408e-01	-2.282583605641603508e-01
6.027908918066938321e-02	-6.433495871903543994e-02	1.166945689329770691e-01	-1.416510760258318236e-01	1.182162254868918960e-01	-8.794087100170769333e-02	1.009973923922110189e-01	-1.035621418519759168e-01	1.246197013585277347e-01	-9.874314428597544269e-02	1.191107548139496847e-01	-1.247079824642080143e-01	1.864076252396736355e-01	-1.525563681677954142e-01	1.422175998187614476e-01	-8.552633156842391615e-02	2.420949254165173370e-01	-3.420316382258423715e-01	2.116801288297784356e-01	-1.694348185946348007e-01	8.768183504374700565e-02	-7.476853337735747118e-01	9.999999999999988898e-01	-4.201881845174161856e-01	1.483071978622238218e-01	-7.457480972247998441e-02	2.001349048400268282e-01	-1.910925990580622513e-01	1.597091312308075717e-01	-1.207066050488938558e-01	8.177934672165633467e-02	-1.361716460899122794e-01	1.249636047128619698e-01	-1.546354447805010635e-01	1.820014289812185160e-01
-8.509371938830828652e-02	8.949070636794038969e-02	-1.716837319399246164e-01	2.033371386166201722e-01	-1.884433281013519201e-01	1.209813349624462714e-01	-1.427231144953788056e-01	1.468333575945535430e-01	-1.913088723185711049e-01	1.533757834250888963e-01	-1.646520231758628328e-01	1.625539060677820558e-01	-2.434501269650089228e-01	2.231471702141774038e-01	-2.383054414461941994e-01	1.065165135171319555e-01	-3.215019715199790018e-01	2.776449716266072842e-01	-4.986181732519232579e-01	2.666440846216583394e-01	-1.113075407675548079e-01	2.778561552093497533e-01	-4.201881845174161856e-01	9.999999999999988898e-01	-3.149606192191470311e-01	8.800955953242282914e-02	-2.083486031363397939e-01	1.730613171437839493e-01	-2.775006738335004108e-01	2.094661486273177164e-01	-1.004316651718561437e-01	1.362003322647811487e-01	-1.348199454797187335e-01	2.233239529044968863e-01	-3.076974155730943794e-01
5.133194762418102908e-02	-5.517176377488512001e-02	9.867209393245192361e-02	-1.317533446201371583e-01	1.073761854676965749e-01	-7.249355825996424418e-02	8.286137912688890106e-02	-8.578401850700195785e-02	1.069017180557129271e-01	-9.145382823734733713e-02	9.469630467801117002e-02	-9.586712238651616536e-02	1.286788120617494979e-01	-1.282475752876186537e-01	1.338884196553662975e-01	-6.422718114255868138e-02	1.697806838216985026e-01	-1.497878910032056921e-01	1.672464714494980853e-01	-1.915011552427380859e-01	6.595702296616512417e-02	-1.698148101948278588e-01	1.483071978622238218e-01	-3.149606192191470311e-01	9.999999999999993339e-01	-6.017568230613182939e-02	1.461033506971524121e-01	-1.514585556727685300e-01	2.561110903493583058e-01	-7.868576482800875294e-01	6.662263579960683857e-02	-1.105012924052002632e-01	1.060815862681574462e-01	-2.792415869246009374e-01	2.687563229769652784e-01
-4.052587199268782581e-02	4.413252032634359945e-02	-5.901668900377973065e-02	7.258485850295963437e-02	-5.339047746582935294e-02	6.649262425754698391e-02	-6.370223445425876596e-02	5.289028737332695379e-02	-5.708205808702410816e-02	4.427169112751255103e-02	-1.028422983142323333e-01	8.758002187953092821e-02	-7.899964726929389891e-02	6.668223367536445234e-02	-5.890134573310514682e-02	1.996996887735116577e-01	-1.196635655186123748e-01	8.422820893017060606e-02	-6.624460915832602881e-02	6.581403216487670405e-02	-2.957815433471741029e-01	9.198611262856086490e-02	-7.457480972247998441e-02	8.800955953242282914e-02	-6.017568230613182939e-02	9.999999999999994449e-01	-1.695514903452749467e-01	1.017304708271111191e-01	-7.666613473300476489e-02	5.221247172662250163e-02	-8.882549788074425301e-01	1.513462703377483065e-01	-1.139737347291670116e-01	8.009398061768559229e-02	-8.623581817268656524e-02
5.132893545067046537e-02	-5.532323629071463772e-02	9.243534595985800073e-02	-1.185397163930082820e-01	9.342365281311913738e-02	-7.488579171897544184e-02	8.236962110839897433e-02	-8.066836286248102450e-02	9.557813079899572795e-02	-7.744839664647303057e-02	1.011106242664931570e-01	-1.000488284450277987e-01	1.255989611901527081e-01	-1.131026769107169316e-01	1.077782257701156987e-01	-9.686444769755714335e-02	1.755875831928206676e-01	-1.524652153414202127e-01	1.320578145655195990e-01	-1.270768908996340318e-01	9.699955015387809465e-02	-3.036827694972222269e-01	2.001349048400268282e-01	-2.083486031363397939e-01	1.461033506971524121e-01	-1.695514903452749467e-01	1.000000000000001554e+00	-5.480139397675238833e-01	2.322073877290636301e-01	-1.405391935149426230e-01	1.606512015067254329e-01	-5.691758588392124008e-01	3.146560698734527373e-01	-2.557216067256554703e-01	1.940098211782009252e-01
-4.111679194600338649e-02	4.389605049797395964e-02	-7.565974298856303903e-02	9.459132823713592431e-02	-7.731300064427501506e-02	5.924899099283213039e-02	-6.648774286347827744e-02	6.537656767873177566e-02	-7.834854434358071162e-02	6.348989592987444586e-02	-8.074823552385083925e-02	7.905793821701057045e-02	-1.036344493257077559e-01	9.157093611103998831e-02	-9.005245350015059214e-02	6.938870506392406934e-02	-1.466283481489377982e-01	1.235132359606034569e-01	-1.117993366595363414e-01	1.041076621097098281e-01	-7.145791101684266511e-02	1.895442055156493499e-01	-1.910925990580622513e-01	1.730613171437839493e-01	-1.514585556727685300e-01	1.017304708271111191e-01	-5.480139397675238833e-01	1.000000000000000888e+00	-3.823263748909935256e-01	1.452066159436476989e-01	-1.140473099561799819e-01	3.117964440143972116e-01	-5.950419220561291578e-01	2.331094811431577152e-01	-1.860573613544578286e-01
4.987310626636785871e-02	-5.339771701233594903e-02	9.394739027856162383e-02	-1.219812247841221831e-01	9.885058511812463977e-02	-7.067350369632460771e-02	8.036353956700391377e-02	-8.124390692602447006e-02	9.928799772809197843e-02	-8.225256217477283638e-02	9.382792636096114192e-02	-9.359337079257638858e-02	1.240538520926501298e-01	-1.177151141364007059e-01	1.170758369116917108e-01	-6.895043242767358305e-02	1.699185751969835012e-01	-1.449472269440207073e-01	1.483747589455521043e-01	-1.441884896913649405e-01	7.076778847783571358e-02	-1.824047475840118726e-01	1.597091312308075717e-01	-2.775006738335004108e-01	2.561110903493583058e-01	-7.666613473300476489e-02	2.322073877290636301e-01	-3.823263748909935256e-01	1.000000000000000666e+00	-3.766833358407365440e-01	8.427625955970566296e-02	-1.811664492741658361e-01	1.936885391195935779e-01	-6.683936047596590324e-01	2.844997486933837916e-01
-4.197353906333357171e-02	4.483590281688967782e-02	-8.050266480705360606e-02	1.044379802949199909e-01	-8.754224107028739377e-02	5.908698344452534973e-02	-6.781934256319432919e-02	6.925642175218281460e-02	-8.611075133295313655e-02	7.272718450185235162e-02	-7.814902734082744551e-02	7.784532024159515617e-02	-1.048781511990227316e-01	1.007531209725510413e-01	-1.080640844356571539e-01	5.372336861834889343e-02	-1.419451918398217938e-01	1.183407734253859311e-01	-1.313916365909411910e-01	1.352779929498766076e-01	-5.549369541836488007e-02	1.328966058245535375e-01	-1.207066050488938558e-01	2.094661486273177164e-01	-7.868576482800875294e-01	5.221247172662250163e-02	-1.405391935149426230e-01	1.452066159436476989e-01	-3.766833358407365440e-01	1.000000000000000666e+00	-5.836682155438574493e-02	1.000637830162752623e-01	-1.052484074846724016e-01	2.553446174328957152e-01	-3.631029597213834004e-01
4.558060535765488808e-02	-5.061357925238375161e-02	6.597962277384697427e-02	-8.369203335561353763e-02	6.009414565748608800e-02	-7.579570227471175980e-02	7.097574537720340027e-02	-5.971473274138679871e-02	6.431948265059492242e-02	-5.012788373541074427e-02	1.088217135877111302e-01	-1.003517452645621699e-01	8.743979284996598877e-02	-7.586449408686421481e-02	6.612825774488986785e-02	-2.294080740413841357e-01	1.258429530061686841e-01	-9.468882561406984089e-02	7.436128529690690103e-02	-7.494550320539139499e-02	2.112025778031105250e-01	-1.032088826716858199e-01	8.177934672165633467e-02	-1.004316651718561437e-01	6.662263579960683857e-02	-8.882549788074425301e-01	1.606512015067254329e-01	-1.140473099561799819e-01	8.427625955970566296e-02	-5.836682155438574493e-02	1.000000000000001776e+00	-2.015278868728030692e-01	1.214320218342253843e-01	-9.141563875677179152e-02	9.540311801110691603e-02
-3.794554594064745295e-02	4.060958164767079076e-02	-6.732027825224856654e-02	8.358484624141139518e-02	-6.740324448720419470e-02	5.567917245159662021e-02	-6.094876184106339662e-02	5.825903981555208277e-02	-6.859716074679921005e-02	5.516714121790524533e-02	-7.728602106362514323e-02	7.397664566611683590e-02	-9.120517428512019131e-02	7.973223669429750637e-02	-7.732198820639366033e-02	7.987706979114835015e-02	-1.322587967252306929e-01	1.051547859671971563e-01	-9.252355854553030723e-02	8.779528095029831558e-02	-8.201797078078360004e-02	1.589083116810492691e-01	-1.361716460899122794e-01	1.362003322647811487e-01	-1.105012924052002632e-01	1.513462703377483065e-01	-5.691758588392124008e-01	3.117964440143972116e-01	-1.811664492741658361e-01	1.000637830162752623e-01	-2.015278868728030692e-01	1.000000000000001332e+00	-6.809109302507732053e-01	1.634260555036629869e-01	-1.486723413133627658e-01
3.344590158905606792e-02	-3.595309656549600802e-02	6.010404896899726457e-02	-7.637004356556298390e-02	6.087002626201013650e-02	-4.881618550263591705e-02	5.368227406673731217e-02	-5.226384592205532420e-02	6.200547887718373119e-02	-5.027161197627906530e-02	6.640501409626771434e-02	-6.501426878804519860e-02	8.122315399481236375e-02	-7.295199778399914792e-02	7.034733825315678257e-02	-6.492621447237870158e-02	1.143412666000371003e-01	-9.671675369479817985e-02	8.581451103707785077e-02	-8.242072691126947626e-02	6.487778387349846243e-02	-1.474275880904239444e-01	1.249636047128619698e-01	-1.348199454797187335e-01	1.060815862681574462e-01	-1.139737347291670116e-01	3.146560698734527373e-01	-5.950419220561291578e-01	1.936885391195935779e-01	-1.052484074846724016e-01	1.214320218342253843e-01	-6.809109302507732053e-01	1.000000000000001110e+00	-1.936882045234651351e-01	1.380327473127928584e-01
-5.506708287481221209e-02	5.829980012901628261e-02	-1.034817164625890518e-01	1.292170019102558132e-01	-1.086522329797208058e-01	7.722387408143267795e-02	-8.867889993933675274e-02	8.793362529118617377e-02	-1.070212421217041354e-01	8.799130138785961341e-02	-1.043349552393413870e-01	1.012578306019695368e-01	-1.344965873321293248e-01	1.225925608524938981e-01	-1.266021915004615361e-01	7.518405333535427282e-02	-1.935846454882945156e-01	1.479502903753572296e-01	-1.494962263315838258e-01	1.435253618127840802e-01	-7.846233793324716710e-02	1.711145265703901408e-01	-1.546354447805010635e-01	2.233239529044968863e-01	-2.792415869246009374e-01	8.009398061768559229e-02	-2.557216067256554703e-01	2.331094811431577152e-01	-6.683936047596590324e-01	2.553446174328957152e-01	-9.141563875677179152e-02	1.634260555036629869e-01	-1.936882045234651351e-01	1.000000000000001110e+00	-5.074333515689979368e-01
7.637314888345042574e-02	-8.248185606628195832e-02	1.408314839749764125e-01	-1.941785547576346804e-01	1.458139672754100724e-01	-1.061182082575323066e-01	1.200398065386216323e-01	-1.216648962692368080e-01	1.461973688747454647e-01	-1.217399082812412603e-01	1.373266055974017852e-01	-1.380956463013811308e-01	1.767599207063957345e-01	-1.725460878526326458e-01	1.660273277034114148e-01	-9.327702455364675349e-02	2.437425838399991940e-01	-2.001366149981090858e-01	1.908028188700596206e-01	-2.051601000180781342e-01	9.584365359284058306e-02	-2.282583605641603508e-01	1.820014289812185160e-01	-3.076974155730943794e-01	2.687563229769652784e-01	-8.623581817268656524e-02	1.940098211782009252e-01	-1.860573613544578286e-01	2.844997486933837916e-01	-3.631029597213834004e-01	9.540311801110691603e-02	-1.486723413133627658e-01	1.380327473127928584e-01	-5.074333515689979368e-01	1.000000000000001110e+00
