1.000000000000000000e+00	-4.688178474417241670e-01	2.813219256431657156e-01	-1.980532934656334676e-01	1.804756698258009051e-01	-2.666582867481172014e-01	2.544900494234738075e-01	-2.991549896730782976e-01	2.204159413342356433e-01	-2.232743325517634880e-01	2.000522964338855292e-01	-2.792033990639615770e-01	2.166357840841816595e-01	-2.058562949157610455e-01	1.645921064934481315e-01	-2.662469307618972603e-01	2.290681772211721201e-01	-2.249958934929936483e-01	2.128756857319652751e-01	-2.087886437637494486e-01	1.517801183559743805e-01	-1.714424962197505786e-01	2.003497171945702593e-01	-1.801165584447084744e-01	1.714690045489901116e-01	-1.456186961662633561e-01	1.799365257267420415e-01	-1.428623486290037103e-01	1.473450597530460704e-01	-1.658852692102186499e-01	1.252590202162295885e-01	-1.652075356372317283e-01	9.103665196655645608e-02	-9.769121932969038191e-02	2.440084725384543130e-01
-4.688178474417241670e-01	9.999999999999997780e-01	-6.396048396531475166e-01	1.959989353081557639e-01	-1.797681744786558955e-01	1.773178221056780635e-01	-4.449330956932733283e-01	3.024661287766286510e-01	-2.032953439539224305e-01	1.643574284269302133e-01	-1.579639757572441072e-01	2.215475283866418232e-01	-1.832556215120444698e-01	1.569821854921653048e-01	-1.223641414388021986e-01	1.556822974431266160e-01	-1.660722420524118892e-01	1.583481506267384320e-01	-1.611921764004409785e-01	1.393733282657895201e-01	-9.576012269361142137e-02	1.137454901653840722e-01	-1.397867585362824738e-01	1.224645008565613258e-01	-1.167189162756801513e-01	8.781259005745438440e-02	-1.189355476269569750e-01	9.257274851398859805e-02	-9.682550808475239024e-02	1.068445844072465345e-01	-7.815473685591423081e-02	9.958055749981055416e-02	-5.767309609666737558e-02	6.093720025236482041e-02	-1.565302320115552481e-01
2.813219256431657156e-01	-6.396048396531475166e-01	9.999999999999997780e-01	-3.494524516622000143e-01	2.175178252791897804e-01	-1.778133523456033316e-01	2.863723476209630858e-01	-4.609081984757048001e-01	2.374042153635526065e-01	-2.120151828109724523e-01	1.489953837493577515e-01	-2.280319444877477175e-01	1.856192367416522326e-01	-1.845271861460917318e-01	1.432280689578321053e-01	-1.685503049959421185e-01	1.689301048388961723e-01	-1.727322253201759583e-01	1.745615648065685643e-01	-1.665043435894552615e-01	1.014142215252109569e-01	-1.207414544058366401e-01	1.479396875820771506e-01	-1.348778325133705436e-01	1.278463166577330501e-01	-9.464658687249535851e-02	1.251838229232854205e-01	-9.978335873151575330e-02	1.036521915363455698e-01	-1.171777126805747249e-01	8.321296240793243926e-02	-1.077160098717605541e-01	6.197127125903698075e-02	-6.594707713671699167e-02	1.657896531073298485e-01
-1.980532934656334676e-01	1.959989353081557639e-01	-3.494524516622000143e-01	9.999999999999996669e-01	-6.919775157748641048e-01	1.142264984289199370e-01	-1.571453212743518513e-01	2.076363909700709720e-01	-4.648175893352381460e-01	2.791161292010722050e-01	-1.012615470213275998e-01	1.512994170726186249e-01	-1.514024403079970438e-01	2.133182330276898186e-01	-1.807698189783890075e-01	1.289341605088430431e-01	-1.385555851270428851e-01	1.446724509344138598e-01	-1.878009898335114281e-01	1.740746455873910248e-01	-8.150680336829224659e-02	1.011076437291290459e-01	-1.329828003634470623e-01	1.280033955283755853e-01	-1.263192766220806729e-01	7.594212226991393921e-02	-1.063227193331665876e-01	8.751223476267479262e-02	-9.279962366845410926e-02	1.080644396331618823e-01	-6.796263322321263733e-02	8.779200909135380371e-02	-5.339501056836076787e-02	5.658654890584671054e-02	-1.519874728197182223e-01
1.804756698258009051e-01	-1.797681744786558955e-01	2.175178252791897804e-01	-6.919775157748641048e-01	9.999999999999998890e-01	-1.143737474160487627e-01	1.419750018983644557e-01	-1.933866224453207883e-01	2.835032362235633818e-01	-5.182421359238195135e-01	9.934792190715242832e-02	-1.511883530140466225e-01	1.457594746551150455e-01	-2.138779486846270339e-01	2.138921770002660538e-01	-1.346989043332964264e-01	1.383601381837557542e-01	-1.468795446759410539e-01	1.780608992243375710e-01	-2.232477077023662382e-01	8.391333254963262434e-02	-1.037854280280848113e-01	1.348735083241042187e-01	-1.346857911745960590e-01	1.344354618546254598e-01	-7.910487496402485164e-02	1.085943339074713770e-01	-9.130410039209696516e-02	9.610441917135253975e-02	-1.157234521068292582e-01	7.020393776088881821e-02	-9.172977155802304605e-02	5.550443271883317986e-02	-5.924755267743264664e-02	1.554093005894386925e-01
-2.666582867481172014e-01	1.773178221056780635e-01	-1.778133523456033316e-01	1.142264984289199370e-01	-1.143737474160487627e-01	1.000000000000000444e+00	-2.919513222761286331e-01	2.030221758273629828e-01	-1.550987756961061392e-01	1.252843199599065760e-01	-8.137002385172765750e-01	2.693454043102287421e-01	-2.061560272224089996e-01	1.384841692370905042e-01	-1.032013279222114971e-01	2.057681534809496782e-01	-1.999714816208970347e-01	1.648963480431534234e-01	-1.559852332254101082e-01	1.199871603600283360e-01	-1.275069888140653585e-01	1.286827284049291420e-01	-1.496418921109242961e-01	1.210244974257446149e-01	-1.134542853051248579e-01	1.020874895572523589e-01	-1.365678396723744303e-01	9.742105433528200353e-02	-1.021668070808418732e-01	1.050859476777196988e-01	-9.410444747504445595e-02	1.086722171939402959e-01	-6.147109887633883663e-02	6.366724208413884756e-02	-1.569418683244609702e-01
2.544900494234738075e-01	-4.449330956932733283e-01	2.863723476209630858e-01	-1.571453212743518513e-01	1.419750018983644557e-01	-2.919513222761286331e-01	1.000000000000000222e+00	-6.218439579568315612e-01	1.988931941435233830e-01	-1.535224792731230414e-01	2.184990170349241645e-01	-4.391917744230512399e-01	2.284613915589309430e-01	-1.667007294611043411e-01	1.174768612886184782e-01	-1.676583372870864841e-01	1.827518966847335724e-01	-1.841569363623638822e-01	1.649144948451350401e-01	-1.354792551434668979e-01	1.013154859767876059e-01	-1.213053705267009980e-01	1.452091458150877867e-01	-1.252159831248941257e-01	1.152532206510680085e-01	-9.107847738380042690e-02	1.226593581387680904e-01	-9.411765760426991922e-02	9.730548662989721431e-02	-1.056012200510984683e-01	8.072334500051649153e-02	-1.018765493590225168e-01	5.820299033620143780e-02	-6.139190230333836651e-02	1.504057532650802664e-01
-2.991549896730782976e-01	3.024661287766286510e-01	-4.609081984757048001e-01	2.076363909700709720e-01	-1.933866224453207883e-01	2.030221758273629828e-01	-6.218439579568315612e-01	1.000000000000000222e+00	-3.253083993400233687e-01	1.906144721817602528e-01	-1.930793215387996142e-01	2.727677551296249225e-01	-2.727432018830971971e-01	2.052270406746665443e-01	-1.471041510184046830e-01	1.748816395828486636e-01	-2.054192361106580711e-01	1.997611714749506495e-01	-2.065975894782455247e-01	1.619454917571931107e-01	-1.112242823761607491e-01	1.355806556951907604e-01	-1.714054240616513236e-01	1.476252676170477507e-01	-1.386332861182968113e-01	1.002168164626772023e-01	-1.411106572590625496e-01	1.089775304342930073e-01	-1.143494047920765727e-01	1.245073815960755365e-01	-9.038326838149424169e-02	1.136877460292057274e-01	-6.714458976357250142e-02	7.049648562231641824e-02	-1.807876744319436291e-01
2.204159413342356433e-01	-2.032953439539224305e-01	2.374042153635526065e-01	-4.648175893352381460e-01	2.835032362235633818e-01	-1.550987756961061392e-01	1.988931941435233830e-01	-3.253083993400233687e-01	1.000000000000002220e+00	-3.980782098015147041e-01	1.350113971823669601e-01	-2.167990504532437968e-01	2.180686838556440688e-01	-5.252283027755003664e-01	2.402539796505469005e-01	-1.772842100211681204e-01	1.848336279956775685e-01	-2.156534057447940800e-01	2.676937868111533003e-01	-2.554611869221586340e-01	1.100480698089691123e-01	-1.382100523624952559e-01	1.800900183401440979e-01	-1.862487622769728457e-01	1.689430694086592466e-01	-1.035710894008821797e-01	1.415615346825936649e-01	-1.189991044116692348e-01	1.237623736425698673e-01	-1.469038278335405290e-01	9.147983215734872831e-02	-1.198263114300840704e-01	7.178795942747201453e-02	-7.672613090825176896e-02	1.923542826066291789e-01
-2.232743325517634880e-01	1.643574284269302133e-01	-2.120151828109724523e-01	2.791161292010722050e-01	-5.182421359238195135e-01	1.252843199599065760e-01	-1.535224792731230414e-01	1.906144721817602528e-01	-3.980782098015147041e-01	1.000000000000000222e+00	-1.136092382124648387e-01	1.675703010876936627e-01	-1.813461365460943830e-01	2.594780932742400403e-01	-5.213774957168421098e-01	1.568632185055410799e-01	-1.757897635919227486e-01	1.779345540895492517e-01	-2.520132777676282743e-01	2.850240328791129318e-01	-1.028890165729202388e-01	1.302778427880516843e-01	-1.796103471025025378e-01	1.741825410378522176e-01	-1.942316008902003621e-01	9.555614376328958048e-02	-1.399338809492781110e-01	1.176644018364023658e-01	-1.281738605631455030e-01	1.532418823543290898e-01	-8.689952908797157760e-02	1.116413151561847228e-01	-7.129337475070228469e-02	7.513002091864860732e-02	-2.213352006101521052e-01
2.000522964338855292e-01	-1.579639757572441072e-01	1.489953837493577515e-01	-1.012615470213275998e-01	9.934792190715242832e-02	-8.137002385172765750e-01	2.184990170349241645e-01	-1.930793215387996142e-01	1.350113971823669601e-01	-1.136092382124648387e-01	1.000000000000001110e+00	-3.827589322135306338e-01	1.925701515945294207e-01	-1.286330764903035051e-01	9.266396022045117475e-02	-2.597864029761993154e-01	1.842929106469358147e-01	-1.630099905530093263e-01	1.391657736401037682e-01	-1.097481126309509392e-01	1.258850428046420777e-01	-1.223273857578313917e-01	1.351285570271013037e-01	-1.108291482053952726e-01	1.015198822581598187e-01	-1.016522873527849341e-01	1.250852946761412399e-01	-8.933201923522741950e-02	9.211279185236123657e-02	-9.490816020075583392e-02	8.923400597350028551e-02	-1.042762057958863675e-01	5.648331389316421647e-02	-5.887487276232051397e-02	1.370608791445165897e-01
-2.792033990639615770e-01	2.215475283866418232e-01	-2.280319444877477175e-01	1.512994170726186249e-01	-1.511883530140466225e-01	2.693454043102287421e-01	-4.391917744230512399e-01	2.727677551296249225e-01	-2.167990504532437968e-01	1.675703010876936627e-01	-3.827589322135306338e-01	1.000000000000000444e+00	-5.359748245241005016e-01	2.090220182446118069e-01	-1.425128186501105343e-01	2.180332823130672892e-01	-3.206489482316816630e-01	2.729397877321642629e-01	-2.280294970691861267e-01	1.615870042858033873e-01	-1.384822942314071770e-01	1.748869290898451834e-01	-2.089981267977729651e-01	1.666584226916611178e-01	-1.507544426872709786e-01	1.206852257145873963e-01	-1.722859649972236507e-01	1.270072253768910475e-01	-1.309526140036444686e-01	1.366905341881732572e-01	-1.085060845814672936e-01	1.346077685725810547e-01	-7.759785191504273150e-02	8.103462375845418841e-02	-1.950228707792225069e-01
2.166357840841816595e-01	-1.832556215120444698e-01	1.856192367416522326e-01	-1.514024403079970438e-01	1.457594746551150455e-01	-2.061560272224089996e-01	2.284613915589309430e-01	-2.727432018830971971e-01	2.180686838556440688e-01	-1.813461365460943830e-01	1.925701515945294207e-01	-5.359748245241005016e-01	1.000000000000001554e+00	-3.269554579887355983e-01	1.573269122307983103e-01	-2.078571414262849471e-01	2.544962980916669060e-01	-5.867118990096289455e-01	2.616405252309546015e-01	-1.815635228393971956e-01	1.280495027909999972e-01	-1.720695763917078347e-01	2.211454568312909430e-01	-1.888517023870326383e-01	1.559698211579065297e-01	-1.174939045143238991e-01	1.617020119695150582e-01	-1.302706889982827021e-01	1.299488589032928021e-01	-1.414159124104014675e-01	1.027682135615658882e-01	-1.332256117281742092e-01	7.694360954299347966e-02	-8.163560413101782209e-02	1.842681426876375816e-01
-2.058562949157610455e-01	1.569821854921653048e-01	-1.845271861460917318e-01	2.133182330276898186e-01	-2.138779486846270339e-01	1.384841692370905042e-01	-1.667007294611043411e-01	2.052270406746665443e-01	-5.252283027755003664e-01	2.594780932742400403e-01	-1.286330764903035051e-01	2.090220182446118069e-01	-3.269554579887355983e-01	1.000000000000000888e+00	-3.375469461912442570e-01	1.707109627149556996e-01	-1.993963617187612114e-01	2.518835598596549930e-01	-5.592580061530323388e-01	2.509319545694391751e-01	-1.109124514971705361e-01	1.458343774576215945e-01	-2.093260212191279668e-01	2.183997552602658654e-01	-1.934934664732363974e-01	1.028273640461222355e-01	-1.491024064049563391e-01	1.259913667799237857e-01	-1.334013363958818921e-01	1.549778466394675369e-01	-9.220068730212677144e-02	1.195092586968347914e-01	-7.451954780100357445e-02	7.884779685903861579e-02	-2.024969871721004344e-01
1.645921064934481315e-01	-1.223641414388021986e-01	1.432280689578321053e-01	-1.807698189783890075e-01	2.138921770002660538e-01	-1.032013279222114971e-01	1.174768612886184782e-01	-1.471041510184046830e-01	2.402539796505469005e-01	-5.213774957168421098e-01	9.266396022045117475e-02	-1.425128186501105343e-01	1.573269122307983103e-01	-3.375469461912442570e-01	9.999999999999963363e-01	-1.355996073625986842e-01	1.462336856111860484e-01	-1.609405084873286040e-01	2.262784452035828120e-01	-6.716415993617359526e-01	8.783127049675484854e-02	-1.136162150303030305e-01	1.579121244823429859e-01	-1.760755450580177850e-01	2.017796186587937635e-01	-8.277126916216209773e-02	1.191955924744086959e-01	-1.069309279634324400e-01	1.146934357310218228e-01	-1.549108829660814368e-01	7.430778875333009237e-02	-9.739470214230498690e-02	6.270176104742006262e-02	-6.708230818290161768e-02	1.828983361779261685e-01
-2.662469307618972603e-01	1.556822974431266160e-01	-1.685503049959421185e-01	1.289341605088430431e-01	-1.346989043332964264e-01	2.057681534809496782e-01	-1.676583372870864841e-01	1.748816395828486636e-01	-1.772842100211681204e-01	1.568632185055410799e-01	-2.597864029761993154e-01	2.180332823130672892e-01	-2.078571414262849471e-01	1.707109627149556996e-01	-1.355996073625986842e-01	1.000000000000000888e+00	-4.347865852485212623e-01	2.243231447879404927e-01	-2.145627433845366805e-01	1.647667425864564050e-01	-5.482212281993229519e-01	2.764223415141344731e-01	-2.580465977442695791e-01	1.901041472044814606e-01	-1.784661748403923720e-01	2.730032132868634998e-01	-3.052217695371657880e-01	1.806758912389400673e-01	-1.892820550163372972e-01	1.720586080218427516e-01	-2.614196822021831457e-01	2.377905565532409393e-01	-1.205109632829660937e-01	1.204639105779402308e-01	-2.604626102953753186e-01
2.290681772211721201e-01	-1.660722420524118892e-01	1.689301048388961723e-01	-1.385555851270428851e-01	1.383601381837557542e-01	-1.999714816208970347e-01	1.827518966847335724e-01	-2.054192361106580711e-01	1.848336279956775685e-01	-1.757897635919227486e-01	1.842929106469358147e-01	-3.206489482316816630e-01	2.544962980916669060e-01	-1.993963617187612114e-01	1.462336856111860484e-01	-4.347865852485212623e-01	1.000000000000003331e+00	-4.075034466274366496e-01	2.324154155648440467e-01	-1.864283501950801669e-01	2.423656251432425024e-01	-5.099795762361909457e-01	2.794725969491428930e-01	-2.224164669212717049e-01	1.811886377048254892e-01	-2.235033829950485718e-01	2.835675269464715820e-01	-1.943946743686663925e-01	1.793168940113952226e-01	-1.777682318500677094e-01	1.801243495932237926e-01	-2.444411064798993338e-01	1.169471915358755026e-01	-1.251702776358853686e-01	2.249681781665027747e-01
-2.249958934929936483e-01	1.583481506267384320e-01	-1.727322253201759583e-01	1.446724509344138598e-01	-1.468795446759410539e-01	1.648963480431534234e-01	-1.841569363623638822e-01	1.997611714749506495e-01	-2.156534057447940800e-01	1.779345540895492517e-01	-1.630099905530093263e-01	2.729397877321642629e-01	-5.867118990096289455e-01	2.518835598596549930e-01	-1.609405084873286040e-01	2.243231447879404927e-01	-4.075034466274366496e-01	1.000000000000003775e+00	-4.021239888781880656e-01	1.878170364221672661e-01	-1.517363472709531702e-01	2.240009133687365928e-01	-3.808048217740634400e-01	2.393539816579296764e-01	-1.909289385740625122e-01	1.357910724030032823e-01	-2.080691160200716372e-01	1.640036219320070432e-01	-1.641109732323188797e-01	1.669950893282624305e-01	-1.212931977746308648e-01	1.553016369539962360e-01	-9.383079412242664730e-02	9.775251723779176949e-02	-2.171389072861765468e-01
2.128756857319652751e-01	-1.611921764004409785e-01	1.745615648065685643e-01	-1.878009898335114281e-01	1.780608992243375710e-01	-1.559852332254101082e-01	1.649144948451350401e-01	-2.065975894782455247e-01	2.676937868111533003e-01	-2.520132777676282743e-01	1.391657736401037682e-01	-2.280294970691861267e-01	2.616405252309546015e-01	-5.592580061530323388e-01	2.262784452035828120e-01	-2.145627433845366805e-01	2.324154155648440467e-01	-4.021239888781880656e-01	9.999999999999973355e-01	-2.891977881354234614e-01	1.359216233010132335e-01	-1.865851786526336042e-01	2.680698965688121937e-01	-4.273832639644271070e-01	2.369754814003758869e-01	-1.291637882809273385e-01	1.798509229272874099e-01	-1.622301501910481392e-01	1.643477433661558462e-01	-2.004323288325359498e-01	1.131074571547906749e-01	-1.511049376659377719e-01	9.260536987174630696e-02	-9.981337370694774724e-02	2.261302467510949432e-01
-2.087886437637494486e-01	1.393733282657895201e-01	-1.665043435894552615e-01	1.740746455873910248e-01	-2.232477077023662382e-01	1.199871603600283360e-01	-1.354792551434668979e-01	1.619454917571931107e-01	-2.554611869221586340e-01	2.850240328791129318e-01	-1.097481126309509392e-01	1.615870042858033873e-01	-1.815635228393971956e-01	2.509319545694391751e-01	-6.716415993617359526e-01	1.647667425864564050e-01	-1.864283501950801669e-01	1.878170364221672661e-01	-2.891977881354234614e-01	1.000000000000003331e+00	-1.108220479472793868e-01	1.448053924244047941e-01	-2.136532429043417891e-01	2.266231099871354460e-01	-3.806565986912425759e-01	1.033875323795293566e-01	-1.567648367198855308e-01	1.411035133643261941e-01	-1.593746817984564579e-01	2.129863815830518592e-01	-9.461331277183104849e-02	1.224556776947502701e-01	-8.296142870133310643e-02	8.765999705397030384e-02	-2.725185387499548528e-01
1.517801183559743805e-01	-9.576012269361142137e-02	1.014142215252109569e-01	-8.150680336829224659e-02	8.391333254963262434e-02	-1.275069888140653585e-01	1.013154859767876059e-01	-1.112242823761607491e-01	1.100480698089691123e-01	-1.028890165729202388e-01	1.258850428046420777e-01	-1.384822942314071770e-01	1.280495027909999972e-01	-1.109124514971705361e-01	8.783127049675484854e-02	-5.482212281993229519e-01	2.423656251432425024e-01	-1.517363472709531702e-01	1.359216233010132335e-01	-1.108220479472793868e-01	1.000000000000000888e+00	-3.248337195512570053e-01	1.832443448012509857e-01	-1.359773331878661728e-01	1.187969263022080335e-01	-6.263047188974731894e-01	2.433790182962311255e-01	-1.399661982462976351e-01	1.338124893937894522e-01	-1.185672283608267125e-01	2.613937926024842429e-01	-2.765103110168148914e-01	9.845114989236880554e-02	-1.018115791494044881e-01	1.601053175219335489e-01
-1.714424962197505786e-01	1.137454901653840722e-01	-1.207414544058366401e-01	1.011076437291290459e-01	-1.037854280280848113e-01	1.286827284049291420e-01	-1.213053705267009980e-01	1.355806556951907604e-01	-1.382100523624952559e-01	1.302778427880516843e-01	-1.223273857578313917e-01	1.748869290898451834e-01	-1.720695763917078347e-01	1.458343774576215945e-01	-1.136162150303030305e-01	2.764223415141344731e-01	-5.099795762361909457e-01	2.240009133687365928e-01	-1.865851786526336042e-01	1.448053924244047941e-01	-3.248337195512570053e-01	1.000000000000001332e+00	-4.052515589973523236e-01	2.072500580732240527e-01	-1.668552198004061848e-01	2.176893936157617004e-01	-5.729078636777026334e-01	2.140287303364433458e-01	-1.936412055095935170e-01	1.603844456804757457e-01	-1.893096816356293899e-01	2.325514548768001233e-01	-1.175071992516092123e-01	1.191702057468018439e-01	-1.957540185878669514e-01
2.003497171945702593e-01	-1.397867585362824738e-01	1.479396875820771506e-01	-1.329828003634470623e-01	1.348735083241042187e-01	-1.496418921109242961e-01	1.452091458150877867e-01	-1.714054240616513236e-01	1.800900183401440979e-01	-1.796103471025025378e-01	1.351285570271013037e-01	-2.089981267977729651e-01	2.211454568312909430e-01	-2.093260212191279668e-01	1.579121244823429859e-01	-2.580465977442695791e-01	2.794725969491428930e-01	-3.808048217740634400e-01	2.680698965688121937e-01	-2.136532429043417891e-01	1.832443448012509857e-01	-4.052515589973523236e-01	1.000000000000003775e+00	-5.413358464433599693e-01	2.555815231405736965e-01	-1.728881248814412575e-01	2.659210203493492797e-01	-3.163514567759979634e-01	2.345421036102321721e-01	-2.421169055833948813e-01	1.478556089852201549e-01	-2.033893587848573381e-01	1.319420846042561601e-01	-1.412011140137858778e-01	2.413219654198408004e-01
-1.801165584447084744e-01	1.224645008565613258e-01	-1.348778325133705436e-01	1.280033955283755853e-01	-1.346857911745960590e-01	1.210244974257446149e-01	-1.252159831248941257e-01	1.476252676170477507e-01	-1.862487622769728457e-01	1.741825410378522176e-01	-1.108291482053952726e-01	1.666584226916611178e-01	-1.888517023870326383e-01	2.183997552602658654e-01	-1.760755450580177850e-01	1.901041472044814606e-01	-2.224164669212717049e-01	2.393539816579296764e-01	-4.273832639644271070e-01	2.266231099871354460e-01	-1.359773331878661728e-01	2.072500580732240527e-01	-5.413358464433599693e-01	1.000000000000001110e+00	-5.212485694935631297e-01	1.253728739576531748e-01	-2.058400675275816882e-01	2.015430094802651839e-01	-2.289553040544929086e-01	2.568444663794124949e-01	-1.137808335402348825e-01	1.495426547253524974e-01	-1.065190960461167707e-01	1.116497034246504427e-01	-2.659720345193254953e-01
1.714690045489901116e-01	-1.167189162756801513e-01	1.278463166577330501e-01	-1.263192766220806729e-01	1.344354618546254598e-01	-1.134542853051248579e-01	1.152532206510680085e-01	-1.386332861182968113e-01	1.689430694086592466e-01	-1.942316008902003621e-01	1.015198822581598187e-01	-1.507544426872709786e-01	1.559698211579065297e-01	-1.934934664732363974e-01	2.017796186587937635e-01	-1.784661748403923720e-01	1.811886377048254892e-01	-1.909289385740625122e-01	2.369754814003758869e-01	-3.806565986912425759e-01	1.187969263022080335e-01	-1.668552198004061848e-01	2.555815231405736965e-01	-5.212485694935631297e-01	1.000000000000001776e+00	-1.151219291352840735e-01	1.715496231375745473e-01	-1.985131884721753059e-01	2.166263943161425010e-01	-5.679335166695080872e-01	1.028741225852307373e-01	-1.403058474928425281e-01	1.018783648660114838e-01	-1.130971997935932699e-01	2.834903577037286571e-01
-1.456186961662633561e-01	8.781259005745438440e-02	-9.464658687249535851e-02	7.594212226991393921e-02	-7.910487496402485164e-02	1.020874895572523589e-01	-9.107847738380042690e-02	1.002168164626772023e-01	-1.035710894008821797e-01	9.555614376328958048e-02	-1.016522873527849341e-01	1.206852257145873963e-01	-1.174939045143238991e-01	1.028273640461222355e-01	-8.277126916216209773e-02	2.730032132868634998e-01	-2.235033829950485718e-01	1.357910724030032823e-01	-1.291637882809273385e-01	1.033875323795293566e-01	-6.263047188974731894e-01	2.176893936157617004e-01	-1.728881248814412575e-01	1.253728739576531748e-01	-1.151219291352840735e-01	1.000000000000003109e+00	-2.769711433523842636e-01	1.382668196360128388e-01	-1.384350342668645428e-01	1.148819144328605546e-01	-5.648604746938127308e-01	2.836891440435928002e-01	-1.035199712369414132e-01	1.010261836603053576e-01	-1.617848157353583283e-01
1.799365257267420415e-01	-1.189355476269569750e-01	1.251838229232854205e-01	-1.063227193331665876e-01	1.085943339074713770e-01	-1.365678396723744303e-01	1.226593581387680904e-01	-1.411106572590625496e-01	1.415615346825936649e-01	-1.399338809492781110e-01	1.250852946761412399e-01	-1.722859649972236507e-01	1.617020119695150582e-01	-1.491024064049563391e-01	1.191955924744086959e-01	-3.052217695371657880e-01	2.835675269464715820e-01	-2.080691160200716372e-01	1.798509229272874099e-01	-1.567648367198855308e-01	2.433790182962311255e-01	-5.729078636777026334e-01	2.659210203493492797e-01	-2.058400675275816882e-01	1.715496231375745473e-01	-2.769711433523842636e-01	1.000000000000001776e+00	-3.728970720066637767e-01	2.377404184744273674e-01	-1.882475266319203755e-01	2.339448185430466343e-01	-4.209406650806027939e-01	1.609669988983717381e-01	-1.690575427027266597e-01	2.119459561986628549e-01
-1.428623486290037103e-01	9.257274851398859805e-02	-9.978335873151575330e-02	8.751223476267479262e-02	-9.130410039209696516e-02	9.742105433528200353e-02	-9.411765760426991922e-02	1.089775304342930073e-01	-1.189991044116692348e-01	1.176644018364023658e-01	-8.933201923522741950e-02	1.270072253768910475e-01	-1.302706889982827021e-01	1.259913667799237857e-01	-1.069309279634324400e-01	1.806758912389400673e-01	-1.943946743686663925e-01	1.640036219320070432e-01	-1.622301501910481392e-01	1.411035133643261941e-01	-1.399661982462976351e-01	2.140287303364433458e-01	-3.163514567759979634e-01	2.015430094802651839e-01	-1.985131884721753059e-01	1.382668196360128388e-01	-3.728970720066637767e-01	1.000000000000002665e+00	-7.159514708371079728e-01	2.327034519280245239e-01	-1.353311654648088336e-01	1.902664438106946854e-01	-2.840771237181028974e-01	2.268759528966009520e-01	-2.362636328702910626e-01
1.473450597530460704e-01	-9.682550808475239024e-02	1.036521915363455698e-01	-9.279962366845410926e-02	9.610441917135253975e-02	-1.021668070808418732e-01	9.730548662989721431e-02	-1.143494047920765727e-01	1.237623736425698673e-01	-1.281738605631455030e-01	9.211279185236123657e-02	-1.309526140036444686e-01	1.299488589032928021e-01	-1.334013363958818921e-01	1.146934357310218228e-01	-1.892820550163372972e-01	1.793168940113952226e-01	-1.641109732323188797e-01	1.643477433661558462e-01	-1.593746817984564579e-01	1.338124893937894522e-01	-1.936412055095935170e-01	2.345421036102321721e-01	-2.289553040544929086e-01	2.166263943161425010e-01	-1.384350342668645428e-01	2.377404184744273674e-01	-7.159514708371079728e-01	1.000000000000001998e+00	-3.920965755960860721e-01	1.281607328443874483e-01	-1.902897363695002231e-01	2.172959498851813609e-01	-2.806398142755783254e-01	2.413833450093460786e-01
-1.658852692102186499e-01	1.068445844072465345e-01	-1.171777126805747249e-01	1.080644396331618823e-01	-1.157234521068292582e-01	1.050859476777196988e-01	-1.056012200510984683e-01	1.245073815960755365e-01	-1.469038278335405290e-01	1.532418823543290898e-01	-9.490816020075583392e-02	1.366905341881732572e-01	-1.414159124104014675e-01	1.549778466394675369e-01	-1.549108829660814368e-01	1.720586080218427516e-01	-1.777682318500677094e-01	1.669950893282624305e-01	-2.004323288325359498e-01	2.129863815830518592e-01	-1.185672283608267125e-01	1.603844456804757457e-01	-2.421169055833948813e-01	2.568444663794124949e-01	-5.679335166695080872e-01	1.148819144328605546e-01	-1.882475266319203755e-01	2.327034519280245239e-01	-3.920965755960860721e-01	1.000000000000002887e+00	-1.060858686791237016e-01	1.435953406555871836e-01	-1.228106292746698608e-01	1.328489374540341439e-01	-5.573675311014079092e-01
1.252590202162295885e-01	-7.815473685591423081e-02	8.321296240793243926e-02	-6.796263322321263733e-02	7.020393776088881821e-02	-9.410444747504445595e-02	8.072334500051649153e-02	-9.038326838149424169e-02	9.147983215734872831e-02	-8.689952908797157760e-02	8.923400597350028551e-02	-1.085060845814672936e-01	1.027682135615658882e-01	-9.220068730212677144e-02	7.430778875333009237e-02	-2.614196822021831457e-01	1.801243495932237926e-01	-1.212931977746308648e-01	1.131074571547906749e-01	-9.461331277183104849e-02	2.613937926024842429e-01	-1.893096816356293899e-01	1.478556089852201549e-01	-1.137808335402348825e-01	1.028741225852307373e-01	-5.648604746938127308e-01	2.339448185430466343e-01	-1.353311654648088336e-01	1.281607328443874483e-01	-1.060858686791237016e-01	1.000000000000002442e+00	-6.758089361119503646e-01	1.266004090933457449e-01	-1.292413243406876633e-01	1.415548933453344704e-01
-1.652075356372317283e-01	9.958055749981055416e-02	-1.077160098717605541e-01	8.779200909135380371e-02	-9.172977155802304605e-02	1.086722171939402959e-01	-1.018765493590225168e-01	1.136877460292057274e-01	-1.198263114300840704e-01	1.116413151561847228e-01	-1.042762057958863675e-01	1.346077685725810547e-01	-1.332256117281742092e-01	1.195092586968347914e-01	-9.739470214230498690e-02	2.377905565532409393e-01	-2.444411064798993338e-01	1.553016369539962360e-01	-1.511049376659377719e-01	1.224556776947502701e-01	-2.765103110168148914e-01	2.325514548768001233e-01	-2.033893587848573381e-01	1.495426547253524974e-01	-1.403058474928425281e-01	2.836891440435928002e-01	-4.209406650806027939e-01	1.902664438106946854e-01	-1.902897363695002231e-01	1.435953406555871836e-01	-6.758089361119503646e-01	1.000000000000001998e+00	-2.163252771461540991e-01	1.732014248155542835e-01	-1.996905912320063037e-01
9.103665196655645608e-02	-5.767309609666737558e-02	6.197127125903698075e-02	-5.339501056836076787e-02	5.550443271883317986e-02	-6.147109887633883663e-02	5.820299033620143780e-02	-6.714458976357250142e-02	7.178795942747201453e-02	-7.129337475070228469e-02	5.648331389316421647e-02	-7.759785191504273150e-02	7.694360954299347966e-02	-7.451954780100357445e-02	6.270176104742006262e-02	-1.205109632829660937e-01	1.169471915358755026e-01	-9.383079412242664730e-02	9.260536987174630696e-02	-8.296142870133310643e-02	9.845114989236880554e-02	-1.175071992516092123e-01	1.319420846042561601e-01	-1.065190960461167707e-01	1.018783648660114838e-01	-1.035199712369414132e-01	1.609669988983717381e-01	-2.840771237181028974e-01	2.172959498851813609e-01	-1.228106292746698608e-01	1.266004090933457449e-01	-2.163252771461540991e-01	1.000000000000002220e+00	-8.896807589464634791e-01	1.363168428624926820e-01
-9.769121932969038191e-02	6.093720025236482041e-02	-6.594707713671699167e-02	5.658654890584671054e-02	-5.924755267743264664e-02	6.366724208413884756e-02	-6.139190230333836651e-02	7.049648562231641824e-02	-7.672613090825176896e-02	7.513002091864860732e-02	-5.887487276232051397e-02	8.103462375845418841e-02	-8.163560413101782209e-02	7.884779685903861579e-02	-6.708230818290161768e-02	1.204639105779402308e-01	-1.251702776358853686e-01	9.775251723779176949e-02	-9.981337370694774724e-02	8.765999705397030384e-02	-1.018115791494044881e-01	1.191702057468018439e-01	-1.412011140137858778e-01	1.116497034246504427e-01	-1.130971997935932699e-01	1.010261836603053576e-01	-1.690575427027266597e-01	2.268759528966009520e-01	-2.806398142755783254e-01	1.328489374540341439e-01	-1.292413243406876633e-01	1.732014248155542835e-01	-8.896807589464634791e-01	1.000000000000002220e+00	-1.596176868445906560e-01
2.440084725384543130e-01	-1.565302320115552481e-01	1.657896531073298485e-01	-1.519874728197182223e-01	1.554093005894386925e-01	-1.569418683244609702e-01	1.504057532650802664e-01	-1.807876744319436291e-01	1.923542826066291789e-01	-2.213352006101521052e-01	1.370608791445165897e-01	-1.950228707792225069e-01	1.842681426876375816e-01	-2.024969871721004344e-01	1.828983361779261685e-01	-2.604626102953753186e-01	2.249681781665027747e-01	-2.171389072861765468e-01	2.261302467510949432e-01	-2.725185387499548528e-01	1.601053175219335489e-01	-1.957540185878669514e-01	2.413219654198408004e-01	-2.659720345193254953e-01	2.834903577037286571e-01	-1.617848157353583283e-01	2.119459561986628549e-01	-2.362636328702910626e-01	2.413833450093460786e-01	-5.573675311014079092e-01	1.415548933453344704e-01	-1.996905912320063037e-01	1.363168428624926820e-01	-1.596176868445906560e-01	1.000000000000002220e+00
