1.000000000000000000e+00	-8.718394400273449252e-01	2.640707080433829512e-01	-5.029157494447734911e-02	4.009788527510431411e-02	-2.334029449803788625e-01	1.577574729098811523e-01	-2.910507231282041807e-01	4.913367262527275348e-02	-3.572969861112793716e-02	5.655263688935046468e-02	-8.718730342636298036e-02	8.656443307704855816e-02	-7.087419965420360679e-02	6.004169042340463947e-02	-4.724901795978769109e-02	7.062413059166476603e-02	-7.751004206350155246e-02	6.656359169482441163e-02	-5.992003693314950502e-02	4.794090658962880253e-02	-4.454510895636434181e-02	5.364123993856810546e-02	-4.360516562519552858e-02	4.131131537461954495e-02	-1.676586228785064553e-02	3.602538097463469507e-02	-4.171515786745490922e-02	3.955584561005396488e-02	-4.261873429193289292e-02	1.682169722386639768e-02	-2.533675419364416967e-02	3.392910298902662714e-02	-3.191388412278967079e-02	3.948842839309245345e-02
-8.718394400273449252e-01	9.999999999999997780e-01	-3.879644594868508767e-01	3.939999607686171107e-02	-3.159123681853303472e-02	1.613687400256664239e-01	-1.336026349810091329e-01	2.247974919137900318e-01	-3.918406498301979513e-02	2.784140032597222716e-02	-4.475606337833465398e-02	6.752738537021123200e-02	-6.882143614922381358e-02	5.430954935053326771e-02	-4.687067160469037680e-02	3.661374259519892954e-02	-5.612516838132934616e-02	5.929036559545680651e-02	-5.200052449777830404e-02	4.538409253430713414e-02	-3.732257596236461528e-02	3.426253781311848490e-02	-4.136806663519045774e-02	3.333173701961527485e-02	-3.162772955153355520e-02	1.284889646796631354e-02	-2.763519925336084190e-02	3.182536785211585034e-02	-3.030586960290943335e-02	3.235555685422265848e-02	-1.289908174665111741e-02	1.938174191615887540e-02	-2.596036498864865219e-02	2.434704914425482938e-02	-3.017416702324273933e-02
2.640707080433829512e-01	-3.879644594868508767e-01	9.999999999999994449e-01	-8.094777327560798152e-02	5.644305832004704870e-02	-3.307572926618581599e-01	2.468735200879492997e-01	-7.606369974393836220e-01	7.842513917964746839e-02	-5.109783847547653968e-02	7.728759105224056181e-02	-1.284127161184426269e-01	1.349573924374699585e-01	-1.023110368027541628e-01	8.114591994741333913e-02	-6.474519113290469474e-02	1.000280101808630889e-01	-1.154874880972906609e-01	9.274794954880992426e-02	-7.924103304390836544e-02	6.301979617237739306e-02	-5.947753279119481762e-02	6.982412435876707291e-02	-5.767712343396723396e-02	5.410565996048044557e-02	-2.163157007301523896e-02	4.614026243292509988e-02	-5.449233228793516626e-02	5.142943634749130161e-02	-5.563845507680705016e-02	2.159001818159917221e-02	-3.260529411329764204e-02	4.318457764393712761e-02	-4.117373796377006567e-02	5.030746275305823106e-02
-5.029157494447734911e-02	3.939999607686171107e-02	-8.094777327560798152e-02	9.999999999999994449e-01	-3.450481496352415522e-01	5.467446059064433317e-02	-4.975987050007758122e-02	8.152039691471477112e-02	-8.669541334902421958e-01	2.385431525527000607e-01	-5.463208277040959571e-02	7.519480413122811568e-02	-1.070367846606943424e-01	1.853076549101159987e-01	-1.931892670073237228e-01	4.373749319085395992e-02	-7.248083664243609725e-02	9.581795662578425354e-02	-1.433018137566127725e-01	1.285083989137078275e-01	-6.059528637410081103e-02	5.488512076051891425e-02	-8.487450528160783714e-02	7.652288866650876209e-02	-7.795587020168351367e-02	2.419049753769871719e-02	-5.247903396757064298e-02	6.555740644555549390e-02	-6.630763241033320321e-02	7.472498857566800545e-02	-2.433725503828943967e-02	3.773777064851083218e-02	-5.163268297553554043e-02	5.128075886422424345e-02	-6.370232713511135569e-02
4.009788527510431411e-02	-3.159123681853303472e-02	5.644305832004704870e-02	-3.450481496352415522e-01	1.000000000000000000e+00	-4.907341022430727201e-02	4.201061930332795902e-02	-5.992161965883231745e-02	2.472794329079215092e-01	-8.164189046178849107e-01	5.695819903619928765e-02	-8.050460681061494261e-02	1.027756581561035248e-01	-1.980325237952856587e-01	2.545266279475129623e-01	-4.714709385423454524e-02	7.502459403360214885e-02	-1.032749475443096310e-01	1.386402808515824203e-01	-2.112734826471904803e-01	7.164564713822185738e-02	-6.646789512146969447e-02	1.062940156270827802e-01	-1.031337099336970820e-01	1.075862913404388860e-01	-3.145554375104373662e-02	6.786073687001741017e-02	-8.789006748268635150e-02	8.739069843468930121e-02	-1.089971013276417322e-01	3.154519789113140182e-02	-4.973911712545933672e-02	6.805765179662226494e-02	-6.983801026154871916e-02	8.562937775578668975e-02
-2.334029449803788625e-01	1.613687400256664239e-01	-3.307572926618581599e-01	5.467446059064433317e-02	-4.907341022430727201e-02	9.999999999999998890e-01	-8.327187592587189657e-01	2.755672697066153254e-01	-5.683155666659653327e-02	4.262064856452453532e-02	-1.161859475937096764e-01	1.635459051108744954e-01	-1.325210393800622111e-01	8.946882583770346398e-02	-7.717799027661555178e-02	8.691759871211708621e-02	-1.424515540260766766e-01	1.049749751290681987e-01	-9.118077964516524414e-02	7.189597437849339079e-02	-7.398678990294151048e-02	6.700910071852043959e-02	-7.124621582934752284e-02	5.593669890568013503e-02	-5.216458569164900139e-02	2.263324482132039739e-02	-4.805544647362628569e-02	5.412826734530553491e-02	-5.099371176637218506e-02	5.312664324376018682e-02	-2.256279585214703010e-02	3.340683171369687038e-02	-4.369865021777205594e-02	4.076409781720116698e-02	-4.980839083503836584e-02
1.577574729098811523e-01	-1.336026349810091329e-01	2.468735200879492997e-01	-4.975987050007758122e-02	4.201061930332795902e-02	-8.327187592587189657e-01	9.999999999999995559e-01	-4.086938304100574126e-01	5.121236497092221396e-02	-3.721991562499234879e-02	9.455409542647426335e-02	-1.923033490657722056e-01	1.246214562700919820e-01	-8.173288181072763114e-02	6.603532522088792489e-02	-7.665834250329017774e-02	1.270974499092139276e-01	-9.928276198027534416e-02	7.978746851135175289e-02	-6.265615517056376260e-02	6.220290254577579003e-02	-5.814470732783756646e-02	6.044903532304381211e-02	-4.842489461846861964e-02	4.475293393325951302e-02	-1.922421274850276071e-02	4.064089025481350259e-02	-4.659885586277968256e-02	4.353550366534611471e-02	-4.591058231643860288e-02	1.909316912223815027e-02	-2.841782614993407230e-02	3.692126378107384727e-02	-3.482056233054382777e-02	4.215308539544325439e-02
-2.910507231282041807e-01	2.247974919137900318e-01	-7.606369974393836220e-01	8.152039691471477112e-02	-5.992161965883231745e-02	2.755672697066153254e-01	-4.086938304100574126e-01	1.000000000000000444e+00	-8.941928479105053229e-02	5.372499964380966775e-02	-8.503433266557941517e-02	1.393724326171509043e-01	-1.764907238425167668e-01	1.070037494301639691e-01	-8.686297294837350136e-02	6.841068540714631552e-02	-1.139116749724709832e-01	1.225188556140387741e-01	-1.011833136371654840e-01	8.048136878541332917e-02	-6.747748689970557712e-02	6.230733067506620537e-02	-7.340821991482310294e-02	5.975238243056289755e-02	-5.613423231819084785e-02	2.247654537287562676e-02	-4.803828872580528236e-02	5.614178255887460056e-02	-5.343818940613039720e-02	5.677951453644500268e-02	-2.246044211176776925e-02	3.375977175943398190e-02	-4.473759675662125623e-02	4.241899915582086206e-02	-5.198688865371203088e-02
4.913367262527275348e-02	-3.918406498301979513e-02	7.842513917964746839e-02	-8.669541334902421958e-01	2.472794329079215092e-01	-5.683155666659653327e-02	5.121236497092221396e-02	-8.941928479105053229e-02	9.999999999999994449e-01	-2.996946228405919510e-01	5.427153988069818857e-02	-7.832011153595297426e-02	1.087261315351634033e-01	-2.430219063148066905e-01	1.864442870449472822e-01	-4.423657535663020474e-02	7.270641801696153816e-02	-1.006325186897577828e-01	1.421447635800145437e-01	-1.380681336954011629e-01	6.061642102222079137e-02	-5.589863826129908009e-02	8.541049587390497910e-02	-7.904704341096605025e-02	7.984379736701052721e-02	-2.463936903057877686e-02	5.322188816133356648e-02	-6.748266822475285087e-02	6.757769885701725432e-02	-7.830435717240764870e-02	2.471952138049515052e-02	-3.852351600130220211e-02	5.248307683203183582e-02	-5.273016089504378723e-02	6.493216317417085937e-02
-3.572969861112793716e-02	2.784140032597222716e-02	-5.109783847547653968e-02	2.385431525527000607e-01	-8.164189046178849107e-01	4.262064856452453532e-02	-3.721991562499234879e-02	5.372499964380966775e-02	-2.996946228405919510e-01	1.000000000000000222e+00	-5.027994255526534173e-02	7.024670924885860479e-02	-9.452120729906726693e-02	1.792988768103012109e-01	-3.786694817732894625e-01	4.110559148048304606e-02	-6.661622280152970643e-02	9.127016896500958487e-02	-1.298395314786507104e-01	1.769877002800229471e-01	-6.117259908592610068e-02	5.626861329421194158e-02	-9.184518972126913539e-02	8.730755240346571577e-02	-9.391636126535141127e-02	2.646837441059740267e-02	-5.742259653005739317e-02	7.368886050145818933e-02	-7.465865263730250834e-02	8.996128937446000451e-02	-2.661057031245817744e-02	4.185148159487472180e-02	-5.758088608922271034e-02	5.858350495786793927e-02	-7.271375709402243259e-02
5.655263688935046468e-02	-4.475606337833465398e-02	7.728759105224056181e-02	-5.463208277040959571e-02	5.695819903619928765e-02	-1.161859475937096764e-01	9.455409542647426335e-02	-8.503433266557941517e-02	5.427153988069818857e-02	-5.027994255526534173e-02	1.000000000000000222e+00	-3.097699713054924420e-01	1.603982986391818688e-01	-1.297518018468405698e-01	1.000468854117017303e-01	-8.568013138249297445e-01	2.740299528573005849e-01	-1.779111560827425498e-01	1.264094653327869078e-01	-1.077921602496672571e-01	1.214426359648482501e-01	-1.319139970894067648e-01	1.031576062568288765e-01	-8.343971953416629006e-02	7.574233964420772069e-02	-3.617985356064010172e-02	7.473165281528935944e-02	-8.417260277966441551e-02	7.512874770830171856e-02	-8.081267621507813581e-02	3.534809745212814935e-02	-5.257387574039811690e-02	6.556009838312604199e-02	-6.190892610198212020e-02	7.295149371840098373e-02
-8.718730342636298036e-02	6.752738537021123200e-02	-1.284127161184426269e-01	7.519480413122811568e-02	-8.050460681061494261e-02	1.635459051108744954e-01	-1.923033490657722056e-01	1.393724326171509043e-01	-7.832011153595297426e-02	7.024670924885860479e-02	-3.097699713054924420e-01	1.000000000000000666e+00	-4.645510170932674598e-01	1.902690082692011231e-01	-1.458260292853365281e-01	2.334132300093713364e-01	-6.717465894700221929e-01	2.702651028123373989e-01	-2.009274748533587673e-01	1.370412118259252132e-01	-1.831310616969417937e-01	1.723515960714858963e-01	-1.408937346290555226e-01	1.103082855422271025e-01	-9.957051997571669810e-02	4.747748379059023305e-02	-9.941674254077052797e-02	1.073638355555984469e-01	-9.862093405632274545e-02	1.013845154985697078e-01	-4.677677946348472726e-02	6.794379045675769113e-02	-8.514702228844953091e-02	7.908767272485874023e-02	-9.384162106037682860e-02
8.656443307704855816e-02	-6.882143614922381358e-02	1.349573924374699585e-01	-1.070367846606943424e-01	1.027756581561035248e-01	-1.325210393800622111e-01	1.246214562700919820e-01	-1.764907238425167668e-01	1.087261315351634033e-01	-9.452120729906726693e-02	1.603982986391818688e-01	-4.645510170932674598e-01	9.999999999999998890e-01	-3.901868015566738457e-01	1.914357355862074395e-01	-1.412506483626687070e-01	2.658270203446310709e-01	-6.372966001899371680e-01	2.853097364275655745e-01	-1.877196281114554832e-01	1.325296871182637948e-01	-1.325070741527562268e-01	1.631477124929521516e-01	-1.415223942440695659e-01	1.235476840447818775e-01	-4.578354445967633413e-02	9.722366227476572642e-02	-1.248976789338281518e-01	1.160508222547956825e-01	-1.246660289752675455e-01	4.529672250549353352e-02	-6.959758767442850158e-02	9.075396702436533403e-02	-8.987920624127315739e-02	1.064382808815362846e-01
-7.087419965420360679e-02	5.430954935053326771e-02	-1.023110368027541628e-01	1.853076549101159987e-01	-1.980325237952856587e-01	8.946882583770346398e-02	-8.173288181072763114e-02	1.070037494301639691e-01	-2.430219063148066905e-01	1.792988768103012109e-01	-1.297518018468405698e-01	1.902690082692011231e-01	-3.901868015566738457e-01	1.000000000000000666e+00	-4.854516038936405598e-01	1.032754395665340247e-01	-1.864688980340455660e-01	2.794932431348247648e-01	-5.757567985524399967e-01	2.593936843585668006e-01	-1.291690491328861268e-01	1.185513997678903086e-01	-1.897202446555313338e-01	1.795229177350544381e-01	-1.699932606943085067e-01	5.033393896615282609e-02	-1.093390174735893450e-01	1.407094990686107994e-01	-1.474185670481259758e-01	1.540807307901925216e-01	-5.049836464857649504e-02	7.869155974987041002e-02	-1.072353463273187230e-01	1.078403140672000438e-01	-1.326855074069111240e-01
6.004169042340463947e-02	-4.687067160469037680e-02	8.114591994741333913e-02	-1.931892670073237228e-01	2.545266279475129623e-01	-7.717799027661555178e-02	6.603532522088792489e-02	-8.686297294837350136e-02	1.864442870449472822e-01	-3.786694817732894625e-01	1.000468854117017303e-01	-1.458260292853365281e-01	1.914357355862074395e-01	-4.854516038936405598e-01	1.000000000000000888e+00	-8.334955063162056976e-02	1.341384969490544976e-01	-1.951979825084108888e-01	2.663851076603555024e-01	-5.363761702560049249e-01	1.257861662015063997e-01	-1.178936206415106269e-01	1.939421964533681320e-01	-1.993186807681491812e-01	2.192050482896822639e-01	-5.643470900480191538e-02	1.219402168522379371e-01	-1.609723514764586083e-01	1.631871945742443542e-01	-2.104987059227003410e-01	5.651035525464060544e-02	-8.993305626894755600e-02	1.232491708363941674e-01	-1.291910841557869505e-01	1.584723993722703672e-01
-4.724901795978769109e-02	3.661374259519892954e-02	-6.474519113290469474e-02	4.373749319085395992e-02	-4.714709385423454524e-02	8.691759871211708621e-02	-7.665834250329017774e-02	6.841068540714631552e-02	-4.423657535663020474e-02	4.110559148048304606e-02	-8.568013138249297445e-01	2.334132300093713364e-01	-1.412506483626687070e-01	1.032754395665340247e-01	-8.334955063162056976e-02	9.999999999999997780e-01	-4.031125140922919847e-01	1.451706201192263790e-01	-1.091898544250093223e-01	8.564286906574672398e-02	-1.200534833863825396e-01	1.199610719919005225e-01	-8.782163178207103016e-02	6.864399143036524487e-02	-6.225775011801951142e-02	3.156346535224329591e-02	-6.535445576923307187e-02	6.971828158368316430e-02	-6.257509529338038667e-02	6.544164782580946804e-02	-3.089815405961065381e-02	4.496420790940525852e-02	-5.560030409057509226e-02	5.142920848244632998e-02	-6.065591114723007521e-02
7.062413059166476603e-02	-5.612516838132934616e-02	1.000280101808630889e-01	-7.248083664243609725e-02	7.502459403360214885e-02	-1.424515540260766766e-01	1.270974499092139276e-01	-1.139116749724709832e-01	7.270641801696153816e-02	-6.661622280152970643e-02	2.740299528573005849e-01	-6.717465894700221929e-01	2.658270203446310709e-01	-1.864688980340455660e-01	1.341384969490544976e-01	-4.031125140922919847e-01	1.000000000000001332e+00	-3.364572888894791780e-01	1.874306456025688072e-01	-1.416629013414564542e-01	1.929026840244640051e-01	-2.577313074708080243e-01	1.402984345303525393e-01	-1.130408105686964010e-01	1.000385725521454744e-01	-5.088094610182306715e-02	1.061087413772314053e-01	-1.132531279294616833e-01	9.996184161451573957e-02	-1.053313900887671156e-01	4.935801705941994522e-02	-7.295478952426143193e-02	8.776854288371441215e-02	-8.218878108183444442e-02	9.513538563449897012e-02
-7.751004206350155246e-02	5.929036559545680651e-02	-1.154874880972906609e-01	9.581795662578425354e-02	-1.032749475443096310e-01	1.049749751290681987e-01	-9.928276198027534416e-02	1.225188556140387741e-01	-1.006325186897577828e-01	9.127016896500958487e-02	-1.779111560827425498e-01	2.702651028123373989e-01	-6.372966001899371680e-01	2.794932431348247648e-01	-1.951979825084108888e-01	1.451706201192263790e-01	-3.364572888894791780e-01	1.000000000000000222e+00	-5.099261773560536115e-01	1.889164968343550466e-01	-1.464044232364371811e-01	1.389466531636895930e-01	-2.160447906359133918e-01	1.645418470070547645e-01	-1.377068115540698023e-01	4.965343230715939249e-02	-1.068051499639731533e-01	1.397433389603128517e-01	-1.332207991361885613e-01	1.322172534823350676e-01	-4.934928569013855015e-02	7.569731081986390275e-02	-9.968208215322958698e-02	9.802671289963305057e-02	-1.163503081848926007e-01
6.656359169482441163e-02	-5.200052449777830404e-02	9.274794954880992426e-02	-1.433018137566127725e-01	1.386402808515824203e-01	-9.118077964516524414e-02	7.978746851135175289e-02	-1.011833136371654840e-01	1.421447635800145437e-01	-1.298395314786507104e-01	1.264094653327869078e-01	-2.009274748533587673e-01	2.853097364275655745e-01	-5.757567985524399967e-01	2.663851076603555024e-01	-1.091898544250093223e-01	1.874306456025688072e-01	-5.099261773560536115e-01	1.000000000000000666e+00	-3.345138614226182416e-01	1.365208925785250937e-01	-1.326044948413661884e-01	2.197791578339957363e-01	-2.831543423593126940e-01	2.006508043489887982e-01	-5.744002759995369550e-02	1.238929630791525682e-01	-1.737274393156100771e-01	1.787530007039310476e-01	-1.906464589187666092e-01	5.715646389976146435e-02	-9.114499079009971694e-02	1.227445681153166018e-01	-1.294361293755881548e-01	1.519499020333630601e-01
-5.992003693314950502e-02	4.538409253430713414e-02	-7.924103304390836544e-02	1.285083989137078275e-01	-2.112734826471904803e-01	7.189597437849339079e-02	-6.265615517056376260e-02	8.048136878541332917e-02	-1.380681336954011629e-01	1.769877002800229471e-01	-1.077921602496672571e-01	1.370412118259252132e-01	-1.877196281114554832e-01	2.593936843585668006e-01	-5.363761702560049249e-01	8.564286906574672398e-02	-1.416629013414564542e-01	1.889164968343550466e-01	-3.345138614226182416e-01	1.000000000000001110e+00	-1.455141358830450982e-01	1.297957815568958062e-01	-2.675157528869680501e-01	2.578582369864205748e-01	-5.130183788284834456e-01	6.882998734413464659e-02	-1.552517746635086182e-01	1.950831382125335078e-01	-2.276608403990637020e-01	2.610326432736596591e-01	-7.023321056689493802e-02	1.121471832263759710e-01	-1.620929639211141082e-01	1.645518045323395018e-01	-2.268790549977600934e-01
4.794090658962880253e-02	-3.732257596236461528e-02	6.301979617237739306e-02	-6.059528637410081103e-02	7.164564713822185738e-02	-7.398678990294151048e-02	6.220290254577579003e-02	-6.747748689970557712e-02	6.061642102222079137e-02	-6.117259908592610068e-02	1.214426359648482501e-01	-1.831310616969417937e-01	1.325296871182637948e-01	-1.291690491328861268e-01	1.257861662015063997e-01	-1.200534833863825396e-01	1.929026840244640051e-01	-1.464044232364371811e-01	1.365208925785250937e-01	-1.455141358830450982e-01	1.000000000000001998e+00	-8.332141977555085344e-01	1.826291292057922178e-01	-1.352526753789358716e-01	1.193762685218699854e-01	-1.410967692314409883e-01	2.116084525279657846e-01	-1.814878843547786391e-01	1.376872666314103988e-01	-1.407702811019000688e-01	1.183401655109297262e-01	-1.552564853631915320e-01	1.500042217948747980e-01	-1.324422083124683347e-01	1.379273062826292251e-01
-4.454510895636434181e-02	3.426253781311848490e-02	-5.947753279119481762e-02	5.488512076051891425e-02	-6.646789512146969447e-02	6.700910071852043959e-02	-5.814470732783756646e-02	6.230733067506620537e-02	-5.589863826129908009e-02	5.626861329421194158e-02	-1.319139970894067648e-01	1.723515960714858963e-01	-1.325070741527562268e-01	1.185513997678903086e-01	-1.178936206415106269e-01	1.199610719919005225e-01	-2.577313074708080243e-01	1.389466531636895930e-01	-1.326044948413661884e-01	1.297957815568958062e-01	-8.332141977555085344e-01	1.000000000000001110e+00	-1.948590942094275413e-01	1.273812059218642490e-01	-1.118828599344166008e-01	1.199880545935577414e-01	-2.781337160516345053e-01	1.696506729755154763e-01	-1.327426072980185945e-01	1.272368426074901582e-01	-1.150910698910564550e-01	1.535619534133375874e-01	-1.563252708533963697e-01	1.242479443050029109e-01	-1.330192318971633036e-01
5.364123993856810546e-02	-4.136806663519045774e-02	6.982412435876707291e-02	-8.487450528160783714e-02	1.062940156270827802e-01	-7.124621582934752284e-02	6.044903532304381211e-02	-7.340821991482310294e-02	8.541049587390497910e-02	-9.184518972126913539e-02	1.031576062568288765e-01	-1.408937346290555226e-01	1.631477124929521516e-01	-1.897202446555313338e-01	1.939421964533681320e-01	-8.782163178207103016e-02	1.402984345303525393e-01	-2.160447906359133918e-01	2.197791578339957363e-01	-2.675157528869680501e-01	1.826291292057922178e-01	-1.948590942094275413e-01	1.000000000000000888e+00	-4.903380337719411286e-01	2.525311905674724189e-01	-9.950925215477116059e-02	2.190953909534433253e-01	-5.557780974368282667e-01	3.060813005485164551e-01	-2.821876888082547885e-01	9.660910418414780931e-02	-1.649829092300907629e-01	2.123131345247064594e-01	-2.210420663279368814e-01	2.285278940764334243e-01
-4.360516562519552858e-02	3.333173701961527485e-02	-5.767712343396723396e-02	7.652288866650876209e-02	-1.031337099336970820e-01	5.593669890568013503e-02	-4.842489461846861964e-02	5.975238243056289755e-02	-7.904704341096605025e-02	8.730755240346571577e-02	-8.343971953416629006e-02	1.103082855422271025e-01	-1.415223942440695659e-01	1.795229177350544381e-01	-1.993186807681491812e-01	6.864399143036524487e-02	-1.130408105686964010e-01	1.645418470070547645e-01	-2.831543423593126940e-01	2.578582369864205748e-01	-1.352526753789358716e-01	1.273812059218642490e-01	-4.903380337719411286e-01	1.000000000000000222e+00	-4.872249227790017012e-01	7.454290393260826209e-02	-1.701361024321408344e-01	2.808782892992110480e-01	-5.246552695608079908e-01	2.849840602735753126e-01	-7.500755981821494167e-02	1.271140752329215362e-01	-1.836294615833043709e-01	2.108645550151944659e-01	-2.393241077860536192e-01
4.131131537461954495e-02	-3.162772955153355520e-02	5.410565996048044557e-02	-7.795587020168351367e-02	1.075862913404388860e-01	-5.216458569164900139e-02	4.475293393325951302e-02	-5.613423231819084785e-02	7.984379736701052721e-02	-9.391636126535141127e-02	7.574233964420772069e-02	-9.957051997571669810e-02	1.235476840447818775e-01	-1.699932606943085067e-01	2.192050482896822639e-01	-6.225775011801951142e-02	1.000385725521454744e-01	-1.377068115540698023e-01	2.006508043489887982e-01	-5.130183788284834456e-01	1.193762685218699854e-01	-1.118828599344166008e-01	2.525311905674724189e-01	-4.872249227790017012e-01	1.000000000000000888e+00	-6.550472304559969150e-02	1.438456269315122049e-01	-2.162115208760641283e-01	2.639165361358264961e-01	-5.486001288355060179e-01	6.553585407917965344e-02	-1.109512788119214610e-01	1.562030893928553765e-01	-1.901264668991743678e-01	2.396688439877083243e-01
-1.676586228785064553e-02	1.284889646796631354e-02	-2.163157007301523896e-02	2.419049753769871719e-02	-3.145554375104373662e-02	2.263324482132039739e-02	-1.922421274850276071e-02	2.247654537287562676e-02	-2.463936903057877686e-02	2.646837441059740267e-02	-3.617985356064010172e-02	4.747748379059023305e-02	-4.578354445967633413e-02	5.033393896615282609e-02	-5.643470900480191538e-02	3.156346535224329591e-02	-5.088094610182306715e-02	4.965343230715939249e-02	-5.744002759995369550e-02	6.882998734413464659e-02	-1.410967692314409883e-01	1.199880545935577414e-01	-9.950925215477116059e-02	7.454290393260826209e-02	-6.550472304559969150e-02	1.000000000000000666e+00	-2.875236492861336646e-01	1.257541664366069456e-01	-9.241297708468425298e-02	8.310348154914044827e-02	-9.053129079555662928e-01	2.216301447370886968e-01	-1.701871158606212409e-01	1.062077288390718688e-01	-9.747515869986517201e-02
3.602538097463469507e-02	-2.763519925336084190e-02	4.614026243292509988e-02	-5.247903396757064298e-02	6.786073687001741017e-02	-4.805544647362628569e-02	4.064089025481350259e-02	-4.803828872580528236e-02	5.322188816133356648e-02	-5.742259653005739317e-02	7.473165281528935944e-02	-9.941674254077052797e-02	9.722366227476572642e-02	-1.093390174735893450e-01	1.219402168522379371e-01	-6.535445576923307187e-02	1.061087413772314053e-01	-1.068051499639731533e-01	1.238929630791525682e-01	-1.552517746635086182e-01	2.116084525279657846e-01	-2.781337160516345053e-01	2.190953909534433253e-01	-1.701361024321408344e-01	1.438456269315122049e-01	-2.875236492861336646e-01	1.000000000000001776e+00	-3.824334380701496228e-01	2.056828956556176480e-01	-1.903155540741179874e-01	2.238005163294605193e-01	-6.325972744324968033e-01	2.989599975704749224e-01	-2.446031387462664908e-01	1.947303237547158561e-01
-4.171515786745490922e-02	3.182536785211585034e-02	-5.449233228793516626e-02	6.555740644555549390e-02	-8.789006748268635150e-02	5.412826734530553491e-02	-4.659885586277968256e-02	5.614178255887460056e-02	-6.748266822475285087e-02	7.368886050145818933e-02	-8.417260277966441551e-02	1.073638355555984469e-01	-1.248976789338281518e-01	1.407094990686107994e-01	-1.609723514764586083e-01	6.971828158368316430e-02	-1.132531279294616833e-01	1.397433389603128517e-01	-1.737274393156100771e-01	1.950831382125335078e-01	-1.814878843547786391e-01	1.696506729755154763e-01	-5.557780974368282667e-01	2.808782892992110480e-01	-2.162115208760641283e-01	1.257541664366069456e-01	-3.824334380701496228e-01	1.000000000000001554e+00	-4.952241969700596491e-01	2.424733795999930164e-01	-1.286405786077115254e-01	2.245614336567306468e-01	-3.380418691328059833e-01	2.538709959258175775e-01	-2.610210733171224318e-01
3.955584561005396488e-02	-3.030586960290943335e-02	5.142943634749130161e-02	-6.630763241033320321e-02	8.739069843468930121e-02	-5.099371176637218506e-02	4.353550366534611471e-02	-5.343818940613039720e-02	6.757769885701725432e-02	-7.465865263730250834e-02	7.512874770830171856e-02	-9.862093405632274545e-02	1.160508222547956825e-01	-1.474185670481259758e-01	1.631871945742443542e-01	-6.257509529338038667e-02	9.996184161451573957e-02	-1.332207991361885613e-01	1.787530007039310476e-01	-2.276608403990637020e-01	1.376872666314103988e-01	-1.327426072980185945e-01	3.060813005485164551e-01	-5.246552695608079908e-01	2.639165361358264961e-01	-9.241297708468425298e-02	2.056828956556176480e-01	-4.952241969700596491e-01	1.000000000000001332e+00	-3.879387880300326774e-01	9.082126956116855221e-02	-1.689900689973054537e-01	2.352429670187509425e-01	-4.050265189912717334e-01	2.783795531670656964e-01
-4.261873429193289292e-02	3.235555685422265848e-02	-5.563845507680705016e-02	7.472498857566800545e-02	-1.089971013276417322e-01	5.312664324376018682e-02	-4.591058231643860288e-02	5.677951453644500268e-02	-7.830435717240764870e-02	8.996128937446000451e-02	-8.081267621507813581e-02	1.013845154985697078e-01	-1.246660289752675455e-01	1.540807307901925216e-01	-2.104987059227003410e-01	6.544164782580946804e-02	-1.053313900887671156e-01	1.322172534823350676e-01	-1.906464589187666092e-01	2.610326432736596591e-01	-1.407702811019000688e-01	1.272368426074901582e-01	-2.821876888082547885e-01	2.849840602735753126e-01	-5.486001288355060179e-01	8.310348154914044827e-02	-1.903155540741179874e-01	2.424733795999930164e-01	-3.879387880300326774e-01	1.000000000000000666e+00	-8.514464554704684329e-02	1.445726891125722613e-01	-2.211446665199547357e-01	2.640942483205289126e-01	-5.290702800945170647e-01
1.682169722386639768e-02	-1.289908174665111741e-02	2.159001818159917221e-02	-2.433725503828943967e-02	3.154519789113140182e-02	-2.256279585214703010e-02	1.909316912223815027e-02	-2.246044211176776925e-02	2.471952138049515052e-02	-2.661057031245817744e-02	3.534809745212814935e-02	-4.677677946348472726e-02	4.529672250549353352e-02	-5.049836464857649504e-02	5.651035525464060544e-02	-3.089815405961065381e-02	4.935801705941994522e-02	-4.934928569013855015e-02	5.715646389976146435e-02	-7.023321056689493802e-02	1.183401655109297262e-01	-1.150910698910564550e-01	9.660910418414780931e-02	-7.500755981821494167e-02	6.553585407917965344e-02	-9.053129079555662928e-01	2.238005163294605193e-01	-1.286405786077115254e-01	9.082126956116855221e-02	-8.514464554704684329e-02	1.000000000000000666e+00	-2.919237606657891226e-01	1.620155827280132244e-01	-1.112943868612895904e-01	9.488736903406039258e-02
-2.533675419364416967e-02	1.938174191615887540e-02	-3.260529411329764204e-02	3.773777064851083218e-02	-4.973911712545933672e-02	3.340683171369687038e-02	-2.841782614993407230e-02	3.375977175943398190e-02	-3.852351600130220211e-02	4.185148159487472180e-02	-5.257387574039811690e-02	6.794379045675769113e-02	-6.959758767442850158e-02	7.869155974987041002e-02	-8.993305626894755600e-02	4.496420790940525852e-02	-7.295478952426143193e-02	7.569731081986390275e-02	-9.114499079009971694e-02	1.121471832263759710e-01	-1.552564853631915320e-01	1.535619534133375874e-01	-1.649829092300907629e-01	1.271140752329215362e-01	-1.109512788119214610e-01	2.216301447370886968e-01	-6.325972744324968033e-01	2.245614336567306468e-01	-1.689900689973054537e-01	1.445726891125722613e-01	-2.919237606657891226e-01	1.000000000000000666e+00	-5.797037373753579637e-01	2.199268003200169630e-01	-1.853824904271730856e-01
3.392910298902662714e-02	-2.596036498864865219e-02	4.318457764393712761e-02	-5.163268297553554043e-02	6.805765179662226494e-02	-4.369865021777205594e-02	3.692126378107384727e-02	-4.473759675662125623e-02	5.248307683203183582e-02	-5.758088608922271034e-02	6.556009838312604199e-02	-8.514702228844953091e-02	9.075396702436533403e-02	-1.072353463273187230e-01	1.232491708363941674e-01	-5.560030409057509226e-02	8.776854288371441215e-02	-9.968208215322958698e-02	1.227445681153166018e-01	-1.620929639211141082e-01	1.500042217948747980e-01	-1.563252708533963697e-01	2.123131345247064594e-01	-1.836294615833043709e-01	1.562030893928553765e-01	-1.701871158606212409e-01	2.989599975704749224e-01	-3.380418691328059833e-01	2.352429670187509425e-01	-2.211446665199547357e-01	1.620155827280132244e-01	-5.797037373753579637e-01	1.000000000000000888e+00	-5.072505365786543763e-01	2.557514870825437492e-01
-3.191388412278967079e-02	2.434704914425482938e-02	-4.117373796377006567e-02	5.128075886422424345e-02	-6.983801026154871916e-02	4.076409781720116698e-02	-3.482056233054382777e-02	4.241899915582086206e-02	-5.273016089504378723e-02	5.858350495786793927e-02	-6.190892610198212020e-02	7.908767272485874023e-02	-8.987920624127315739e-02	1.078403140672000438e-01	-1.291910841557869505e-01	5.142920848244632998e-02	-8.218878108183444442e-02	9.802671289963305057e-02	-1.294361293755881548e-01	1.645518045323395018e-01	-1.324422083124683347e-01	1.242479443050029109e-01	-2.210420663279368814e-01	2.108645550151944659e-01	-1.901264668991743678e-01	1.062077288390718688e-01	-2.446031387462664908e-01	2.538709959258175775e-01	-4.050265189912717334e-01	2.640942483205289126e-01	-1.112943868612895904e-01	2.199268003200169630e-01	-5.072505365786543763e-01	1.000000000000000888e+00	-6.065205592147283609e-01
3.948842839309245345e-02	-3.017416702324273933e-02	5.030746275305823106e-02	-6.370232713511135569e-02	8.562937775578668975e-02	-4.980839083503836584e-02	4.215308539544325439e-02	-5.198688865371203088e-02	6.493216317417085937e-02	-7.271375709402243259e-02	7.295149371840098373e-02	-9.384162106037682860e-02	1.064382808815362846e-01	-1.326855074069111240e-01	1.584723993722703672e-01	-6.065591114723007521e-02	9.513538563449897012e-02	-1.163503081848926007e-01	1.519499020333630601e-01	-2.268790549977600934e-01	1.379273062826292251e-01	-1.330192318971633036e-01	2.285278940764334243e-01	-2.393241077860536192e-01	2.396688439877083243e-01	-9.747515869986517201e-02	1.947303237547158561e-01	-2.610210733171224318e-01	2.783795531670656964e-01	-5.290702800945170647e-01	9.488736903406039258e-02	-1.853824904271730856e-01	2.557514870825437492e-01	-6.065205592147283609e-01	1.000000000000000888e+00
