1.000000000000000000e+00	-1.584280934686809750e-01	9.721615585990746322e-02	-6.675550016463389913e-02	6.861850093694996100e-02	-9.534793173759071871e-01	1.808420578355295072e-01	-1.320831518043637798e-01	7.040750772912711397e-02	-9.139034654244175548e-02	2.621591230721620827e-02	-7.612781755118884497e-02	4.688815783049047475e-02	-4.605934130777249863e-02	4.203490043629948963e-02	-2.482140101694506676e-02	6.932982076528178272e-02	-4.448132619718297293e-02	4.894981436617031056e-02	-3.629307140109230834e-02	2.030516382987486088e-02	-2.141013944453513604e-02	3.512353685167431128e-02	-3.843505052138592587e-02	3.326340116017151988e-02	-1.453006444957433488e-02	1.535292861651881870e-02	-3.745193194879950505e-02	2.485551783041126464e-02	-2.726295144400138828e-02	1.381246884934191760e-02	-2.522025691750204301e-02	1.951594994534920982e-02	-2.580418232671075063e-02	2.217497628373046870e-02
-1.584280934686809750e-01	1.000000000000000000e+00	-5.936615154838229547e-01	2.074491585477421796e-01	-2.327680385129236862e-01	1.360137116081167608e-01	-6.353138969422292837e-01	2.873938394791561990e-01	-1.752918634882304205e-01	1.906190102431935818e-01	-3.568027549392235181e-02	1.730710136062228732e-01	-1.092882358407078203e-01	1.028562947381481824e-01	-9.298155283536112259e-02	3.258164185475197205e-02	-1.926462696857024204e-01	9.919351374323978621e-02	-1.128741718949815981e-01	7.706244036644706308e-02	-3.940839480515526128e-02	4.169218852651249835e-02	-7.533187419096713799e-02	7.960457464387311888e-02	-7.114147421584281206e-02	2.789364919725981912e-02	-3.054557782365505819e-02	7.628036861850645556e-02	-5.134566423173331229e-02	5.589477483789257600e-02	-2.753963294965764211e-02	5.065149359753202962e-02	-3.969786133597017624e-02	5.255219273830183391e-02	-4.603279614915511964e-02
9.721615585990746322e-02	-5.936615154838229547e-01	1.000000000000000000e+00	-4.223989162371999395e-01	2.726315815033835688e-01	-9.047936539885841067e-02	2.914468520591803058e-01	-4.984426752921551906e-01	2.438338590304879316e-01	-2.870285940448499273e-01	3.162939708455298621e-02	-1.298352243428722019e-01	1.169378645564776997e-01	-1.247583724718150100e-01	1.123850815341873588e-01	-2.921077092435606440e-02	1.319606326983483457e-01	-1.045308171285200954e-01	1.243888757118498667e-01	-9.480544658416366344e-02	4.092359014057729560e-02	-4.386189112262208617e-02	8.174849563788766371e-02	-9.338008609548124894e-02	8.270892769453505600e-02	-2.976110468547750812e-02	3.268878725751385439e-02	-8.760317556323493626e-02	5.940148356279655040e-02	-6.611589154159201731e-02	3.141153892636194128e-02	-5.889431194235039690e-02	4.562013291260491599e-02	-6.172690750942066290e-02	5.332348922559118631e-02
-6.675550016463389913e-02	2.074491585477421796e-01	-4.223989162371999395e-01	9.999999999999998890e-01	-7.642386962419163154e-01	5.880525649285258533e-02	-1.871577250665478753e-01	2.591970800426287025e-01	-3.451156966255920500e-01	2.704933101648914762e-01	-2.489436571653062813e-02	8.893711875200907557e-02	-1.032369885920751129e-01	1.168933621566345671e-01	-1.065125704659416889e-01	2.280407517551387778e-02	-9.763151307835263304e-02	8.789315278760918837e-02	-1.164311004015226997e-01	8.566035622578355158e-02	-3.466417579244444880e-02	3.698269886744771223e-02	-7.055972513217968756e-02	8.133271988376376826e-02	-7.436655851702557440e-02	2.515332048960880473e-02	-2.781167467191497655e-02	7.462293958165733265e-02	-5.156234332324096531e-02	5.756989902031865031e-02	-2.717917225781314033e-02	5.019663007684359995e-02	-3.909996072531490147e-02	5.330594150642957441e-02	-4.666166257269129675e-02
6.861850093694996100e-02	-2.327680385129236862e-01	2.726315815033835688e-01	-7.642386962419163154e-01	9.999999999999997780e-01	-6.265135137060862114e-02	1.852125885255107296e-01	-3.099702015295340285e-01	2.749435884408566455e-01	-4.068810190734762910e-01	2.960009002040072876e-02	-9.949921504854843113e-02	1.186222889090661758e-01	-1.385569076189514526e-01	1.312363561113020494e-01	-2.729307527771491701e-02	1.042292479625645946e-01	-1.062090656008340961e-01	1.341212182272750741e-01	-1.122174653868713984e-01	4.302233435147059110e-02	-4.624377211067905863e-02	8.775875662057371074e-02	-1.062567157562869236e-01	9.410352286395808064e-02	-3.178649984909035636e-02	3.501163445431856175e-02	-9.734153766365939708e-02	6.698479172039614737e-02	-7.591359843560339937e-02	3.553969058261844532e-02	-6.633976731599430798e-02	5.105285862085951615e-02	-7.035374760387276549e-02	6.039793079179983648e-02
-9.534793173759071871e-01	1.360137116081167608e-01	-9.047936539885841067e-02	5.880525649285258533e-02	-6.265135137060862114e-02	1.000000000000000666e+00	-2.232190320982477827e-01	1.132404494155055813e-01	-6.219637273495040586e-02	7.712560407895828474e-02	-2.569389953649603084e-02	7.298584470774852062e-02	-4.264792948849184528e-02	4.076716365345754017e-02	-3.708561977304321994e-02	2.364967188456480393e-02	-6.968195474678394452e-02	4.018002423049633204e-02	-4.413303056536452273e-02	3.170563767737501898e-02	-1.852304502836039923e-02	1.940540211476622992e-02	-3.150452379385285800e-02	3.373413057551558070e-02	-2.938010468775353184e-02	1.312357317324341563e-02	-1.384510537494348242e-02	3.295675665340924709e-02	-2.187640058422487405e-02	2.385193536727759842e-02	-1.218313115189726716e-02	2.210684704006560947e-02	-1.718131267109904159e-02	2.259052509007392073e-02	-1.952310089573595919e-02
1.808420578355295072e-01	-6.353138969422292837e-01	2.914468520591803058e-01	-1.871577250665478753e-01	1.852125885255107296e-01	-2.232190320982477827e-01	1.000000000000000666e+00	-4.579767564649097622e-01	2.003030354678579650e-01	-2.439475891141077990e-01	4.492628438352235659e-02	-3.147382171880060420e-01	1.273972799841752435e-01	-1.226068736930592956e-01	1.082404246850824092e-01	-4.193612656312477316e-02	2.217599386603608391e-01	-1.213043792991087833e-01	1.279854677892631465e-01	-9.235442429836068778e-02	4.680267590375149916e-02	-5.011219453800225959e-02	8.911668010689635655e-02	-9.598172062486724776e-02	8.335210122860124693e-02	-3.351098784821721077e-02	3.636612333454509322e-02	-9.292950127437264729e-02	6.154507484950369478e-02	-6.728064760983185066e-02	3.247946493981640481e-02	-6.169203313817623463e-02	4.793198072611444538e-02	-6.352409998081551268e-02	5.470605138862988381e-02
-1.320831518043637798e-01	2.873938394791561990e-01	-4.984426752921551906e-01	2.591970800426287025e-01	-3.099702015295340285e-01	1.132404494155055813e-01	-4.579767564649097622e-01	1.000000000000000444e+00	-4.962937840227925057e-01	2.968991412210239544e-01	-3.978656118257755531e-02	1.624376482840378666e-01	-1.718192170200276980e-01	1.645430452815455913e-01	-1.454264886780000654e-01	3.624302312750427718e-02	-1.855857717528798523e-01	1.357017627207020294e-01	-1.710105933655532706e-01	1.133063483489099993e-01	-5.098490815533392867e-02	5.413241510374702803e-02	-1.029089677645462775e-01	1.109300587291831702e-01	-1.026975847527213520e-01	3.629288636694391612e-02	-4.020052610693718165e-02	1.036017211742873700e-01	-7.095943374044666463e-02	7.763500546734576624e-02	-3.708601445329123836e-02	6.852499524756325289e-02	-5.396683259834106350e-02	7.223943546531894078e-02	-6.408883553215315165e-02
7.040750772912711397e-02	-1.752918634882304205e-01	2.438338590304879316e-01	-3.451156966255920500e-01	2.749435884408566455e-01	-6.219637273495040586e-02	2.003030354678579650e-01	-4.962937840227925057e-01	9.999999999999997780e-01	-6.864000183680211142e-01	2.960322831631498688e-02	-1.020995917392726049e-01	1.503170288739646143e-01	-2.273811578182572957e-01	1.628708844499382746e-01	-2.709355991585947129e-02	1.116156423981817108e-01	-1.212575697814639308e-01	1.695607279340619333e-01	-1.260959728760295551e-01	4.357444125601640794e-02	-4.689016262582120648e-02	9.216764976072873428e-02	-1.080043390298079387e-01	1.000894695752069935e-01	-3.152397359228150536e-02	3.502890274029288320e-02	-9.619822422733695366e-02	6.686215026667471917e-02	-7.502805664036459043e-02	3.249569363718888410e-02	-6.369543116353355849e-02	4.982911326745015357e-02	-6.868610620574479297e-02	6.026929092333349613e-02
-9.139034654244175548e-02	1.906190102431935818e-01	-2.870285940448499273e-01	2.704933101648914762e-01	-4.068810190734762910e-01	7.712560407895828474e-02	-2.439475891141077990e-01	2.968991412210239544e-01	-6.864000183680211142e-01	1.000000000000000666e+00	-3.754763501658344577e-02	1.231931861374408327e-01	-1.765415078331580012e-01	2.040204920278650413e-01	-2.500310288644497780e-01	3.408097833419736211e-02	-1.439924457184910966e-01	1.418857382696526448e-01	-2.113205510726490211e-01	1.596743346210502956e-01	-5.510099297049440847e-02	5.843665990039195735e-02	-1.147316506910610739e-01	1.333996328699295075e-01	-1.333207363773923071e-01	3.944727794479790939e-02	-4.402848369132413009e-02	1.166749327117606871e-01	-8.355542220050263258e-02	9.367957747309721417e-02	-4.172529891314508133e-02	7.757601854462646551e-02	-6.137276263625524725e-02	8.489184822423098686e-02	-7.676870127970400470e-02
2.621591230721620827e-02	-3.568027549392235181e-02	3.162939708455298621e-02	-2.489436571653062813e-02	2.960009002040072876e-02	-2.569389953649603084e-02	4.492628438352235659e-02	-3.978656118257755531e-02	2.960322831631498688e-02	-3.754763501658344577e-02	1.000000000000000222e+00	-8.540979243246489550e-02	5.212979650325112735e-02	-4.207296687390236350e-02	4.014695640600027260e-02	-9.543951212597492351e-01	7.840093673537713859e-02	-5.747267782960329557e-02	5.412475525752453304e-02	-3.610444161480613756e-02	1.691907402003129113e-01	-1.596875237040467077e-01	7.611603274360785598e-02	-5.952789282543847343e-02	4.479152376592633600e-02	-1.098897885790710294e-01	8.673571679898357811e-02	-7.592257444220920637e-02	4.213190877869924661e-02	-4.031009783691475584e-02	3.517735831254911044e-02	-5.216455839086199531e-02	4.042310495959255262e-02	-4.202614811304346276e-02	3.490824295151832846e-02
-7.612781755118884497e-02	1.730710136062228732e-01	-1.298352243428722019e-01	8.893711875200907557e-02	-9.949921504854843113e-02	7.298584470774852062e-02	-3.147382171880060420e-01	1.624376482840378666e-01	-1.020995917392726049e-01	1.231931861374408327e-01	-8.540979243246489550e-02	9.999999999999990008e-01	-1.731811059860167978e-01	1.154544079751825825e-01	-9.243371023450881740e-02	7.441029472022243907e-02	-8.713271498921747460e-01	1.712828495852841970e-01	-1.415218088929166562e-01	7.872025811418585650e-02	-6.112673397609100917e-02	6.468160006804361817e-02	-1.082552216557388092e-01	9.250802475066929875e-02	-7.803472750926337964e-02	4.074596968762236177e-02	-4.398356657293748390e-02	9.583597460087038555e-02	-6.045306868395533550e-02	6.205759941140793351e-02	-3.056396027896462336e-02	6.054165008721207331e-02	-4.827584370374440187e-02	6.003096111285895209e-02	-5.216852818051285340e-02
4.688815783049047475e-02	-1.092882358407078203e-01	1.169378645564776997e-01	-1.032369885920751129e-01	1.186222889090661758e-01	-4.264792948849184528e-02	1.273972799841752435e-01	-1.718192170200276980e-01	1.503170288739646143e-01	-1.765415078331580012e-01	5.212979650325112735e-02	-1.731811059860167978e-01	1.000000000000000444e+00	-5.290640812915916591e-01	2.117010523497734054e-01	-4.846067240308986335e-02	1.692154702512241038e-01	-6.425388687533734045e-01	3.162156579952549729e-01	-1.919296393235726261e-01	9.309606344925580590e-02	-1.085752726176920507e-01	2.377677209815472203e-01	-2.186492026403717981e-01	1.680962671905697481e-01	-6.758973850551926177e-02	7.540848220037664473e-02	-2.371500135122470987e-01	1.363249757042753196e-01	-1.402549668293349150e-01	5.628955302383251147e-02	-1.405503830533191834e-01	1.092487930585440137e-01	-1.369456425090929685e-01	1.132272434176207210e-01
-4.605934130777249863e-02	1.028562947381481824e-01	-1.247583724718150100e-01	1.168933621566345671e-01	-1.385569076189514526e-01	4.076716365345754017e-02	-1.226068736930592956e-01	1.645430452815455913e-01	-2.273811578182572957e-01	2.040204920278650413e-01	-4.207296687390236350e-02	1.154544079751825825e-01	-5.290640812915916591e-01	1.000000000000001554e+00	-3.980841078521656362e-01	3.841530619064799368e-02	-1.268745034586477860e-01	2.820963502207649021e-01	-6.016001018156453828e-01	2.373783410557320228e-01	-7.546117447477540541e-02	8.288224294555650296e-02	-1.826258019363068974e-01	1.974324528301467652e-01	-1.849673539970179137e-01	5.373522374710571620e-02	-6.068955233711535030e-02	1.743338043203962184e-01	-1.188728434681202012e-01	1.293068971330982864e-01	-4.890069622762334423e-02	1.099024151804158800e-01	-8.716666010144630272e-02	1.184577985052507887e-01	-1.045097654104665263e-01
4.203490043629948963e-02	-9.298155283536112259e-02	1.123850815341873588e-01	-1.065125704659416889e-01	1.312363561113020494e-01	-3.708561977304321994e-02	1.082404246850824092e-01	-1.454264886780000654e-01	1.628708844499382746e-01	-2.500310288644497780e-01	4.014695640600027260e-02	-9.243371023450881740e-02	2.117010523497734054e-01	-3.980841078521656362e-01	1.000000000000000444e+00	-3.670895152057779970e-02	9.994725035498326637e-02	-1.921171868436210017e-01	2.721767937557139083e-01	-7.088157342534793237e-01	7.462585077815546419e-02	-8.216667112090747516e-02	1.687112516960587727e-01	-2.718491295952886744e-01	2.692976218366592289e-01	-5.552278804757632136e-02	6.205956227001391268e-02	-1.925237395899298265e-01	1.481622327398632866e-01	-1.872481301063097237e-01	5.513183643076545459e-02	-1.284831660418174759e-01	9.988761140157534357e-02	-1.557565006314132749e-01	1.346337640277442405e-01
-2.482140101694506676e-02	3.258164185475197205e-02	-2.921077092435606440e-02	2.280407517551387778e-02	-2.729307527771491701e-02	2.364967188456480393e-02	-4.193612656312477316e-02	3.624302312750427718e-02	-2.709355991585947129e-02	3.408097833419736211e-02	-9.543951212597492351e-01	7.441029472022243907e-02	-4.846067240308986335e-02	3.841530619064799368e-02	-3.670895152057779970e-02	1.000000000000002887e+00	-7.733671722219376266e-02	5.236159863347006338e-02	-5.010398438935081272e-02	3.263306158051301753e-02	-2.083059816120203522e-01	1.398382800923606561e-01	-7.000569238595574784e-02	5.266392050109398870e-02	-4.052342823028366042e-02	9.870607792933254465e-02	-8.317325555591242869e-02	6.604600863661666543e-02	-3.738930560155074440e-02	3.560048732949254446e-02	-3.188549128210788064e-02	4.554333869662832712e-02	-3.587209693283373302e-02	3.694052810598277142e-02	-3.116079239813498297e-02
6.932982076528178272e-02	-1.926462696857024204e-01	1.319606326983483457e-01	-9.763151307835263304e-02	1.042292479625645946e-01	-6.968195474678394452e-02	2.217599386603608391e-01	-1.855857717528798523e-01	1.116156423981817108e-01	-1.439924457184910966e-01	7.840093673537713859e-02	-8.713271498921747460e-01	1.692154702512241038e-01	-1.268745034586477860e-01	9.994725035498326637e-02	-7.733671722219376266e-02	9.999999999999993339e-01	-2.330103663624554511e-01	1.465793739803098183e-01	-8.824589457958122163e-02	6.625338667344003729e-02	-7.376520326713428832e-02	1.206412631745948094e-01	-1.066895704813079493e-01	8.641769866647940057e-02	-4.542309709171577642e-02	4.873919030819356263e-02	-1.129356580679732186e-01	6.906183901500755062e-02	-7.122516470335119032e-02	3.444442385514982080e-02	-7.081005074710287894e-02	5.569951515481878779e-02	-6.941404742501530722e-02	5.901839062872986374e-02
-4.448132619718297293e-02	9.919351374323978621e-02	-1.045308171285200954e-01	8.789315278760918837e-02	-1.062090656008340961e-01	4.018002423049633204e-02	-1.213043792991087833e-01	1.357017627207020294e-01	-1.212575697814639308e-01	1.418857382696526448e-01	-5.747267782960329557e-02	1.712828495852841970e-01	-6.425388687533734045e-01	2.820963502207649021e-01	-1.921171868436210017e-01	5.236159863347006338e-02	-2.330103663624554511e-01	1.000000000000000666e+00	-4.431913558929696517e-01	1.646449338111780902e-01	-1.121878814921428019e-01	1.259961675502478673e-01	-4.192811569197137378e-01	2.129711771601928427e-01	-1.695112100912768704e-01	7.382905507623770125e-02	-8.610968493965230619e-02	2.309382065161019182e-01	-1.373150304411456246e-01	1.304755404227659343e-01	-5.506933728481509110e-02	1.304154979658506686e-01	-1.085950938398004689e-01	1.286479122023583554e-01	-1.116303896092607911e-01
4.894981436617031056e-02	-1.128741718949815981e-01	1.243888757118498667e-01	-1.164311004015226997e-01	1.341212182272750741e-01	-4.413303056536452273e-02	1.279854677892631465e-01	-1.710105933655532706e-01	1.695607279340619333e-01	-2.113205510726490211e-01	5.412475525752453304e-02	-1.415218088929166562e-01	3.162156579952549729e-01	-6.016001018156453828e-01	2.721767937557139083e-01	-5.010398438935081272e-02	1.465793739803098183e-01	-4.431913558929696517e-01	1.000000000000000444e+00	-3.078057095165572798e-01	9.984037846101280478e-02	-1.136513941215586132e-01	2.388594546995110035e-01	-3.032096138731759094e-01	2.243573259688483312e-01	-7.406876046371380085e-02	8.237078402856889969e-02	-2.607210178532355371e-01	1.682897145086453827e-01	-1.824461386240635585e-01	6.793569421921305529e-02	-1.643779989529633445e-01	1.264822057390903309e-01	-1.723436061035459599e-01	1.424108370304388027e-01
-3.629307140109230834e-02	7.706244036644706308e-02	-9.480544658416366344e-02	8.566035622578355158e-02	-1.122174653868713984e-01	3.170563767737501898e-02	-9.235442429836068778e-02	1.133063483489099993e-01	-1.260959728760295551e-01	1.596743346210502956e-01	-3.610444161480613756e-02	7.872025811418585650e-02	-1.919296393235726261e-01	2.373783410557320228e-01	-7.088157342534793237e-01	3.263306158051301753e-02	-8.824589457958122163e-02	1.646449338111780902e-01	-3.078057095165572798e-01	1.000000000000001554e+00	-6.828274818924572054e-02	7.333799674090066278e-02	-1.573362750024611678e-01	2.449808560627952658e-01	-4.926826935426247278e-01	4.903857539228474727e-02	-5.569226158901773721e-02	1.619276272752880053e-01	-1.392104964137748369e-01	1.748827338077452997e-01	-4.789983148543033864e-02	1.062997967558124562e-01	-8.598316650500344160e-02	1.362307255307886600e-01	-1.357958875777666163e-01
2.030516382987486088e-02	-3.940839480515526128e-02	4.092359014057729560e-02	-3.466417579244444880e-02	4.302233435147059110e-02	-1.852304502836039923e-02	4.680267590375149916e-02	-5.098490815533392867e-02	4.357444125601640794e-02	-5.510099297049440847e-02	1.691907402003129113e-01	-6.112673397609100917e-02	9.309606344925580590e-02	-7.546117447477540541e-02	7.462585077815546419e-02	-2.083059816120203522e-01	6.625338667344003729e-02	-1.121878814921428019e-01	9.984037846101280478e-02	-6.828274818924572054e-02	9.999999999999991118e-01	-7.366813780364036557e-01	1.920669631534214217e-01	-1.314856156483690530e-01	9.187199386015386382e-02	-4.690143937256023299e-01	2.982292071372006359e-01	-1.799611506199273459e-01	9.217909953936383183e-02	-8.355418788030562205e-02	7.671275953878502196e-02	-1.208070914722259026e-01	9.428369124124219569e-02	-8.981268033403494444e-02	7.334637985153301398e-02
-2.141013944453513604e-02	4.169218852651249835e-02	-4.386189112262208617e-02	3.698269886744771223e-02	-4.624377211067905863e-02	1.940540211476622992e-02	-5.011219453800225959e-02	5.413241510374702803e-02	-4.689016262582120648e-02	5.843665990039195735e-02	-1.596875237040467077e-01	6.468160006804361817e-02	-1.085752726176920507e-01	8.288224294555650296e-02	-8.216667112090747516e-02	1.398382800923606561e-01	-7.376520326713428832e-02	1.259961675502478673e-01	-1.136513941215586132e-01	7.333799674090066278e-02	-7.366813780364036557e-01	9.999999999999991118e-01	-2.975277363927638641e-01	1.372262339581038770e-01	-1.010769198294542842e-01	2.922638775668945921e-01	-4.465678753082614194e-01	1.803912897327726861e-01	-9.760347942028337054e-02	8.539020632616092787e-02	-7.109711845488642101e-02	1.205012318220715362e-01	-1.008230655149010974e-01	9.102969016977807692e-02	-7.743464951502371241e-02
3.512353685167431128e-02	-7.533187419096713799e-02	8.174849563788766371e-02	-7.055972513217968756e-02	8.775875662057371074e-02	-3.150452379385285800e-02	8.911668010689635655e-02	-1.029089677645462775e-01	9.216764976072873428e-02	-1.147316506910610739e-01	7.611603274360785598e-02	-1.082552216557388092e-01	2.377677209815472203e-01	-1.826258019363068974e-01	1.687112516960587727e-01	-7.000569238595574784e-02	1.206412631745948094e-01	-4.192811569197137378e-01	2.388594546995110035e-01	-1.573362750024611678e-01	1.920669631534214217e-01	-2.975277363927638641e-01	9.999999999999983347e-01	-4.075578715556666398e-01	2.191627853819526905e-01	-1.291886948656166267e-01	1.494363148325330015e-01	-5.768931688781205880e-01	2.254480454264657929e-01	-1.874107413027689961e-01	7.528270221892900682e-02	-2.285994223270630676e-01	1.894781631244549791e-01	-2.029751857347762978e-01	1.621549602171249993e-01
-3.843505052138592587e-02	7.960457464387311888e-02	-9.338008609548124894e-02	8.133271988376376826e-02	-1.062567157562869236e-01	3.373413057551558070e-02	-9.598172062486724776e-02	1.109300587291831702e-01	-1.080043390298079387e-01	1.333996328699295075e-01	-5.952789282543847343e-02	9.250802475066929875e-02	-2.186492026403717981e-01	1.974324528301467652e-01	-2.718491295952886744e-01	5.266392050109398870e-02	-1.066895704813079493e-01	2.129711771601928427e-01	-3.032096138731759094e-01	2.449808560627952658e-01	-1.314856156483690530e-01	1.372262339581038770e-01	-4.075578715556666398e-01	1.000000000000001776e+00	-5.808930056608899717e-01	8.612776763187529605e-02	-1.026184336179308265e-01	2.774206261350825042e-01	-3.883112819417674499e-01	2.584152494419760804e-01	-7.178588442122819935e-02	1.644174656104828158e-01	-1.477422181833187576e-01	2.438870534229082565e-01	-2.464843937788527839e-01
3.326340116017151988e-02	-7.114147421584281206e-02	8.270892769453505600e-02	-7.436655851702557440e-02	9.410352286395808064e-02	-2.938010468775353184e-02	8.335210122860124693e-02	-1.026975847527213520e-01	1.000894695752069935e-01	-1.333207363773923071e-01	4.479152376592633600e-02	-7.803472750926337964e-02	1.680962671905697481e-01	-1.849673539970179137e-01	2.692976218366592289e-01	-4.052342823028366042e-02	8.641769866647940057e-02	-1.695112100912768704e-01	2.243573259688483312e-01	-4.926826935426247278e-01	9.187199386015386382e-02	-1.010769198294542842e-01	2.191627853819526905e-01	-5.808930056608899717e-01	1.000000000000001998e+00	-6.746556820365524898e-02	7.653845437488056291e-02	-2.479521369475702064e-01	2.391380334464244528e-01	-3.907646246262558853e-01	6.324579537215718750e-02	-1.619758418720008142e-01	1.304197395171062812e-01	-2.394205853614657653e-01	2.263882169783329179e-01
-1.453006444957433488e-02	2.789364919725981912e-02	-2.976110468547750812e-02	2.515332048960880473e-02	-3.178649984909035636e-02	1.312357317324341563e-02	-3.351098784821721077e-02	3.629288636694391612e-02	-3.152397359228150536e-02	3.944727794479790939e-02	-1.098897885790710294e-01	4.074596968762236177e-02	-6.758973850551926177e-02	5.373522374710571620e-02	-5.552278804757632136e-02	9.870607792933254465e-02	-4.542309709171577642e-02	7.382905507623770125e-02	-7.406876046371380085e-02	4.903857539228474727e-02	-4.690143937256023299e-01	2.922638775668945921e-01	-1.291886948656166267e-01	8.612776763187529605e-02	-6.746556820365524898e-02	1.000000000000000666e+00	-8.050446936936478393e-01	1.179483982909690643e-01	-6.642720894547046728e-02	5.876821728628529862e-02	-1.010207047251107521e-01	1.050183812866900684e-01	-8.712086857792875061e-02	6.397374383909487650e-02	-5.493991230915309248e-02
1.535292861651881870e-02	-3.054557782365505819e-02	3.268878725751385439e-02	-2.781167467191497655e-02	3.501163445431856175e-02	-1.384510537494348242e-02	3.636612333454509322e-02	-4.020052610693718165e-02	3.502890274029288320e-02	-4.402848369132413009e-02	8.673571679898357811e-02	-4.398356657293748390e-02	7.540848220037664473e-02	-6.068955233711535030e-02	6.205956227001391268e-02	-8.317325555591242869e-02	4.873919030819356263e-02	-8.610968493965230619e-02	8.237078402856889969e-02	-5.569226158901773721e-02	2.982292071372006359e-01	-4.465678753082614194e-01	1.494363148325330015e-01	-1.026184336179308265e-01	7.653845437488056291e-02	-8.050446936936478393e-01	1.000000000000000000e+00	-1.494241711153982410e-01	7.815962382278010545e-02	-6.892104218136420324e-02	8.756312179138447949e-02	-1.392283474430455192e-01	1.025156610181274519e-01	-7.616782925911186330e-02	6.323343876069860425e-02
-3.745193194879950505e-02	7.628036861850645556e-02	-8.760317556323493626e-02	7.462293958165733265e-02	-9.734153766365939708e-02	3.295675665340924709e-02	-9.292950127437264729e-02	1.036017211742873700e-01	-9.619822422733695366e-02	1.166749327117606871e-01	-7.592257444220920637e-02	9.583597460087038555e-02	-2.371500135122470987e-01	1.743338043203962184e-01	-1.925237395899298265e-01	6.604600863661666543e-02	-1.129356580679732186e-01	2.309382065161019182e-01	-2.607210178532355371e-01	1.619276272752880053e-01	-1.799611506199273459e-01	1.803912897327726861e-01	-5.768931688781205880e-01	2.774206261350825042e-01	-2.479521369475702064e-01	1.179483982909690643e-01	-1.494241711153982410e-01	1.000000000000002220e+00	-3.876205574800606346e-01	2.105209620937537884e-01	-8.756651012337580975e-02	2.607962816251274130e-01	-3.713715337497884295e-01	2.438560123036891680e-01	-2.162740968091580451e-01
2.485551783041126464e-02	-5.134566423173331229e-02	5.940148356279655040e-02	-5.156234332324096531e-02	6.698479172039614737e-02	-2.187640058422487405e-02	6.154507484950369478e-02	-7.095943374044666463e-02	6.686215026667471917e-02	-8.355542220050263258e-02	4.213190877869924661e-02	-6.045306868395533550e-02	1.363249757042753196e-01	-1.188728434681202012e-01	1.481622327398632866e-01	-3.738930560155074440e-02	6.906183901500755062e-02	-1.373150304411456246e-01	1.682897145086453827e-01	-1.392104964137748369e-01	9.217909953936383183e-02	-9.760347942028337054e-02	2.254480454264657929e-01	-3.883112819417674499e-01	2.391380334464244528e-01	-6.642720894547046728e-02	7.815962382278010545e-02	-3.876205574800606346e-01	1.000000000000001776e+00	-4.013606569594325157e-01	5.689648618504154765e-02	-1.860720670952245859e-01	1.777732540352632562e-01	-6.532972456051497900e-01	2.969455372140650251e-01
-2.726295144400138828e-02	5.589477483789257600e-02	-6.611589154159201731e-02	5.756989902031865031e-02	-7.591359843560339937e-02	2.385193536727759842e-02	-6.728064760983185066e-02	7.763500546734576624e-02	-7.502805664036459043e-02	9.367957747309721417e-02	-4.031009783691475584e-02	6.205759941140793351e-02	-1.402549668293349150e-01	1.293068971330982864e-01	-1.872481301063097237e-01	3.560048732949254446e-02	-7.122516470335119032e-02	1.304755404227659343e-01	-1.824461386240635585e-01	1.748827338077452997e-01	-8.355418788030562205e-02	8.539020632616092787e-02	-1.874107413027689961e-01	2.584152494419760804e-01	-3.907646246262558853e-01	5.876821728628529862e-02	-6.892104218136420324e-02	2.105209620937537884e-01	-4.013606569594325157e-01	1.000000000000002220e+00	-5.692961661695877806e-02	1.395204679651687041e-01	-1.292444157029092044e-01	3.040515027483501331e-01	-7.028135963504462680e-01
1.381246884934191760e-02	-2.753963294965764211e-02	3.141153892636194128e-02	-2.717917225781314033e-02	3.553969058261844532e-02	-1.218313115189726716e-02	3.247946493981640481e-02	-3.708601445329123836e-02	3.249569363718888410e-02	-4.172529891314508133e-02	3.517735831254911044e-02	-3.056396027896462336e-02	5.628955302383251147e-02	-4.890069622762334423e-02	5.513183643076545459e-02	-3.188549128210788064e-02	3.444442385514982080e-02	-5.506933728481509110e-02	6.793569421921305529e-02	-4.789983148543033864e-02	7.671275953878502196e-02	-7.109711845488642101e-02	7.528270221892900682e-02	-7.178588442122819935e-02	6.324579537215718750e-02	-1.010207047251107521e-01	8.756312179138447949e-02	-8.756651012337580975e-02	5.689648618504154765e-02	-5.692961661695877806e-02	1.000000000000001554e+00	-9.478990073420358320e-02	6.998319631619311088e-02	-5.997959628162200657e-02	5.267684764941427122e-02
-2.522025691750204301e-02	5.065149359753202962e-02	-5.889431194235039690e-02	5.019663007684359995e-02	-6.633976731599430798e-02	2.210684704006560947e-02	-6.169203313817623463e-02	6.852499524756325289e-02	-6.369543116353355849e-02	7.757601854462646551e-02	-5.216455839086199531e-02	6.054165008721207331e-02	-1.405503830533191834e-01	1.099024151804158800e-01	-1.284831660418174759e-01	4.554333869662832712e-02	-7.081005074710287894e-02	1.304154979658506686e-01	-1.643779989529633445e-01	1.062997967558124562e-01	-1.208070914722259026e-01	1.205012318220715362e-01	-2.285994223270630676e-01	1.644174656104828158e-01	-1.619758418720008142e-01	1.050183812866900684e-01	-1.392283474430455192e-01	2.607962816251274130e-01	-1.860720670952245859e-01	1.395204679651687041e-01	-9.478990073420358320e-02	1.000000000000002220e+00	-8.520236698463685698e-01	1.830310367048177400e-01	-1.646293933972595436e-01
1.951594994534920982e-02	-3.969786133597017624e-02	4.562013291260491599e-02	-3.909996072531490147e-02	5.105285862085951615e-02	-1.718131267109904159e-02	4.793198072611444538e-02	-5.396683259834106350e-02	4.982911326745015357e-02	-6.137276263625524725e-02	4.042310495959255262e-02	-4.827584370374440187e-02	1.092487930585440137e-01	-8.716666010144630272e-02	9.988761140157534357e-02	-3.587209693283373302e-02	5.569951515481878779e-02	-1.085950938398004689e-01	1.264822057390903309e-01	-8.598316650500344160e-02	9.428369124124219569e-02	-1.008230655149010974e-01	1.894781631244549791e-01	-1.477422181833187576e-01	1.304197395171062812e-01	-8.712086857792875061e-02	1.025156610181274519e-01	-3.713715337497884295e-01	1.777732540352632562e-01	-1.292444157029092044e-01	6.998319631619311088e-02	-8.520236698463685698e-01	1.000000000000002665e+00	-2.182052666303716526e-01	1.428187745428821653e-01
-2.580418232671075063e-02	5.255219273830183391e-02	-6.172690750942066290e-02	5.330594150642957441e-02	-7.035374760387276549e-02	2.259052509007392073e-02	-6.352409998081551268e-02	7.223943546531894078e-02	-6.868610620574479297e-02	8.489184822423098686e-02	-4.202614811304346276e-02	6.003096111285895209e-02	-1.369456425090929685e-01	1.184577985052507887e-01	-1.557565006314132749e-01	3.694052810598277142e-02	-6.941404742501530722e-02	1.286479122023583554e-01	-1.723436061035459599e-01	1.362307255307886600e-01	-8.981268033403494444e-02	9.102969016977807692e-02	-2.029751857347762978e-01	2.438870534229082565e-01	-2.394205853614657653e-01	6.397374383909487650e-02	-7.616782925911186330e-02	2.438560123036891680e-01	-6.532972456051497900e-01	3.040515027483501331e-01	-5.997959628162200657e-02	1.830310367048177400e-01	-2.182052666303716526e-01	1.000000000000002665e+00	-5.476517739808761664e-01
2.217497628373046870e-02	-4.603279614915511964e-02	5.332348922559118631e-02	-4.666166257269129675e-02	6.039793079179983648e-02	-1.952310089573595919e-02	5.470605138862988381e-02	-6.408883553215315165e-02	6.026929092333349613e-02	-7.676870127970400470e-02	3.490824295151832846e-02	-5.216852818051285340e-02	1.132272434176207210e-01	-1.045097654104665263e-01	1.346337640277442405e-01	-3.116079239813498297e-02	5.901839062872986374e-02	-1.116303896092607911e-01	1.424108370304388027e-01	-1.357958875777666163e-01	7.334637985153301398e-02	-7.743464951502371241e-02	1.621549602171249993e-01	-2.464843937788527839e-01	2.263882169783329179e-01	-5.493991230915309248e-02	6.323343876069860425e-02	-2.162740968091580451e-01	2.969455372140650251e-01	-7.028135963504462680e-01	5.267684764941427122e-02	-1.646293933972595436e-01	1.428187745428821653e-01	-5.476517739808761664e-01	1.000000000000002442e+00
