1.000000000000000000e+00	-8.473705864282953248e-01	2.424424828199760462e-01	-9.027305251445402745e-02	6.145425097508476486e-02	-2.441912345679833063e-01	2.026561461289601573e-01	-2.220649919768143132e-01	7.674075541055880301e-02	-7.023367142806072327e-02	1.777047353704957200e-01	-1.830794945547540853e-01	1.380457089349491906e-01	-7.566265630538962506e-02	8.848513546943312380e-02	-1.698852053716647381e-01	1.397677298677357238e-01	-1.476470609747993212e-01	5.376943892119554619e-02	-5.911810448368583215e-02	1.057980891568439802e-01	-1.136182407452802495e-01	1.270426271440567023e-01	-5.234212881027626441e-02	5.432882024408770133e-02	-1.209970696241452343e-01	8.708809676607848216e-02	-4.483153003755285110e-02	3.933240018848889463e-02	-4.276454056651143865e-02	6.996360875412271918e-02	-4.800488143139088754e-02	3.290714127777154274e-02	-3.061992453889730154e-02	5.786481164925574155e-02
-8.473705864282953248e-01	1.000000000000000000e+00	-3.428089723680158296e-01	8.407174666257240248e-02	-5.882143765214805503e-02	1.711580956126285413e-01	-2.485427774243915422e-01	2.084619963425181632e-01	-7.216387595156467660e-02	6.400815236465128011e-02	-1.664259751704975643e-01	1.683990449773078435e-01	-1.324168792068204925e-01	6.958232981023436403e-02	-8.288331321277514485e-02	1.400085045322581601e-01	-1.286576574265828887e-01	1.294713365234667901e-01	-4.774247145191616581e-02	5.159969735195028828e-02	-9.198909048771859720e-02	9.791630423349290124e-02	-1.127511182478480728e-01	4.556558395498486874e-02	-4.751149704714148492e-02	1.007915597361811882e-01	-7.548240045254178687e-02	3.873971154724034638e-02	-3.411600547847529891e-02	3.700138103791245081e-02	-6.041786935048086560e-02	4.130452944546039729e-02	-2.849500933299418948e-02	2.645859214472777443e-02	-5.025107120431222818e-02
2.424424828199760462e-01	-3.428089723680158296e-01	9.999999999999996669e-01	-2.317395407601403057e-01	1.396957302902473719e-01	-1.658115836250456943e-01	2.644353495960217737e-01	-6.342788859146519798e-01	1.612961342884758342e-01	-1.507837846885964894e-01	1.499624798861824426e-01	-2.540503011933318844e-01	2.397993321645797704e-01	-1.544325228010636764e-01	1.782045931044145548e-01	-2.412554872032995901e-01	2.100868534962771206e-01	-2.563242431301156476e-01	9.604788971547617571e-02	-1.064285345874742134e-01	1.560261773367488392e-01	-1.739153866341996979e-01	2.023282644901954197e-01	-8.403066056733775324e-02	8.721128014068345313e-02	-1.907468537129117514e-01	1.358517024841661702e-01	-7.158610978864923813e-02	6.284576903376699886e-02	-6.883518022626673727e-02	1.093613498790729499e-01	-7.512630245541619678e-02	5.253083771074718022e-02	-4.902409237112614199e-02	9.312610343675881142e-02
-9.027305251445402745e-02	8.407174666257240248e-02	-2.317395407601403057e-01	9.999999999999998890e-01	-7.234568530185796487e-01	6.093394366597648659e-02	-1.039571281979322775e-01	1.566624908154785611e-01	-3.324807252630233578e-01	3.186493774399724033e-01	-6.066332244056026057e-02	9.712856792943308504e-02	-1.159821570291801607e-01	2.230229351110298575e-01	-4.253048950324528898e-01	9.483810825238882247e-02	-9.347815515677612708e-02	1.104111552139086794e-01	-7.549257172082690648e-02	7.813014712275154205e-02	-6.754283401299773781e-02	7.431190723957824262e-02	-9.916581228359185041e-02	4.028431372237123442e-02	-4.284613829980992578e-02	8.021951585644815363e-02	-6.253238626210508300e-02	3.354892628146471240e-02	-2.986633615252963156e-02	3.290949205157494423e-02	-5.029018457725124153e-02	3.407165989516982435e-02	-2.489103232627461193e-02	2.311170109341340734e-02	-4.536683006332373896e-02
6.145425097508476486e-02	-5.882143765214805503e-02	1.396957302902473719e-01	-7.234568530185796487e-01	1.000000000000000000e+00	-4.471518615670286995e-02	7.484056600258451319e-02	-1.170523663755140276e-01	2.123021460739802635e-01	-5.786053970491639165e-01	4.387358452745566267e-02	-7.262988398999097039e-02	8.555325620246434504e-02	-1.824964749822343690e-01	2.826326094928373611e-01	-7.215664617035201511e-02	6.924384806895912681e-02	-8.465319530697303085e-02	5.734548498504844077e-02	-6.163095245895205271e-02	5.048023678683954962e-02	-5.583762160361872839e-02	7.261728692055609280e-02	-2.982673524661292805e-02	3.155699616201315671e-02	-6.101514727817209521e-02	4.644013934323855397e-02	-2.492648524340273716e-02	2.212139902414440515e-02	-2.438666715274330835e-02	3.738311948451953498e-02	-2.540649577108537380e-02	1.844256405147775418e-02	-1.715838207833189979e-02	3.344060614930015329e-02
-2.441912345679833063e-01	1.711580956126285413e-01	-1.658115836250456943e-01	6.093394366597648659e-02	-4.471518615670286995e-02	1.000000000000000444e+00	-2.082711367803585234e-01	1.456941325593385517e-01	-5.827090304308855245e-02	5.031322530700015061e-02	-8.808269693532394529e-01	1.532361748803013068e-01	-1.208903489928704472e-01	5.712558836362968684e-02	-6.925893708353554612e-02	2.004556098984779100e-01	-1.542552856896805824e-01	1.207835408152140438e-01	-4.336153749957413067e-02	4.599883375670133639e-02	-1.274138361418232779e-01	1.136718909523377757e-01	-1.238448980776111763e-01	4.890169537717833220e-02	-5.117057769396560207e-02	1.097256070089787372e-01	-8.750287773692574933e-02	4.208424287316425011e-02	-3.708583448184714360e-02	3.941272242162894429e-02	-6.984503235770399276e-02	4.716858743813530375e-02	-3.105544972689698591e-02	2.855502710121785026e-02	-5.369758878350253117e-02
2.026561461289601573e-01	-2.485427774243915422e-01	2.644353495960217737e-01	-1.039571281979322775e-01	7.484056600258451319e-02	-2.082711367803585234e-01	1.000000000000000000e+00	-4.552331696824252205e-01	1.110379620757999675e-01	-8.744737876226638118e-02	1.703682939197601609e-01	-6.896441607740493307e-01	2.665814029087688053e-01	-1.111224207153734822e-01	1.154151083170949360e-01	-2.196423586345151446e-01	2.303921588228355077e-01	-2.466599231539863546e-01	7.755152372459908627e-02	-8.335874728412291657e-02	1.393546569017565517e-01	-1.627226908350747903e-01	1.663353498842168599e-01	-6.673603525902765954e-02	6.832937136678958467e-02	-1.467315152536373124e-01	1.087958517298130701e-01	-5.614822665288510262e-02	4.920317946163189904e-02	-5.314057519449803813e-02	8.592723066362302486e-02	-5.981030973263937872e-02	4.088981939407895089e-02	-3.817154755970094543e-02	7.104938348333504627e-02
-2.220649919768143132e-01	2.084619963425181632e-01	-6.342788859146519798e-01	1.566624908154785611e-01	-1.170523663755140276e-01	1.456941325593385517e-01	-4.552331696824252205e-01	9.999999999999998890e-01	-1.945237100082775061e-01	1.280423744291733779e-01	-1.458154407873062108e-01	2.763073293390624352e-01	-3.732159278423898829e-01	1.596693603273589279e-01	-1.728183857269986190e-01	1.931857080087812095e-01	-2.215776553867774834e-01	2.436515184289856917e-01	-9.203326005103874830e-02	9.503445154872759704e-02	-1.374306671706540806e-01	1.521487386894028460e-01	-1.914325159470254278e-01	7.426225723425920744e-02	-7.785351657895416000e-02	1.479971194252316935e-01	-1.165779496400385778e-01	6.145641177206479649e-02	-5.454870723803061094e-02	5.930635844300376908e-02	-9.246373134456124798e-02	6.326447270425944458e-02	-4.524677014866831937e-02	4.205109776993030957e-02	-8.080791044585966532e-02
7.674075541055880301e-02	-7.216387595156467660e-02	1.612961342884758342e-01	-3.324807252630233578e-01	2.123021460739802635e-01	-5.827090304308855245e-02	1.110379620757999675e-01	-1.945237100082775061e-01	1.000000000000000444e+00	-3.588983679151322992e-01	5.754214998320126423e-02	-1.113558262036105223e-01	1.512666647664532016e-01	-7.751379961427686816e-01	3.040881465233129521e-01	-9.464481251983690446e-02	9.863364387946123302e-02	-1.374656426880727922e-01	1.113551410205967790e-01	-1.199258694536772529e-01	6.614595938822012688e-02	-7.453828778563677260e-02	9.396588515777011541e-02	-3.851366780506461363e-02	4.036753349866730595e-02	-7.636676096716722706e-02	5.841532772020505832e-02	-3.166095226353408260e-02	2.806475451600161028e-02	-3.089855013302508085e-02	4.665430805320730512e-02	-3.194282429965922959e-02	2.326019579058240944e-02	-2.174130320455602144e-02	4.176441366678525224e-02
-7.023367142806072327e-02	6.400815236465128011e-02	-1.507837846885964894e-01	3.186493774399724033e-01	-5.786053970491639165e-01	5.031322530700015061e-02	-8.744737876226638118e-02	1.280423744291733779e-01	-3.588983679151322992e-01	1.000000000000001110e+00	-5.033244929107054400e-02	8.352227950886048635e-02	-1.047377759920557067e-01	2.506091410743082060e-01	-6.208645715397302922e-01	8.092407277220933781e-02	-8.103164634264441168e-02	9.881623625933189103e-02	-7.533366876228823894e-02	7.834852113816534458e-02	-5.787070475675328007e-02	6.391832832685050148e-02	-8.528727211911864281e-02	3.475203941134803048e-02	-3.692353500372982239e-02	6.865825792929435012e-02	-5.351935163410866114e-02	2.884111882465203655e-02	-2.567424071866858740e-02	2.831693876673433558e-02	-4.300954785345090237e-02	2.916648143608118263e-02	-2.137462903623906646e-02	1.986956125977492119e-02	-3.893421677307786627e-02
1.777047353704957200e-01	-1.664259751704975643e-01	1.499624798861824426e-01	-6.066332244056026057e-02	4.387358452745566267e-02	-8.808269693532394529e-01	1.703682939197601609e-01	-1.458154407873062108e-01	5.754214998320126423e-02	-5.033244929107054400e-02	1.000000000000001776e+00	-1.604548083566987859e-01	1.188173910886344553e-01	-5.719632728315974385e-02	6.798249460133204414e-02	-2.817383704071876882e-01	1.554653410816863868e-01	-1.274268922710411200e-01	4.452472951840227150e-02	-4.788615102759842534e-02	1.341098503822206467e-01	-1.228431263927777101e-01	1.241495355690171581e-01	-4.982899781328602867e-02	5.165870318895564306e-02	-1.198784620049609118e-01	8.924225865394233570e-02	-4.310560789309188234e-02	3.777529957459003357e-02	-4.019211548767018943e-02	7.124215356566634960e-02	-4.864780631749984763e-02	3.164110999392241719e-02	-2.920217820884764282e-02	5.432162663711899431e-02
-1.830794945547540853e-01	1.683990449773078435e-01	-2.540503011933318844e-01	9.712856792943308504e-02	-7.262988398999097039e-02	1.532361748803013068e-01	-6.896441607740493307e-01	2.763073293390624352e-01	-1.113558262036105223e-01	8.352227950886048635e-02	-1.604548083566987859e-01	1.000000000000001332e+00	-4.417993055776522349e-01	1.116379151625101346e-01	-1.176955826878119948e-01	2.082604264033164898e-01	-3.484299859012456868e-01	2.654466502856545618e-01	-8.160545929345967842e-02	8.394106260153605392e-02	-1.472163562563837402e-01	1.703786786253377594e-01	-1.808961090816164352e-01	6.904023911746520747e-02	-7.108416166414056880e-02	1.409819808709465438e-01	-1.119471440556284725e-01	5.718958749669780101e-02	-5.043222072376011417e-02	5.409069852518417348e-02	-8.720465851149639125e-02	6.054534580809562555e-02	-4.171225549876021038e-02	3.881499353163666427e-02	-7.258669184018155807e-02
1.380457089349491906e-01	-1.324168792068204925e-01	2.397993321645797704e-01	-1.159821570291801607e-01	8.555325620246434504e-02	-1.208903489928704472e-01	2.665814029087688053e-01	-3.732159278423898829e-01	1.512666647664532016e-01	-1.047377759920557067e-01	1.188173910886344553e-01	-4.417993055776522349e-01	1.000000000000001332e+00	-1.884023362160723303e-01	1.452147128660012665e-01	-2.122851178426590490e-01	2.625181550178255496e-01	-6.673564431807943453e-01	1.232828255283481278e-01	-1.307085942138379864e-01	1.426834419085815375e-01	-1.725047680304468700e-01	1.914972585390669058e-01	-7.531782995856996232e-02	7.523619883606849634e-02	-1.491595691973569004e-01	1.125615499232448663e-01	-6.099796382166366993e-02	5.347886214532979882e-02	-5.797702575947537296e-02	8.824425324542305160e-02	-6.175681263739209864e-02	4.395878540203446150e-02	-4.142611063521589587e-02	7.614068048353479778e-02
-7.566265630538962506e-02	6.958232981023436403e-02	-1.544325228010636764e-01	2.230229351110298575e-01	-1.824964749822343690e-01	5.712558836362968684e-02	-1.111224207153734822e-01	1.596693603273589279e-01	-7.751379961427686816e-01	2.506091410743082060e-01	-5.719632728315974385e-02	1.116379151625101346e-01	-1.884023362160723303e-01	1.000000000000001554e+00	-4.670417379485651277e-01	9.329093351616782326e-02	-1.019682432054604959e-01	1.420097042252749797e-01	-1.450574432321357909e-01	1.297351262914637759e-01	-6.630388820108552850e-02	7.463523141596613286e-02	-9.590818387936328460e-02	3.892586095573392913e-02	-4.089609196122601792e-02	7.522299790477555981e-02	-5.839399321454413067e-02	3.176476459823138199e-02	-2.821872026476615267e-02	3.106003280720659454e-02	-4.652141342771710930e-02	3.183946170815987742e-02	-2.334041395855895526e-02	2.181476761086497546e-02	-4.198238235469332891e-02
8.848513546943312380e-02	-8.288331321277514485e-02	1.782045931044145548e-01	-4.253048950324528898e-01	2.826326094928373611e-01	-6.925893708353554612e-02	1.154151083170949360e-01	-1.728183857269986190e-01	3.040881465233129521e-01	-6.208645715397302922e-01	6.798249460133204414e-02	-1.176955826878119948e-01	1.452147128660012665e-01	-4.670417379485651277e-01	1.000000000000000444e+00	-1.178390965801769941e-01	1.130128638718538719e-01	-1.467874508708617576e-01	1.120766146854138140e-01	-1.269059247751854469e-01	8.211813672468938619e-02	-9.144412791238418214e-02	1.176051343686069367e-01	-4.891342152313243874e-02	5.158554777923850948e-02	-1.003917892436336085e-01	7.550498637119509859e-02	-4.078413064014246858e-02	3.614118058055296873e-02	-3.992956941090803485e-02	6.079713823408261497e-02	-4.140624970938598659e-02	3.010414529184085586e-02	-2.807494732891172712e-02	5.446148066164574475e-02
-1.698852053716647381e-01	1.400085045322581601e-01	-2.412554872032995901e-01	9.483810825238882247e-02	-7.215664617035201511e-02	2.004556098984779100e-01	-2.196423586345151446e-01	1.931857080087812095e-01	-9.464481251983690446e-02	8.092407277220933781e-02	-2.817383704071876882e-01	2.082604264033164898e-01	-2.122851178426590490e-01	9.329093351616782326e-02	-1.178390965801769941e-01	1.000000000000001110e+00	-5.042273354511206396e-01	2.299817813395231003e-01	-7.983457357124411347e-02	8.202198398408108715e-02	-5.397036661765137744e-01	3.120712955188999493e-01	-2.939343538373250797e-01	1.110560934979797770e-01	-1.159366079576856362e-01	2.573056891352147879e-01	-2.201437903338402391e-01	9.677968275033414780e-02	-8.518501287856462822e-02	8.782688469310234725e-02	-1.733837040547271946e-01	1.160675745809292420e-01	-7.140494151895601660e-02	6.490403643609279905e-02	-1.194383821529866330e-01
1.397677298677357238e-01	-1.286576574265828887e-01	2.100868534962771206e-01	-9.347815515677612708e-02	6.924384806895912681e-02	-1.542552856896805824e-01	2.303921588228355077e-01	-2.215776553867774834e-01	9.863364387946123302e-02	-8.103164634264441168e-02	1.554653410816863868e-01	-3.484299859012456868e-01	2.625181550178255496e-01	-1.019682432054604959e-01	1.130128638718538719e-01	-5.042273354511206396e-01	1.000000000000000222e+00	-4.453882664182359230e-01	9.781680451483913685e-02	-1.039351633273650488e-01	2.785889564876911084e-01	-4.678143553610011884e-01	2.518268406952194338e-01	-9.901114405766973936e-02	9.774788749483413752e-02	-2.327522476333763468e-01	1.754605829468706413e-01	-8.402439823499931182e-02	7.246073207962863694e-02	-7.602485456079483006e-02	1.322586887316906656e-01	-9.680944887495175621e-02	5.999425254306399447e-02	-5.602871436923680115e-02	9.914785944930160078e-02
-1.476470609747993212e-01	1.294713365234667901e-01	-2.563242431301156476e-01	1.104111552139086794e-01	-8.465319530697303085e-02	1.207835408152140438e-01	-2.466599231539863546e-01	2.436515184289856917e-01	-1.374656426880727922e-01	9.881623625933189103e-02	-1.274268922710411200e-01	2.654466502856545618e-01	-6.673564431807943453e-01	1.420097042252749797e-01	-1.467874508708617576e-01	2.299817813395231003e-01	-4.453882664182359230e-01	9.999999999999998890e-01	-1.820534525701588413e-01	1.533574866894776012e-01	-1.748862171661593468e-01	2.066695563149539006e-01	-2.807837178231532560e-01	9.515569078177227302e-02	-9.570347240116336418e-02	1.658891786530181101e-01	-1.351562519527584882e-01	7.417382942150223257e-02	-6.589008024452916445e-02	7.070805458019313594e-02	-1.042807853212747576e-01	7.275397406241551623e-02	-5.350894120641891405e-02	5.029575174425954948e-02	-9.323786780882911684e-02
5.376943892119554619e-02	-4.774247145191616581e-02	9.604788971547617571e-02	-7.549257172082690648e-02	5.734548498504844077e-02	-4.336153749957413067e-02	7.755152372459908627e-02	-9.203326005103874830e-02	1.113551410205967790e-01	-7.533366876228823894e-02	4.452472951840227150e-02	-8.160545929345967842e-02	1.232828255283481278e-01	-1.450574432321357909e-01	1.120766146854138140e-01	-7.983457357124411347e-02	9.781680451483913685e-02	-1.820534525701588413e-01	9.999999999999992228e-01	-9.488261895508203203e-01	5.858430501670520985e-02	-6.772854962159684244e-02	8.972452905415419233e-02	-4.293280213674281753e-02	4.615347190155240364e-02	-6.388878277587586862e-02	5.078490635091310879e-02	-3.096381089610431014e-02	2.793239463656599017e-02	-3.203146780507320351e-02	3.989919430900083774e-02	-2.763200767188155743e-02	2.228622549040457090e-02	-2.141805791655704283e-02	4.035904007294806306e-02
-5.911810448368583215e-02	5.159969735195028828e-02	-1.064285345874742134e-01	7.813014712275154205e-02	-6.163095245895205271e-02	4.599883375670133639e-02	-8.335874728412291657e-02	9.503445154872759704e-02	-1.199258694536772529e-01	7.834852113816534458e-02	-4.788615102759842534e-02	8.394106260153605392e-02	-1.307085942138379864e-01	1.297351262914637759e-01	-1.269059247751854469e-01	8.202198398408108715e-02	-1.039351633273650488e-01	1.533574866894776012e-01	-9.488261895508203203e-01	9.999999999999992228e-01	-6.219734269776177465e-02	7.052703283925394750e-02	-9.872922180293196293e-02	4.612739660784283963e-02	-5.144129951253489930e-02	6.704425856188664379e-02	-5.474339483956876945e-02	3.328171930250175409e-02	-3.023872478649889187e-02	3.466140976865316609e-02	-4.299416266356877875e-02	2.961671677275097558e-02	-2.411945640837999394e-02	2.307005348626010172e-02	-4.427394599566808475e-02
1.057980891568439802e-01	-9.198909048771859720e-02	1.560261773367488392e-01	-6.754283401299773781e-02	5.048023678683954962e-02	-1.274138361418232779e-01	1.393546569017565517e-01	-1.374306671706540806e-01	6.614595938822012688e-02	-5.787070475675328007e-02	1.341098503822206467e-01	-1.472163562563837402e-01	1.426834419085815375e-01	-6.630388820108552850e-02	8.211813672468938619e-02	-5.397036661765137744e-01	2.785889564876911084e-01	-1.748862171661593468e-01	5.858430501670520985e-02	-6.219734269776177465e-02	1.000000000000000888e+00	-6.117151641294228392e-01	2.462350834196403437e-01	-9.956048923614672919e-02	9.762273853404451751e-02	-4.244144122994832902e-01	2.171383215296943392e-01	-9.001278027908181378e-02	7.650160341644542117e-02	-7.709642764087744349e-02	1.687237714043290093e-01	-1.216569205202493453e-01	6.415700401707541412e-02	-5.892711618324213141e-02	1.002627638248302366e-01
-1.136182407452802495e-01	9.791630423349290124e-02	-1.739153866341996979e-01	7.431190723957824262e-02	-5.583762160361872839e-02	1.136718909523377757e-01	-1.627226908350747903e-01	1.521487386894028460e-01	-7.453828778563677260e-02	6.391832832685050148e-02	-1.228431263927777101e-01	1.703786786253377594e-01	-1.725047680304468700e-01	7.463523141596613286e-02	-9.144412791238418214e-02	3.120712955188999493e-01	-4.678143553610011884e-01	2.066695563149539006e-01	-6.772854962159684244e-02	7.052703283925394750e-02	-6.117151641294228392e-01	1.000000000000000222e+00	-3.977751472004678046e-01	1.246939038300353686e-01	-1.216738558321241170e-01	2.749387490498737541e-01	-2.843902523725370668e-01	1.065589751507042687e-01	-9.165845383280073200e-02	9.082845722759592955e-02	-1.786549147226872691e-01	1.344508717531719411e-01	-7.503281468627368000e-02	6.898495798913560628e-02	-1.171564740132698679e-01
1.270426271440567023e-01	-1.127511182478480728e-01	2.023282644901954197e-01	-9.916581228359185041e-02	7.261728692055609280e-02	-1.238448980776111763e-01	1.663353498842168599e-01	-1.914325159470254278e-01	9.396588515777011541e-02	-8.528727211911864281e-02	1.241495355690171581e-01	-1.808961090816164352e-01	1.914972585390669058e-01	-9.590818387936328460e-02	1.176051343686069367e-01	-2.939343538373250797e-01	2.518268406952194338e-01	-2.807837178231532560e-01	8.972452905415419233e-02	-9.872922180293196293e-02	2.462350834196403437e-01	-3.977751472004678046e-01	1.000000000000000888e+00	-3.643060008840329766e-01	2.366225927339813961e-01	-3.216913640358640136e-01	2.239667149600332863e-01	-2.066081484963302184e-01	1.731803043338684400e-01	-1.888276833214116712e-01	1.725733020976562004e-01	-1.270414639876105145e-01	1.300645168662738771e-01	-1.346502948770133823e-01	2.058429581831868194e-01
-5.234212881027626441e-02	4.556558395498486874e-02	-8.403066056733775324e-02	4.028431372237123442e-02	-2.982673524661292805e-02	4.890169537717833220e-02	-6.673603525902765954e-02	7.426225723425920744e-02	-3.851366780506461363e-02	3.475203941134803048e-02	-4.982899781328602867e-02	6.904023911746520747e-02	-7.531782995856996232e-02	3.892586095573392913e-02	-4.891342152313243874e-02	1.110560934979797770e-01	-9.901114405766973936e-02	9.515569078177227302e-02	-4.293280213674281753e-02	4.612739660784283963e-02	-9.956048923614672919e-02	1.246939038300353686e-01	-3.643060008840329766e-01	1.000000000000001554e+00	-7.556437317603961201e-01	1.383315298962705664e-01	-1.227978415298369153e-01	2.144606573554135032e-01	-3.195488422320981736e-01	2.524825121464490674e-01	-8.677880874423563040e-02	6.670071535122849837e-02	-1.487431606235800896e-01	1.597247896646771803e-01	-2.859714368876081769e-01
5.432882024408770133e-02	-4.751149704714148492e-02	8.721128014068345313e-02	-4.284613829980992578e-02	3.155699616201315671e-02	-5.117057769396560207e-02	6.832937136678958467e-02	-7.785351657895416000e-02	4.036753349866730595e-02	-3.692353500372982239e-02	5.165870318895564306e-02	-7.108416166414056880e-02	7.523619883606849634e-02	-4.089609196122601792e-02	5.158554777923850948e-02	-1.159366079576856362e-01	9.774788749483413752e-02	-9.570347240116336418e-02	4.615347190155240364e-02	-5.144129951253489930e-02	9.762273853404451751e-02	-1.216738558321241170e-01	2.366225927339813961e-01	-7.556437317603961201e-01	1.000000000000000666e+00	-1.471089193916456095e-01	1.200314499484337605e-01	-2.210260295540323328e-01	2.240123736909440666e-01	-4.212587827945089014e-01	8.700632568534605316e-02	-6.740800930248154466e-02	1.348433370342195237e-01	-1.597512854726307885e-01	2.667363952490174883e-01
-1.209970696241452343e-01	1.007915597361811882e-01	-1.907468537129117514e-01	8.021951585644815363e-02	-6.101514727817209521e-02	1.097256070089787372e-01	-1.467315152536373124e-01	1.479971194252316935e-01	-7.636676096716722706e-02	6.865825792929435012e-02	-1.198784620049609118e-01	1.409819808709465438e-01	-1.491595691973569004e-01	7.522299790477555981e-02	-1.003917892436336085e-01	2.573056891352147879e-01	-2.327522476333763468e-01	1.658891786530181101e-01	-6.388878277587586862e-02	6.704425856188664379e-02	-4.244144122994832902e-01	2.749387490498737541e-01	-3.216913640358640136e-01	1.383315298962705664e-01	-1.471089193916456095e-01	1.000000000000000444e+00	-5.040305477076546525e-01	1.499914689025214631e-01	-1.284649907693032889e-01	1.171650264255616330e-01	-4.671741903387267580e-01	2.613530241908623153e-01	-1.127007357023960821e-01	9.651745468514323634e-02	-1.613478537295498505e-01
8.708809676607848216e-02	-7.548240045254178687e-02	1.358517024841661702e-01	-6.253238626210508300e-02	4.644013934323855397e-02	-8.750287773692574933e-02	1.087958517298130701e-01	-1.165779496400385778e-01	5.841532772020505832e-02	-5.351935163410866114e-02	8.924225865394233570e-02	-1.119471440556284725e-01	1.125615499232448663e-01	-5.839399321454413067e-02	7.550498637119509859e-02	-2.201437903338402391e-01	1.754605829468706413e-01	-1.351562519527584882e-01	5.078490635091310879e-02	-5.474339483956876945e-02	2.171383215296943392e-01	-2.843902523725370668e-01	2.239667149600332863e-01	-1.227978415298369153e-01	1.200314499484337605e-01	-5.040305477076546525e-01	1.000000000000000000e+00	-2.095146944205256989e-01	1.355588007266601558e-01	-1.066037006331328890e-01	3.219292688340080755e-01	-5.854335768770039250e-01	1.171203471111631617e-01	-1.035277687995529994e-01	1.322242403911813580e-01
-4.483153003755285110e-02	3.873971154724034638e-02	-7.158610978864923813e-02	3.354892628146471240e-02	-2.492648524340273716e-02	4.208424287316425011e-02	-5.614822665288510262e-02	6.145641177206479649e-02	-3.166095226353408260e-02	2.884111882465203655e-02	-4.310560789309188234e-02	5.718958749669780101e-02	-6.099796382166366993e-02	3.176476459823138199e-02	-4.078413064014246858e-02	9.677968275033414780e-02	-8.402439823499931182e-02	7.417382942150223257e-02	-3.096381089610431014e-02	3.328171930250175409e-02	-9.001278027908181378e-02	1.065589751507042687e-01	-2.066081484963302184e-01	2.144606573554135032e-01	-2.210260295540323328e-01	1.499914689025214631e-01	-2.095146944205256989e-01	1.000000000000000888e+00	-6.828767695430189022e-01	1.967028844488938888e-01	-1.087848884710507363e-01	9.910514223310673554e-02	-4.950154090927408879e-01	3.082851133094248741e-01	-2.439505753036651792e-01
3.933240018848889463e-02	-3.411600547847529891e-02	6.284576903376699886e-02	-2.986633615252963156e-02	2.212139902414440515e-02	-3.708583448184714360e-02	4.920317946163189904e-02	-5.454870723803061094e-02	2.806475451600161028e-02	-2.567424071866858740e-02	3.777529957459003357e-02	-5.043222072376011417e-02	5.347886214532979882e-02	-2.821872026476615267e-02	3.614118058055296873e-02	-8.518501287856462822e-02	7.246073207962863694e-02	-6.589008024452916445e-02	2.793239463656599017e-02	-3.023872478649889187e-02	7.650160341644542117e-02	-9.165845383280073200e-02	1.731803043338684400e-01	-3.195488422320981736e-01	2.240123736909440666e-01	-1.284649907693032889e-01	1.355588007266601558e-01	-6.828767695430189022e-01	1.000000000000000444e+00	-2.616435711482664739e-01	8.308526624872533684e-02	-7.582917650392298481e-02	3.002902821319567428e-01	-4.779722475370765666e-01	2.194139242567557102e-01
-4.276454056651143865e-02	3.700138103791245081e-02	-6.883518022626673727e-02	3.290949205157494423e-02	-2.438666715274330835e-02	3.941272242162894429e-02	-5.314057519449803813e-02	5.930635844300376908e-02	-3.089855013302508085e-02	2.831693876673433558e-02	-4.019211548767018943e-02	5.409069852518417348e-02	-5.797702575947537296e-02	3.106003280720659454e-02	-3.992956941090803485e-02	8.782688469310234725e-02	-7.602485456079483006e-02	7.070805458019313594e-02	-3.203146780507320351e-02	3.466140976865316609e-02	-7.709642764087744349e-02	9.082845722759592955e-02	-1.888276833214116712e-01	2.524825121464490674e-01	-4.212587827945089014e-01	1.171650264255616330e-01	-1.066037006331328890e-01	1.967028844488938888e-01	-2.616435711482664739e-01	1.000000000000000888e+00	-7.539035420376796748e-02	5.811061346055097776e-02	-1.384295955815600665e-01	1.508639846983584332e-01	-7.933952060990351329e-01
6.996360875412271918e-02	-6.041786935048086560e-02	1.093613498790729499e-01	-5.029018457725124153e-02	3.738311948451953498e-02	-6.984503235770399276e-02	8.592723066362302486e-02	-9.246373134456124798e-02	4.665430805320730512e-02	-4.300954785345090237e-02	7.124215356566634960e-02	-8.720465851149639125e-02	8.824425324542305160e-02	-4.652141342771710930e-02	6.079713823408261497e-02	-1.733837040547271946e-01	1.322586887316906656e-01	-1.042807853212747576e-01	3.989919430900083774e-02	-4.299416266356877875e-02	1.687237714043290093e-01	-1.786549147226872691e-01	1.725733020976562004e-01	-8.677880874423563040e-02	8.700632568534605316e-02	-4.671741903387267580e-01	3.219292688340080755e-01	-1.087848884710507363e-01	8.308526624872533684e-02	-7.539035420376796748e-02	1.000000000000000444e+00	-7.308404112164547106e-01	7.321126708632380575e-02	-6.613059639823345992e-02	9.651314265633072209e-02
-4.800488143139088754e-02	4.130452944546039729e-02	-7.512630245541619678e-02	3.407165989516982435e-02	-2.540649577108537380e-02	4.716858743813530375e-02	-5.981030973263937872e-02	6.326447270425944458e-02	-3.194282429965922959e-02	2.916648143608118263e-02	-4.864780631749984763e-02	6.054534580809562555e-02	-6.175681263739209864e-02	3.183946170815987742e-02	-4.140624970938598659e-02	1.160675745809292420e-01	-9.680944887495175621e-02	7.275397406241551623e-02	-2.763200767188155743e-02	2.961671677275097558e-02	-1.216569205202493453e-01	1.344508717531719411e-01	-1.270414639876105145e-01	6.670071535122849837e-02	-6.740800930248154466e-02	2.613530241908623153e-01	-5.854335768770039250e-01	9.910514223310673554e-02	-7.582917650392298481e-02	5.811061346055097776e-02	-7.308404112164547106e-01	1.000000000000000666e+00	-6.723460487585856959e-02	5.642044590729448916e-02	-7.466287603658336436e-02
3.290714127777154274e-02	-2.849500933299418948e-02	5.253083771074718022e-02	-2.489103232627461193e-02	1.844256405147775418e-02	-3.105544972689698591e-02	4.088981939407895089e-02	-4.524677014866831937e-02	2.326019579058240944e-02	-2.137462903623906646e-02	3.164110999392241719e-02	-4.171225549876021038e-02	4.395878540203446150e-02	-2.334041395855895526e-02	3.010414529184085586e-02	-7.140494151895601660e-02	5.999425254306399447e-02	-5.350894120641891405e-02	2.228622549040457090e-02	-2.411945640837999394e-02	6.415700401707541412e-02	-7.503281468627368000e-02	1.300645168662738771e-01	-1.487431606235800896e-01	1.348433370342195237e-01	-1.127007357023960821e-01	1.171203471111631617e-01	-4.950154090927408879e-01	3.002902821319567428e-01	-1.384295955815600665e-01	7.321126708632380575e-02	-6.723460487585856959e-02	1.000000000000000666e+00	-7.861101988251848471e-01	1.497097970236795361e-01
-3.061992453889730154e-02	2.645859214472777443e-02	-4.902409237112614199e-02	2.311170109341340734e-02	-1.715838207833189979e-02	2.855502710121785026e-02	-3.817154755970094543e-02	4.205109776993030957e-02	-2.174130320455602144e-02	1.986956125977492119e-02	-2.920217820884764282e-02	3.881499353163666427e-02	-4.142611063521589587e-02	2.181476761086497546e-02	-2.807494732891172712e-02	6.490403643609279905e-02	-5.602871436923680115e-02	5.029575174425954948e-02	-2.141805791655704283e-02	2.307005348626010172e-02	-5.892711618324213141e-02	6.898495798913560628e-02	-1.346502948770133823e-01	1.597247896646771803e-01	-1.597512854726307885e-01	9.651745468514323634e-02	-1.035277687995529994e-01	3.082851133094248741e-01	-4.779722475370765666e-01	1.508639846983584332e-01	-6.613059639823345992e-02	5.642044590729448916e-02	-7.861101988251848471e-01	1.000000000000000444e+00	-1.830317888920825198e-01
5.786481164925574155e-02	-5.025107120431222818e-02	9.312610343675881142e-02	-4.536683006332373896e-02	3.344060614930015329e-02	-5.369758878350253117e-02	7.104938348333504627e-02	-8.080791044585966532e-02	4.176441366678525224e-02	-3.893421677307786627e-02	5.432162663711899431e-02	-7.258669184018155807e-02	7.614068048353479778e-02	-4.198238235469332891e-02	5.446148066164574475e-02	-1.194383821529866330e-01	9.914785944930160078e-02	-9.323786780882911684e-02	4.035904007294806306e-02	-4.427394599566808475e-02	1.002627638248302366e-01	-1.171564740132698679e-01	2.058429581831868194e-01	-2.859714368876081769e-01	2.667363952490174883e-01	-1.613478537295498505e-01	1.322242403911813580e-01	-2.439505753036651792e-01	2.194139242567557102e-01	-7.933952060990351329e-01	9.651314265633072209e-02	-7.466287603658336436e-02	1.497097970236795361e-01	-1.830317888920825198e-01	1.000000000000000444e+00
