1.000000000000000000e+00	-5.709831168044712246e-01	2.468858791724478918e-01	-2.183869796834580768e-01	2.085273074523350534e-01	-5.468320331796675537e-01	3.235032846020672870e-01	-2.575291779491788446e-01	1.683560455677976520e-01	-1.545999290844402019e-01	2.844497572820675058e-01	-2.042107324741605223e-01	1.759945811915582803e-01	-1.903964224396475502e-01	1.162549250830759856e-01	-1.636184107240873653e-01	1.680374510684277956e-01	-2.055523130252612518e-01	1.380113771077093876e-01	-1.561195559185732107e-01	1.636009532786486809e-01	-1.155639061469646289e-01	1.047128880448554705e-01	-8.299082137846772178e-02	8.050081675241765877e-02	-2.255492971157133097e-01	1.027798248472515386e-01	-9.162328093403980522e-02	7.392751697275909417e-02	-6.381937706204417193e-02	1.464508485833235507e-01	-8.193351045119420806e-02	1.087306853731382222e-01	-7.070047938605353299e-02	4.910909589060470648e-02
-5.709831168044712246e-01	1.000000000000000000e+00	-4.502694983978615673e-01	2.190907849305847033e-01	-1.961975449386009485e-01	2.622670067302284025e-01	-5.600857588133146825e-01	2.348834670410836767e-01	-1.651623420946676246e-01	1.315179490843057242e-01	-2.335977558918946040e-01	1.783212122052875714e-01	-1.631694744348148041e-01	1.608808740215631472e-01	-1.004616648468113077e-01	1.289020942269780423e-01	-1.476627962800824145e-01	1.695929351915179961e-01	-1.176553014152184468e-01	1.288444404920549291e-01	-1.375105346889063940e-01	9.425514157220390987e-02	-8.698862317203288896e-02	6.780271815823331327e-02	-6.670255179561884740e-02	1.676335587859702492e-01	-8.499867839573155281e-02	7.476239849541954641e-02	-6.038866563294553041e-02	5.164036709416720133e-02	-1.171032706275206975e-01	6.605036603746347601e-02	-8.801575254173374385e-02	5.687531255121629215e-02	-3.983201736145600136e-02
2.468858791724478918e-01	-4.502694983978615673e-01	1.000000000000000000e+00	-5.577355766047361607e-01	2.587437298803234031e-01	-1.791533784309724264e-01	2.685161909035211347e-01	-4.699483979250425603e-01	2.554013432415855323e-01	-1.920247782576696149e-01	1.965743224032295566e-01	-1.967350309090866722e-01	2.201235363556522662e-01	-2.299551036702603135e-01	1.403299097151225749e-01	-1.339809581853640408e-01	1.647503504016170905e-01	-2.182972555741407306e-01	1.585519859088276584e-01	-1.746674635947295662e-01	1.493827736695561847e-01	-1.082920879271603298e-01	1.038718180990152035e-01	-8.610732623510990169e-02	8.507183161837243712e-02	-1.871263862797989119e-01	9.873322061269068639e-02	-8.892987246776924704e-02	7.351049480299710892e-02	-6.294047775779645915e-02	1.366642753992390324e-01	-7.702205862998207087e-02	1.030808365721552766e-01	-6.868351776563501321e-02	4.830825801016094823e-02
-2.183869796834580768e-01	2.190907849305847033e-01	-5.577355766047361607e-01	1.000000000000000000e+00	-4.313239054776328851e-01	1.496341909324237496e-01	-2.410572845285642862e-01	2.635424175118135093e-01	-5.312061308709735696e-01	2.198673294419656588e-01	-1.885850245642032852e-01	1.646943538256268602e-01	-1.869695900094824337e-01	2.411351628395064506e-01	-1.657688868586059960e-01	1.233482834602700889e-01	-1.521101387241119707e-01	1.917408393833211211e-01	-1.668205201795894821e-01	1.793030763451364806e-01	-1.447223670722660727e-01	1.021489544492380358e-01	-9.968304983750256310e-02	8.649668510289358625e-02	-8.757160770401158090e-02	1.761806761761705309e-01	-9.549907571758391167e-02	8.466242655232023018e-02	-7.278873894303110326e-02	6.189077405453835556e-02	-1.365811785951338841e-01	7.574650336841405596e-02	-1.025038626392577867e-01	6.726565883776783328e-02	-4.781763871853325631e-02
2.085273074523350534e-01	-1.961975449386009485e-01	2.587437298803234031e-01	-4.313239054776328851e-01	1.000000000000000444e+00	-1.635865663400992154e-01	2.373004697102847060e-01	-3.050452341948669543e-01	2.679249651827251277e-01	-2.731346178566318450e-01	2.212007747180866346e-01	-2.102286083456079979e-01	2.131676265811218163e-01	-2.958956772068580543e-01	1.884061584799122668e-01	-1.649911134280186431e-01	1.929220098154542373e-01	-2.682339595342666527e-01	2.040174019931981497e-01	-2.505010877169733807e-01	1.940429534261362554e-01	-1.474622502428011017e-01	1.411060807585441945e-01	-1.264611884699945454e-01	1.220618549642721595e-01	-3.395057451020616068e-01	1.381855723426242688e-01	-1.247657543744515596e-01	1.078739857414324488e-01	-9.384710175892287121e-02	2.318485533019118416e-01	-1.212859302387801902e-01	1.651636362298154748e-01	-1.043192460062989102e-01	7.258144087360141050e-02
-5.468320331796675537e-01	2.622670067302284025e-01	-1.791533784309724264e-01	1.496341909324237496e-01	-1.635865663400992154e-01	1.000000000000000444e+00	-4.228261928149628091e-01	1.887746814915280402e-01	-1.270717462748015836e-01	1.148706419867600442e-01	-6.261486485992084905e-01	1.885401665232538937e-01	-1.486935028224178890e-01	1.441153470298326411e-01	-8.866576778076858123e-02	1.694960208771019716e-01	-1.612219621847162665e-01	1.657928015605543981e-01	-1.082319117813596437e-01	1.186878857717812291e-01	-1.674272349805164817e-01	1.005362494215806674e-01	-8.861849429514537246e-02	6.492203488504423581e-02	-6.333305165076419385e-02	1.753275515847894928e-01	-8.878513670755765197e-02	7.628491168760026531e-02	-5.959777664786005541e-02	5.095437037614813230e-02	-1.175771803901187185e-01	6.722083226845068649e-02	-8.879000285261423597e-02	5.639750534099957635e-02	-3.929679863034743481e-02
3.235032846020672870e-01	-5.600857588133146825e-01	2.685161909035211347e-01	-2.410572845285642862e-01	2.373004697102847060e-01	-4.228261928149628091e-01	1.000000000000000000e+00	-3.086843235241223393e-01	1.923986992850352240e-01	-1.772432230512595852e-01	2.842494602888085975e-01	-3.097799552100076736e-01	2.204169558423741127e-01	-2.219629734986916514e-01	1.345153961321241265e-01	-1.875957717598390195e-01	2.114011556914868473e-01	-2.486206417378804545e-01	1.623920325303248313e-01	-1.813033339423966717e-01	1.887369068847997711e-01	-1.365339061048900238e-01	1.233451518963219196e-01	-9.634284350162351795e-02	9.348489865397067999e-02	-2.546777124133648429e-01	1.205464426827918684e-01	-1.075453157027781576e-01	8.589498450010812913e-02	-7.406414038403215383e-02	1.674470251770172613e-01	-9.457355774646214464e-02	1.251731197848234001e-01	-8.187933692177221112e-02	5.688632982633128055e-02
-2.575291779491788446e-01	2.348834670410836767e-01	-4.699483979250425603e-01	2.635424175118135093e-01	-3.050452341948669543e-01	1.887746814915280402e-01	-3.086843235241223393e-01	9.999999999999992228e-01	-2.847087414616691903e-01	1.863970842369630232e-01	-2.596330459278162750e-01	2.679726571065738083e-01	-5.532889338195099427e-01	2.421136616958401433e-01	-1.548096885387366950e-01	1.742411794140746872e-01	-2.436648086914132427e-01	2.733244427335974058e-01	-1.934510792856845296e-01	1.845467767842169649e-01	-2.058949667710737730e-01	1.390367751432102783e-01	-1.370388262104076660e-01	9.851277364080165966e-02	-1.003485919089299044e-01	2.040115242232687365e-01	-1.296306503177471203e-01	1.119606347720655953e-01	-8.975396328291435077e-02	7.475986956895142033e-02	-1.676339841997702140e-01	9.605229632656155092e-02	-1.293143704776537339e-01	8.145315356686763653e-02	-5.817661225202999664e-02
1.683560455677976520e-01	-1.651623420946676246e-01	2.554013432415855323e-01	-5.312061308709735696e-01	2.679249651827251277e-01	-1.270717462748015836e-01	1.923986992850352240e-01	-2.847087414616691903e-01	1.000000000000000000e+00	-4.669377419698333975e-01	1.691782089425170887e-01	-1.682505251848099292e-01	1.982240784124085775e-01	-4.683973503474185840e-01	2.530880956697798001e-01	-1.215932783560180891e-01	1.560783534615869383e-01	-2.234179996228199128e-01	2.336614327290041926e-01	-2.710495453306177582e-01	1.422396682338153973e-01	-1.048431801303034011e-01	1.056325162218108432e-01	-1.077097639196384488e-01	1.079203734019762162e-01	-1.665352395617274717e-01	9.761322410835408803e-02	-8.954383696990005082e-02	8.063033864296149933e-02	-6.940968213614111260e-02	1.317979900857848830e-01	-7.517065571742084784e-02	1.010849732268819801e-01	-7.362472225048684316e-02	5.245836553485715148e-02
-1.545999290844402019e-01	1.315179490843057242e-01	-1.920247782576696149e-01	2.198673294419656588e-01	-2.731346178566318450e-01	1.148706419867600442e-01	-1.772432230512595852e-01	1.863970842369630232e-01	-4.669377419698333975e-01	9.999999999999993339e-01	-1.629533962616411258e-01	1.421616323511759872e-01	-1.634814076092319102e-01	2.696189627357296059e-01	-6.839521708820731627e-01	1.121222929705581184e-01	-1.440346857219767518e-01	1.888900634521424038e-01	-2.405577215762003951e-01	2.819348778045997483e-01	-1.375056046818478039e-01	9.790910579505693323e-02	-1.008670957733277945e-01	1.058491881379666211e-01	-1.169999235461408049e-01	1.489201127137256275e-01	-9.372037676038771914e-02	8.404324962728876303e-02	-7.954982388077369571e-02	6.731377114865805256e-02	-1.281024462533097430e-01	7.243472431164806047e-02	-9.855088568928804804e-02	7.051772116466895057e-02	-5.149182107750764625e-02
2.844497572820675058e-01	-2.335977558918946040e-01	1.965743224032295566e-01	-1.885850245642032852e-01	2.212007747180866346e-01	-6.261486485992084905e-01	2.842494602888085975e-01	-2.596330459278162750e-01	1.691782089425170887e-01	-1.629533962616411258e-01	9.999999999999996669e-01	-3.037894609566375026e-01	2.072584384958017500e-01	-2.069295755759831823e-01	1.255305626153317422e-01	-3.262565750052359714e-01	2.342129885531900602e-01	-2.481333818010558467e-01	1.555472379450097697e-01	-1.727219061408248602e-01	2.392450088888449511e-01	-1.517965479718309252e-01	1.294885802711819855e-01	-9.522985727205666995e-02	9.202584855684153853e-02	-2.766720635369257497e-01	1.298059091887561189e-01	-1.132023940045401300e-01	8.752597123161244552e-02	-7.536998059438815289e-02	1.737049153573070881e-01	-9.952525804309930724e-02	1.303884380861388692e-01	-8.368734709644971848e-02	5.792152167460012935e-02
-2.042107324741605223e-01	1.783212122052875714e-01	-1.967350309090866722e-01	1.646943538256268602e-01	-2.102286083456079979e-01	1.885401665232538937e-01	-3.097799552100076736e-01	2.679726571065738083e-01	-1.682505251848099292e-01	1.421616323511759872e-01	-3.037894609566375026e-01	9.999999999999992228e-01	-5.095373055534742068e-01	2.007117262645885802e-01	-1.207461165993657659e-01	2.424916921212187659e-01	-5.955258110532913873e-01	2.898078840300183923e-01	-1.700249244438974683e-01	1.574535504103521666e-01	-2.565476476872357026e-01	1.651485000316834373e-01	-1.450988983060209347e-01	8.800806250779401319e-02	-8.790734633003216558e-02	1.947567937638948476e-01	-1.453191373239178241e-01	1.167581906987164714e-01	-8.424716343876592628e-02	6.995868088598891643e-02	-1.511763621036802951e-01	9.341596740248672703e-02	-1.219044296428677121e-01	7.623979347880331658e-02	-5.382930512218722652e-02
1.759945811915582803e-01	-1.631694744348148041e-01	2.201235363556522662e-01	-1.869695900094824337e-01	2.131676265811218163e-01	-1.486935028224178890e-01	2.204169558423741127e-01	-5.532889338195099427e-01	1.982240784124085775e-01	-1.634814076092319102e-01	2.072584384958017500e-01	-5.095373055534742068e-01	9.999999999999986677e-01	-2.887582709657253166e-01	1.414338343238031037e-01	-1.761853866370994837e-01	2.713191558967021910e-01	-4.657024150793243056e-01	2.105578265144364414e-01	-1.869534550479053647e-01	1.855403505497772165e-01	-1.388689951280686341e-01	1.372412075886630389e-01	-9.382728902959570905e-02	9.336553270537155391e-02	-1.762360955259897333e-01	1.215288710066050187e-01	-1.124006547416070145e-01	8.286625014183943150e-02	-6.963475957975480413e-02	1.381933152083785199e-01	-8.396657855702246986e-02	1.101755223170607922e-01	-7.487779221540633023e-02	5.287463497977278049e-02
-1.903964224396475502e-01	1.608808740215631472e-01	-2.299551036702603135e-01	2.411351628395064506e-01	-2.958956772068580543e-01	1.441153470298326411e-01	-2.219629734986916514e-01	2.421136616958401433e-01	-4.683973503474185840e-01	2.696189627357296059e-01	-2.069295755759831823e-01	2.007117262645885802e-01	-2.887582709657253166e-01	9.999999999999938938e-01	-3.252877744006867911e-01	1.485467835672373837e-01	-2.052744318195686146e-01	2.798479512509969847e-01	-5.500610100869335328e-01	2.993160255949873227e-01	-1.805452988096898082e-01	1.283844051515373452e-01	-1.347200090388477323e-01	1.305880563207976741e-01	-1.386832572110714978e-01	1.822594748384600838e-01	-1.218781531894243125e-01	1.095613582850953199e-01	-9.924152903062344322e-02	8.271591121918994705e-02	-1.565856897234146061e-01	9.049690274617262775e-02	-1.222980165318014456e-01	8.673950360310273000e-02	-6.322217807365630715e-02
1.162549250830759856e-01	-1.004616648468113077e-01	1.403299097151225749e-01	-1.657688868586059960e-01	1.884061584799122668e-01	-8.866576778076858123e-02	1.345153961321241265e-01	-1.548096885387366950e-01	2.530880956697798001e-01	-6.839521708820731627e-01	1.255305626153317422e-01	-1.207461165993657659e-01	1.414338343238031037e-01	-3.252877744006867911e-01	9.999999999999982236e-01	-9.183803722637773337e-02	1.209971926876225318e-01	-1.834817078953571712e-01	2.490909831595390922e-01	-5.373414726573922939e-01	1.101716795744265009e-01	-8.228100729784332268e-02	8.657076006318996375e-02	-1.122130350247059205e-01	1.179793276030132732e-01	-1.193765770181464819e-01	7.774911906057296873e-02	-7.282081186190196564e-02	7.219443752054911789e-02	-6.304002403410934041e-02	1.005022766814532148e-01	-5.853196058099741778e-02	7.880661298703742212e-02	-6.404091253177358889e-02	4.635473814265199388e-02
-1.636184107240873653e-01	1.289020942269780423e-01	-1.339809581853640408e-01	1.233482834602700889e-01	-1.649911134280186431e-01	1.694960208771019716e-01	-1.875957717598390195e-01	1.742411794140746872e-01	-1.215932783560180891e-01	1.121222929705581184e-01	-3.262565750052359714e-01	2.424916921212187659e-01	-1.761853866370994837e-01	1.485467835672373837e-01	-9.183803722637773337e-02	1.000000000000000888e+00	-4.604819251879282427e-01	2.154317987261537837e-01	-1.246687743232139239e-01	1.250787801043314884e-01	-7.206169658745286144e-01	1.869064379579037372e-01	-1.398554045867413942e-01	7.542968041687692082e-02	-7.403470012510010578e-02	2.083495127814322667e-01	-1.538653165852483518e-01	1.141670317291773457e-01	-7.713191251320980490e-02	6.401569326016350037e-02	-1.483654304086195197e-01	9.363885646350278424e-02	-1.198617057486873472e-01	7.048939039134338724e-02	-4.927713595115526535e-02
1.680374510684277956e-01	-1.476627962800824145e-01	1.647503504016170905e-01	-1.521101387241119707e-01	1.929220098154542373e-01	-1.612219621847162665e-01	2.114011556914868473e-01	-2.436648086914132427e-01	1.560783534615869383e-01	-1.440346857219767518e-01	2.342129885531900602e-01	-5.955258110532913873e-01	2.713191558967021910e-01	-2.052744318195686146e-01	1.209971926876225318e-01	-4.604819251879282427e-01	1.000000000000002220e+00	-4.089024163458264693e-01	1.782071589715223114e-01	-1.697713061944748913e-01	2.811061662670335526e-01	-2.376177123199171570e-01	1.640003445656284253e-01	-9.421871059856401498e-02	9.195437341594152325e-02	-2.121065630050286421e-01	1.662520440356702878e-01	-1.365033522842974134e-01	9.072973530251315921e-02	-7.616940071048751426e-02	1.538823178385282930e-01	-1.011714071768217288e-01	1.271190449769564745e-01	-8.274892681785414594e-02	5.759786281053333457e-02
-2.055523130252612518e-01	1.695929351915179961e-01	-2.182972555741407306e-01	1.917408393833211211e-01	-2.682339595342666527e-01	1.657928015605543981e-01	-2.486206417378804545e-01	2.733244427335974058e-01	-2.234179996228199128e-01	1.888900634521424038e-01	-2.481333818010558467e-01	2.898078840300183923e-01	-4.657024150793243056e-01	2.798479512509969847e-01	-1.834817078953571712e-01	2.154317987261537837e-01	-4.089024163458264693e-01	1.000000000000002887e+00	-4.371267644520366313e-01	2.435458507307921294e-01	-2.558076924296197041e-01	1.923082576645951114e-01	-2.525805160373704172e-01	1.290123539849027390e-01	-1.331001026385700559e-01	2.127624335567938063e-01	-1.773986236235088887e-01	1.691043158498406751e-01	-1.190405574606487743e-01	9.639446320110418853e-02	-1.833185862602909055e-01	1.146910713841127472e-01	-1.514661798189772535e-01	1.022775726852488687e-01	-7.341246709993613784e-02
1.380113771077093876e-01	-1.176553014152184468e-01	1.585519859088276584e-01	-1.668205201795894821e-01	2.040174019931981497e-01	-1.082319117813596437e-01	1.623920325303248313e-01	-1.934510792856845296e-01	2.336614327290041926e-01	-2.405577215762003951e-01	1.555472379450097697e-01	-1.700249244438974683e-01	2.105578265144364414e-01	-5.500610100869335328e-01	2.490909831595390922e-01	-1.246687743232139239e-01	1.782071589715223114e-01	-4.371267644520366313e-01	1.000000000000000888e+00	-5.666427797110220599e-01	1.450466672350622654e-01	-1.131607111588419368e-01	1.254684719189587683e-01	-1.630069639831865924e-01	1.527997136811278800e-01	-1.452441656916474977e-01	1.044988911985415131e-01	-1.026862953829859176e-01	9.574149050003342987e-02	-8.135056559119560604e-02	1.223969914325986619e-01	-7.419155778358517417e-02	9.860612629815201924e-02	-8.183772772263739337e-02	5.933793784082834477e-02
-1.561195559185732107e-01	1.288444404920549291e-01	-1.746674635947295662e-01	1.793030763451364806e-01	-2.505010877169733807e-01	1.186878857717812291e-01	-1.813033339423966717e-01	1.845467767842169649e-01	-2.710495453306177582e-01	2.819348778045997483e-01	-1.727219061408248602e-01	1.574535504103521666e-01	-1.869534550479053647e-01	2.993160255949873227e-01	-5.373414726573922939e-01	1.250787801043314884e-01	-1.697713061944748913e-01	2.435458507307921294e-01	-5.666427797110220599e-01	9.999999999999995559e-01	-1.542181919984552674e-01	1.134077686510469724e-01	-1.235204116379519657e-01	1.705299076431311955e-01	-2.211969662567615513e-01	1.569874886037388728e-01	-1.091487631793713192e-01	1.013919849602999829e-01	-1.065240133671809392e-01	9.171291211969993806e-02	-1.383837166311903955e-01	8.102049143622438998e-02	-1.096540661209258471e-01	9.077431637023206101e-02	-6.752021837432028994e-02
1.636009532786486809e-01	-1.375105346889063940e-01	1.493827736695561847e-01	-1.447223670722660727e-01	1.940429534261362554e-01	-1.674272349805164817e-01	1.887369068847997711e-01	-2.058949667710737730e-01	1.422396682338153973e-01	-1.375056046818478039e-01	2.392450088888449511e-01	-2.565476476872357026e-01	1.855403505497772165e-01	-1.805452988096898082e-01	1.101716795744265009e-01	-7.206169658745286144e-01	2.811061662670335526e-01	-2.558076924296197041e-01	1.450466672350622654e-01	-1.542181919984552674e-01	9.999999999999978906e-01	-2.838699372480422145e-01	1.669943977696259074e-01	-9.381720092874992756e-02	9.039216269429202477e-02	-3.228060138499043719e-01	1.850482139328484266e-01	-1.453724995551801402e-01	9.556544296227605095e-02	-8.087651830129717612e-02	1.853382653385498291e-01	-1.185599371121512646e-01	1.470986936017104618e-01	-8.950044421692845975e-02	6.165887728416569180e-02
-1.155639061469646289e-01	9.425514157220390987e-02	-1.082920879271603298e-01	1.021489544492380358e-01	-1.474622502428011017e-01	1.005362494215806674e-01	-1.365339061048900238e-01	1.390367751432102783e-01	-1.048431801303034011e-01	9.790910579505693323e-02	-1.517965479718309252e-01	1.651485000316834373e-01	-1.388689951280686341e-01	1.283844051515373452e-01	-8.228100729784332268e-02	1.869064379579037372e-01	-2.376177123199171570e-01	1.923082576645951114e-01	-1.131607111588419368e-01	1.134077686510469724e-01	-2.838699372480422145e-01	9.999999999999975575e-01	-4.499657624609821327e-01	9.878060605864585897e-02	-9.506672791068221384e-02	1.982911380617836949e-01	-6.966765862470059023e-01	2.926367449785967634e-01	-1.361665542152749875e-01	1.045113273831456829e-01	-1.953372130157375042e-01	1.892040014227637790e-01	-2.168022752848319523e-01	1.123112780698486135e-01	-7.798857997784930385e-02
1.047128880448554705e-01	-8.698862317203288896e-02	1.038718180990152035e-01	-9.968304983750256310e-02	1.411060807585441945e-01	-8.861849429514537246e-02	1.233451518963219196e-01	-1.370388262104076660e-01	1.056325162218108432e-01	-1.008670957733277945e-01	1.294885802711819855e-01	-1.450988983060209347e-01	1.372412075886630389e-01	-1.347200090388477323e-01	8.657076006318996375e-02	-1.398554045867413942e-01	1.640003445656284253e-01	-2.525805160373704172e-01	1.254684719189587683e-01	-1.235204116379519657e-01	1.669943977696259074e-01	-4.499657624609821327e-01	9.999999999999996669e-01	-1.386006371397813797e-01	1.208515846903448349e-01	-1.787035475003437845e-01	3.008512092384305059e-01	-7.247944633279872484e-01	1.924777757125293309e-01	-1.584117399753623701e-01	1.548674970375958637e-01	-1.464054508084023376e-01	1.660993897779002859e-01	-1.601541329785351464e-01	1.046267594149505459e-01
-8.299082137846772178e-02	6.780271815823331327e-02	-8.610732623510990169e-02	8.649668510289358625e-02	-1.264611884699945454e-01	6.492203488504423581e-02	-9.634284350162351795e-02	9.851277364080165966e-02	-1.077097639196384488e-01	1.058491881379666211e-01	-9.522985727205666995e-02	8.800806250779401319e-02	-9.382728902959570905e-02	1.305880563207976741e-01	-1.122130350247059205e-01	7.542968041687692082e-02	-9.421871059856401498e-02	1.290123539849027390e-01	-1.630069639831865924e-01	1.705299076431311955e-01	-9.381720092874992756e-02	9.878060605864585897e-02	-1.386006371397813797e-01	9.999999999999983347e-01	-8.570142985692126292e-01	1.083181135747516982e-01	-1.030535249490542593e-01	1.259111900519185590e-01	-3.283133941000598854e-01	2.109527829136745580e-01	-1.003329642694039958e-01	7.000748804885525978e-02	-9.271561321594773419e-02	1.748763860482644150e-01	-1.440483729921851475e-01
8.050081675241765877e-02	-6.670255179561884740e-02	8.507183161837243712e-02	-8.757160770401158090e-02	1.220618549642721595e-01	-6.333305165076419385e-02	9.348489865397067999e-02	-1.003485919089299044e-01	1.079203734019762162e-01	-1.169999235461408049e-01	9.202584855684153853e-02	-8.790734633003216558e-02	9.336553270537155391e-02	-1.386832572110714978e-01	1.179793276030132732e-01	-7.403470012510010578e-02	9.195437341594152325e-02	-1.331001026385700559e-01	1.527997136811278800e-01	-2.211969662567615513e-01	9.039216269429202477e-02	-9.506672791068221384e-02	1.208515846903448349e-01	-8.570142985692126292e-01	9.999999999999987788e-01	-1.093860448866350449e-01	9.541367692780756971e-02	-1.174754605980486144e-01	2.385908380685690111e-01	-2.666999767193573012e-01	9.695589014706836040e-02	-6.826219676453813834e-02	8.940466277210742940e-02	-2.024199774215419412e-01	1.489419336050423204e-01
-2.255492971157133097e-01	1.676335587859702492e-01	-1.871263862797989119e-01	1.761806761761705309e-01	-3.395057451020616068e-01	1.753275515847894928e-01	-2.546777124133648429e-01	2.040115242232687365e-01	-1.665352395617274717e-01	1.489201127137256275e-01	-2.766720635369257497e-01	1.947567937638948476e-01	-1.762360955259897333e-01	1.822594748384600838e-01	-1.193765770181464819e-01	2.083495127814322667e-01	-2.121065630050286421e-01	2.127624335567938063e-01	-1.452441656916474977e-01	1.569874886037388728e-01	-3.228060138499043719e-01	1.982911380617836949e-01	-1.787035475003437845e-01	1.083181135747516982e-01	-1.093860448866350449e-01	9.999999999999985567e-01	-2.103591696493123941e-01	1.593906963237239349e-01	-1.249333941758219713e-01	1.012268021633237758e-01	-5.891580337484079166e-01	2.428440723853568239e-01	-3.477392682589950379e-01	1.193489599986210098e-01	-8.590637001672865591e-02
1.027798248472515386e-01	-8.499867839573155281e-02	9.873322061269068639e-02	-9.549907571758391167e-02	1.381855723426242688e-01	-8.878513670755765197e-02	1.205464426827918684e-01	-1.296306503177471203e-01	9.761322410835408803e-02	-9.372037676038771914e-02	1.298059091887561189e-01	-1.453191373239178241e-01	1.215288710066050187e-01	-1.218781531894243125e-01	7.774911906057296873e-02	-1.538653165852483518e-01	1.662520440356702878e-01	-1.773986236235088887e-01	1.044988911985415131e-01	-1.091487631793713192e-01	1.850482139328484266e-01	-6.966765862470059023e-01	3.008512092384305059e-01	-1.030535249490542593e-01	9.541367692780756971e-02	-2.103591696493123941e-01	9.999999999999971134e-01	-4.648706341740073134e-01	1.498102026886645177e-01	-1.217535489051162212e-01	1.941995459118151524e-01	-2.885142364138388871e-01	2.231446945084062106e-01	-1.299458837095117114e-01	8.598433397190113903e-02
-9.162328093403980522e-02	7.476239849541954641e-02	-8.892987246776924704e-02	8.466242655232023018e-02	-1.247657543744515596e-01	7.628491168760026531e-02	-1.075453157027781576e-01	1.119606347720655953e-01	-8.954383696990005082e-02	8.404324962728876303e-02	-1.132023940045401300e-01	1.167581906987164714e-01	-1.124006547416070145e-01	1.095613582850953199e-01	-7.282081186190196564e-02	1.141670317291773457e-01	-1.365033522842974134e-01	1.691043158498406751e-01	-1.026862953829859176e-01	1.013919849602999829e-01	-1.453724995551801402e-01	2.926367449785967634e-01	-7.247944633279872484e-01	1.259111900519185590e-01	-1.174754605980486144e-01	1.593906963237239349e-01	-4.648706341740073134e-01	9.999999999999962252e-01	-2.794510491492395166e-01	1.590448536005825975e-01	-1.580333441063922484e-01	1.601332497997757787e-01	-1.994066880895468685e-01	1.563799246188485592e-01	-1.098821054237322792e-01
7.392751697275909417e-02	-6.038866563294553041e-02	7.351049480299710892e-02	-7.278873894303110326e-02	1.078739857414324488e-01	-5.959777664786005541e-02	8.589498450010812913e-02	-8.975396328291435077e-02	8.063033864296149933e-02	-7.954982388077369571e-02	8.752597123161244552e-02	-8.424716343876592628e-02	8.286625014183943150e-02	-9.924152903062344322e-02	7.219443752054911789e-02	-7.713191251320980490e-02	9.072973530251315921e-02	-1.190405574606487743e-01	9.574149050003342987e-02	-1.065240133671809392e-01	9.556544296227605095e-02	-1.361665542152749875e-01	1.924777757125293309e-01	-3.283133941000598854e-01	2.385908380685690111e-01	-1.249333941758219713e-01	1.498102026886645177e-01	-2.794510491492395166e-01	9.999999999999957812e-01	-6.329257545238954341e-01	1.154194588016374395e-01	-9.866050631739287091e-02	1.250835045866338091e-01	-4.990087137538128381e-01	2.978694600639349432e-01
-6.381937706204417193e-02	5.164036709416720133e-02	-6.294047775779645915e-02	6.189077405453835556e-02	-9.384710175892287121e-02	5.095437037614813230e-02	-7.406414038403215383e-02	7.475986956895142033e-02	-6.940968213614111260e-02	6.731377114865805256e-02	-7.536998059438815289e-02	6.995868088598891643e-02	-6.963475957975480413e-02	8.271591121918994705e-02	-6.304002403410934041e-02	6.401569326016350037e-02	-7.616940071048751426e-02	9.639446320110418853e-02	-8.135056559119560604e-02	9.171291211969993806e-02	-8.087651830129717612e-02	1.045113273831456829e-01	-1.584117399753623701e-01	2.109527829136745580e-01	-2.666999767193573012e-01	1.012268021633237758e-01	-1.217535489051162212e-01	1.590448536005825975e-01	-6.329257545238954341e-01	9.999999999999958922e-01	-9.960198038136766630e-02	7.930016681182877614e-02	-1.061984567911770511e-01	3.252947007944019253e-01	-5.922409228406760873e-01
1.464508485833235507e-01	-1.171032706275206975e-01	1.366642753992390324e-01	-1.365811785951338841e-01	2.318485533019118416e-01	-1.175771803901187185e-01	1.674470251770172613e-01	-1.676339841997702140e-01	1.317979900857848830e-01	-1.281024462533097430e-01	1.737049153573070881e-01	-1.511763621036802951e-01	1.381933152083785199e-01	-1.565856897234146061e-01	1.005022766814532148e-01	-1.483654304086195197e-01	1.538823178385282930e-01	-1.833185862602909055e-01	1.223969914325986619e-01	-1.383837166311903955e-01	1.853382653385498291e-01	-1.953372130157375042e-01	1.548674970375958637e-01	-1.003329642694039958e-01	9.695589014706836040e-02	-5.891580337484079166e-01	1.941995459118151524e-01	-1.580333441063922484e-01	1.154194588016374395e-01	-9.960198038136766630e-02	9.999999999999963363e-01	-4.761731357779245277e-01	3.053282242477662889e-01	-1.220437392109492841e-01	8.151838697170082915e-02
-8.193351045119420806e-02	6.605036603746347601e-02	-7.702205862998207087e-02	7.574650336841405596e-02	-1.212859302387801902e-01	6.722083226845068649e-02	-9.457355774646214464e-02	9.605229632656155092e-02	-7.517065571742084784e-02	7.243472431164806047e-02	-9.952525804309930724e-02	9.341596740248672703e-02	-8.396657855702246986e-02	9.049690274617262775e-02	-5.853196058099741778e-02	9.363885646350278424e-02	-1.011714071768217288e-01	1.146910713841127472e-01	-7.419155778358517417e-02	8.102049143622438998e-02	-1.185599371121512646e-01	1.892040014227637790e-01	-1.464054508084023376e-01	7.000748804885525978e-02	-6.826219676453813834e-02	2.428440723853568239e-01	-2.885142364138388871e-01	1.601332497997757787e-01	-9.866050631739287091e-02	7.930016681182877614e-02	-4.761731357779245277e-01	9.999999999999965583e-01	-7.605520058152763774e-01	1.023460525954881517e-01	-7.017273552294969741e-02
1.087306853731382222e-01	-8.801575254173374385e-02	1.030808365721552766e-01	-1.025038626392577867e-01	1.651636362298154748e-01	-8.879000285261423597e-02	1.251731197848234001e-01	-1.293143704776537339e-01	1.010849732268819801e-01	-9.855088568928804804e-02	1.303884380861388692e-01	-1.219044296428677121e-01	1.101755223170607922e-01	-1.222980165318014456e-01	7.880661298703742212e-02	-1.198617057486873472e-01	1.271190449769564745e-01	-1.514661798189772535e-01	9.860612629815201924e-02	-1.096540661209258471e-01	1.470986936017104618e-01	-2.168022752848319523e-01	1.660993897779002859e-01	-9.271561321594773419e-02	8.940466277210742940e-02	-3.477392682589950379e-01	2.231446945084062106e-01	-1.994066880895468685e-01	1.250835045866338091e-01	-1.061984567911770511e-01	3.053282242477662889e-01	-7.605520058152763774e-01	9.999999999999966693e-01	-1.499430426391226701e-01	9.370876112035406158e-02
-7.070047938605353299e-02	5.687531255121629215e-02	-6.868351776563501321e-02	6.726565883776783328e-02	-1.043192460062989102e-01	5.639750534099957635e-02	-8.187933692177221112e-02	8.145315356686763653e-02	-7.362472225048684316e-02	7.051772116466895057e-02	-8.368734709644971848e-02	7.623979347880331658e-02	-7.487779221540633023e-02	8.673950360310273000e-02	-6.404091253177358889e-02	7.048939039134338724e-02	-8.274892681785414594e-02	1.022775726852488687e-01	-8.183772772263739337e-02	9.077431637023206101e-02	-8.950044421692845975e-02	1.123112780698486135e-01	-1.601541329785351464e-01	1.748763860482644150e-01	-2.024199774215419412e-01	1.193489599986210098e-01	-1.299458837095117114e-01	1.563799246188485592e-01	-4.990087137538128381e-01	3.252947007944019253e-01	-1.220437392109492841e-01	1.023460525954881517e-01	-1.499430426391226701e-01	9.999999999999965583e-01	-7.225398871391447431e-01
4.910909589060470648e-02	-3.983201736145600136e-02	4.830825801016094823e-02	-4.781763871853325631e-02	7.258144087360141050e-02	-3.929679863034743481e-02	5.688632982633128055e-02	-5.817661225202999664e-02	5.245836553485715148e-02	-5.149182107750764625e-02	5.792152167460012935e-02	-5.382930512218722652e-02	5.287463497977278049e-02	-6.322217807365630715e-02	4.635473814265199388e-02	-4.927713595115526535e-02	5.759786281053333457e-02	-7.341246709993613784e-02	5.933793784082834477e-02	-6.752021837432028994e-02	6.165887728416569180e-02	-7.798857997784930385e-02	1.046267594149505459e-01	-1.440483729921851475e-01	1.489419336050423204e-01	-8.590637001672865591e-02	8.598433397190113903e-02	-1.098821054237322792e-01	2.978694600639349432e-01	-5.922409228406760873e-01	8.151838697170082915e-02	-7.017273552294969741e-02	9.370876112035406158e-02	-7.225398871391447431e-01	9.999999999999965583e-01
