1.000000000000000000e+00	-1.806078697483486373e-01	1.692464350191900113e-01	-1.224025835905469400e-01	1.021155649649182207e-01	-6.633988131364798591e-01	2.638323789989283630e-01	-2.578743763467320482e-01	1.267623513037066663e-01	-1.186277052894578049e-01	3.220844448269415961e-01	-2.328049186505423696e-01	1.695075147343901856e-01	-1.029531895147378501e-01	8.268458542556170188e-02	-8.498041177197325491e-02	1.167512866754292916e-01	-1.150671981036667652e-01	9.214877417888994726e-02	-9.436623206839929445e-02	6.586970676205165798e-02	-9.589455787190823144e-02	1.013770661463871542e-01	-8.633962194875502427e-02	8.042899075113593699e-02	-4.686811895640926456e-02	3.616411541048031308e-02	-4.373845215769654737e-02	6.384576555321466729e-02	-7.077761396184678588e-02	5.557194999243819655e-02	-4.324913187310822776e-02	3.831817091331470027e-02	-5.447815354546798466e-02	8.821317459055325050e-02
-1.806078697483486373e-01	1.000000000000000222e+00	-7.876897022102021806e-01	1.697210540596562622e-01	-1.106743056533304459e-01	1.574613123027199801e-01	-4.676801965444959963e-01	2.209656791280784904e-01	-1.635123716930066418e-01	1.056200636119546538e-01	-1.668345001552677953e-01	1.624606548502145476e-01	-1.362949316237604680e-01	8.673636810531830388e-02	-7.022334126366717999e-02	5.205536054435981608e-02	-8.087202988122192682e-02	8.290310866885834684e-02	-7.394691678101157628e-02	7.228969524210279718e-02	-4.173846286722374815e-02	6.397898264767333532e-02	-7.351436875584391184e-02	6.103291760329099952e-02	-5.875429285175514521e-02	2.914361719772716117e-02	-2.296907713321750394e-02	2.755969921489945934e-02	-4.401927855856604260e-02	4.884632703434764467e-02	-3.472582417811900107e-02	2.806549136212600076e-02	-2.505575535866381987e-02	3.688235278489368496e-02	-6.142008779149270292e-02
1.692464350191900113e-01	-7.876897022102021806e-01	9.999999999999998890e-01	-2.765349366382181540e-01	1.364916146317728951e-01	-1.539016832349392183e-01	2.831827880239727868e-01	-2.864886996258337315e-01	1.925659922217889397e-01	-1.402775441311506499e-01	1.728240307217731031e-01	-1.966365998694706851e-01	1.558900594083535707e-01	-1.093589850079011300e-01	8.692329514860670792e-02	-6.411517761181473318e-02	9.701000297145613571e-02	-1.031219181788273070e-01	9.059923252385393422e-02	-9.122130341904126360e-02	5.098338894370320340e-02	-7.876485511676926954e-02	8.939331753383066015e-02	-7.555926041547841865e-02	7.209239083660924641e-02	-3.593556087208631816e-02	2.828952293181081698e-02	-3.407583610359935650e-02	5.400879458031496855e-02	-6.055067547195944200e-02	4.262827852695266762e-02	-3.474693745064710848e-02	3.090465847743262273e-02	-4.553604908810485186e-02	7.494257717974435462e-02
-1.224025835905469400e-01	1.697210540596562622e-01	-2.765349366382181540e-01	9.999999999999993339e-01	-4.305653338041229850e-01	9.369762974362864927e-02	-1.673936266606159962e-01	1.755203845927069406e-01	-7.384242345697374921e-01	2.699633232002646155e-01	-1.292460836497076326e-01	1.259722471622419793e-01	-1.208861124596742331e-01	1.950620553256242062e-01	-1.596233002324634054e-01	6.279843768586679253e-02	-1.030445062979025717e-01	1.274048491353690638e-01	-1.470907379800806825e-01	1.387180321069385325e-01	-5.280470781324773238e-02	8.166944768182239633e-02	-1.162676492350370600e-01	9.978435164879770336e-02	-1.024256686699593355e-01	3.880606949103937442e-02	-3.168311880824773580e-02	3.807899348270865625e-02	-7.064846397755637775e-02	8.007546829571862701e-02	-4.704993012377009509e-02	4.172332627669973065e-02	-3.755313190855101568e-02	5.818431121605861789e-02	-1.013435931253638678e-01
1.021155649649182207e-01	-1.106743056533304459e-01	1.364916146317728951e-01	-4.305653338041229850e-01	9.999999999999993339e-01	-7.499112152371462114e-02	1.186521641301349350e-01	-1.334423595729678502e-01	2.659849982387800238e-01	-7.988603056562707527e-01	1.090871831962371835e-01	-1.051981632919449933e-01	9.682298866153637995e-02	-1.888808976840331555e-01	1.815146329749295628e-01	-6.121469400647455705e-02	9.575776783732641018e-02	-1.278716976422608620e-01	1.356830273554334443e-01	-1.691815356321730301e-01	5.104570016781521252e-02	-7.858109488878983750e-02	1.110875328809102086e-01	-1.036832040975541880e-01	1.051146466885437419e-01	-3.871740025275435815e-02	3.161693304847295466e-02	-3.838701887150110931e-02	7.121608742213776655e-02	-8.483099747508333899e-02	4.666828379051191772e-02	-4.315592573608065946e-02	3.838411399214416986e-02	-6.008261376339686655e-02	1.007539345404680625e-01
-6.633988131364798591e-01	1.574613123027199801e-01	-1.539016832349392183e-01	9.369762974362864927e-02	-7.499112152371462114e-02	9.999999999999994449e-01	-3.731667491182765750e-01	2.136564386296915530e-01	-9.807844221603199963e-02	8.441940517111508335e-02	-5.559957021589769788e-01	2.039981583507723684e-01	-1.517729985445283591e-01	7.534703454410583701e-02	-6.038266755647688638e-02	6.363020913369410447e-02	-9.014667469344984918e-02	8.505933999693776615e-02	-6.810173897241147967e-02	6.774906633165120318e-02	-4.965521465183687921e-02	7.187110044820936572e-02	-7.503950581465856917e-02	6.201238035139931132e-02	-5.780675614046369704e-02	3.348865498097409327e-02	-2.580806226049975685e-02	3.093348131707899032e-02	-4.534827814314087990e-02	4.980488954159081882e-02	-3.968708833534703717e-02	3.035164706551472802e-02	-2.697740215122396493e-02	3.843063589904537058e-02	-6.230841105456821905e-02
2.638323789989283630e-01	-4.676801965444959963e-01	2.831827880239727868e-01	-1.673936266606159962e-01	1.186521641301349350e-01	-3.731667491182765750e-01	9.999999999999995559e-01	-5.092093313482501937e-01	1.650181197988467297e-01	-1.333596941297154614e-01	2.749311928102385894e-01	-3.489508499450317824e-01	2.489967507343962827e-01	-1.169146426136654232e-01	9.247595847881134867e-02	-8.515009850615953835e-02	1.298866622962143169e-01	-1.281591292516190694e-01	1.032645345961295397e-01	-1.019316330934831316e-01	6.687056966575348482e-02	-1.043245049384043249e-01	1.099719528527153406e-01	-9.038067157118889750e-02	8.433833835235300669e-02	-4.575511587760141413e-02	3.564207203071377561e-02	-4.277100972671094015e-02	6.471669261094571690e-02	-7.151510495920092303e-02	5.393916418681091174e-02	-4.244857019379122409e-02	3.772283352133076750e-02	-5.467428242460976168e-02	8.874362965649217061e-02
-2.578743763467320482e-01	2.209656791280784904e-01	-2.864886996258337315e-01	1.755203845927069406e-01	-1.334423595729678502e-01	2.136564386296915530e-01	-5.092093313482501937e-01	9.999999999999992228e-01	-2.343173032225003838e-01	1.391452411872909078e-01	-3.032112347584818290e-01	3.126327620574241295e-01	-5.729942815470028261e-01	1.375905187072134217e-01	-1.095493559219058999e-01	8.921446850996243849e-02	-1.517044226666284801e-01	1.534717359245520163e-01	-1.277041727640927660e-01	1.145899985169860497e-01	-7.311025024903877734e-02	1.132410191987450188e-01	-1.341564070313174539e-01	1.033251015125041528e-01	-9.878131098073235361e-02	4.938203338514348534e-02	-3.902652878511624068e-02	4.634042992424353830e-02	-7.428001249329031774e-02	8.038261743599903197e-02	-5.912211683608933899e-02	4.659737479249152770e-02	-4.186035793043350883e-02	6.147066179796673024e-02	-1.030148912641232484e-01
1.267623513037066663e-01	-1.635123716930066418e-01	1.925659922217889397e-01	-7.384242345697374921e-01	2.659849982387800238e-01	-9.807844221603199963e-02	1.650181197988467297e-01	-2.343173032225003838e-01	9.999999999999997780e-01	-3.315713311376003447e-01	1.376144197436494077e-01	-1.467335416951702498e-01	1.404741437185133002e-01	-3.274352704202140307e-01	1.896879119422253401e-01	-7.279587284185208562e-02	1.161184009003985579e-01	-1.619148716835365209e-01	1.773009082472107034e-01	-1.780892244762183607e-01	6.048722179301140728e-02	-9.503107997273504970e-02	1.330703424118341582e-01	-1.194973247821166928e-01	1.177373187766119211e-01	-4.457487016773921396e-02	3.630994162832716643e-02	-4.391257199915306331e-02	8.049471457168817790e-02	-9.387895458289734207e-02	5.344577743603035058e-02	-4.836357855163189723e-02	4.310095188362367269e-02	-6.731901326869813018e-02	1.125329654956953307e-01
-1.186277052894578049e-01	1.056200636119546538e-01	-1.402775441311506499e-01	2.699633232002646155e-01	-7.988603056562707527e-01	8.441940517111508335e-02	-1.333596941297154614e-01	1.391452411872909078e-01	-3.315713311376003447e-01	9.999999999999997780e-01	-1.264266345643125788e-01	1.135393470586521375e-01	-1.085952924947154591e-01	2.036966751014226695e-01	-2.723837539260937080e-01	7.017397138751223229e-02	-1.156877318116380920e-01	1.426466074176082066e-01	-1.643852439785966069e-01	1.873088497538021036e-01	-5.999752201843471661e-02	9.143625668454787025e-02	-1.361942794290038616e-01	1.206907656982350724e-01	-1.307805915447407819e-01	4.546488329018675417e-02	-3.748290841676177321e-02	4.508072579825470050e-02	-8.729629957534391915e-02	1.003842803822554836e-01	-5.578206934479636170e-02	5.079040167353006396e-02	-4.593431456925321094e-02	7.177362275842930073e-02	-1.284385598560423003e-01
3.220844448269415961e-01	-1.668345001552677953e-01	1.728240307217731031e-01	-1.292460836497076326e-01	1.090871831962371835e-01	-5.559957021589769788e-01	2.749311928102385894e-01	-3.032112347584818290e-01	1.376144197436494077e-01	-1.264266345643125788e-01	9.999999999999983347e-01	-3.921060826000138944e-01	2.260923090055709517e-01	-1.152738863027091276e-01	9.197032338202582036e-02	-1.095454514871721102e-01	1.447132264056109618e-01	-1.344475563830397902e-01	1.049063525901909877e-01	-1.053464615503782315e-01	8.257108303729895904e-02	-1.179575416847706004e-01	1.178712468860101809e-01	-9.808937184618983507e-02	9.044182294723659976e-02	-5.506319079902188135e-02	4.204275121517352803e-02	-5.043393999224336094e-02	7.179476645313585814e-02	-7.878507897201025845e-02	6.488291766737687427e-02	-4.887895175847918605e-02	4.334303429724685464e-02	-6.114386754467123625e-02	9.807000777072853726e-02
-2.328049186505423696e-01	1.624606548502145476e-01	-1.966365998694706851e-01	1.259722471622419793e-01	-1.051981632919449933e-01	2.039981583507723684e-01	-3.489508499450317824e-01	3.126327620574241295e-01	-1.467335416951702498e-01	1.135393470586521375e-01	-3.921060826000138944e-01	1.000000000000000444e+00	-6.829080180032607306e-01	1.242716601165493873e-01	-9.886705743210986996e-02	1.082352940174852729e-01	-2.343078111139481334e-01	1.638170906959172946e-01	-1.237060700056435286e-01	1.089707318917007839e-01	-8.764976264846272014e-02	1.468181940414971520e-01	-1.448281726957323656e-01	1.057778594000434030e-01	-9.757730200346100002e-02	5.464153008250651616e-02	-4.253977014169545851e-02	4.997879389907474573e-02	-7.467820442315015184e-02	7.932540410628392824e-02	-6.411950628584703327e-02	4.789712384108543719e-02	-4.293992929365555294e-02	6.188299520852301450e-02	-1.008225509393997910e-01
1.695075147343901856e-01	-1.362949316237604680e-01	1.558900594083535707e-01	-1.208861124596742331e-01	9.682298866153637995e-02	-1.517729985445283591e-01	2.489967507343962827e-01	-5.729942815470028261e-01	1.404741437185133002e-01	-1.085952924947154591e-01	2.260923090055709517e-01	-6.829080180032607306e-01	1.000000000000000888e+00	-1.324701327362190761e-01	9.741458503266070545e-02	-9.139020806326719759e-02	1.595079175798314874e-01	-1.946193989320502415e-01	1.259265935173363993e-01	-1.080877651347058321e-01	7.283734630081335759e-02	-1.246494211788617829e-01	1.352244205870712368e-01	-1.005220181519326933e-01	9.126901738595037672e-02	-4.725770144906425024e-02	3.711901826237208601e-02	-4.406901644884859276e-02	6.829853176602193598e-02	-7.389609911538179421e-02	5.518293786479028934e-02	-4.321628279596060468e-02	3.857807994753045810e-02	-5.681787621493089580e-02	9.174866267929769614e-02
-1.029531895147378501e-01	8.673636810531830388e-02	-1.093589850079011300e-01	1.950620553256242062e-01	-1.888808976840331555e-01	7.534703454410583701e-02	-1.169146426136654232e-01	1.375905187072134217e-01	-3.274352704202140307e-01	2.036966751014226695e-01	-1.152738863027091276e-01	1.242716601165493873e-01	-1.324701327362190761e-01	9.999999999999990008e-01	-5.671923681234264381e-01	8.907196979191704667e-02	-1.609697669198771885e-01	2.499880754054066567e-01	-5.420292232642289765e-01	3.096409291646567974e-01	-7.845252616861414507e-02	1.267830665621410280e-01	-2.234860546929568481e-01	1.880149653528649378e-01	-2.012867053948214358e-01	5.751206760436797238e-02	-4.848080689219466666e-02	5.801942682156151915e-02	-1.231455944185889523e-01	1.388910543146441579e-01	-6.997170522334071607e-02	6.632293592513342773e-02	-6.020556187794204317e-02	9.821431968179196448e-02	-1.732301643340961039e-01
8.268458542556170188e-02	-7.022334126366717999e-02	8.692329514860670792e-02	-1.596233002324634054e-01	1.815146329749295628e-01	-6.038266755647688638e-02	9.247595847881134867e-02	-1.095493559219058999e-01	1.896879119422253401e-01	-2.723837539260937080e-01	9.197032338202582036e-02	-9.886705743210986996e-02	9.741458503266070545e-02	-5.671923681234264381e-01	1.000000000000000444e+00	-7.311127943732688428e-02	1.218988982350428796e-01	-2.056624717459989704e-01	2.786419096723056765e-01	-6.564295631282994758e-01	6.291819494149812619e-02	-1.019256965642143797e-01	1.678906382389083185e-01	-1.737346179573499849e-01	1.928852278368704265e-01	-4.781537557959153473e-02	4.017710657856136958e-02	-4.880322759597917337e-02	1.040860159623419601e-01	-1.387328843059204009e-01	5.746195517827631244e-02	-5.837886779912343505e-02	5.191485077840224394e-02	-8.732785517365389272e-02	1.448869153461578296e-01
-8.498041177197325491e-02	5.205536054435981608e-02	-6.411517761181473318e-02	6.279843768586679253e-02	-6.121469400647455705e-02	6.363020913369410447e-02	-8.515009850615953835e-02	8.921446850996243849e-02	-7.279587284185208562e-02	7.017397138751223229e-02	-1.095454514871721102e-01	1.082352940174852729e-01	-9.139020806326719759e-02	8.907196979191704667e-02	-7.311127943732688428e-02	1.000000000000001998e+00	-3.633291083516311248e-01	1.371405054071928586e-01	-9.708837657313577896e-02	9.081207003070629336e-02	-8.042021912973340569e-01	2.728098150489293161e-01	-1.712654736318753312e-01	1.148392591064900936e-01	-9.861899303171675624e-02	2.086212025996376507e-01	-1.274769768850238516e-01	1.250972230435205557e-01	-9.706321629910563686e-02	8.323276447531831324e-02	-2.563378633338622703e-01	9.038376085736976595e-02	-8.388830687698087263e-02	8.149258350722377031e-02	-1.092287680971389674e-01
1.167512866754292916e-01	-8.087202988122192682e-02	9.701000297145613571e-02	-1.030445062979025717e-01	9.575776783732641018e-02	-9.014667469344984918e-02	1.298866622962143169e-01	-1.517044226666284801e-01	1.161184009003985579e-01	-1.156877318116380920e-01	1.447132264056109618e-01	-2.343078111139481334e-01	1.595079175798314874e-01	-1.609697669198771885e-01	1.218988982350428796e-01	-3.633291083516311248e-01	1.000000000000002887e+00	-2.985966313922252535e-01	1.686335359491404062e-01	-1.604230968658146572e-01	2.564847844359838258e-01	-7.155869022126029044e-01	2.645313185321269134e-01	-1.887342258675457629e-01	1.438566581970254221e-01	-1.299792020860397468e-01	9.557941616885720637e-02	-1.091135674003866629e-01	1.174486888489170294e-01	-1.198803989431623529e-01	1.359273772306396622e-01	-8.584920344060777142e-02	7.547526305348636888e-02	-1.009520926032769494e-01	1.388936893242704862e-01
-1.150671981036667652e-01	8.290310866885834684e-02	-1.031219181788273070e-01	1.274048491353690638e-01	-1.278716976422608620e-01	8.505933999693776615e-02	-1.281591292516190694e-01	1.534717359245520163e-01	-1.619148716835365209e-01	1.426466074176082066e-01	-1.344475563830397902e-01	1.638170906959172946e-01	-1.946193989320502415e-01	2.499880754054066567e-01	-2.056624717459989704e-01	1.371405054071928586e-01	-2.985966313922252535e-01	9.999999999999995559e-01	-5.505654773276313918e-01	2.363032135402889922e-01	-1.253748299606575189e-01	2.230202186527376340e-01	-5.587296221619555414e-01	2.587061164018992776e-01	-2.311290690237944867e-01	8.208815626923189612e-02	-6.969042816803217022e-02	8.195905852225536525e-02	-1.588354209288056484e-01	1.609574448263120516e-01	-9.821828054802922425e-02	8.528184127913025769e-02	-7.767308431524053147e-02	1.238133808301044025e-01	-2.062900893068259633e-01
9.214877417888994726e-02	-7.394691678101157628e-02	9.059923252385393422e-02	-1.470907379800806825e-01	1.356830273554334443e-01	-6.810173897241147967e-02	1.032645345961295397e-01	-1.277041727640927660e-01	1.773009082472107034e-01	-1.643852439785966069e-01	1.049063525901909877e-01	-1.237060700056435286e-01	1.259265935173363993e-01	-5.420292232642289765e-01	2.786419096723056765e-01	-9.708837657313577896e-02	1.686335359491404062e-01	-5.505654773276313918e-01	1.000000000000000666e+00	-4.239681928626915508e-01	8.403661790803924891e-02	-1.454107758063673261e-01	2.571724362065779812e-01	-2.667517604612791859e-01	2.089275137061517573e-01	-6.098913038062395153e-02	5.134478373472892154e-02	-6.219954282445003951e-02	1.314095584748053158e-01	-1.500708188301072832e-01	7.235638656345982911e-02	-7.178113265093252759e-02	6.379842596558003842e-02	-1.080393455100799871e-01	1.667920087397313789e-01
-9.436623206839929445e-02	7.228969524210279718e-02	-9.122130341904126360e-02	1.387180321069385325e-01	-1.691815356321730301e-01	6.774906633165120318e-02	-1.019316330934831316e-01	1.145899985169860497e-01	-1.780892244762183607e-01	1.873088497538021036e-01	-1.053464615503782315e-01	1.089707318917007839e-01	-1.080877651347058321e-01	3.096409291646567974e-01	-6.564295631282994758e-01	9.081207003070629336e-02	-1.604230968658146572e-01	2.363032135402889922e-01	-4.239681928626915508e-01	9.999999999999996669e-01	-8.038171968663533618e-02	1.291557833513551357e-01	-2.330270508115589723e-01	2.243873460905764228e-01	-3.546754304245133271e-01	6.101158672997031296e-02	-5.200757282672657800e-02	6.262790121503526708e-02	-1.431240047855230901e-01	1.857907610989814329e-01	-7.437939533405212023e-02	7.534298283716375777e-02	-6.833860041846950839e-02	1.154511810442635095e-01	-2.113620905989749832e-01
6.586970676205165798e-02	-4.173846286722374815e-02	5.098338894370320340e-02	-5.280470781324773238e-02	5.104570016781521252e-02	-4.965521465183687921e-02	6.687056966575348482e-02	-7.311025024903877734e-02	6.048722179301140728e-02	-5.999752201843471661e-02	8.257108303729895904e-02	-8.764976264846272014e-02	7.283734630081335759e-02	-7.845252616861414507e-02	6.291819494149812619e-02	-8.042021912973340569e-01	2.564847844359838258e-01	-1.253748299606575189e-01	8.403661790803924891e-02	-8.038171968663533618e-02	9.999999999999998890e-01	-3.878824265839326269e-01	1.524456142887888888e-01	-1.049059196417139878e-01	8.391229692274847218e-02	-2.790980949527519517e-01	1.252340024911925975e-01	-1.289164203277558818e-01	8.280495432867154837e-02	-7.186027386674687101e-02	2.099910007379903187e-01	-8.071281628545198816e-02	7.233014010375585223e-02	-7.125072781225351426e-02	8.994084467944492289e-02
-9.589455787190823144e-02	6.397898264767333532e-02	-7.876485511676926954e-02	8.166944768182239633e-02	-7.858109488878983750e-02	7.187110044820936572e-02	-1.043245049384043249e-01	1.132410191987450188e-01	-9.503107997273504970e-02	9.143625668454787025e-02	-1.179575416847706004e-01	1.468181940414971520e-01	-1.246494211788617829e-01	1.267830665621410280e-01	-1.019256965642143797e-01	2.728098150489293161e-01	-7.155869022126029044e-01	2.230202186527376340e-01	-1.454107758063673261e-01	1.291557833513551357e-01	-3.878824265839326269e-01	1.000000000000000000e+00	-3.913471021074512723e-01	1.776916771730371325e-01	-1.394716772048627818e-01	1.338608579539771748e-01	-1.051612325147404936e-01	1.070076280453338968e-01	-1.151011387500377597e-01	1.084651908058366226e-01	-1.456656730370234909e-01	8.057256060494291661e-02	-7.284922871841555125e-02	9.370699491502820777e-02	-1.336895748964049835e-01
1.013770661463871542e-01	-7.351436875584391184e-02	8.939331753383066015e-02	-1.162676492350370600e-01	1.110875328809102086e-01	-7.503950581465856917e-02	1.099719528527153406e-01	-1.341564070313174539e-01	1.330703424118341582e-01	-1.361942794290038616e-01	1.178712468860101809e-01	-1.448281726957323656e-01	1.352244205870712368e-01	-2.234860546929568481e-01	1.678906382389083185e-01	-1.712654736318753312e-01	2.645313185321269134e-01	-5.587296221619555414e-01	2.571724362065779812e-01	-2.330270508115589723e-01	1.524456142887888888e-01	-3.913471021074512723e-01	1.000000000000000666e+00	-4.912151246902936585e-01	2.373449320082096081e-01	-9.853477568412530307e-02	8.437395433565703096e-02	-1.038909931255770913e-01	1.781140841585591161e-01	-1.828284482028041114e-01	1.106091966378674879e-01	-1.011521716469180460e-01	8.880895727822656072e-02	-1.491064523658751362e-01	1.947616729025884175e-01
-8.633962194875502427e-02	6.103291760329099952e-02	-7.555926041547841865e-02	9.978435164879770336e-02	-1.036832040975541880e-01	6.201238035139931132e-02	-9.038067157118889750e-02	1.033251015125041528e-01	-1.194973247821166928e-01	1.206907656982350724e-01	-9.808937184618983507e-02	1.057778594000434030e-01	-1.005220181519326933e-01	1.880149653528649378e-01	-1.737346179573499849e-01	1.148392591064900936e-01	-1.887342258675457629e-01	2.587061164018992776e-01	-2.667517604612791859e-01	2.243873460905764228e-01	-1.049059196417139878e-01	1.776916771730371325e-01	-4.912151246902936585e-01	9.999999999999983347e-01	-5.527205551168009601e-01	8.361382387299588770e-02	-7.555936700909668402e-02	9.245831723193852214e-02	-3.645449968509362204e-01	2.595067985846672975e-01	-1.006837310209723613e-01	1.218963840986658914e-01	-1.125124224239011095e-01	2.149674991162454640e-01	-3.060505338458370805e-01
8.042899075113593699e-02	-5.875429285175514521e-02	7.209239083660924641e-02	-1.024256686699593355e-01	1.051146466885437419e-01	-5.780675614046369704e-02	8.433833835235300669e-02	-9.878131098073235361e-02	1.177373187766119211e-01	-1.307805915447407819e-01	9.044182294723659976e-02	-9.757730200346100002e-02	9.126901738595037672e-02	-2.012867053948214358e-01	1.928852278368704265e-01	-9.861899303171675624e-02	1.438566581970254221e-01	-2.311290690237944867e-01	2.089275137061517573e-01	-3.546754304245133271e-01	8.391229692274847218e-02	-1.394716772048627818e-01	2.373449320082096081e-01	-5.527205551168009601e-01	9.999999999999985567e-01	-7.172469369131118100e-02	6.221266761241088517e-02	-7.815132685998286977e-02	2.096377270076035804e-01	-5.576737085921105175e-01	8.456400370802313882e-02	-1.108966290931805709e-01	9.581143284305659868e-02	-1.873386573177294456e-01	2.905742456592120826e-01
-4.686811895640926456e-02	2.914361719772716117e-02	-3.593556087208631816e-02	3.880606949103937442e-02	-3.871740025275435815e-02	3.348865498097409327e-02	-4.575511587760141413e-02	4.938203338514348534e-02	-4.457487016773921396e-02	4.546488329018675417e-02	-5.506319079902188135e-02	5.464153008250651616e-02	-4.725770144906425024e-02	5.751206760436797238e-02	-4.781537557959153473e-02	2.086212025996376507e-01	-1.299792020860397468e-01	8.208815626923189612e-02	-6.098913038062395153e-02	6.101158672997031296e-02	-2.790980949527519517e-01	1.338608579539771748e-01	-9.853477568412530307e-02	8.361382387299588770e-02	-7.172469369131118100e-02	9.999999999999984457e-01	-4.342150408428453456e-01	2.790631197923112428e-01	-1.060377940538948377e-01	6.808820636836299123e-02	-7.627291813378413998e-01	1.545711615188572474e-01	-1.426171488313621172e-01	9.348509515130216940e-02	-9.233358940865192543e-02
3.616411541048031308e-02	-2.296907713321750394e-02	2.828952293181081698e-02	-3.168311880824773580e-02	3.161693304847295466e-02	-2.580806226049975685e-02	3.564207203071377561e-02	-3.902652878511624068e-02	3.630994162832716643e-02	-3.748290841676177321e-02	4.204275121517352803e-02	-4.253977014169545851e-02	3.711901826237208601e-02	-4.848080689219466666e-02	4.017710657856136958e-02	-1.274769768850238516e-01	9.557941616885720637e-02	-6.969042816803217022e-02	5.134478373472892154e-02	-5.200757282672657800e-02	1.252340024911925975e-01	-1.051612325147404936e-01	8.437395433565703096e-02	-7.555936700909668402e-02	6.221266761241088517e-02	-4.342150408428453456e-01	9.999999999999997780e-01	-8.244630769855103569e-01	1.032351749409178565e-01	-6.138246400313897289e-02	2.758958813128352672e-01	-1.579720420176592977e-01	1.377075130100241795e-01	-9.455520527601926628e-02	8.038322561994910853e-02
-4.373845215769654737e-02	2.755969921489945934e-02	-3.407583610359935650e-02	3.807899348270865625e-02	-3.838701887150110931e-02	3.093348131707899032e-02	-4.277100972671094015e-02	4.634042992424353830e-02	-4.391257199915306331e-02	4.508072579825470050e-02	-5.043393999224336094e-02	4.997879389907474573e-02	-4.406901644884859276e-02	5.801942682156151915e-02	-4.880322759597917337e-02	1.250972230435205557e-01	-1.091135674003866629e-01	8.195905852225536525e-02	-6.219954282445003951e-02	6.262790121503526708e-02	-1.289164203277558818e-01	1.070076280453338968e-01	-1.038909931255770913e-01	9.245831723193852214e-02	-7.815132685998286977e-02	2.790631197923112428e-01	-8.244630769855103569e-01	9.999999999999992228e-01	-1.437244823690223272e-01	7.634917655518901058e-02	-3.796240878224512172e-01	1.748144932105958615e-01	-1.969193949587102477e-01	1.192861517641690267e-01	-1.042512369771973341e-01
6.384576555321466729e-02	-4.401927855856604260e-02	5.400879458031496855e-02	-7.064846397755637775e-02	7.121608742213776655e-02	-4.534827814314087990e-02	6.471669261094571690e-02	-7.428001249329031774e-02	8.049471457168817790e-02	-8.729629957534391915e-02	7.179476645313585814e-02	-7.467820442315015184e-02	6.829853176602193598e-02	-1.231455944185889523e-01	1.040860159623419601e-01	-9.706321629910563686e-02	1.174486888489170294e-01	-1.588354209288056484e-01	1.314095584748053158e-01	-1.431240047855230901e-01	8.280495432867154837e-02	-1.151011387500377597e-01	1.781140841585591161e-01	-3.645449968509362204e-01	2.096377270076035804e-01	-1.060377940538948377e-01	1.032351749409178565e-01	-1.437244823690223272e-01	9.999999999999996669e-01	-2.569723356205017573e-01	1.245624649965819397e-01	-2.645241823752849109e-01	2.220359067018045085e-01	-7.458426471178358774e-01	2.658997776347873376e-01
-7.077761396184678588e-02	4.884632703434764467e-02	-6.055067547195944200e-02	8.007546829571862701e-02	-8.483099747508333899e-02	4.980488954159081882e-02	-7.151510495920092303e-02	8.038261743599903197e-02	-9.387895458289734207e-02	1.003842803822554836e-01	-7.878507897201025845e-02	7.932540410628392824e-02	-7.389609911538179421e-02	1.388910543146441579e-01	-1.387328843059204009e-01	8.323276447531831324e-02	-1.198803989431623529e-01	1.609574448263120516e-01	-1.500708188301072832e-01	1.857907610989814329e-01	-7.186027386674687101e-02	1.084651908058366226e-01	-1.828284482028041114e-01	2.595067985846672975e-01	-5.576737085921105175e-01	6.808820636836299123e-02	-6.138246400313897289e-02	7.634917655518901058e-02	-2.569723356205017573e-01	9.999999999999992228e-01	-8.329690095991913734e-02	1.147620095869969770e-01	-1.069973031815649733e-01	2.099441235901934322e-01	-6.855259455171461846e-01
5.557194999243819655e-02	-3.472582417811900107e-02	4.262827852695266762e-02	-4.704993012377009509e-02	4.666828379051191772e-02	-3.968708833534703717e-02	5.393916418681091174e-02	-5.912211683608933899e-02	5.344577743603035058e-02	-5.578206934479636170e-02	6.488291766737687427e-02	-6.411950628584703327e-02	5.518293786479028934e-02	-6.997170522334071607e-02	5.746195517827631244e-02	-2.563378633338622703e-01	1.359273772306396622e-01	-9.821828054802922425e-02	7.235638656345982911e-02	-7.437939533405212023e-02	2.099910007379903187e-01	-1.456656730370234909e-01	1.106091966378674879e-01	-1.006837310209723613e-01	8.456400370802313882e-02	-7.627291813378413998e-01	2.758958813128352672e-01	-3.796240878224512172e-01	1.245624649965819397e-01	-8.329690095991913734e-02	9.999999999999992228e-01	-2.490787253083210084e-01	1.726001651540232384e-01	-1.193515551497459359e-01	1.080712840669267732e-01
-4.324913187310822776e-02	2.806549136212600076e-02	-3.474693745064710848e-02	4.172332627669973065e-02	-4.315592573608065946e-02	3.035164706551472802e-02	-4.244857019379122409e-02	4.659737479249152770e-02	-4.836357855163189723e-02	5.079040167353006396e-02	-4.887895175847918605e-02	4.789712384108543719e-02	-4.321628279596060468e-02	6.632293592513342773e-02	-5.837886779912343505e-02	9.038376085736976595e-02	-8.584920344060777142e-02	8.528184127913025769e-02	-7.178113265093252759e-02	7.534298283716375777e-02	-8.071281628545198816e-02	8.057256060494291661e-02	-1.011521716469180460e-01	1.218963840986658914e-01	-1.108966290931805709e-01	1.545711615188572474e-01	-1.579720420176592977e-01	1.748144932105958615e-01	-2.645241823752849109e-01	1.147620095869969770e-01	-2.490787253083210084e-01	9.999999999999992228e-01	-8.482557388342728544e-01	2.423352261961320142e-01	-1.824861569662623029e-01
3.831817091331470027e-02	-2.505575535866381987e-02	3.090465847743262273e-02	-3.755313190855101568e-02	3.838411399214416986e-02	-2.697740215122396493e-02	3.772283352133076750e-02	-4.186035793043350883e-02	4.310095188362367269e-02	-4.593431456925321094e-02	4.334303429724685464e-02	-4.293992929365555294e-02	3.857807994753045810e-02	-6.020556187794204317e-02	5.191485077840224394e-02	-8.388830687698087263e-02	7.547526305348636888e-02	-7.767308431524053147e-02	6.379842596558003842e-02	-6.833860041846950839e-02	7.233014010375585223e-02	-7.284922871841555125e-02	8.880895727822656072e-02	-1.125124224239011095e-01	9.581143284305659868e-02	-1.426171488313621172e-01	1.377075130100241795e-01	-1.969193949587102477e-01	2.220359067018045085e-01	-1.069973031815649733e-01	1.726001651540232384e-01	-8.482557388342728544e-01	9.999999999999995559e-01	-3.564701376999944160e-01	1.539469494822355289e-01
-5.447815354546798466e-02	3.688235278489368496e-02	-4.553604908810485186e-02	5.818431121605861789e-02	-6.008261376339686655e-02	3.843063589904537058e-02	-5.467428242460976168e-02	6.147066179796673024e-02	-6.731901326869813018e-02	7.177362275842930073e-02	-6.114386754467123625e-02	6.188299520852301450e-02	-5.681787621493089580e-02	9.821431968179196448e-02	-8.732785517365389272e-02	8.149258350722377031e-02	-1.009520926032769494e-01	1.238133808301044025e-01	-1.080393455100799871e-01	1.154511810442635095e-01	-7.125072781225351426e-02	9.370699491502820777e-02	-1.491064523658751362e-01	2.149674991162454640e-01	-1.873386573177294456e-01	9.348509515130216940e-02	-9.455520527601926628e-02	1.192861517641690267e-01	-7.458426471178358774e-01	2.099441235901934322e-01	-1.193515551497459359e-01	2.423352261961320142e-01	-3.564701376999944160e-01	9.999999999999995559e-01	-3.825349531405115022e-01
8.821317459055325050e-02	-6.142008779149270292e-02	7.494257717974435462e-02	-1.013435931253638678e-01	1.007539345404680625e-01	-6.230841105456821905e-02	8.874362965649217061e-02	-1.030148912641232484e-01	1.125329654956953307e-01	-1.284385598560423003e-01	9.807000777072853726e-02	-1.008225509393997910e-01	9.174866267929769614e-02	-1.732301643340961039e-01	1.448869153461578296e-01	-1.092287680971389674e-01	1.388936893242704862e-01	-2.062900893068259633e-01	1.667920087397313789e-01	-2.113620905989749832e-01	8.994084467944492289e-02	-1.336895748964049835e-01	1.947616729025884175e-01	-3.060505338458370805e-01	2.905742456592120826e-01	-9.233358940865192543e-02	8.038322561994910853e-02	-1.042512369771973341e-01	2.658997776347873376e-01	-6.855259455171461846e-01	1.080712840669267732e-01	-1.824861569662623029e-01	1.539469494822355289e-01	-3.825349531405115022e-01	9.999999999999994449e-01
