1.000000000000000000e+00	-7.935653223936732781e-01	3.080398027244146686e-01	-2.101057402923149076e-01	1.259463533141299552e-01	-1.606636059004089290e-01	1.159326628859761593e-01	-1.820463369387066987e-01	1.464948563366325618e-01	-1.154231701442525737e-01	7.214239259659184500e-02	-8.180904851528414401e-02	1.168082044644212641e-01	-1.270822260874440446e-01	1.560368764866657265e-01	-6.624774025465376970e-02	5.168592493250250691e-02	-6.849084304754143870e-02	6.724329042749678520e-02	-1.139094233786684257e-01	8.128131551349201955e-02	-5.500835140116920596e-02	7.083566211759993736e-02	-5.920808965754253972e-02	5.377389005750998069e-02	-2.574202805625743981e-02	5.158545184858891186e-02	-4.885226535721821917e-02	5.360086676941773487e-02	-3.618954923909373927e-02	2.314140799895301678e-02	-3.313970621141802686e-02	4.819870441509908204e-02	-4.993603732881610191e-02	5.076968869109708959e-02
-7.935653223936732781e-01	1.000000000000000222e+00	-5.112880983771130872e-01	1.594066733490242527e-01	-9.788242801928886960e-02	1.063965597439165134e-01	-8.658811462599780295e-02	1.289410802868222183e-01	-1.112653408297595986e-01	8.353514192477827505e-02	-5.025385619037175955e-02	5.656270383305050942e-02	-8.388132177295762326e-02	8.863212039117977781e-02	-1.130543855109127499e-01	4.443455590370254393e-02	-3.471505116243999572e-02	4.555799416205583152e-02	-4.482935360385788270e-02	7.444189663929570711e-02	-5.479966777980284365e-02	3.666528803215599042e-02	-4.700124580237578092e-02	3.902321311434915618e-02	-3.539128130967605923e-02	1.695264524732979089e-02	-3.399836563207116191e-02	3.218502113545550908e-02	-3.531298107599658426e-02	2.377354512326877375e-02	-1.524600037916740841e-02	2.179912058940077987e-02	-3.170326983596656600e-02	3.278520228231805722e-02	-3.338550500504354479e-02
3.080398027244146686e-01	-5.112880983771130872e-01	1.000000000000000444e+00	-4.201355614572065966e-01	2.040219961535511550e-01	-1.919603108047547857e-01	1.472120575162121081e-01	-2.885059329999820066e-01	2.315432912008485444e-01	-1.819829430975532514e-01	9.274148055596970197e-02	-1.073256284874555821e-01	1.714254090019455556e-01	-1.897634212377608542e-01	2.292119081210618192e-01	-8.813410664460437360e-02	6.941415623066035656e-02	-9.431994052260726791e-02	9.279945504410318236e-02	-1.570913074964946365e-01	1.084990836561472022e-01	-7.419060839635802096e-02	9.681538332637423805e-02	-8.103066809764325473e-02	7.369204494311024090e-02	-3.504073415141378128e-02	7.039184773894420488e-02	-6.668498814323348123e-02	7.329272073114109776e-02	-4.954819852880639613e-02	3.150848102669259049e-02	-4.519908900287007703e-02	6.577103074082676915e-02	-6.824801740226922597e-02	6.948006065979235590e-02
-2.101057402923149076e-01	1.594066733490242527e-01	-4.201355614572065966e-01	1.000000000000000444e+00	-5.453273288642359606e-01	1.480273449901061689e-01	-1.286357630922255746e-01	2.465737186306470319e-01	-4.799693071754032592e-01	2.800238493976166532e-01	-7.841568535466189593e-02	8.903171900065733058e-02	-1.904378123223264274e-01	2.077766549633464632e-01	-3.405818500707145646e-01	7.157184388083018267e-02	-5.786900249801805313e-02	8.065884181825665189e-02	-8.131245314362849086e-02	1.292206119616471360e-01	-9.043901771740717188e-02	6.093694124592968775e-02	-8.164811299763692631e-02	6.698796236411735938e-02	-6.139464896799486787e-02	2.852032929390415847e-02	-5.799730448604889510e-02	5.473555991459603393e-02	-6.063859093233999603e-02	4.078545528020508654e-02	-2.572671560401329841e-02	3.688789243363176096e-02	-5.386053325671454062e-02	5.562261579414470164e-02	-5.747679725806223439e-02
1.259463533141299552e-01	-9.788242801928886960e-02	2.040219961535511550e-01	-5.453273288642359606e-01	1.000000000000000888e+00	-1.232890375466755561e-01	9.921023280648909315e-02	-1.985088827570287706e-01	2.440249249174706592e-01	-6.712109192935269419e-01	6.384702166345704311e-02	-7.375759065043055451e-02	1.408287503516144901e-01	-1.721730885900787655e-01	2.979837939283538351e-01	-6.205028819350467961e-02	5.040294748492837873e-02	-7.268524496496200915e-02	7.312028606801396213e-02	-1.306742711904232135e-01	7.742522802039206176e-02	-5.380650627332232705e-02	7.313665072553363067e-02	-6.162835197554669686e-02	5.690275113222235948e-02	-2.597385539425923692e-02	5.264668068692505282e-02	-4.997028050086345374e-02	5.547522085940420622e-02	-3.800388260611368973e-02	2.337540722839673638e-02	-3.372258519201028898e-02	4.914112172749805774e-02	-5.159084823009568721e-02	5.297569887594481830e-02
-1.606636059004089290e-01	1.063965597439165134e-01	-1.919603108047547857e-01	1.480273449901061689e-01	-1.232890375466755561e-01	1.000000000000000444e+00	-7.579209431747354619e-01	2.658036518012575344e-01	-2.214509124286133113e-01	1.084444746801462300e-01	-3.375580357724934366e-01	2.671337083662087553e-01	-2.091342000939326318e-01	1.592413990920823474e-01	-1.731999820256293898e-01	1.544746415177900567e-01	-1.106096410213575632e-01	9.500831712047731747e-02	-8.999119475401165524e-02	1.165684601748538107e-01	-1.898134760653027164e-01	1.023641129632197194e-01	-1.005152296985518945e-01	7.557616934612480797e-02	-6.348804423628592875e-02	3.495089587981688173e-02	-6.693327683583075172e-02	6.388006252872371893e-02	-6.724917923923061369e-02	4.266041194865884123e-02	-3.127844600977590372e-02	4.249370887415603731e-02	-6.050114492605289385e-02	6.060874713862889063e-02	-6.015676392457899868e-02
1.159326628859761593e-01	-8.658811462599780295e-02	1.472120575162121081e-01	-1.286357630922255746e-01	9.921023280648909315e-02	-7.579209431747354619e-01	1.000000000000000444e+00	-4.054661196812379687e-01	1.886952975303073932e-01	-9.025817256429234658e-02	2.396431459819298726e-01	-3.585939625022943056e-01	1.779371982447798539e-01	-1.465167357565489159e-01	1.343356017246199186e-01	-1.277461528701424043e-01	8.700741880189265254e-02	-7.728792141491733214e-02	7.164859209889135050e-02	-9.436015632362604322e-02	1.394771802034299735e-01	-8.213176488713307133e-02	7.855164568653426327e-02	-5.992664510112633708e-02	4.977325750681121236e-02	-2.709751893377573481e-02	5.195792114510876941e-02	-5.017210640110683628e-02	5.262413927179433737e-02	-3.355415991990789298e-02	2.416559925932828395e-02	-3.311369832567729460e-02	4.693254411832745165e-02	-4.772705296247031770e-02	4.698745002919712394e-02
-1.820463369387066987e-01	1.289410802868222183e-01	-2.885059329999820066e-01	2.465737186306470319e-01	-1.985088827570287706e-01	2.658036518012575344e-01	-4.054661196812379687e-01	1.000000000000000666e+00	-5.475305607661389296e-01	1.763223868889154944e-01	-1.485392857354451146e-01	1.662182400963604090e-01	-4.465885090523138978e-01	2.883168413255011719e-01	-2.575755951989082693e-01	1.061913742913843800e-01	-8.340381673693542108e-02	1.077011151844799730e-01	-1.033200199756912629e-01	1.355723995684900152e-01	-1.324764435866375989e-01	8.368321337817800909e-02	-1.031344337947668471e-01	8.065478746998983040e-02	-7.000330682621479228e-02	3.455648716681219978e-02	-6.941631332522260611e-02	6.613993065658517467e-02	-7.180606934940457486e-02	4.666998495249481682e-02	-3.109590283844888142e-02	4.390267912458827027e-02	-6.347902861330345647e-02	6.483139832202682029e-02	-6.583369652104428815e-02
1.464948563366325618e-01	-1.112653408297595986e-01	2.315432912008485444e-01	-4.799693071754032592e-01	2.440249249174706592e-01	-2.214509124286133113e-01	1.886952975303073932e-01	-5.475305607661389296e-01	1.000000000000000222e+00	-2.756215071109630044e-01	1.052886885618859875e-01	-1.252442070834890453e-01	2.831959228110559890e-01	-4.447763244004417915e-01	2.529775043485645858e-01	-8.659940035056533369e-02	6.807106365068789355e-02	-9.498532776138920997e-02	9.231417164475066994e-02	-1.328103860785699308e-01	1.046606907185198138e-01	-7.044816172067276672e-02	8.927993782434068271e-02	-7.267251673551851365e-02	6.353051701536976958e-02	-3.042805387893143462e-02	6.121786661973662586e-02	-5.875233466225637108e-02	6.413000863939168072e-02	-4.249690479050909769e-02	2.731875834596700012e-02	-3.900763004471519135e-02	5.634762283214229950e-02	-5.869169557198510023e-02	5.940467237123677607e-02
-1.154231701442525737e-01	8.353514192477827505e-02	-1.819829430975532514e-01	2.800238493976166532e-01	-6.712109192935269419e-01	1.084444746801462300e-01	-9.025817256429234658e-02	1.763223868889154944e-01	-2.756215071109630044e-01	1.000000000000000888e+00	-5.780904575807375295e-02	6.619150964226280798e-02	-1.363733832106908128e-01	1.601224404929878498e-01	-5.806230348326330004e-01	5.607210941545072436e-02	-4.616811459513970456e-02	6.702540704565213003e-02	-6.930001089384914270e-02	1.217540346886806235e-01	-7.085917298998033187e-02	4.909066122204575056e-02	-6.814800886868034591e-02	5.692468696813205581e-02	-5.361540658493462591e-02	2.385130002698037863e-02	-4.880876600429769757e-02	4.605571850915096688e-02	-5.159360770035169297e-02	3.538990238124927606e-02	-2.152266905165551442e-02	3.107543329078039235e-02	-4.549796902114867925e-02	4.753829609908492848e-02	-4.964266412947405949e-02
7.214239259659184500e-02	-5.025385619037175955e-02	9.274148055596970197e-02	-7.841568535466189593e-02	6.384702166345704311e-02	-3.375580357724934366e-01	2.396431459819298726e-01	-1.485392857354451146e-01	1.052886885618859875e-01	-5.780904575807375295e-02	1.000000000000001110e+00	-8.025203936769436108e-01	1.218418883165551247e-01	-1.021443042103391124e-01	9.230973774428229139e-02	-3.431288607591818085e-01	1.546481733554491422e-01	-9.025750263048133715e-02	7.856739325731312840e-02	-9.527364233292343054e-02	2.203036674568563114e-01	-1.343323827691904337e-01	9.415748730713163761e-02	-6.804979829589435925e-02	5.219404051090968666e-02	-3.206849041991674532e-02	5.846909920990805976e-02	-5.803995225301326194e-02	5.782989230903085726e-02	-3.560687548051467977e-02	2.823062599913525247e-02	-3.742610196616748958e-02	5.142715382317519790e-02	-5.230614000723729506e-02	4.922285263337691785e-02
-8.180904851528414401e-02	5.656270383305050942e-02	-1.073256284874555821e-01	8.903171900065733058e-02	-7.375759065043055451e-02	2.671337083662087553e-01	-3.585939625022943056e-01	1.662182400963604090e-01	-1.252442070834890453e-01	6.619150964226280798e-02	-8.025203936769436108e-01	1.000000000000001776e+00	-1.555217549418408118e-01	1.162794600142106061e-01	-1.066822011157479988e-01	2.265646734120999317e-01	-1.610385131321913910e-01	9.483420858169469558e-02	-8.573137219212260962e-02	1.021955028941881199e-01	-2.537962376107591456e-01	1.302585083458154824e-01	-1.022376589828415810e-01	7.301773793571368631e-02	-5.725044925648604954e-02	3.528239328525949181e-02	-6.427093055320375059e-02	6.261563009304783878e-02	-6.322855648940803319e-02	3.887355917450617537e-02	-3.125947823807526116e-02	4.097372244489504156e-02	-5.683297777554056907e-02	5.677690724505161241e-02	-5.417712450980179117e-02
1.168082044644212641e-01	-8.388132177295762326e-02	1.714254090019455556e-01	-1.904378123223264274e-01	1.408287503516144901e-01	-2.091342000939326318e-01	1.779371982447798539e-01	-4.465885090523138978e-01	2.831959228110559890e-01	-1.363733832106908128e-01	1.218418883165551247e-01	-1.555217549418408118e-01	1.000000000000001332e+00	-7.563226798199207401e-01	1.951242058879325281e-01	-1.014383255218092306e-01	8.364976292365093602e-02	-1.552318996530418771e-01	1.262376301760048669e-01	-1.428097769538352046e-01	1.189618619702114966e-01	-8.529617534182042105e-02	1.111128649147324898e-01	-8.814130516964753526e-02	7.115352426876259129e-02	-3.463480003978224725e-02	6.995850027227627776e-02	-6.922162242918654396e-02	7.426589499864830191e-02	-4.778345182203756064e-02	3.094218748068720132e-02	-4.440314475056805071e-02	6.331439228381739726e-02	-6.697264053102434944e-02	6.615090539978776829e-02
-1.270822260874440446e-01	8.863212039117977781e-02	-1.897634212377608542e-01	2.077766549633464632e-01	-1.721730885900787655e-01	1.592413990920823474e-01	-1.465167357565489159e-01	2.883168413255011719e-01	-4.447763244004417915e-01	1.601224404929878498e-01	-1.021443042103391124e-01	1.162794600142106061e-01	-7.563226798199207401e-01	1.000000000000001110e+00	-2.568048330894731057e-01	8.777381622595883948e-02	-7.474826809075629797e-02	1.247520024368585362e-01	-1.257443105210503120e-01	1.353923642063694643e-01	-1.100395082352354503e-01	7.623441132893646333e-02	-1.051058086012663789e-01	8.290328371177528577e-02	-6.932219276196158186e-02	3.294684463799038565e-02	-6.750271518435367601e-02	6.539965579800073592e-02	-7.151975343526219275e-02	4.610687489010456552e-02	-2.962499955980273797e-02	4.251296975477696083e-02	-6.134935286480208694e-02	6.387550182508554275e-02	-6.456656346124772794e-02
1.560368764866657265e-01	-1.130543855109127499e-01	2.292119081210618192e-01	-3.405818500707145646e-01	2.979837939283538351e-01	-1.731999820256293898e-01	1.343356017246199186e-01	-2.575755951989082693e-01	2.529775043485645858e-01	-5.806230348326330004e-01	9.230973774428229139e-02	-1.066822011157479988e-01	1.951242058879325281e-01	-2.568048330894731057e-01	1.000000000000000888e+00	-9.690641428323251705e-02	8.063617295451970535e-02	-1.218838125108763215e-01	1.262395983720726589e-01	-2.627438635585667703e-01	1.216623772332815767e-01	-8.696640807203692702e-02	1.231176998246453352e-01	-1.056994374084785082e-01	1.007350764651028935e-01	-4.369964362903278055e-02	8.922387669997872139e-02	-8.461273420733735062e-02	9.516239696407312321e-02	-6.685104401908457949e-02	3.936470882216720757e-02	-5.715508979926688798e-02	8.354640623375056419e-02	-8.892167269758148584e-02	9.235778697698797390e-02
-6.624774025465376970e-02	4.443455590370254393e-02	-8.813410664460437360e-02	7.157184388083018267e-02	-6.205028819350467961e-02	1.544746415177900567e-01	-1.277461528701424043e-01	1.061913742913843800e-01	-8.659940035056533369e-02	5.607210941545072436e-02	-3.431288607591818085e-01	2.265646734120999317e-01	-1.014383255218092306e-01	8.777381622595883948e-02	-9.690641428323251705e-02	1.000000000000001332e+00	-5.186694366611376283e-01	1.649468251034053867e-01	-1.426525822511988395e-01	1.536556586458746598e-01	-6.539968712735368950e-01	2.975605038206077246e-01	-1.850150085738482830e-01	1.226131260521393651e-01	-8.901750605773403602e-02	6.243630274041185590e-02	-1.074673371883271278e-01	1.068495191573059916e-01	-1.028366543230369440e-01	6.098161935028642566e-02	-5.467299054921497675e-02	6.846837185636828194e-02	-9.196496203790688329e-02	9.159342969323000516e-02	-8.377273450298701463e-02
5.168592493250250691e-02	-3.471505116243999572e-02	6.941415623066035656e-02	-5.786900249801805313e-02	5.040294748492837873e-02	-1.106096410213575632e-01	8.700741880189265254e-02	-8.340381673693542108e-02	6.807106365068789355e-02	-4.616811459513970456e-02	1.546481733554491422e-01	-1.610385131321913910e-01	8.364976292365093602e-02	-7.474826809075629797e-02	8.063617295451970535e-02	-5.186694366611376283e-01	1.000000000000002665e+00	-2.518835264505201454e-01	1.625383030215424296e-01	-1.620654267785597846e-01	3.111151775755018334e-01	-7.086330714725015412e-01	2.128406124540027644e-01	-1.393126844400895681e-01	8.995403748315189407e-02	-5.566952375097596051e-02	1.087323742365009921e-01	-1.181983346307307892e-01	1.061858913906243290e-01	-6.222347619766380872e-02	4.810404716063190755e-02	-6.758345540418904396e-02	8.804955916658657733e-02	-9.438550126960487674e-02	8.304713874342152524e-02
-6.849084304754143870e-02	4.555799416205583152e-02	-9.431994052260726791e-02	8.065884181825665189e-02	-7.268524496496200915e-02	9.500831712047731747e-02	-7.728792141491733214e-02	1.077011151844799730e-01	-9.498532776138920997e-02	6.702540704565213003e-02	-9.025750263048133715e-02	9.483420858169469558e-02	-1.552318996530418771e-01	1.247520024368585362e-01	-1.218838125108763215e-01	1.649468251034053867e-01	-2.518835264505201454e-01	1.000000000000002887e+00	-7.084013996726584717e-01	2.789072085918365418e-01	-2.042985239820419574e-01	2.091461459858697802e-01	-4.513431877912568724e-01	2.511573868661180486e-01	-1.701424449749268930e-01	7.790053572222196965e-02	-1.761377960033477796e-01	1.855170867596580009e-01	-1.953568273498248742e-01	1.115402576043219990e-01	-6.996674991377070663e-02	1.042764940421620629e-01	-1.475745886579602484e-01	1.574663405542632288e-01	-1.528962132095190718e-01
6.724329042749678520e-02	-4.482935360385788270e-02	9.279945504410318236e-02	-8.131245314362849086e-02	7.312028606801396213e-02	-8.999119475401165524e-02	7.164859209889135050e-02	-1.033200199756912629e-01	9.231417164475066994e-02	-6.930001089384914270e-02	7.856739325731312840e-02	-8.573137219212260962e-02	1.262376301760048669e-01	-1.257443105210503120e-01	1.262395983720726589e-01	-1.426525822511988395e-01	1.625383030215424296e-01	-7.084013996726584717e-01	1.000000000000001998e+00	-4.695281883799531375e-01	1.642572256926963237e-01	-1.723223553063338298e-01	2.809515020943808006e-01	-3.418494975097063349e-01	1.830124184529983988e-01	-7.310614294169485994e-02	1.532319461552523465e-01	-1.722898715726799701e-01	1.961014127167903243e-01	-1.224864094945222331e-01	6.431749513033988008e-02	-9.798775381690935649e-02	1.350018119625013002e-01	-1.686452629253663571e-01	1.566097578603994345e-01
-1.139094233786684257e-01	7.444189663929570711e-02	-1.570913074964946365e-01	1.292206119616471360e-01	-1.306742711904232135e-01	1.165684601748538107e-01	-9.436015632362604322e-02	1.355723995684900152e-01	-1.328103860785699308e-01	1.217540346886806235e-01	-9.527364233292343054e-02	1.021955028941881199e-01	-1.428097769538352046e-01	1.353923642063694643e-01	-2.627438635585667703e-01	1.536556586458746598e-01	-1.620654267785597846e-01	2.789072085918365418e-01	-4.695281883799531375e-01	1.000000000000002665e+00	-2.242206095612004901e-01	1.742514948627243432e-01	-3.411539215652912294e-01	2.847609587022547073e-01	-3.848140443555794210e-01	1.093280540526237188e-01	-2.452853294675159113e-01	2.192459295525650276e-01	-2.766037944236521273e-01	2.122040007599797218e-01	-1.011879038054325358e-01	1.497229124566830660e-01	-2.298260827086668900e-01	2.412234990886619745e-01	-3.056128405037397133e-01
8.128131551349201955e-02	-5.479966777980284365e-02	1.084990836561472022e-01	-9.043901771740717188e-02	7.742522802039206176e-02	-1.898134760653027164e-01	1.394771802034299735e-01	-1.324764435866375989e-01	1.046606907185198138e-01	-7.085917298998033187e-02	2.203036674568563114e-01	-2.537962376107591456e-01	1.189618619702114966e-01	-1.100395082352354503e-01	1.216623772332815767e-01	-6.539968712735368950e-01	3.111151775755018334e-01	-2.042985239820419574e-01	1.642572256926963237e-01	-2.242206095612004901e-01	1.000000000000002887e+00	-4.779192651147749493e-01	2.154007595690259347e-01	-1.648266052837692730e-01	1.138308645080788190e-01	-9.070347166078837620e-02	1.333618035161569515e-01	-1.412522696996061644e-01	1.303188662251489882e-01	-7.994234113538725706e-02	7.376223318787127059e-02	-9.116475712938801323e-02	1.159056126695666017e-01	-1.233613188817822837e-01	1.063582295320734533e-01
-5.500835140116920596e-02	3.666528803215599042e-02	-7.419060839635802096e-02	6.093694124592968775e-02	-5.380650627332232705e-02	1.023641129632197194e-01	-8.213176488713307133e-02	8.368321337817800909e-02	-7.044816172067276672e-02	4.909066122204575056e-02	-1.343323827691904337e-01	1.302585083458154824e-01	-8.529617534182042105e-02	7.623441132893646333e-02	-8.696640807203692702e-02	2.975605038206077246e-01	-7.086330714725015412e-01	2.091461459858697802e-01	-1.723223553063338298e-01	1.742514948627243432e-01	-4.779192651147749493e-01	1.000000000000002220e+00	-3.347907109632576872e-01	1.608429689336498825e-01	-1.055096631521478118e-01	6.910524643687872282e-02	-1.430345728726774013e-01	1.455074081181327028e-01	-1.286397761947278562e-01	7.252783591275345498e-02	-6.038742435653175755e-02	8.312374547700081273e-02	-1.087107503051496088e-01	1.106362160420726881e-01	-9.800307763907013803e-02
7.083566211759993736e-02	-4.700124580237578092e-02	9.681538332637423805e-02	-8.164811299763692631e-02	7.313665072553363067e-02	-1.005152296985518945e-01	7.855164568653426327e-02	-1.031344337947668471e-01	8.927993782434068271e-02	-6.814800886868034591e-02	9.415748730713163761e-02	-1.022376589828415810e-01	1.111128649147324898e-01	-1.051058086012663789e-01	1.231176998246453352e-01	-1.850150085738482830e-01	2.128406124540027644e-01	-4.513431877912568724e-01	2.809515020943808006e-01	-3.411539215652912294e-01	2.154007595690259347e-01	-3.347907109632576872e-01	1.000000000000001998e+00	-4.673720770205858632e-01	2.004538011687648502e-01	-1.105595593641780783e-01	2.384769983118127379e-01	-4.118540881064576831e-01	2.637259474037519924e-01	-1.433508721933783314e-01	9.403073407347432855e-02	-1.489107258190918437e-01	1.865081708644960867e-01	-2.258232258205667975e-01	1.791209546766437954e-01
-5.920808965754253972e-02	3.902321311434915618e-02	-8.103066809764325473e-02	6.698796236411735938e-02	-6.162835197554669686e-02	7.557616934612480797e-02	-5.992664510112633708e-02	8.065478746998983040e-02	-7.267251673551851365e-02	5.692468696813205581e-02	-6.804979829589435925e-02	7.301773793571368631e-02	-8.814130516964753526e-02	8.290328371177528577e-02	-1.056994374084785082e-01	1.226131260521393651e-01	-1.393126844400895681e-01	2.511573868661180486e-01	-3.418494975097063349e-01	2.847609587022547073e-01	-1.648266052837692730e-01	1.608429689336498825e-01	-4.673720770205858632e-01	1.000000000000001776e+00	-3.828311081801258897e-01	9.748796344958644833e-02	-2.212301752731363202e-01	2.515977980483598553e-01	-5.457498402023931439e-01	2.121727824806218243e-01	-8.674892833354860833e-02	1.355924152073232081e-01	-1.913422953694324802e-01	2.753823878938630454e-01	-2.724848632389249570e-01
5.377389005750998069e-02	-3.539128130967605923e-02	7.369204494311024090e-02	-6.139464896799486787e-02	5.690275113222235948e-02	-6.348804423628592875e-02	4.977325750681121236e-02	-7.000330682621479228e-02	6.353051701536976958e-02	-5.361540658493462591e-02	5.219404051090968666e-02	-5.725044925648604954e-02	7.115352426876259129e-02	-6.932219276196158186e-02	1.007350764651028935e-01	-8.901750605773403602e-02	8.995403748315189407e-02	-1.701424449749268930e-01	1.830124184529983988e-01	-3.848140443555794210e-01	1.138308645080788190e-01	-1.055096631521478118e-01	2.004538011687648502e-01	-3.828311081801258897e-01	1.000000000000002220e+00	-7.623820916554657767e-02	1.466963230896863035e-01	-1.643639923364292044e-01	2.378964207929355756e-01	-6.731067014120849512e-01	6.579578489281072418e-02	-1.064077610456020395e-01	1.457966279750632643e-01	-3.088999472336277918e-01	3.096170715773820525e-01
-2.574202805625743981e-02	1.695264524732979089e-02	-3.504073415141378128e-02	2.852032929390415847e-02	-2.597385539425923692e-02	3.495089587981688173e-02	-2.709751893377573481e-02	3.455648716681219978e-02	-3.042805387893143462e-02	2.385130002698037863e-02	-3.206849041991674532e-02	3.528239328525949181e-02	-3.463480003978224725e-02	3.294684463799038565e-02	-4.369964362903278055e-02	6.243630274041185590e-02	-5.566952375097596051e-02	7.790053572222196965e-02	-7.310614294169485994e-02	1.093280540526237188e-01	-9.070347166078837620e-02	6.910524643687872282e-02	-1.105595593641780783e-01	9.748796344958644833e-02	-7.623820916554657767e-02	1.000000000000001776e+00	-2.786899328232741446e-01	1.594768971038319771e-01	-1.139158822402903254e-01	5.757768490512651244e-02	-8.646793815971622887e-01	2.686929478457616982e-01	-2.926673488609725093e-01	1.175067522406533643e-01	-8.275436368073862958e-02
5.158545184858891186e-02	-3.399836563207116191e-02	7.039184773894420488e-02	-5.799730448604889510e-02	5.264668068692505282e-02	-6.693327683583075172e-02	5.195792114510876941e-02	-6.941631332522260611e-02	6.121786661973662586e-02	-4.880876600429769757e-02	5.846909920990805976e-02	-6.427093055320375059e-02	6.995850027227627776e-02	-6.750271518435367601e-02	8.922387669997872139e-02	-1.074673371883271278e-01	1.087323742365009921e-01	-1.761377960033477796e-01	1.532319461552523465e-01	-2.452853294675159113e-01	1.333618035161569515e-01	-1.430345728726774013e-01	2.384769983118127379e-01	-2.212301752731363202e-01	1.466963230896863035e-01	-2.786899328232741446e-01	1.000000000000002442e+00	-6.520254413718397091e-01	2.346610751028764819e-01	-1.155487735658632248e-01	2.057092284108706093e-01	-4.409214110120663332e-01	2.926770140760522332e-01	-2.392912078349812843e-01	1.513154188133730149e-01
-4.885226535721821917e-02	3.218502113545550908e-02	-6.668498814323348123e-02	5.473555991459603393e-02	-4.997028050086345374e-02	6.388006252872371893e-02	-5.017210640110683628e-02	6.613993065658517467e-02	-5.875233466225637108e-02	4.605571850915096688e-02	-5.803995225301326194e-02	6.261563009304783878e-02	-6.922162242918654396e-02	6.539965579800073592e-02	-8.461273420733735062e-02	1.068495191573059916e-01	-1.181983346307307892e-01	1.855170867596580009e-01	-1.722898715726799701e-01	2.192459295525650276e-01	-1.412522696996061644e-01	1.455074081181327028e-01	-4.118540881064576831e-01	2.515977980483598553e-01	-1.643639923364292044e-01	1.594768971038319771e-01	-6.520254413718397091e-01	1.000000000000002220e+00	-3.967696953576158037e-01	1.235161830679326472e-01	-1.467583886826812067e-01	2.340422079873227534e-01	-3.172965566579233343e-01	2.339274760470124170e-01	-1.682090178392535440e-01
5.360086676941773487e-02	-3.531298107599658426e-02	7.329272073114109776e-02	-6.063859093233999603e-02	5.547522085940420622e-02	-6.724917923923061369e-02	5.262413927179433737e-02	-7.180606934940457486e-02	6.413000863939168072e-02	-5.159360770035169297e-02	5.782989230903085726e-02	-6.322855648940803319e-02	7.426589499864830191e-02	-7.151975343526219275e-02	9.516239696407312321e-02	-1.028366543230369440e-01	1.061858913906243290e-01	-1.953568273498248742e-01	1.961014127167903243e-01	-2.766037944236521273e-01	1.303188662251489882e-01	-1.286397761947278562e-01	2.637259474037519924e-01	-5.457498402023931439e-01	2.378964207929355756e-01	-1.139158822402903254e-01	2.346610751028764819e-01	-3.967696953576158037e-01	1.000000000000001998e+00	-2.159823511499539828e-01	9.645571128875986278e-02	-1.637840525253262403e-01	2.109431399384178452e-01	-5.524981644072661791e-01	2.522820453760360460e-01
-3.618954923909373927e-02	2.377354512326877375e-02	-4.954819852880639613e-02	4.078545528020508654e-02	-3.800388260611368973e-02	4.266041194865884123e-02	-3.355415991990789298e-02	4.666998495249481682e-02	-4.249690479050909769e-02	3.538990238124927606e-02	-3.560687548051467977e-02	3.887355917450617537e-02	-4.778345182203756064e-02	4.610687489010456552e-02	-6.685104401908457949e-02	6.098161935028642566e-02	-6.222347619766380872e-02	1.115402576043219990e-01	-1.224864094945222331e-01	2.122040007599797218e-01	-7.994234113538725706e-02	7.252783591275345498e-02	-1.433508721933783314e-01	2.121727824806218243e-01	-6.731067014120849512e-01	5.757768490512651244e-02	-1.155487735658632248e-01	1.235161830679326472e-01	-2.159823511499539828e-01	1.000000000000001776e+00	-5.057916416172890395e-02	8.186844928005290734e-02	-1.182943408793937501e-01	2.474235838755607375e-01	-6.162020357625020983e-01
2.314140799895301678e-02	-1.524600037916740841e-02	3.150848102669259049e-02	-2.572671560401329841e-02	2.337540722839673638e-02	-3.127844600977590372e-02	2.416559925932828395e-02	-3.109590283844888142e-02	2.731875834596700012e-02	-2.152266905165551442e-02	2.823062599913525247e-02	-3.125947823807526116e-02	3.094218748068720132e-02	-2.962499955980273797e-02	3.936470882216720757e-02	-5.467299054921497675e-02	4.810404716063190755e-02	-6.996674991377070663e-02	6.431749513033988008e-02	-1.011879038054325358e-01	7.376223318787127059e-02	-6.038742435653175755e-02	9.403073407347432855e-02	-8.674892833354860833e-02	6.579578489281072418e-02	-8.646793815971622887e-01	2.057092284108706093e-01	-1.467583886826812067e-01	9.645571128875986278e-02	-5.057916416172890395e-02	1.000000000000001554e+00	-3.889953057149897475e-01	2.311366098767052568e-01	-1.065763868230031330e-01	7.083968807432221293e-02
-3.313970621141802686e-02	2.179912058940077987e-02	-4.519908900287007703e-02	3.688789243363176096e-02	-3.372258519201028898e-02	4.249370887415603731e-02	-3.311369832567729460e-02	4.390267912458827027e-02	-3.900763004471519135e-02	3.107543329078039235e-02	-3.742610196616748958e-02	4.097372244489504156e-02	-4.440314475056805071e-02	4.251296975477696083e-02	-5.715508979926688798e-02	6.846837185636828194e-02	-6.758345540418904396e-02	1.042764940421620629e-01	-9.798775381690935649e-02	1.497229124566830660e-01	-9.116475712938801323e-02	8.312374547700081273e-02	-1.489107258190918437e-01	1.355924152073232081e-01	-1.064077610456020395e-01	2.686929478457616982e-01	-4.409214110120663332e-01	2.340422079873227534e-01	-1.637840525253262403e-01	8.186844928005290734e-02	-3.889953057149897475e-01	1.000000000000001776e+00	-7.063236536805247434e-01	1.805779714728877605e-01	-1.193175428989275977e-01
4.819870441509908204e-02	-3.170326983596656600e-02	6.577103074082676915e-02	-5.386053325671454062e-02	4.914112172749805774e-02	-6.050114492605289385e-02	4.693254411832745165e-02	-6.347902861330345647e-02	5.634762283214229950e-02	-4.549796902114867925e-02	5.142715382317519790e-02	-5.683297777554056907e-02	6.331439228381739726e-02	-6.134935286480208694e-02	8.354640623375056419e-02	-9.196496203790688329e-02	8.804955916658657733e-02	-1.475745886579602484e-01	1.350018119625013002e-01	-2.298260827086668900e-01	1.159056126695666017e-01	-1.087107503051496088e-01	1.865081708644960867e-01	-1.913422953694324802e-01	1.457966279750632643e-01	-2.926673488609725093e-01	2.926770140760522332e-01	-3.172965566579233343e-01	2.109431399384178452e-01	-1.182943408793937501e-01	2.311366098767052568e-01	-7.063236536805247434e-01	1.000000000000001998e+00	-3.232734480640930275e-01	1.650427194715820556e-01
-4.993603732881610191e-02	3.278520228231805722e-02	-6.824801740226922597e-02	5.562261579414470164e-02	-5.159084823009568721e-02	6.060874713862889063e-02	-4.772705296247031770e-02	6.483139832202682029e-02	-5.869169557198510023e-02	4.753829609908492848e-02	-5.230614000723729506e-02	5.677690724505161241e-02	-6.697264053102434944e-02	6.387550182508554275e-02	-8.892167269758148584e-02	9.159342969323000516e-02	-9.438550126960487674e-02	1.574663405542632288e-01	-1.686452629253663571e-01	2.412234990886619745e-01	-1.233613188817822837e-01	1.106362160420726881e-01	-2.258232258205667975e-01	2.753823878938630454e-01	-3.088999472336277918e-01	1.175067522406533643e-01	-2.392912078349812843e-01	2.339274760470124170e-01	-5.524981644072661791e-01	2.474235838755607375e-01	-1.065763868230031330e-01	1.805779714728877605e-01	-3.232734480640930275e-01	1.000000000000001776e+00	-5.374669343742881633e-01
5.076968869109708959e-02	-3.338550500504354479e-02	6.948006065979235590e-02	-5.747679725806223439e-02	5.297569887594481830e-02	-6.015676392457899868e-02	4.698745002919712394e-02	-6.583369652104428815e-02	5.940467237123677607e-02	-4.964266412947405949e-02	4.922285263337691785e-02	-5.417712450980179117e-02	6.615090539978776829e-02	-6.456656346124772794e-02	9.235778697698797390e-02	-8.377273450298701463e-02	8.304713874342152524e-02	-1.528962132095190718e-01	1.566097578603994345e-01	-3.056128405037397133e-01	1.063582295320734533e-01	-9.800307763907013803e-02	1.791209546766437954e-01	-2.724848632389249570e-01	3.096170715773820525e-01	-8.275436368073862958e-02	1.513154188133730149e-01	-1.682090178392535440e-01	2.522820453760360460e-01	-6.162020357625020983e-01	7.083968807432221293e-02	-1.193175428989275977e-01	1.650427194715820556e-01	-5.374669343742881633e-01	1.000000000000001776e+00
