1.000000000000000222e+00	-4.429811274971217627e-01	2.808398442064150569e-01	-2.838330429128264054e-01	1.962288228599619322e-01	-4.651643946642670668e-01	3.055502682483825505e-01	-3.046820560560481450e-01	2.150550418269100705e-01	-1.768283314739920453e-01	2.494707867364305554e-01	-2.838419045081123082e-01	2.361380029968038752e-01	-2.851083151823456951e-01	2.356272634215659800e-01	-1.970964874982951698e-01	1.536034494427686303e-01	-2.639330563579674882e-01	1.482670962035343709e-01	-1.379091839648038664e-01	1.054943224691192311e-01	-1.164185113827599649e-01	2.183765283459935536e-01	-1.355876214042532890e-01	1.009337653492108355e-01	-9.044341279313089510e-02	9.732849415047029051e-02	-1.112695690445747732e-01	9.876227787772200173e-02	-1.128527651766713241e-01	9.791443912801327254e-02	-1.006053344697107194e-01	9.807120545737650630e-02	-9.327061473897510502e-02	7.826488850287004195e-02	-8.761615776445080828e-02	9.056989088096369100e-02	-9.416842330381336446e-02	9.156248692609299245e-02	-7.948472094605812943e-02	1.211276151532494766e-01	-7.824424445532990324e-02	9.941704748593384322e-02	-6.221715659064068482e-02	7.203013417438242083e-02
-4.429811274971217627e-01	1.000000000000000666e+00	-5.745420221573191988e-01	2.268878709266538007e-01	-1.498003393412789541e-01	2.658897183403616804e-01	-5.587287618367017261e-01	2.330977784511059914e-01	-1.736110627862957612e-01	1.222307897863827153e-01	-1.934891809926771455e-01	1.957932851758370230e-01	-1.807907439147485862e-01	1.837725886251572460e-01	-1.595455948624691922e-01	1.101446181209339015e-01	-9.395356061551397853e-02	1.557944889822795997e-01	-9.543492076144693970e-02	8.337942264804180936e-02	-6.274133385600987045e-02	6.871623081400347888e-02	-1.398292054387590688e-01	8.054218002825924705e-02	-6.116426297632112513e-02	5.321854123744383658e-02	-5.797297907516251597e-02	6.591583493222973045e-02	-5.902548681477814974e-02	6.655925739684635800e-02	-5.843857469543907446e-02	5.940651364706019122e-02	-5.863663609908541935e-02	5.511922379893228335e-02	-4.671805242576958922e-02	5.181851104539281910e-02	-5.398709370230130034e-02	5.581196975851245717e-02	-5.464811384882720807e-02	4.692564301941293259e-02	-7.280568010591086103e-02	4.662565314777963876e-02	-5.961261095927750109e-02	3.702597251899253372e-02	-4.315679832721908138e-02
2.808398442064150569e-01	-5.745420221573191988e-01	1.000000000000000666e+00	-4.801597004315529826e-01	1.954515940679819597e-01	-2.242630323876147747e-01	2.633622710575757586e-01	-4.099342215826765612e-01	2.546923783480544712e-01	-1.697629522944852920e-01	1.761544894256768801e-01	-2.019451833315442368e-01	2.264790370804320163e-01	-2.623339202206751986e-01	1.925222504354910658e-01	-1.304424713024221472e-01	1.103474265124184395e-01	-1.949991727890834914e-01	1.213377031820308816e-01	-1.070569137728170500e-01	7.415417510113364585e-02	-8.160856108214216420e-02	1.666355069059161365e-01	-9.997531290586463004e-02	7.588868235983739496e-02	-6.323154183160042963e-02	6.885176942337237205e-02	-7.903396036305795902e-02	7.161995726475492430e-02	-8.165476429652637758e-02	6.942592238902550728e-02	-7.085017993776777934e-02	7.011633061428736158e-02	-6.672206681569255171e-02	5.670886762605267112e-02	-6.175520417073360191e-02	6.435036366650707940e-02	-6.685331407718705932e-02	6.582837327350989087e-02	-5.689219032503443213e-02	8.649593600929426918e-02	-5.559148522841058510e-02	7.109982445648269089e-02	-4.439234740074973762e-02	5.166413150190724002e-02
-2.838330429128264054e-01	2.268878709266538007e-01	-4.801597004315529826e-01	1.000000000000000888e+00	-3.824986410554237493e-01	1.671071063887714925e-01	-2.088476967522969185e-01	2.740975880936462050e-01	-5.802486273625910851e-01	2.415922998175520087e-01	-1.587780182729469913e-01	1.645233834573485154e-01	-2.179502202730503602e-01	2.829650062776097319e-01	-2.577020056556555416e-01	1.263086530497475046e-01	-1.093020335629765888e-01	1.802807941124908164e-01	-1.405840590105143229e-01	1.138423786275829380e-01	-7.541475658996296683e-02	8.156789377627164661e-02	-1.775180437152174828e-01	1.044741137878918563e-01	-8.126611027480103167e-02	6.421937971651685284e-02	-7.029808342452735503e-02	8.158639008705204088e-02	-7.526094605456663811e-02	8.521453539364372276e-02	-7.199462004929749193e-02	7.285844119856839385e-02	-7.302304804594576815e-02	6.950748719789212604e-02	-5.976528512208157534e-02	6.390736585460272956e-02	-6.699629687036726122e-02	6.954761111254934014e-02	-6.913699292019966081e-02	5.937571762155599564e-02	-9.102768920827926380e-02	5.806169107453881817e-02	-7.471319158379777225e-02	4.653959462674416014e-02	-5.447866147371348278e-02
1.962288228599619322e-01	-1.498003393412789541e-01	1.954515940679819597e-01	-3.824986410554237493e-01	1.000000000000001110e+00	-1.266645975393076440e-01	1.362886674506879892e-01	-2.113532864729220084e-01	2.453019103634270781e-01	-7.324919052422773635e-01	1.190449151117783239e-01	-1.328144795983525195e-01	1.622391676998032606e-01	-2.452970983009973294e-01	3.028202251103948028e-01	-1.308646556848738485e-01	1.039004723252122675e-01	-1.755493643268758175e-01	1.197141726691816205e-01	-1.091098610769737770e-01	7.420374808611063244e-02	-8.064409522457512136e-02	1.615326434163709690e-01	-1.026779269464958982e-01	7.753567539184559598e-02	-6.393975096418824666e-02	6.915706180723178720e-02	-8.094702916879900623e-02	7.375355017971153837e-02	-8.488861516838963617e-02	7.103007593043804413e-02	-7.259686100525360175e-02	7.179891665126772460e-02	-6.920536849861957940e-02	5.870285187434233498e-02	-6.375778498112882886e-02	6.626293767951901836e-02	-6.920884859535110512e-02	6.812769811828016386e-02	-5.921840613818305649e-02	8.960578067021184034e-02	-5.755350277646650164e-02	7.355589339213131073e-02	-4.617748787621288320e-02	5.366817617749412156e-02
-4.651643946642670668e-01	2.658897183403616804e-01	-2.242630323876147747e-01	1.671071063887714925e-01	-1.266645975393076440e-01	1.000000000000000222e+00	-5.828572400522239461e-01	2.050809654053813991e-01	-1.421883108724515121e-01	1.064579458493002534e-01	-5.179989499848394185e-01	2.835181947483441101e-01	-1.939519600891325968e-01	1.731906571092826641e-01	-1.482762613474307434e-01	1.165773773975712080e-01	-1.012711839247187190e-01	1.604639144671084205e-01	-9.204007775799012692e-02	8.085161013084553316e-02	-6.537534374359096900e-02	7.182245739112523564e-02	-1.419467436663656712e-01	7.958306920664574846e-02	-6.023884301808481168e-02	5.492995552162993622e-02	-5.990607230759576601e-02	6.689272223657073690e-02	-5.908494278979437020e-02	6.614182405438256973e-02	-5.976040863391732239e-02	6.065422335653970765e-02	-5.951663293302234675e-02	5.528266381101713811e-02	-4.665886850463158569e-02	5.273710350074638231e-02	-5.489139897558985293e-02	5.644955140251346759e-02	-5.491495770700234591e-02	4.695626785185733065e-02	-7.387672099649118806e-02	4.728069562706140733e-02	-6.034087044861312366e-02	3.730078416814931741e-02	-4.347254567184241636e-02
3.055502682483825505e-01	-5.587287618367017261e-01	2.633622710575757586e-01	-2.088476967522969185e-01	1.362886674506879892e-01	-5.828572400522239461e-01	1.000000000000001110e+00	-2.630501365118011470e-01	1.627843249715471563e-01	-1.186107960301591296e-01	2.631087208532892907e-01	-3.231602586585827774e-01	2.012689650613488923e-01	-1.983926403953258366e-01	1.535242492764040401e-01	-1.213107206772086610e-01	1.033573565414288437e-01	-1.742128590927023435e-01	9.872296271337129003e-02	-8.790851167057524285e-02	6.712546328631902037e-02	-7.459264483095719156e-02	1.454722146492878065e-01	-8.479030652735645990e-02	6.400001304461475082e-02	-5.687950771057252025e-02	6.185653174671759680e-02	-6.964391041130767179e-02	6.190913059878442454e-02	-6.996977779813159937e-02	6.165470634117488358e-02	-6.293402291895344725e-02	6.171229493157294466e-02	-5.792757152219184247e-02	4.891026522374596064e-02	-5.464050955483444605e-02	5.679382381625039389e-02	-5.868105862736409939e-02	5.724727067440618655e-02	-4.925992263427338147e-02	7.611023912477191122e-02	-4.892821619604569017e-02	6.238771186349410802e-02	-3.876489571596714728e-02	4.507668864689080152e-02
-3.046820560560481450e-01	2.330977784511059914e-01	-4.099342215826765612e-01	2.740975880936462050e-01	-2.113532864729220084e-01	2.050809654053813991e-01	-2.630501365118011470e-01	1.000000000000002220e+00	-3.967604631473178323e-01	1.747956422589530823e-01	-2.396058195174885219e-01	2.470701521463974371e-01	-5.817270928094969706e-01	3.014826635872324689e-01	-2.319288884752934987e-01	1.495373227680661110e-01	-1.418178813553380990e-01	2.421177703132181280e-01	-1.504242754980493757e-01	1.225537054045448548e-01	-9.087690854329137646e-02	9.919625320035622973e-02	-2.278321816866114846e-01	1.171126878504445135e-01	-9.046406092733744186e-02	7.646181072903714127e-02	-8.445291499160492710e-02	9.585306219936569339e-02	-8.615027648810588690e-02	9.578294913254872811e-02	-8.491185161514254454e-02	8.566657897468892002e-02	-8.574981907703363437e-02	7.953301677082888488e-02	-6.794371030304209580e-02	7.468665427952625446e-02	-7.838308973936759794e-02	8.070113269116666044e-02	-7.947098384706925700e-02	6.755010476388799423e-02	-1.061634986481198029e-01	6.760576693156204742e-02	-8.690239036778170389e-02	5.361687368323843350e-02	-6.282768134988933606e-02
2.150550418269100705e-01	-1.736110627862957612e-01	2.546923783480544712e-01	-5.802486273625910851e-01	2.453019103634270781e-01	-1.421883108724515121e-01	1.627843249715471563e-01	-3.967604631473178323e-01	1.000000000000000888e+00	-2.740130780826314227e-01	1.453128063196277575e-01	-1.627827633598676604e-01	2.464266768087768067e-01	-5.531256164781113149e-01	2.238104171748396820e-01	-1.183425046162891736e-01	1.037402556307069901e-01	-1.828559882742855636e-01	1.541053550496335467e-01	-1.291675425991677673e-01	7.045944515498435423e-02	-7.697275453494842323e-02	1.662195177231082233e-01	-1.074912513632872713e-01	8.342202010050721317e-02	-6.020548481619945186e-02	6.604880151187983439e-02	-7.731669110416089508e-02	7.320113900916393190e-02	-8.495562966820402462e-02	6.717814234409404117e-02	-6.840760973787790578e-02	6.888630818531532585e-02	-6.711225934761394507e-02	5.806702944913563064e-02	-5.976106851386051022e-02	6.273943089592939892e-02	-6.563633778716082556e-02	6.605440058108459633e-02	-5.747461202110663858e-02	8.450012373649326558e-02	-5.428662988486064600e-02	6.991245333152566743e-02	-4.394455385006275361e-02	5.129253047946762817e-02
-1.768283314739920453e-01	1.222307897863827153e-01	-1.697629522944852920e-01	2.415922998175520087e-01	-7.324919052422773635e-01	1.064579458493002534e-01	-1.186107960301591296e-01	1.747956422589530823e-01	-2.740130780826314227e-01	1.000000000000001332e+00	-1.034032540666144223e-01	1.111091457702782087e-01	-1.418771464311099628e-01	2.058692621387392396e-01	-5.125506710271967581e-01	1.065076667054991322e-01	-8.676974888589658597e-02	1.430528709599837023e-01	-1.064313002261252084e-01	9.328066383904289050e-02	-6.192850031155743701e-02	6.691965979891684180e-02	-1.389570621506585890e-01	8.627011678352078383e-02	-6.624556498117141479e-02	5.319042415499501686e-02	-5.777407849420502367e-02	6.767129042508102099e-02	-6.217993413937674546e-02	7.113467256532557403e-02	-5.956588400544642753e-02	6.058452819183191701e-02	-6.031796673045309448e-02	5.797355234104002719e-02	-4.951399927222811109e-02	5.328923544075817725e-02	-5.559601293151500423e-02	5.796313781747455124e-02	-5.735933116522105163e-02	4.961695681249043283e-02	-7.550839913182488816e-02	4.830737713423322727e-02	-6.195197847940353553e-02	3.879296650613540953e-02	-4.524328862952828323e-02
2.494707867364305554e-01	-1.934891809926771455e-01	1.761544894256768801e-01	-1.587780182729469913e-01	1.190449151117783239e-01	-5.179989499848394185e-01	2.631087208532892907e-01	-2.396058195174885219e-01	1.453128063196277575e-01	-1.034032540666144223e-01	9.999999999999993339e-01	-6.990003800340960360e-01	2.406936011472472770e-01	-2.000254988360428698e-01	1.410883350452026286e-01	-1.350522266730155019e-01	1.163602210161558820e-01	-1.888044830417594522e-01	9.711527777340436818e-02	-8.591671793319624606e-02	7.092323565738688218e-02	-8.003974857980646063e-02	1.479233482188204996e-01	-8.344807173324542138e-02	6.299520361126191570e-02	-5.921546754412131131e-02	6.453867102189046745e-02	-7.051374963428788667e-02	6.161062004055235103e-02	-6.897722708993142549e-02	6.300886130849722711e-02	-6.425780731102544163e-02	6.244957204451255517e-02	-5.763178514619202858e-02	4.846316437537132732e-02	-5.537293300924712308e-02	5.751090128073933078e-02	-5.895428783286548596e-02	5.707771015343228449e-02	-4.882676129673100412e-02	7.664669631763455782e-02	-4.928456317269390430e-02	6.268683232688723739e-02	-3.868093407345134932e-02	4.497355905374652435e-02
-2.838419045081123082e-01	1.957932851758370230e-01	-2.019451833315442368e-01	1.645233834573485154e-01	-1.328144795983525195e-01	2.835181947483441101e-01	-3.231602586585827774e-01	2.470701521463974371e-01	-1.627827633598676604e-01	1.111091457702782087e-01	-6.990003800340960360e-01	1.000000000000002220e+00	-4.281062666176242426e-01	2.080200317199261961e-01	-1.587667468653551073e-01	1.364674355256843830e-01	-1.385090313685194141e-01	1.992499483798510218e-01	-1.075308801172792927e-01	9.088149547060790645e-02	-7.742868855191807620e-02	8.787864537943870791e-02	-1.701268185111206310e-01	8.940063940411202559e-02	-6.817900801831841551e-02	6.434602667575212154e-02	-7.098698206535081212e-02	7.686416327272828364e-02	-6.701499079222650312e-02	7.410631598323401403e-02	-6.904476325149645766e-02	7.000118741808764034e-02	-6.843575788810182803e-02	6.240795264458470076e-02	-5.264461194479398004e-02	6.035171518189820505e-02	-6.293886390030194178e-02	6.423086796381359542e-02	-6.223139427595878598e-02	5.279756185911931715e-02	-8.426807121228124808e-02	5.391054091572281687e-02	-6.876712931328313183e-02	4.219435613356001258e-02	-4.924020874715365204e-02
2.361380029968038752e-01	-1.807907439147485862e-01	2.264790370804320163e-01	-2.179502202730503602e-01	1.622391676998032606e-01	-1.939519600891325968e-01	2.012689650613488923e-01	-5.817270928094969706e-01	2.464266768087768067e-01	-1.418771464311099628e-01	2.406936011472472770e-01	-4.281062666176242426e-01	1.000000000000000444e+00	-4.279877787085020757e-01	1.894045185961481803e-01	-1.505955250683383151e-01	1.475979995978051462e-01	-3.716381568664728907e-01	1.488214109637523430e-01	-1.249050371318131819e-01	8.823879221754947488e-02	-1.000494439106822259e-01	2.189708488898120808e-01	-1.150409104113258307e-01	8.796920284701942316e-02	-7.437042618449203613e-02	8.222029478608307296e-02	-9.227230501183029954e-02	8.244670101501778980e-02	-9.255527021617820926e-02	8.075937424712670287e-02	-8.229144513727153221e-02	8.175302291420091794e-02	-7.606724053476564273e-02	6.472453839627884120e-02	-7.101020353093689952e-02	7.433602212587669955e-02	-7.667460851174472125e-02	7.537267185215699994e-02	-6.447764342669848325e-02	9.932850765937942250e-02	-6.380356521564420347e-02	8.171406499906605503e-02	-5.056518682857115421e-02	5.899071411291578748e-02
-2.851083151823456951e-01	1.837725886251572460e-01	-2.623339202206751986e-01	2.829650062776097319e-01	-2.452970983009973294e-01	1.731906571092826641e-01	-1.983926403953258366e-01	3.014826635872324689e-01	-5.531256164781113149e-01	2.058692621387392396e-01	-2.000254988360428698e-01	2.080200317199261961e-01	-4.279877787085020757e-01	1.000000000000002665e+00	-2.998693000215537641e-01	1.546918930551285931e-01	-1.411817124189272132e-01	2.347478839770485159e-01	-3.109888269153201490e-01	1.914453382848121665e-01	-9.608364211422971979e-02	1.039075491420698716e-01	-2.387327968292275171e-01	1.524821378335681765e-01	-1.242191445727785920e-01	8.188091892159744811e-02	-9.048193459465331268e-02	1.066877339671538638e-01	-1.036633539993891406e-01	1.193887929578911072e-01	-9.268093781347078175e-02	9.382226386049385969e-02	-9.578745825196276209e-02	9.353188625182774774e-02	-8.237451483051534684e-02	8.217382664602815301e-02	-8.686416356576746878e-02	9.089129800669509818e-02	-9.278257007359450026e-02	8.021929578009148742e-02	-1.175808527753667010e-01	7.522559155922864393e-02	-9.750842299894868503e-02	6.123606364871889834e-02	-7.188114945526097310e-02
2.356272634215659800e-01	-1.595455948624691922e-01	1.925222504354910658e-01	-2.577020056556555416e-01	3.028202251103948028e-01	-1.482762613474307434e-01	1.535242492764040401e-01	-2.319288884752934987e-01	2.238104171748396820e-01	-5.125506710271967581e-01	1.410883350452026286e-01	-1.587667468653551073e-01	1.894045185961481803e-01	-2.998693000215537641e-01	1.000000000000001776e+00	-1.873782722715871263e-01	1.425098661830080382e-01	-2.356412140931334886e-01	1.582500773478189848e-01	-1.547006826654517275e-01	1.045911840115704428e-01	-1.132965832580284105e-01	2.194821441661660155e-01	-1.444922941477894407e-01	1.085982713567421737e-01	-9.064050050654995361e-02	9.750488676495781826e-02	-1.148655654910026302e-01	1.042658423735472462e-01	-1.208398538867215682e-01	1.008035980515545327e-01	-1.032867922330611282e-01	1.016734691427393228e-01	-9.855053803327784578e-02	8.320043085527090154e-02	-9.098127263709347712e-02	9.424195697005971484e-02	-9.867873940706070601e-02	9.675254655846961260e-02	-8.445820282257764100e-02	1.276235543981207032e-01	-8.205052350681116269e-02	1.046247328835307189e-01	-6.587901686867075890e-02	7.639583364634697227e-02
-1.970964874982951698e-01	1.101446181209339015e-01	-1.304424713024221472e-01	1.263086530497475046e-01	-1.308646556848738485e-01	1.165773773975712080e-01	-1.213107206772086610e-01	1.495373227680661110e-01	-1.183425046162891736e-01	1.065076667054991322e-01	-1.350522266730155019e-01	1.364674355256843830e-01	-1.505955250683383151e-01	1.546918930551285931e-01	-1.873782722715871263e-01	1.000000000000001554e+00	-6.257836275429762285e-01	2.714883946090956290e-01	-1.346053736439592752e-01	1.204093692330378967e-01	-3.879402746766040799e-01	2.961587148257279756e-01	-3.288801829903615914e-01	1.565423887769873124e-01	-1.176305129643116509e-01	2.362264079764200275e-01	-2.556216544431589854e-01	2.044185173043318593e-01	-1.518461075965608087e-01	1.488687049372398319e-01	-2.334748003924164983e-01	2.126097955241036119e-01	-1.928038989934786340e-01	1.457821617227508526e-01	-1.164211715103571354e-01	1.831197772097954146e-01	-1.901687562007340349e-01	1.740005109378552350e-01	-1.528887307269397589e-01	1.199810839110847932e-01	-2.572539935741887107e-01	1.569316402493817209e-01	-1.961604295911945628e-01	1.095984390379618340e-01	-1.290691457516663920e-01
1.536034494427686303e-01	-9.395356061551397853e-02	1.103474265124184395e-01	-1.093020335629765888e-01	1.039004723252122675e-01	-1.012711839247187190e-01	1.033573565414288437e-01	-1.418178813553380990e-01	1.037402556307069901e-01	-8.676974888589658597e-02	1.163602210161558820e-01	-1.385090313685194141e-01	1.475979995978051462e-01	-1.411817124189272132e-01	1.425098661830080382e-01	-6.257836275429762285e-01	1.000000000000002442e+00	-3.852265828285187377e-01	1.129708582178157589e-01	-1.029775185294176665e-01	2.511267443830428325e-01	-5.139840250827499846e-01	2.546747304792534305e-01	-1.316014728843714066e-01	9.682821336987511296e-02	-2.105701556420199461e-01	2.348827260138181272e-01	-1.847207967588855304e-01	1.235941023704802133e-01	-1.241279171753897764e-01	1.741335091422112069e-01	-1.915232120047769826e-01	1.565975071344027081e-01	-1.200750769345570318e-01	9.256773502650371410e-02	-1.461259673108305235e-01	1.470540798012154871e-01	-1.398924625450155834e-01	1.197666305701136219e-01	-9.713010915272000945e-02	1.777833963311511445e-01	-1.187035576494880479e-01	1.433895873294453449e-01	-8.304521718957502685e-02	9.462928249004423642e-02
-2.639330563579674882e-01	1.557944889822795997e-01	-1.949991727890834914e-01	1.802807941124908164e-01	-1.755493643268758175e-01	1.604639144671084205e-01	-1.742128590927023435e-01	2.421177703132181280e-01	-1.828559882742855636e-01	1.430528709599837023e-01	-1.888044830417594522e-01	1.992499483798510218e-01	-3.716381568664728907e-01	2.347478839770485159e-01	-2.356412140931334886e-01	2.714883946090956290e-01	-3.852265828285187377e-01	1.000000000000003331e+00	-1.927055794375493736e-01	1.567071105463742342e-01	-1.772641208580529315e-01	2.027189974983107101e-01	-6.007201370888382019e-01	1.847988806196853295e-01	-1.388709900617340065e-01	1.450571609647119953e-01	-1.662627826944118037e-01	1.785061442480949112e-01	-1.464543257210391691e-01	1.524767328375417341e-01	-1.563930834917601209e-01	1.574918470164259343e-01	-1.581268424280845297e-01	1.349169946115395258e-01	-1.123669525162131755e-01	1.343283908655886205e-01	-1.415179560947364412e-01	1.427725014409299831e-01	-1.363131895028203977e-01	1.121627577707494938e-01	-1.886226629321205162e-01	1.201627169844951548e-01	-1.538633870156460581e-01	9.237847046618394287e-02	-1.083430551152425592e-01
1.482670962035343709e-01	-9.543492076144693970e-02	1.213377031820308816e-01	-1.405840590105143229e-01	1.197141726691816205e-01	-9.204007775799012692e-02	9.872296271337129003e-02	-1.504242754980493757e-01	1.541053550496335467e-01	-1.064313002261252084e-01	9.711527777340436818e-02	-1.075308801172792927e-01	1.488214109637523430e-01	-3.109888269153201490e-01	1.582500773478189848e-01	-1.346053736439592752e-01	1.129708582178157589e-01	-1.927055794375493736e-01	1.000000000000002887e+00	-7.659284811434995399e-01	8.784985863845586052e-02	-9.576145416448145209e-02	1.974754635893658239e-01	-3.366220995488346523e-01	2.665808475826259571e-01	-7.900511017269999658e-02	8.822250353194209527e-02	-1.206434407492501526e-01	1.551263651648955577e-01	-2.156059961522778512e-01	9.201729967046280712e-02	-9.712134644627673508e-02	1.063198888731366337e-01	-1.314204443580639647e-01	1.231728516159724951e-01	-8.442490568820937291e-02	9.133868192958628784e-02	-1.037479399370403593e-01	1.207281502997694100e-01	-1.157996021582748253e-01	1.177683901901264429e-01	-7.930541504194285607e-02	1.050141196270757693e-01	-7.213403694100911645e-02	8.333451705746507121e-02
-1.379091839648038664e-01	8.337942264804180936e-02	-1.070569137728170500e-01	1.138423786275829380e-01	-1.091098610769737770e-01	8.085161013084553316e-02	-8.790851167057524285e-02	1.225537054045448548e-01	-1.291675425991677673e-01	9.328066383904289050e-02	-8.591671793319624606e-02	9.088149547060790645e-02	-1.249050371318131819e-01	1.914453382848121665e-01	-1.547006826654517275e-01	1.204093692330378967e-01	-1.029775185294176665e-01	1.567071105463742342e-01	-7.659284811434995399e-01	1.000000000000003331e+00	-8.313833272321445589e-02	8.852079481146270246e-02	-1.956428482004965164e-01	2.703488741315472343e-01	-4.431315126152314821e-01	7.445343267322380998e-02	-8.388298876900779355e-02	1.142369021543724467e-01	-1.569113507922572093e-01	2.045261874365327248e-01	-8.958169729097015255e-02	9.284421287687552593e-02	-1.040889889091871495e-01	1.241014385407585574e-01	-1.298845277172153145e-01	8.158689236077128204e-02	-8.965128314804068910e-02	1.007436958247059228e-01	-1.220539992699192083e-01	1.107331622328084630e-01	-1.177619377646758614e-01	7.806105391098083768e-02	-1.051968659599838013e-01	7.135071791366714988e-02	-8.448454724583603914e-02
1.054943224691192311e-01	-6.274133385600987045e-02	7.415417510113364585e-02	-7.541475658996296683e-02	7.420374808611063244e-02	-6.537534374359096900e-02	6.712546328631902037e-02	-9.087690854329137646e-02	7.045944515498435423e-02	-6.192850031155743701e-02	7.092323565738688218e-02	-7.742868855191807620e-02	8.823879221754947488e-02	-9.608364211422971979e-02	1.045911840115704428e-01	-3.879402746766040799e-01	2.511267443830428325e-01	-1.772641208580529315e-01	8.784985863845586052e-02	-8.313833272321445589e-02	1.000000000000002665e+00	-4.435903476115385380e-01	1.827494028792316372e-01	-1.159560584014418805e-01	8.463809324518185850e-02	-6.815958339162455637e-01	2.988337613251011993e-01	-2.011672486829345907e-01	1.211049265584210194e-01	-1.176066667159483270e-01	2.297067977240949410e-01	-2.330778657632208428e-01	1.685362365681039032e-01	-1.205532912840399928e-01	8.868959483389307619e-02	-1.894234430733366670e-01	1.650555961203067634e-01	-1.493414996431462471e-01	1.193574891120236653e-01	-9.552517954686431945e-02	1.817865837539017482e-01	-1.277590469743165869e-01	1.464986879384596596e-01	-8.292448878464640794e-02	9.225240596997405507e-02
-1.164185113827599649e-01	6.871623081400347888e-02	-8.160856108214216420e-02	8.156789377627164661e-02	-8.064409522457512136e-02	7.182245739112523564e-02	-7.459264483095719156e-02	9.919625320035622973e-02	-7.697275453494842323e-02	6.691965979891684180e-02	-8.003974857980646063e-02	8.787864537943870791e-02	-1.000494439106822259e-01	1.039075491420698716e-01	-1.132965832580284105e-01	2.961587148257279756e-01	-5.139840250827499846e-01	2.027189974983107101e-01	-9.576145416448145209e-02	8.852079481146270246e-02	-4.435903476115385380e-01	1.000000000000004441e+00	-2.233822884561980082e-01	1.226515905763967129e-01	-9.085311999922085491e-02	2.862948052800445287e-01	-5.439337304506046689e-01	2.133497650927010103e-01	-1.334702409082641761e-01	1.224134856596012649e-01	-2.290540029544373413e-01	2.371145247497122299e-01	-1.950200321061787145e-01	1.269104536322401278e-01	-9.526418618255599879e-02	1.714719665485397171e-01	-1.822425000899985381e-01	1.570391844226214917e-01	-1.298949908133668896e-01	1.001941022362679706e-01	-2.048942786305981145e-01	1.360063113374254673e-01	-1.636565210222687416e-01	8.935683915715042502e-02	-1.019026024217864063e-01
2.183765283459935536e-01	-1.398292054387590688e-01	1.666355069059161365e-01	-1.775180437152174828e-01	1.615326434163709690e-01	-1.419467436663656712e-01	1.454722146492878065e-01	-2.278321816866114846e-01	1.662195177231082233e-01	-1.389570621506585890e-01	1.479233482188204996e-01	-1.701268185111206310e-01	2.189708488898120808e-01	-2.387327968292275171e-01	2.194821441661660155e-01	-3.288801829903615914e-01	2.546747304792534305e-01	-6.007201370888382019e-01	1.974754635893658239e-01	-1.956428482004965164e-01	1.827494028792316372e-01	-2.233822884561980082e-01	1.000000000000002665e+00	-3.068016051186199245e-01	1.844142000613454568e-01	-1.662546578638723904e-01	1.824082292607888678e-01	-2.681265455653385477e-01	1.925394916068441098e-01	-2.131172964189718133e-01	1.719501236042934866e-01	-1.906584447272778871e-01	1.945006449973033513e-01	-1.817384274218979134e-01	1.431202064573786070e-01	-1.574337731318741773e-01	1.621631582623332402e-01	-1.781342573825433206e-01	1.682958836110192702e-01	-1.476999876823597291e-01	2.009190144200790340e-01	-1.379870493883864624e-01	1.729484070712964117e-01	-1.103900440051595322e-01	1.243172253011204376e-01
-1.355876214042532890e-01	8.054218002825924705e-02	-9.997531290586463004e-02	1.044741137878918563e-01	-1.026779269464958982e-01	7.958306920664574846e-02	-8.479030652735645990e-02	1.171126878504445135e-01	-1.074912513632872713e-01	8.627011678352078383e-02	-8.344807173324542138e-02	8.940063940411202559e-02	-1.150409104113258307e-01	1.524821378335681765e-01	-1.444922941477894407e-01	1.565423887769873124e-01	-1.316014728843714066e-01	1.847988806196853295e-01	-3.366220995488346523e-01	2.703488741315472343e-01	-1.159560584014418805e-01	1.226515905763967129e-01	-3.068016051186199245e-01	1.000000000000003997e+00	-6.504728529230844325e-01	1.062460904122367461e-01	-1.226706420864824981e-01	1.818026332280448798e-01	-3.599488552813581155e-01	2.961035910741954269e-01	-1.315469205966219302e-01	1.378598312314394669e-01	-1.662512298750098427e-01	2.137905280916078399e-01	-2.085556322683171648e-01	1.203447104464291928e-01	-1.357876083176861037e-01	1.565861557009186056e-01	-2.068213248158660145e-01	1.703658197647661132e-01	-1.748272833076706390e-01	1.176766845164178704e-01	-1.622601685917002268e-01	1.111753486137040808e-01	-1.329883448659129885e-01
1.009337653492108355e-01	-6.116426297632112513e-02	7.588868235983739496e-02	-8.126611027480103167e-02	7.753567539184559598e-02	-6.023884301808481168e-02	6.400001304461475082e-02	-9.046406092733744186e-02	8.342202010050721317e-02	-6.624556498117141479e-02	6.299520361126191570e-02	-6.817900801831841551e-02	8.796920284701942316e-02	-1.242191445727785920e-01	1.085982713567421737e-01	-1.176305129643116509e-01	9.682821336987511296e-02	-1.388709900617340065e-01	2.665808475826259571e-01	-4.431315126152314821e-01	8.463809324518185850e-02	-9.085311999922085491e-02	1.844142000613454568e-01	-6.504728529230844325e-01	1.000000000000001998e+00	-7.843186545440777868e-02	8.964528159682039199e-02	-1.361440090904484923e-01	2.261505812496666656e-01	-4.664860195414800015e-01	9.535372423261553876e-02	-1.020702411829769868e-01	1.204942116679562220e-01	-1.708695826597280143e-01	1.837525460355710349e-01	-8.851553190741923149e-02	9.896980552487319449e-02	-1.179730429992486840e-01	1.545447057743514485e-01	-1.564712647759274600e-01	1.247165336420816700e-01	-8.591698303641236156e-02	1.171267196402771132e-01	-8.404818638771846540e-02	9.782051934417318462e-02
-9.044341279313089510e-02	5.321854123744383658e-02	-6.323154183160042963e-02	6.421937971651685284e-02	-6.393975096418824666e-02	5.492995552162993622e-02	-5.687950771057252025e-02	7.646181072903714127e-02	-6.020548481619945186e-02	5.319042415499501686e-02	-5.921546754412131131e-02	6.434602667575212154e-02	-7.437042618449203613e-02	8.188091892159744811e-02	-9.064050050654995361e-02	2.362264079764200275e-01	-2.105701556420199461e-01	1.450571609647119953e-01	-7.900511017269999658e-02	7.445343267322380998e-02	-6.815958339162455637e-01	2.862948052800445287e-01	-1.662546578638723904e-01	1.062460904122367461e-01	-7.843186545440777868e-02	1.000000000000002665e+00	-4.880866316370483515e-01	1.984926148859987860e-01	-1.197583544056025212e-01	1.098276378029812844e-01	-3.456448971945966786e-01	2.442466468627865483e-01	-1.816586083770835303e-01	1.164256677969005976e-01	-8.557970161773803541e-02	1.993717219291989695e-01	-1.818742831977432084e-01	1.499643886470824472e-01	-1.188624072150519517e-01	9.147191539826066142e-02	-1.958257422020585337e-01	1.323784546983567401e-01	-1.529787371596229573e-01	8.227639140269296658e-02	-9.241635074625562107e-02
9.732849415047029051e-02	-5.797297907516251597e-02	6.885176942337237205e-02	-7.029808342452735503e-02	6.915706180723178720e-02	-5.990607230759576601e-02	6.185653174671759680e-02	-8.445291499160492710e-02	6.604880151187983439e-02	-5.777407849420502367e-02	6.453867102189046745e-02	-7.098698206535081212e-02	8.222029478608307296e-02	-9.048193459465331268e-02	9.750488676495781826e-02	-2.556216544431589854e-01	2.348827260138181272e-01	-1.662627826944118037e-01	8.822250353194209527e-02	-8.388298876900779355e-02	2.988337613251011993e-01	-5.439337304506046689e-01	1.824082292607888678e-01	-1.226706420864824981e-01	8.964528159682039199e-02	-4.880866316370483515e-01	1.000000000000000666e+00	-3.446314162768348011e-01	1.452610536402225705e-01	-1.281398349365404088e-01	2.471225667082267430e-01	-4.232258923031502196e-01	2.335136083268676555e-01	-1.399503036034579484e-01	9.775118493799148101e-02	-1.947218278125785462e-01	2.035892709745811269e-01	-1.778981056515226700e-01	1.361403221234787353e-01	-1.051930678679409148e-01	1.980957615877618760e-01	-1.460206199167652930e-01	1.666525763649333580e-01	-9.118570326783620450e-02	1.009103707915626202e-01
-1.112695690445747732e-01	6.591583493222973045e-02	-7.903396036305795902e-02	8.158639008705204088e-02	-8.094702916879900623e-02	6.689272223657073690e-02	-6.964391041130767179e-02	9.585306219936569339e-02	-7.731669110416089508e-02	6.767129042508102099e-02	-7.051374963428788667e-02	7.686416327272828364e-02	-9.227230501183029954e-02	1.066877339671538638e-01	-1.148655654910026302e-01	2.044185173043318593e-01	-1.847207967588855304e-01	1.785061442480949112e-01	-1.206434407492501526e-01	1.142369021543724467e-01	-2.011672486829345907e-01	2.133497650927010103e-01	-2.681265455653385477e-01	1.818026332280448798e-01	-1.361440090904484923e-01	1.984926148859987860e-01	-3.446314162768348011e-01	1.000000000000005773e+00	-3.380654693524827725e-01	1.963909083966268176e-01	-2.322444812802922087e-01	2.725775127825382782e-01	-6.569178718323613886e-01	2.367875921826244068e-01	-1.544706061504176609e-01	1.929187867835479020e-01	-2.308089505280621345e-01	2.615684820688520817e-01	-2.218583719571226576e-01	1.579721615468471230e-01	-2.525357832936830360e-01	1.786439690395577040e-01	-2.424599819320654159e-01	1.312526058261478668e-01	-1.486606860982174205e-01
9.876227787772200173e-02	-5.902548681477814974e-02	7.161995726475492430e-02	-7.526094605456663811e-02	7.375355017971153837e-02	-5.908494278979437020e-02	6.190913059878442454e-02	-8.615027648810588690e-02	7.320113900916393190e-02	-6.217993413937674546e-02	6.161062004055235103e-02	-6.701499079222650312e-02	8.244670101501778980e-02	-1.036633539993891406e-01	1.042658423735472462e-01	-1.518461075965608087e-01	1.235941023704802133e-01	-1.464543257210391691e-01	1.551263651648955577e-01	-1.569113507922572093e-01	1.211049265584210194e-01	-1.334702409082641761e-01	1.925394916068441098e-01	-3.599488552813581155e-01	2.261505812496666656e-01	-1.197583544056025212e-01	1.452610536402225705e-01	-3.380654693524827725e-01	1.000000000000002887e+00	-4.423784415460815245e-01	1.422137468438297858e-01	-1.656134854392867506e-01	2.269136914025645380e-01	-6.184024703128729872e-01	2.280427645767837408e-01	-1.337096164070138427e-01	1.526407027130253502e-01	-2.024761152945949438e-01	2.700052695311526141e-01	-2.305437439997023163e-01	1.751878224491095482e-01	-1.292954666029329513e-01	1.749216005322254408e-01	-1.304379824271698074e-01	1.415763387053969868e-01
-1.128527651766713241e-01	6.655925739684635800e-02	-8.165476429652637758e-02	8.521453539364372276e-02	-8.488861516838963617e-02	6.614182405438256973e-02	-6.996977779813159937e-02	9.578294913254872811e-02	-8.495562966820402462e-02	7.113467256532557403e-02	-6.897722708993142549e-02	7.410631598323401403e-02	-9.255527021617820926e-02	1.193887929578911072e-01	-1.208398538867215682e-01	1.488687049372398319e-01	-1.241279171753897764e-01	1.524767328375417341e-01	-2.156059961522778512e-01	2.045261874365327248e-01	-1.176066667159483270e-01	1.224134856596012649e-01	-2.131172964189718133e-01	2.961035910741954269e-01	-4.664860195414800015e-01	1.098276378029812844e-01	-1.281398349365404088e-01	1.963909083966268176e-01	-4.423784415460815245e-01	1.000000000000005551e+00	-1.408559063216373031e-01	1.487397012012360298e-01	-1.859745376821706209e-01	2.612237614922967577e-01	-4.843908696846104811e-01	1.307597781714302521e-01	-1.517019921125678239e-01	1.827446227921509514e-01	-2.763160001936755816e-01	2.653657238593512546e-01	-1.913006966946480258e-01	1.317557169271512119e-01	-1.865856514423154533e-01	1.359012972970844169e-01	-1.644060724967028320e-01
9.791443912801327254e-02	-5.843857469543907446e-02	6.942592238902550728e-02	-7.199462004929749193e-02	7.103007593043804413e-02	-5.976040863391732239e-02	6.165470634117488358e-02	-8.491185161514254454e-02	6.717814234409404117e-02	-5.956588400544642753e-02	6.300886130849722711e-02	-6.904476325149645766e-02	8.075937424712670287e-02	-9.268093781347078175e-02	1.008035980515545327e-01	-2.334748003924164983e-01	1.741335091422112069e-01	-1.563930834917601209e-01	9.201729967046280712e-02	-8.958169729097015255e-02	2.297067977240949410e-01	-2.290540029544373413e-01	1.719501236042934866e-01	-1.315469205966219302e-01	9.535372423261553876e-02	-3.456448971945966786e-01	2.471225667082267430e-01	-2.322444812802922087e-01	1.422137468438297858e-01	-1.408559063216373031e-01	1.000000000000001998e+00	-4.727338030647093015e-01	2.162042427663630473e-01	-1.507535008324002723e-01	1.070504575242056666e-01	-6.353522803025055676e-01	2.837978605364041007e-01	-2.161922074886751532e-01	1.513927248680621285e-01	-1.197978784758019083e-01	2.639668204439835630e-01	-2.021715931689432866e-01	1.990842300846067114e-01	-1.073787042358129162e-01	1.143355231360708019e-01
-1.006053344697107194e-01	5.940651364706019122e-02	-7.085017993776777934e-02	7.285844119856839385e-02	-7.259686100525360175e-02	6.065422335653970765e-02	-6.293402291895344725e-02	8.566657897468892002e-02	-6.840760973787790578e-02	6.058452819183191701e-02	-6.425780731102544163e-02	7.000118741808764034e-02	-8.229144513727153221e-02	9.382226386049385969e-02	-1.032867922330611282e-01	2.126097955241036119e-01	-1.915232120047769826e-01	1.574918470164259343e-01	-9.712134644627673508e-02	9.284421287687552593e-02	-2.330778657632208428e-01	2.371145247497122299e-01	-1.906584447272778871e-01	1.378598312314394669e-01	-1.020702411829769868e-01	2.442466468627865483e-01	-4.232258923031502196e-01	2.725775127825382782e-01	-1.656134854392867506e-01	1.487397012012360298e-01	-4.727338030647093015e-01	1.000000000000000000e+00	-3.877151257723188138e-01	1.694501486358423736e-01	-1.198839418156293357e-01	2.909829538325021669e-01	-4.675578991166087772e-01	2.554439815705508710e-01	-1.801717296370897448e-01	1.305117061519557864e-01	-2.989402128541472359e-01	2.268655987799214069e-01	-2.486013955020455746e-01	1.216556750719996194e-01	-1.339621608084649029e-01
9.807120545737650630e-02	-5.863663609908541935e-02	7.011633061428736158e-02	-7.302304804594576815e-02	7.179891665126772460e-02	-5.951663293302234675e-02	6.171229493157294466e-02	-8.574981907703363437e-02	6.888630818531532585e-02	-6.031796673045309448e-02	6.244957204451255517e-02	-6.843575788810182803e-02	8.175302291420091794e-02	-9.578745825196276209e-02	1.016734691427393228e-01	-1.928038989934786340e-01	1.565975071344027081e-01	-1.581268424280845297e-01	1.063198888731366337e-01	-1.040889889091871495e-01	1.685362365681039032e-01	-1.950200321061787145e-01	1.945006449973033513e-01	-1.662512298750098427e-01	1.204942116679562220e-01	-1.816586083770835303e-01	2.335136083268676555e-01	-6.569178718323613886e-01	2.269136914025645380e-01	-1.859745376821706209e-01	2.162042427663630473e-01	-3.877151257723188138e-01	1.000000000000003331e+00	-2.663394994255107728e-01	1.440916082291277267e-01	-2.017320659775438674e-01	2.410351407012975011e-01	-4.282660670415893156e-01	2.222927417769594571e-01	-1.611230974912494507e-01	2.230235175074626042e-01	-1.860731990166207273e-01	2.343313335533925290e-01	-1.304202905330532070e-01	1.373080647485082073e-01
-9.327061473897510502e-02	5.511922379893228335e-02	-6.672206681569255171e-02	6.950748719789212604e-02	-6.920536849861957940e-02	5.528266381101713811e-02	-5.792757152219184247e-02	7.953301677082888488e-02	-6.711225934761394507e-02	5.797355234104002719e-02	-5.763178514619202858e-02	6.240795264458470076e-02	-7.606724053476564273e-02	9.353188625182774774e-02	-9.855053803327784578e-02	1.457821617227508526e-01	-1.200750769345570318e-01	1.349169946115395258e-01	-1.314204443580639647e-01	1.241014385407585574e-01	-1.205532912840399928e-01	1.269104536322401278e-01	-1.817384274218979134e-01	2.137905280916078399e-01	-1.708695826597280143e-01	1.164256677969005976e-01	-1.399503036034579484e-01	2.367875921826244068e-01	-6.184024703128729872e-01	2.612237614922967577e-01	-1.507535008324002723e-01	1.694501486358423736e-01	-2.663394994255107728e-01	1.000000000000000666e+00	-2.736749660081875812e-01	1.419587044558335565e-01	-1.731385639155280931e-01	2.345245637784445503e-01	-5.328988393315259309e-01	2.437127437808102037e-01	-1.954147287696533508e-01	1.448538042252812130e-01	-2.088344669892643890e-01	1.578440576307728882e-01	-1.785964224964867730e-01
