1.000000000000000000e+00	-8.031320745875756284e-01	1.531414587354879286e-01	-1.098455843112178254e-01	4.272998771445581101e-02	-4.423542983343300983e-01	2.587232730336640474e-01	-1.060769894954755183e-01	7.640210038931874448e-02	-4.872263925126203016e-02	2.267593731221378139e-01	-2.119999980149989971e-01	8.590535710925711887e-02	-1.039778522306936820e-01	4.337910141557648619e-02	-1.027063629987057108e-01	9.900964012352529708e-02	-5.573194309687498627e-02	5.043577083083666118e-02	-3.876024911628387498e-02	4.443514358578794232e-02	-4.248029333153822279e-02	4.277258113872537543e-02	-4.117235135086835113e-02	3.026928606607053734e-02	-4.441075282873682001e-02	3.693909404247797817e-02	-3.135657336453411687e-02	3.358958590247509285e-02	-3.544643713614175490e-02	2.811544154790607958e-02	-2.556164909784757605e-02	3.714719637602904856e-02	-3.424058395731485738e-02	3.981347096935310831e-02	-2.060468003927249173e-02	2.042498823025656537e-02	-2.210012232316505010e-02	2.439513326696233705e-02	-2.413558833946549687e-02	1.998381440470076154e-02	-1.561100265549563923e-02	2.132123941193597022e-02	-1.761638522441398916e-02	2.221090532707943599e-02
-8.031320745875756284e-01	1.000000000000000000e+00	-2.174399554950008917e-01	1.110177494138502308e-01	-4.439831553999649266e-02	2.821260210571151505e-01	-3.683325720280964388e-01	1.174352924837934048e-01	-8.190578069020304497e-02	4.997771535814989757e-02	-2.668685384876930966e-01	2.095132277581704117e-01	-9.725576048645920291e-02	1.065686986476373360e-01	-4.556915668980682232e-02	1.052007764926003730e-01	-1.115639040631371814e-01	5.914000282441372186e-02	-5.397542770532760825e-02	4.031028270246966860e-02	-4.788808647863956186e-02	4.525102738981300055e-02	-4.563634066255738142e-02	4.342889204894432448e-02	-3.162039182819522537e-02	4.640775136485050800e-02	-3.922045490131553097e-02	3.304280272668817103e-02	-3.547503776259250396e-02	3.666685587004422237e-02	-2.972153260785638518e-02	2.697746203146929658e-02	-3.920129425800552431e-02	3.586853297065673019e-02	-4.170435850472715977e-02	2.167554398101987842e-02	-2.152507731803973354e-02	2.319650481418564225e-02	-2.558743756488445625e-02	2.524663374703082358e-02	-2.103169932124096531e-02	1.641371167840633555e-02	-2.240268128845720325e-02	1.846803856051915105e-02	-2.329311240992090748e-02
1.531414587354879286e-01	-2.174399554950008917e-01	1.000000000000000444e+00	-4.531042464596497510e-01	1.586068331687853772e-01	-1.053406550446917694e-01	1.161433794531177566e-01	-6.177956722867848915e-01	2.924706393351289568e-01	-1.841766198367072449e-01	1.029050484252811565e-01	-9.794547495327483866e-02	3.055570864451500057e-01	-3.970379583101149579e-01	1.375892307529166525e-01	-7.701858181934655156e-02	7.740741796043915102e-02	-1.714137498223777811e-01	1.507235461771815610e-01	-1.244727040383563355e-01	7.580038293967773788e-02	-7.409193423201936024e-02	1.108757556538682576e-01	-1.111121868898884285e-01	8.948737858617505925e-02	-9.359954596627173551e-02	7.827138403623486174e-02	-7.664917586627877089e-02	8.373957230882705938e-02	-1.068402564445581071e-01	6.224809169724268565e-02	-5.672025447687503025e-02	8.890388288862464961e-02	-8.508582200610582957e-02	1.009327859157584523e-01	-4.710863072624695697e-02	4.669697748587351566e-02	-5.277437790320581995e-02	5.996914665268288785e-02	-6.023813374317425057e-02	4.664260806389934622e-02	-3.649794925796168155e-02	5.090593321609093724e-02	-4.299742464372539874e-02	5.437181352398821887e-02
-1.098455843112178254e-01	1.110177494138502308e-01	-4.531042464596497510e-01	1.000000000000000444e+00	-3.729950930061757819e-01	7.164767801427732175e-02	-8.089899636586322940e-02	2.665379579592819792e-01	-6.308492857194613057e-01	2.607743948843470605e-01	-7.847890544667415758e-02	6.803837650838814866e-02	-2.990341739371862317e-01	2.918119566402487819e-01	-1.513401490688759954e-01	5.985956236752257298e-02	-6.290614258160877326e-02	1.395800565900365831e-01	-1.443202750641273679e-01	1.182238986054127972e-01	-6.809034959006389498e-02	6.470895989922881286e-02	-1.023631717749915182e-01	9.731031364750940271e-02	-8.500014618144616230e-02	7.981157500806548843e-02	-7.061248792150408293e-02	6.843800777948327863e-02	-7.658064055225601019e-02	9.456510109351740079e-02	-5.638939522332359067e-02	5.092385849146035398e-02	-8.188553139060522623e-02	7.554421243005639275e-02	-9.411695533815271630e-02	4.218712867742466927e-02	-4.223132923310066872e-02	4.753272290611973427e-02	-5.468982005161144438e-02	5.437827367232959952e-02	-4.248729378762508557e-02	3.301135656042142319e-02	-4.637057755594882480e-02	3.898876594209620128e-02	-4.980877862356685587e-02
4.272998771445581101e-02	-4.439831553999649266e-02	1.586068331687853772e-01	-3.729950930061757819e-01	1.000000000000000444e+00	-2.980548572408834793e-02	3.331286930498639220e-02	-1.192414552588156873e-01	2.289765916240190657e-01	-8.694417275644319432e-01	3.267218164015353588e-02	-2.921185416061371914e-02	1.267189504838780456e-01	-1.624497848319475524e-01	1.361348086729254614e-01	-2.880736009312939022e-02	2.982122374947393864e-02	-7.987578306014676832e-02	8.057748063200695365e-02	-1.155898319478625702e-01	3.549788461474789186e-02	-3.440385164702755572e-02	5.617404461401942495e-02	-5.708517419733019627e-02	6.414337955657221924e-02	-4.314806931208808177e-02	3.738557057713313286e-02	-3.784314731403993354e-02	4.218874414876726264e-02	-7.749846044951555490e-02	2.975012618004094916e-02	-2.716235872185296732e-02	4.362417442316278426e-02	-4.220434580569745742e-02	5.181415482874052181e-02	-2.256898593016227680e-02	2.244011657629053913e-02	-2.566876268021570442e-02	2.965367639261456620e-02	-3.036251080060460572e-02	2.244085648376786118e-02	-1.758725324375663354e-02	2.474070558886960411e-02	-2.113917090647578559e-02	2.670861569133965371e-02
-4.423542983343300983e-01	2.821260210571151505e-01	-1.053406550446917694e-01	7.164767801427732175e-02	-2.980548572408834793e-02	1.000000000000000444e+00	-5.533834403251109979e-01	7.682984963793405842e-02	-5.484650091491208301e-02	3.340070203570219554e-02	-5.904222566384548232e-01	3.085094576831537982e-01	-6.825219544315208609e-02	7.217960450074349665e-02	-3.398502450295283472e-02	1.453778937486948641e-01	-1.504907832607491336e-01	4.745995923184998661e-02	-4.305266993988107749e-02	3.004690282559926637e-02	-5.073820291424976925e-02	4.757509358577655806e-02	-3.929156778320704729e-02	3.654975146983147072e-02	-2.446787690615266284e-02	4.314405618875153531e-02	-3.653706639515125199e-02	2.860789905252259999e-02	-3.025425796415972743e-02	2.805096461006613764e-02	-2.674249497988682306e-02	2.436761251275654933e-02	-3.370233285349957808e-02	3.033509363521933941e-02	-3.400027846596375553e-02	1.913209961928706918e-02	-1.897057786801728194e-02	1.988912462939658801e-02	-2.146477454873717272e-02	2.100745641958573495e-02	-1.820280808608538275e-02	1.422865240849812210e-02	-1.912803662779730129e-02	1.556273241913818869e-02	-1.949670928800710176e-02
2.587232730336640474e-01	-3.683325720280964388e-01	1.161433794531177566e-01	-8.089899636586322940e-02	3.331286930498639220e-02	-5.533834403251109979e-01	1.000000000000000444e+00	-9.767729559151662466e-02	6.256210218218125063e-02	-3.749797198737125914e-02	3.223228773024244265e-01	-6.380417185604188024e-01	7.889524035028576410e-02	-8.212040177833099253e-02	3.696950171774322780e-02	-1.537565749066869270e-01	1.492950693340900081e-01	-5.191354938378946182e-02	4.655829810419970932e-02	-3.281463911555002749e-02	5.129030957374568905e-02	-4.954436304022298565e-02	4.163262035413238527e-02	-3.907437832064789007e-02	2.634986070161957766e-02	-4.513351140428038116e-02	3.774278628923510154e-02	-3.009031317562444602e-02	3.182333017137690956e-02	-3.033740134880714284e-02	2.772277436816552101e-02	-2.534733734428134405e-02	3.521687813736229522e-02	-3.196304914367005534e-02	3.576463775020225638e-02	-1.994463668379864441e-02	1.974281521187248867e-02	-2.081771626317238666e-02	2.252290757507731389e-02	-2.210134333993394803e-02	1.896813848801638669e-02	-1.484621054330981238e-02	1.999379902826398797e-02	-1.632109853708898356e-02	2.043499060603565926e-02
-1.060769894954755183e-01	1.174352924837934048e-01	-6.177956722867848915e-01	2.665379579592819792e-01	-1.192414552588156873e-01	7.682984963793405842e-02	-9.767729559151662466e-02	1.000000000000000222e+00	-3.606735559200329733e-01	1.308638214372355169e-01	-7.748761732836288718e-02	7.580074552543826505e-02	-5.984906334874287026e-01	3.020323796688111351e-01	-1.085670251896735383e-01	5.725037867692829574e-02	-5.929421013794985290e-02	1.535017396353731967e-01	-1.401070269820743064e-01	9.351305844194092443e-02	-5.803840659054217144e-02	5.642983973661060831e-02	-9.474323995153544065e-02	8.923714366511774354e-02	-6.688138300426858807e-02	6.664366154000321563e-02	-5.777239340331122991e-02	5.771635825481161858e-02	-6.380684221335940209e-02	7.608063663069644655e-02	-4.515599839340325716e-02	4.131477632613223677e-02	-6.536392401535026653e-02	6.178109048169102419e-02	-7.154637595467897015e-02	3.384026177982882300e-02	-3.363252623762579691e-02	3.778038327094473958e-02	-4.290016152185453097e-02	4.277024919029005778e-02	-3.333465284598133294e-02	2.610266548796065164e-02	-3.638259922033457161e-02	3.064456204692566493e-02	-3.862926472627651459e-02
7.640210038931874448e-02	-8.190578069020304497e-02	2.924706393351289568e-01	-6.308492857194613057e-01	2.289765916240190657e-01	-5.484650091491208301e-02	6.256210218218125063e-02	-3.606735559200329733e-01	9.999999999999996669e-01	-3.044840759418214193e-01	5.841716344299340002e-02	-5.410344460051608878e-02	2.759122794550905589e-01	-5.154666293582834680e-01	1.368089122397079527e-01	-4.893110950318041441e-02	5.058640368383326980e-02	-1.368550217726607898e-01	1.354064031837040050e-01	-1.144961374045765506e-01	5.632176922446663347e-02	-5.458257014653190159e-02	9.003200786378615095e-02	-8.893630780411627967e-02	7.573207223850332570e-02	-6.667786085728055756e-02	5.799423477914790459e-02	-5.816944553139568458e-02	6.460611299660969087e-02	-8.724961757369480153e-02	4.583866261508386108e-02	-4.181392215642000532e-02	6.680001978221192238e-02	-6.335530391170514364e-02	7.546718111871102141e-02	-3.449667446224925771e-02	3.433443831560917953e-02	-3.882667721186942172e-02	4.443466485792758186e-02	-4.457803371830169198e-02	3.423855010353447220e-02	-2.677609434369846927e-02	3.749249212933843112e-02	-3.170499431706191862e-02	4.009717401060690356e-02
-4.872263925126203016e-02	4.997771535814989757e-02	-1.841766198367072449e-01	2.607743948843470605e-01	-8.694417275644319432e-01	3.340070203570219554e-02	-3.749797198737125914e-02	1.308638214372355169e-01	-3.044840759418214193e-01	9.999999999999991118e-01	-3.674508486839180715e-02	3.254482708712385514e-02	-1.447196440013560070e-01	1.681428745720546236e-01	-1.778557445606633036e-01	3.154353465112289673e-02	-3.285185339582535891e-02	8.571438668077641099e-02	-8.904933456440759787e-02	1.215730875452272347e-01	-3.867854459288686680e-02	3.729608409450214240e-02	-6.126645705141718634e-02	6.134304049115706786e-02	-6.931220863441241165e-02	4.638160127385244219e-02	-4.055022207691944686e-02	4.082645736693203686e-02	-4.571818375669521595e-02	7.995786475304471341e-02	-3.224816471226290421e-02	2.939326359499660341e-02	-4.735406774664387836e-02	4.535510649219147428e-02	-5.611850531415538829e-02	2.438377411967459357e-02	-2.428968606675995304e-02	2.771294423447293043e-02	-3.205309613563901705e-02	3.265303444642916886e-02	-2.431281750922576965e-02	1.902346211340712190e-02	-2.677834160459609605e-02	2.282610377075706617e-02	-2.890895216167092135e-02
2.267593731221378139e-01	-2.668685384876930966e-01	1.029050484252811565e-01	-7.847890544667415758e-02	3.267218164015353588e-02	-5.904222566384548232e-01	3.223228773024244265e-01	-7.748761732836288718e-02	5.841716344299340002e-02	-3.674508486839180715e-02	9.999999999999992228e-01	-6.104002685540713680e-01	7.228827629838871505e-02	-8.002345744536562555e-02	3.903926757511493734e-02	-2.740421276334778500e-01	2.089270917132972361e-01	-5.660080652855994932e-02	5.062884585731136644e-02	-3.475106584264245346e-02	6.796410480356626649e-02	-6.471072670039232366e-02	4.815019366083087005e-02	-4.474734947736438290e-02	2.877205618292527980e-02	-5.582278027303883700e-02	4.637062068854663072e-02	-3.536854242226180473e-02	3.702375827959622501e-02	-3.299530196067702870e-02	3.346119296755716704e-02	-3.066919831060926568e-02	4.133894474090028109e-02	-3.718433914275423580e-02	4.083411870224025464e-02	-2.383957955788656297e-02	2.356601362677130523e-02	-2.446791604463416023e-02	2.613068131761100282e-02	-2.552957811636556024e-02	2.242020081278975688e-02	-1.756489863212497976e-02	2.344587567214902538e-02	-1.899392596534845226e-02	2.369683362657565989e-02
-2.119999980149989971e-01	2.095132277581704117e-01	-9.794547495327483866e-02	6.803837650838814866e-02	-2.921185416061371914e-02	3.085094576831537982e-01	-6.380417185604188024e-01	7.580074552543826505e-02	-5.410344460051608878e-02	3.254482708712385514e-02	-6.104002685540713680e-01	1.000000000000000888e+00	-7.311292920384979133e-02	7.186922771897100159e-02	-3.589073502853482034e-02	2.020431595406732006e-01	-2.581037731844169625e-01	5.398377379949392124e-02	-4.837979675673515639e-02	3.172455979547181976e-02	-6.454834019144331525e-02	6.172053490796476638e-02	-4.565923600148303479e-02	4.172498934632184325e-02	-2.631059363148391395e-02	5.078901280944034258e-02	-4.337489186756145892e-02	3.270379923044616777e-02	-3.428940296895650192e-02	2.986357984667505766e-02	-3.094525461476520592e-02	2.834417082881088984e-02	-3.810126169172694394e-02	3.401601435345408264e-02	-3.708991350202765075e-02	2.190103549525436108e-02	-2.169232513717263972e-02	2.238704874155518498e-02	-2.385067975828242259e-02	2.322954848070105105e-02	-2.056466901648167436e-02	1.610253111127369491e-02	-2.145541476112500234e-02	1.732966689471489991e-02	-2.160085921753584701e-02
8.590535710925711887e-02	-9.725576048645920291e-02	3.055570864451500057e-01	-2.990341739371862317e-01	1.267189504838780456e-01	-6.825219544315208609e-02	7.889524035028576410e-02	-5.984906334874287026e-01	2.759122794550905589e-01	-1.447196440013560070e-01	7.228827629838871505e-02	-7.311292920384979133e-02	1.000000000000000666e+00	-5.637453048285391288e-01	1.454905829844083676e-01	-6.716257217623948506e-02	6.873972841446736315e-02	-2.925958502580565668e-01	2.053689150083593540e-01	-1.322206673973983782e-01	7.579145857729326086e-02	-7.550195781716829979e-02	1.348699940353395854e-01	-1.309813760859930565e-01	9.100305649645606954e-02	-8.797916332095069569e-02	7.579984321208003972e-02	-7.891267582521530044e-02	8.643161238682339764e-02	-1.049322799476583579e-01	5.879160600929844022e-02	-5.427439451689529404e-02	8.584755000438337724e-02	-8.283211032365456195e-02	9.209467157565393025e-02	-4.425606277216846685e-02	4.381742976544254070e-02	-4.943404403657965934e-02	5.595241287836610206e-02	-5.597286633929782207e-02	4.314547183172048189e-02	-3.394817659330345849e-02	4.724370312288516532e-02	-3.995539004528264604e-02	4.997988134530723797e-02
-1.039778522306936820e-01	1.065686986476373360e-01	-3.970379583101149579e-01	2.918119566402487819e-01	-1.624497848319475524e-01	7.217960450074349665e-02	-8.212040177833099253e-02	3.020323796688111351e-01	-5.154666293582834680e-01	1.681428745720546236e-01	-8.002345744536562555e-02	7.186922771897100159e-02	-5.637453048285391288e-01	9.999999999999994449e-01	-2.129227182954776254e-01	6.915278654281968584e-02	-7.288684959032395994e-02	2.153759533118556335e-01	-2.575505686338321887e-01	1.577164695617783996e-01	-8.420918497013164805e-02	8.097146781787752101e-02	-1.442763525648702583e-01	1.372324316518604426e-01	-1.084133731504166032e-01	9.524505125931231886e-02	-8.506239191050771198e-02	8.620476917050008681e-02	-9.718237972575538564e-02	1.175418645551679769e-01	-6.651992790366816066e-02	6.077027208930187163e-02	-9.800587793573205253e-02	9.155557784168368018e-02	-1.075219089401702188e-01	4.966757449623167980e-02	-4.956325713806495475e-02	5.575545327622944553e-02	-6.379494840309957171e-02	6.341770793402159989e-02	-4.920310675445935256e-02	3.846405207091786044e-02	-5.385112440224885944e-02	4.538001832096265342e-02	-5.734546012035146578e-02
4.337910141557648619e-02	-4.556915668980682232e-02	1.375892307529166525e-01	-1.513401490688759954e-01	1.361348086729254614e-01	-3.398502450295283472e-02	3.696950171774322780e-02	-1.085670251896735383e-01	1.368089122397079527e-01	-1.778557445606633036e-01	3.903926757511493734e-02	-3.589073502853482034e-02	1.454905829844083676e-01	-2.129227182954776254e-01	1.000000000000001998e+00	-4.915472198683849131e-02	5.020028005196064402e-02	-1.998947868411270201e-01	2.052369655198112430e-01	-8.095646923258864591e-01	7.219043116284694361e-02	-7.230307556475731867e-02	1.303209820181427947e-01	-1.488133844469413936e-01	2.470048765824793546e-01	-9.016261253900535733e-02	7.713805996939268605e-02	-8.551373018370808654e-02	9.573648036862747457e-02	-3.134742139761739210e-01	6.063404949308708047e-02	-5.655553591148827081e-02	9.136223436564168410e-02	-9.582856643559385657e-02	1.163282265354948358e-01	-4.690926575056551112e-02	4.621610061557292204e-02	-5.443254589330474846e-02	6.379896014829254669e-02	-6.918410083046044878e-02	4.557704765202506836e-02	-3.629801394452958352e-02	5.135439453771030449e-02	-4.531379689801021127e-02	5.610179338935764731e-02
-1.027063629987057108e-01	1.052007764926003730e-01	-7.701858181934655156e-02	5.985956236752257298e-02	-2.880736009312939022e-02	1.453778937486948641e-01	-1.537565749066869270e-01	5.725037867692829574e-02	-4.893110950318041441e-02	3.154353465112289673e-02	-2.740421276334778500e-01	2.020431595406732006e-01	-6.716257217623948506e-02	6.915278654281968584e-02	-4.915472198683849131e-02	1.000000000000000888e+00	-8.863664078412334391e-01	8.985485473322840644e-02	-7.984652009786641358e-02	4.353643735569086293e-02	-1.873631039616702187e-01	1.562811921255604641e-01	-8.691063551057727488e-02	7.499220070591949838e-02	-3.926043734073737107e-02	1.038055518075803874e-01	-9.180287077893230230e-02	6.068297626581031085e-02	-6.196067783147455460e-02	4.318667680057177577e-02	-6.072736248655685731e-02	5.615434691489647884e-02	-6.906053051184772584e-02	5.958813926451235476e-02	-5.987405388386310423e-02	4.136161842652690684e-02	-4.095047797180034060e-02	4.004677409425350110e-02	-4.088319829233222347e-02	3.914291399579494096e-02	-3.741223508988479607e-02	2.939341571606757242e-02	-3.804900016174406208e-02	2.993163926045740858e-02	-3.674835563401485788e-02
9.900964012352529708e-02	-1.115639040631371814e-01	7.740741796043915102e-02	-6.290614258160877326e-02	2.982122374947393864e-02	-1.504907832607491336e-01	1.492950693340900081e-01	-5.929421013794985290e-02	5.058640368383326980e-02	-3.285185339582535891e-02	2.089270917132972361e-01	-2.581037731844169625e-01	6.873972841446736315e-02	-7.288684959032395994e-02	5.020028005196064402e-02	-8.863664078412334391e-01	1.000000000000000888e+00	-1.024485513067912024e-01	8.235977519106206513e-02	-4.524012111599232805e-02	1.610187102257405189e-01	-1.849745437042507601e-01	8.940522075798160162e-02	-7.946581309524133885e-02	4.036085830660589291e-02	-1.080146693841225747e-01	9.126652651912950387e-02	-6.218871151302436673e-02	6.268530099630094388e-02	-4.484818677723707153e-02	6.013321310381084667e-02	-5.687545794764268386e-02	6.900222319436431773e-02	-6.098608459873466198e-02	6.024369296277846259e-02	-4.168749639627609971e-02	4.089359807718377648e-02	-4.040344053488722359e-02	4.121503113369031496e-02	-3.967200544759952319e-02	3.726609084974890490e-02	-2.946562630395091475e-02	3.812410585748047392e-02	-3.018811455724915854e-02	3.691835560185660614e-02
-5.573194309687498627e-02	5.914000282441372186e-02	-1.714137498223777811e-01	1.395800565900365831e-01	-7.987578306014676832e-02	4.745995923184998661e-02	-5.191354938378946182e-02	1.535017396353731967e-01	-1.368550217726607898e-01	8.571438668077641099e-02	-5.660080652855994932e-02	5.398377379949392124e-02	-2.925958502580565668e-01	2.153759533118556335e-01	-1.998947868411270201e-01	8.985485473322840644e-02	-1.024485513067912024e-01	9.999999999999998890e-01	-7.503650170884201831e-01	1.812430855180112710e-01	-1.253122882083620437e-01	1.260274706393868793e-01	-3.851680881681451840e-01	2.684968618920234862e-01	-1.285503849648926000e-01	1.182909059560151299e-01	-1.111519423819739144e-01	1.282770873995937588e-01	-1.446425334361167436e-01	1.278972941360959348e-01	-7.994501419980286350e-02	7.586525862593912484e-02	-1.228204314531415875e-01	1.163421410131523365e-01	-1.106050510864285269e-01	5.873482435844480654e-02	-5.818642133373772701e-02	6.458540321358502423e-02	-7.208261422352464642e-02	7.031956402923078553e-02	-5.516976171511110000e-02	4.388091736342131233e-02	-6.057801327939532632e-02	5.091678876916966301e-02	-6.218439656044230657e-02
5.043577083083666118e-02	-5.397542770532760825e-02	1.507235461771815610e-01	-1.443202750641273679e-01	8.057748063200695365e-02	-4.305266993988107749e-02	4.655829810419970932e-02	-1.401070269820743064e-01	1.354064031837040050e-01	-8.904933456440759787e-02	5.062884585731136644e-02	-4.837979675673515639e-02	2.053689150083593540e-01	-2.575505686338321887e-01	2.052369655198112430e-01	-7.984652009786641358e-02	8.235977519106206513e-02	-7.503650170884201831e-01	9.999999999999990008e-01	-2.669969477587879059e-01	1.091872225645571792e-01	-1.146034548773299522e-01	2.679037693641524998e-01	-3.768621680206235558e-01	1.433007041197756903e-01	-1.167322672408287465e-01	1.047098308408634798e-01	-1.304613774973028828e-01	1.457237165722388428e-01	-1.497482995831295460e-01	7.687106777315620698e-02	-7.364056045636786785e-02	1.188495118993995042e-01	-1.217587688428923703e-01	1.111088324116391440e-01	-5.771816305979875217e-02	5.676549754480022386e-02	-6.442543244022692905e-02	7.239272891865834725e-02	-7.164280716584987829e-02	5.401418878780415989e-02	-4.321499242502634119e-02	5.990861327409564840e-02	-5.115080318322650504e-02	6.201220213455466146e-02
-3.876024911628387498e-02	4.031028270246966860e-02	-1.244727040383563355e-01	1.182238986054127972e-01	-1.155898319478625702e-01	3.004690282559926637e-02	-3.281463911555002749e-02	9.351305844194092443e-02	-1.144961374045765506e-01	1.215730875452272347e-01	-3.475106584264245346e-02	3.172455979547181976e-02	-1.322206673973983782e-01	1.577164695617783996e-01	-8.095646923258864591e-01	4.353643735569086293e-02	-4.524012111599232805e-02	1.812430855180112710e-01	-2.669969477587879059e-01	1.000000000000003109e+00	-6.617087246000889766e-02	6.544752249456635418e-02	-1.285942626280617007e-01	1.416204832862535679e-01	-3.637521296578656860e-01	7.809041786817302877e-02	-6.909583841693445194e-02	7.689018133404305899e-02	-8.879288646214374137e-02	2.506599139224928718e-01	-5.368685007370996992e-02	5.005474803196624523e-02	-8.205119494749477105e-02	8.368298941838357707e-02	-1.036390857126460868e-01	4.106764960151741001e-02	-4.065520231852021160e-02	4.751350185628765849e-02	-5.597157592573096668e-02	5.958340269452581245e-02	-3.997580584140032756e-02	3.176043358813977757e-02	-4.502471867866276317e-02	3.949900080868300190e-02	-4.912459000713001456e-02
4.443514358578794232e-02	-4.788808647863956186e-02	7.580038293967773788e-02	-6.809034959006389498e-02	3.549788461474789186e-02	-5.073820291424976925e-02	5.129030957374568905e-02	-5.803840659054217144e-02	5.632176922446663347e-02	-3.867854459288686680e-02	6.796410480356626649e-02	-6.454834019144331525e-02	7.579145857729326086e-02	-8.420918497013164805e-02	7.219043116284694361e-02	-1.873631039616702187e-01	1.610187102257405189e-01	-1.253122882083620437e-01	1.091872225645571792e-01	-6.617087246000889766e-02	1.000000000000000000e+00	-7.962605404942330045e-01	1.919818211948661479e-01	-1.777643871188553104e-01	7.029693426008314094e-02	-3.995506276249757849e-01	2.494471547054087635e-01	-1.482245965795706000e-01	1.387087700538113810e-01	-7.885915431436375800e-02	1.541551873526029737e-01	-1.533148484905487718e-01	1.564939251734664694e-01	-1.376935205629660763e-01	1.227661854160938121e-01	-1.044521722511377593e-01	1.002754901329642734e-01	-9.370056691348266353e-02	9.008324989028786145e-02	-8.585320811479518754e-02	8.689552317324776565e-02	-6.975366671666968776e-02	8.667919384183635223e-02	-6.690594374550674905e-02	8.005538792287134053e-02
-4.248029333153822279e-02	4.525102738981300055e-02	-7.409193423201936024e-02	6.470895989922881286e-02	-3.440385164702755572e-02	4.757509358577655806e-02	-4.954436304022298565e-02	5.642983973661060831e-02	-5.458257014653190159e-02	3.729608409450214240e-02	-6.471072670039232366e-02	6.172053490796476638e-02	-7.550195781716829979e-02	8.097146781787752101e-02	-7.230307556475731867e-02	1.562811921255604641e-01	-1.849745437042507601e-01	1.260274706393868793e-01	-1.146034548773299522e-01	6.544752249456635418e-02	-7.962605404942330045e-01	9.999999999999981126e-01	-2.683630319580820878e-01	1.781853334131714428e-01	-7.013741481036736558e-02	2.681211762871556492e-01	-3.419521290421868032e-01	1.532638555021837989e-01	-1.476666932708622926e-01	7.638941254723391472e-02	-1.607309317398118997e-01	1.571506445671095042e-01	-1.630187019581739172e-01	1.335343149606223745e-01	-1.196957571920522490e-01	1.025749103659975014e-01	-1.022714295814622365e-01	9.183079502875661493e-02	-8.840047315907972880e-02	8.291231002043343568e-02	-8.685556679769981803e-02	6.901901527734559394e-02	-8.581634335190881091e-02	6.524816278569546546e-02	-7.827891453818427991e-02
4.277258113872537543e-02	-4.563634066255738142e-02	1.108757556538682576e-01	-1.023631717749915182e-01	5.617404461401942495e-02	-3.929156778320704729e-02	4.163262035413238527e-02	-9.474323995153544065e-02	9.003200786378615095e-02	-6.126645705141718634e-02	4.815019366083087005e-02	-4.565923600148303479e-02	1.348699940353395854e-01	-1.442763525648702583e-01	1.303209820181427947e-01	-8.691063551057727488e-02	8.940522075798160162e-02	-3.851680881681451840e-01	2.679037693641524998e-01	-1.285942626280617007e-01	1.919818211948661479e-01	-2.683630319580820878e-01	1.000000000000005107e+00	-7.230591110461769278e-01	1.358247642654019371e-01	-1.829092168802252116e-01	1.693452953465159894e-01	-2.595344947634695698e-01	2.356476685898212797e-01	-1.465907519521548186e-01	1.148113355473357466e-01	-1.150166515673789885e-01	1.817577668447647177e-01	-1.854643379818389504e-01	1.408778609249765057e-01	-8.539383532022966350e-02	8.329487943875191203e-02	-9.306755616165468536e-02	1.011655499239685757e-01	-9.743356031912561721e-02	7.648628683298307196e-02	-6.198968437862973496e-02	8.456132362397790481e-02	-7.148702632561128312e-02	8.452030864406591404e-02
-4.117235135086835113e-02	4.342889204894432448e-02	-1.111121868898884285e-01	9.731031364750940271e-02	-5.708517419733019627e-02	3.654975146983147072e-02	-3.907437832064789007e-02	8.923714366511774354e-02	-8.893630780411627967e-02	6.134304049115706786e-02	-4.474734947736438290e-02	4.172498934632184325e-02	-1.309813760859930565e-01	1.372324316518604426e-01	-1.488133844469413936e-01	7.499220070591949838e-02	-7.946581309524133885e-02	2.684968618920234862e-01	-3.768621680206235558e-01	1.416204832862535679e-01	-1.777643871188553104e-01	1.781853334131714428e-01	-7.230591110461769278e-01	1.000000000000001998e+00	-1.784177408849781099e-01	1.611398287902466309e-01	-1.611862767406842811e-01	2.204280674792227224e-01	-3.427991607074423741e-01	1.558902460234052045e-01	-1.111948978409456612e-01	1.083484860895289614e-01	-1.862141367428040428e-01	1.822830051746955060e-01	-1.454264218600793690e-01	8.140489851804315335e-02	-8.067862074776692427e-02	9.039741501061186735e-02	-1.024174040957105125e-01	9.638321052103192288e-02	-7.482106260411408583e-02	6.013036522422948033e-02	-8.348678901822659260e-02	7.064127337902348369e-02	-8.454052332384642821e-02
3.026928606607053734e-02	-3.162039182819522537e-02	8.948737858617505925e-02	-8.500014618144616230e-02	6.414337955657221924e-02	-2.446787690615266284e-02	2.634986070161957766e-02	-6.688138300426858807e-02	7.573207223850332570e-02	-6.931220863441241165e-02	2.877205618292527980e-02	-2.631059363148391395e-02	9.100305649645606954e-02	-1.084133731504166032e-01	2.470048765824793546e-01	-3.926043734073737107e-02	4.036085830660589291e-02	-1.285503849648926000e-01	1.433007041197756903e-01	-3.637521296578656860e-01	7.029693426008314094e-02	-7.013741481036736558e-02	1.358247642654019371e-01	-1.784177408849781099e-01	1.000000000000005107e+00	-8.820908490901974153e-02	7.696009066180957425e-02	-8.952754247160608914e-02	1.053411204245352922e-01	-8.478193134502183259e-01	6.069823654538954172e-02	-5.700903228203939993e-02	9.416263461174950722e-02	-1.047717463628175111e-01	1.431948828000238760e-01	-4.768603302708423336e-02	4.699627041750530088e-02	-5.710037300344819600e-02	6.959004549172195797e-02	-8.128791782608520144e-02	4.639784071148040506e-02	-3.723637332610857387e-02	5.355149938212369620e-02	-4.898935752512403874e-02	6.036143187465438376e-02
-4.441075282873682001e-02	4.640775136485050800e-02	-9.359954596627173551e-02	7.981157500806548843e-02	-4.314806931208808177e-02	4.314405618875153531e-02	-4.513351140428038116e-02	6.664366154000321563e-02	-6.667786085728055756e-02	4.638160127385244219e-02	-5.582278027303883700e-02	5.078901280944034258e-02	-8.797916332095069569e-02	9.524505125931231886e-02	-9.016261253900535733e-02	1.038055518075803874e-01	-1.080146693841225747e-01	1.182909059560151299e-01	-1.167322672408287465e-01	7.809041786817302877e-02	-3.995506276249757849e-01	2.681211762871556492e-01	-1.829092168802252116e-01	1.611398287902466309e-01	-8.820908490901974153e-02	1.000000000000001998e+00	-5.705653910767679582e-01	2.239823751386403050e-01	-2.196927009214611759e-01	9.700014479520766009e-02	-4.075722031558979275e-01	2.911853199937505798e-01	-2.982083733879912768e-01	2.137461359636257108e-01	-2.172826653848002054e-01	2.108651000922433238e-01	-2.182398257554447885e-01	1.760943587220962503e-01	-1.625569868917102478e-01	1.481927295764985109e-01	-1.897664646036119618e-01	1.430351078625906325e-01	-1.734125923998706686e-01	1.229063125741594736e-01	-1.507327421793917266e-01
3.693909404247797817e-02	-3.922045490131553097e-02	7.827138403623486174e-02	-7.061248792150408293e-02	3.738557057713313286e-02	-3.653706639515125199e-02	3.774278628923510154e-02	-5.777239340331122991e-02	5.799423477914790459e-02	-4.055022207691944686e-02	4.637062068854663072e-02	-4.337489186756145892e-02	7.579984321208003972e-02	-8.506239191050771198e-02	7.713805996939268605e-02	-9.180287077893230230e-02	9.126652651912950387e-02	-1.111519423819739144e-01	1.047098308408634798e-01	-6.909583841693445194e-02	2.494471547054087635e-01	-3.419521290421868032e-01	1.693452953465159894e-01	-1.611862767406842811e-01	7.696009066180957425e-02	-5.705653910767679582e-01	1.000000000000002442e+00	-3.110763678980907887e-01	2.083050829424417105e-01	-8.706375340670871599e-02	2.871257189755210271e-01	-5.034817097228438953e-01	2.639043266826624490e-01	-2.140265662025531979e-01	1.727939732022775454e-01	-2.039709628379561268e-01	1.899585145087879789e-01	-1.601346157377536994e-01	1.372544858852343397e-01	-1.290650076452369843e-01	1.438730211977068962e-01	-1.225788183670410841e-01	1.407411024069013250e-01	-1.042368217278553805e-01	1.209477499217131991e-01
-3.135657336453411687e-02	3.304280272668817103e-02	-7.664917586627877089e-02	6.843800777948327863e-02	-3.784314731403993354e-02	2.860789905252259999e-02	-3.009031317562444602e-02	5.771635825481161858e-02	-5.816944553139568458e-02	4.082645736693203686e-02	-3.536854242226180473e-02	3.270379923044616777e-02	-7.891267582521530044e-02	8.620476917050008681e-02	-8.551373018370808654e-02	6.068297626581031085e-02	-6.218871151302436673e-02	1.282770873995937588e-01	-1.304613774973028828e-01	7.689018133404305899e-02	-1.482245965795706000e-01	1.532638555021837989e-01	-2.595344947634695698e-01	2.204280674792227224e-01	-8.952754247160608914e-02	2.239823751386403050e-01	-3.110763678980907887e-01	1.000000000000001332e+00	-6.456757738299425675e-01	9.773015124503582618e-02	-1.742216294784841024e-01	1.913367916079903308e-01	-5.293392259306689551e-01	2.839437961897972595e-01	-1.830309080154368939e-01	1.263927796446457641e-01	-1.263410778304529525e-01	1.442080493286074239e-01	-1.503662179346726691e-01	1.329572533890854558e-01	-1.105411387950689522e-01	9.079715832478404969e-02	-1.280401309125694942e-01	1.029148772838349435e-01	-1.194484854414699648e-01
3.358958590247509285e-02	-3.547503776259250396e-02	8.373957230882705938e-02	-7.658064055225601019e-02	4.218874414876726264e-02	-3.025425796415972743e-02	3.182333017137690956e-02	-6.380684221335940209e-02	6.460611299660969087e-02	-4.571818375669521595e-02	3.702375827959622501e-02	-3.428940296895650192e-02	8.643161238682339764e-02	-9.718237972575538564e-02	9.573648036862747457e-02	-6.196067783147455460e-02	6.268530099630094388e-02	-1.446425334361167436e-01	1.457237165722388428e-01	-8.879288646214374137e-02	1.387087700538113810e-01	-1.476666932708622926e-01	2.356476685898212797e-01	-3.427991607074423741e-01	1.053411204245352922e-01	-2.196927009214611759e-01	2.083050829424417105e-01	-6.456757738299425675e-01	9.999999999999988898e-01	-1.201340270138320232e-01	1.491006935290783986e-01	-1.587295254667092925e-01	3.017690970323010924e-01	-4.806483780548385099e-01	2.022472955163156505e-01	-1.183746649024779440e-01	1.148656483765110592e-01	-1.433132273314999539e-01	1.705627075178062502e-01	-1.550341945551432232e-01	1.056161070529477303e-01	-8.764257073477604854e-02	1.254164899263094657e-01	-1.138826561110604235e-01	1.279269163909769469e-01
-3.544643713614175490e-02	3.666685587004422237e-02	-1.068402564445581071e-01	9.456510109351740079e-02	-7.749846044951555490e-02	2.805096461006613764e-02	-3.033740134880714284e-02	7.608063663069644655e-02	-8.724961757369480153e-02	7.995786475304471341e-02	-3.299530196067702870e-02	2.986357984667505766e-02	-1.049322799476583579e-01	1.175418645551679769e-01	-3.134742139761739210e-01	4.318667680057177577e-02	-4.484818677723707153e-02	1.278972941360959348e-01	-1.497482995831295460e-01	2.506599139224928718e-01	-7.885915431436375800e-02	7.638941254723391472e-02	-1.465907519521548186e-01	1.558902460234052045e-01	-8.478193134502183259e-01	9.700014479520766009e-02	-8.706375340670871599e-02	9.773015124503582618e-02	-1.201340270138320232e-01	9.999999999999993339e-01	-6.917501931367059376e-02	6.440323369830217026e-02	-1.086710666508531320e-01	1.171080345599405936e-01	-2.006965104041143477e-01	5.404789141728060659e-02	-5.367674810962937137e-02	6.534793802135258067e-02	-8.203527588738608600e-02	9.480067776062635343e-02	-5.339519014652145679e-02	4.264729223439332750e-02	-6.206446113973344836e-02	5.694023444678754375e-02	-7.147868471299204107e-02
2.811544154790607958e-02	-2.972153260785638518e-02	6.224809169724268565e-02	-5.638939522332359067e-02	2.975012618004094916e-02	-2.674249497988682306e-02	2.772277436816552101e-02	-4.515599839340325716e-02	4.583866261508386108e-02	-3.224816471226290421e-02	3.346119296755716704e-02	-3.094525461476520592e-02	5.879160600929844022e-02	-6.651992790366816066e-02	6.063404949308708047e-02	-6.072736248655685731e-02	6.013321310381084667e-02	-7.994501419980286350e-02	7.687106777315620698e-02	-5.368685007370996992e-02	1.541551873526029737e-01	-1.607309317398118997e-01	1.148113355473357466e-01	-1.111948978409456612e-01	6.069823654538954172e-02	-4.075722031558979275e-01	2.871257189755210271e-01	-1.742216294784841024e-01	1.491006935290783986e-01	-6.917501931367059376e-02	1.000000000000001554e+00	-6.345398813049908382e-01	2.290602674486585111e-01	-1.843744431258403094e-01	1.549294965869005281e-01	-4.664066849798497727e-01	2.743573276127047600e-01	-1.819762676929481959e-01	1.321054002838588648e-01	-1.229866061340583183e-01	1.740487675965047831e-01	-1.540242112837920119e-01	1.558311306127400653e-01	-1.055306235836421386e-01	1.193171511107153498e-01
-2.556164909784757605e-02	2.697746203146929658e-02	-5.672025447687503025e-02	5.092385849146035398e-02	-2.716235872185296732e-02	2.436761251275654933e-02	-2.534733734428134405e-02	4.131477632613223677e-02	-4.181392215642000532e-02	2.939326359499660341e-02	-3.066919831060926568e-02	2.834417082881088984e-02	-5.427439451689529404e-02	6.077027208930187163e-02	-5.655553591148827081e-02	5.615434691489647884e-02	-5.687545794764268386e-02	7.586525862593912484e-02	-7.364056045636786785e-02	5.005474803196624523e-02	-1.533148484905487718e-01	1.571506445671095042e-01	-1.150166515673789885e-01	1.083484860895289614e-01	-5.700903228203939993e-02	2.911853199937505798e-01	-5.034817097228438953e-01	1.913367916079903308e-01	-1.587295254667092925e-01	6.440323369830217026e-02	-6.345398813049908382e-01	1.000000000000001998e+00	-3.193513237934812454e-01	1.794757029066388065e-01	-1.447055535482552613e-01	2.666234165426647484e-01	-3.309085501679532859e-01	1.697298267114800696e-01	-1.266543383487491459e-01	1.140694173029841996e-01	-1.717334444393211479e-01	1.448374567988793549e-01	-1.520985615660112034e-01	9.922725279923406971e-02	-1.129891939603898388e-01
3.714719637602904856e-02	-3.920129425800552431e-02	8.890388288862464961e-02	-8.188553139060522623e-02	4.362417442316278426e-02	-3.370233285349957808e-02	3.521687813736229522e-02	-6.536392401535026653e-02	6.680001978221192238e-02	-4.735406774664387836e-02	4.133894474090028109e-02	-3.810126169172694394e-02	8.584755000438337724e-02	-9.800587793573205253e-02	9.136223436564168410e-02	-6.906053051184772584e-02	6.900222319436431773e-02	-1.228204314531415875e-01	1.188495118993995042e-01	-8.205119494749477105e-02	1.564939251734664694e-01	-1.630187019581739172e-01	1.817577668447647177e-01	-1.862141367428040428e-01	9.416263461174950722e-02	-2.982083733879912768e-01	2.639043266826624490e-01	-5.293392259306689551e-01	3.017690970323010924e-01	-1.086710666508531320e-01	2.290602674486585111e-01	-3.193513237934812454e-01	1.000000000000000222e+00	-4.754643232284986309e-01	2.412656326355114289e-01	-1.908611246832692954e-01	1.818390957894352733e-01	-2.568883040720209010e-01	2.109679645415159788e-01	-1.974225836800005407e-01	1.557767953754170265e-01	-1.347696841715734783e-01	1.898740772421482204e-01	-1.537031962105292471e-01	1.685544235648738787e-01
-3.424058395731485738e-02	3.586853297065673019e-02	-8.508582200610582957e-02	7.554421243005639275e-02	-4.220434580569745742e-02	3.033509363521933941e-02	-3.196304914367005534e-02	6.178109048169102419e-02	-6.335530391170514364e-02	4.535510649219147428e-02	-3.718433914275423580e-02	3.401601435345408264e-02	-8.283211032365456195e-02	9.155557784168368018e-02	-9.582856643559385657e-02	5.958813926451235476e-02	-6.098608459873466198e-02	1.163421410131523365e-01	-1.217587688428923703e-01	8.368298941838357707e-02	-1.376935205629660763e-01	1.335343149606223745e-01	-1.854643379818389504e-01	1.822830051746955060e-01	-1.047717463628175111e-01	2.137461359636257108e-01	-2.140265662025531979e-01	2.839437961897972595e-01	-4.806483780548385099e-01	1.171080345599405936e-01	-1.843744431258403094e-01	1.794757029066388065e-01	-4.754643232284986309e-01	1.000000000000001110e+00	-4.024982349874438592e-01	1.467977034613819065e-01	-1.507574634630848009e-01	2.042295972769344325e-01	-3.966439273402400101e-01	2.545535576971317826e-01	-1.476525080241673782e-01	1.200937135631780228e-01	-1.940065197408556985e-01	1.892943494926251913e-01	-2.219929440927211339e-01
