1.000000000000000000e+00	-1.667732915292873819e-01	1.118425829669839611e-01	-8.952838480084404638e-02	5.802543471195373281e-02	-9.522516310987018118e-01	1.242708810529640079e-01	-8.344346255358230102e-02	7.226364962275302894e-02	-4.703883849432386605e-02	1.406946878444780558e-01	-1.074930508228559151e-01	9.173880261559547167e-02	-6.188955018156109406e-02	6.461505494706393238e-02	-7.138921016421177768e-02	5.988242178947938976e-02	-8.158850393936772916e-02	5.373962925766702370e-02	-6.667784920480968047e-02	6.685253883533198715e-02	-6.085958718578888399e-02	5.789211240702885758e-02	-4.934961454592833724e-02	4.142182259319736326e-02	-4.388338228764575299e-02	4.815412176396506594e-02	-4.465830384834931777e-02	4.590128449112581416e-02	-5.276723379465553254e-02	4.111636333785870234e-02	-3.498792672708481155e-02	3.237455243918355152e-02	-3.373947236130567240e-02	5.651305963428202711e-02	-2.444413294093643677e-02	3.826618715204159471e-02	-3.123257586591475510e-02	2.619111259690430280e-02	-2.738833414350010792e-02	2.333249443273462120e-02	-3.157888759129291734e-02	2.736226364075788550e-02	-3.179931631325497859e-02	2.707810272046451416e-02
-1.667732915292873819e-01	1.000000000000000000e+00	-6.344767898732038836e-01	2.267392477501013193e-01	-1.450723922059711235e-01	1.408798016074001846e-01	-5.653016490047887421e-01	2.534456998942624106e-01	-1.977211628177498737e-01	1.141187561648203674e-01	-1.494621277134413340e-01	2.782623279063322075e-01	-2.871132576506972844e-01	1.184877312254656173e-01	-1.308464859941842751e-01	8.853215705307729277e-02	-8.915429862410854944e-02	1.200630333467364586e-01	-8.747843754495020219e-02	9.750644563773068485e-02	-9.311931577157683826e-02	8.358683724744372934e-02	-8.588208143660518157e-02	7.339558461455626681e-02	-6.099759760236889844e-02	5.989956751224399800e-02	-6.811088695314802821e-02	6.333363502123683098e-02	-6.766789666028845407e-02	7.413190760063483042e-02	-5.707430016971924702e-02	4.818997201180746232e-02	-4.475040849869941356e-02	4.508557288450481398e-02	-7.848218735730135009e-02	3.313170482507114128e-02	-5.294036499378305949e-02	4.249946363749372569e-02	-3.542636581793622702e-02	3.711327388323847759e-02	-3.190819343391715357e-02	4.253684876476010457e-02	-3.723196417254000939e-02	4.263205253433758474e-02	-3.696069935670603934e-02
1.118425829669839611e-01	-6.344767898732038836e-01	1.000000000000000000e+00	-4.166281385986422836e-01	1.690195076326743706e-01	-1.148033248889462343e-01	2.761680783651022097e-01	-4.446054148383726257e-01	2.423818042547892793e-01	-1.430574272782684231e-01	1.448593976584160448e-01	-2.931588126464869104e-01	2.687871767070996176e-01	-1.392238235090148823e-01	1.451320094634313551e-01	-9.276820679785911794e-02	9.172036294878051221e-02	-1.337483802742900629e-01	9.729686004564302992e-02	-1.096681621409051899e-01	9.800276532179158506e-02	-8.955661784670489178e-02	9.221958245965661272e-02	-8.100021124099283931e-02	6.737981404849893718e-02	-6.413920829401323354e-02	7.280541028484829869e-02	-6.867326200287431071e-02	7.348700764841092914e-02	-8.216507366028284742e-02	6.096231426072497295e-02	-5.172794833572712248e-02	4.805209341586092614e-02	-4.874336460237513324e-02	8.445293289530582392e-02	-3.561248194523562727e-02	5.674510904912793280e-02	-4.577927629195913117e-02	3.819989216488869910e-02	-4.006274311582670028e-02	3.423409778356628630e-02	-4.584432999210331233e-02	4.005399401707503138e-02	-4.603568582657571739e-02	3.979653514763793754e-02
-8.952838480084404638e-02	2.267392477501013193e-01	-4.166281385986422836e-01	1.000000000000000000e+00	-4.380774348820500319e-01	8.551577808779040057e-02	-2.119661410143370006e-01	2.763852871766498964e-01	-5.885646381356459678e-01	2.801332668012764815e-01	-1.785832454913851841e-01	2.006581956086911922e-01	-2.711563066779665299e-01	2.162856720720765236e-01	-2.652561570326119056e-01	1.057701589405555392e-01	-1.054665981754421417e-01	1.677796887310785134e-01	-1.394724898121272871e-01	1.498748190538705394e-01	-1.282705336526495377e-01	1.090271167638430377e-01	-1.226565157088146674e-01	1.098548393300853576e-01	-9.236067958831860325e-02	8.294428174290069400e-02	-9.517170932826619911e-02	9.037367410314214866e-02	-9.977335655847487106e-02	1.096351740455682316e-01	-8.050516808487860609e-02	6.773393426862263367e-02	-6.349978045245915914e-02	6.368484079186488567e-02	-1.147407700046596257e-01	4.663406377826757182e-02	-7.517995386760888132e-02	6.002268573165851079e-02	-5.030124977219926907e-02	5.316386896496791414e-02	-4.517430990305777716e-02	6.000058792271936725e-02	-5.296521868368837122e-02	6.035608674393182910e-02	-5.312701929310294224e-02
5.802543471195373281e-02	-1.450723922059711235e-01	1.690195076326743706e-01	-4.380774348820500319e-01	1.000000000000000222e+00	-5.857314786728302219e-02	1.206022520549587668e-01	-1.899593871694867653e-01	2.990696970059370519e-01	-7.622897689318816061e-01	1.320093841017252190e-01	-1.401064296413392085e-01	1.568166861310988369e-01	-2.323489056555398391e-01	2.385309410027213195e-01	-8.610775279868415621e-02	8.487529449241186519e-02	-1.593844694103965787e-01	1.294145413088120256e-01	-1.522808130677415495e-01	1.047619706028533604e-01	-9.291944389200304522e-02	1.059471239668354631e-01	-1.028211736597414022e-01	8.684014395728600899e-02	-7.057576418778183092e-02	8.094763019589265585e-02	-8.009039996128397565e-02	8.843005892703417747e-02	-1.049931557731437204e-01	6.774281030837947526e-02	-5.785560866465262048e-02	5.416984408644694160e-02	-5.533738671354898608e-02	9.727617437475218065e-02	-3.987763018295829853e-02	6.371001767836043106e-02	-5.168214467297390508e-02	4.330838812834462981e-02	-4.579677859049451766e-02	3.836162544354337206e-02	-5.166730584052568742e-02	4.523616775047335087e-02	-5.219592533360351005e-02	4.531486832990197500e-02
-9.522516310987018118e-01	1.408798016074001846e-01	-1.148033248889462343e-01	8.551577808779040057e-02	-5.857314786728302219e-02	1.000000000000000222e+00	-1.355405195238761629e-01	8.214784088508907123e-02	-7.281843429659776157e-02	4.677244382688226093e-02	-1.669295190546183361e-01	1.049252824015756008e-01	-9.516653085120349576e-02	6.033529978238360431e-02	-6.428773517090270728e-02	7.102114793080128996e-02	-6.030195816216715049e-02	7.809630477891586764e-02	-5.214224796848818816e-02	6.375099881942287994e-02	-6.609346027941023771e-02	5.925741930932786061e-02	-5.657492914912110038e-02	4.767431353447548759e-02	-3.989572100555715400e-02	4.267775411050499929e-02	-4.703063594858338664e-02	4.327331350019165968e-02	-4.459540175336702827e-02	5.050138660711624150e-02	-4.004378257111106121e-02	3.394839867942510414e-02	-3.139229939905379546e-02	3.245056069781100672e-02	-5.458248060686445718e-02	2.364023815548896984e-02	-3.713626465852012948e-02	3.017978548788369589e-02	-2.525451303691675017e-02	2.637687639925068508e-02	-2.260194531382868355e-02	3.045934461376847285e-02	-2.642987227614962409e-02	3.060792683636247985e-02	-2.612429516681277764e-02
1.242708810529640079e-01	-5.653016490047887421e-01	2.761680783651022097e-01	-2.119661410143370006e-01	1.206022520549587668e-01	-1.355405195238761629e-01	1.000000000000000666e+00	-2.807117599334290614e-01	1.687142216071172707e-01	-1.030599021285892175e-01	1.516767564598136830e-01	-6.503028025429633541e-01	2.713737544288489789e-01	-1.148683726643655867e-01	1.183176052748357993e-01	-1.027837210709314775e-01	1.040629523855177707e-01	-1.262024877224983688e-01	8.715638565239736124e-02	-9.922601163317767980e-02	9.556006548600680384e-02	-9.255540631957218101e-02	8.800438838983401513e-02	-7.486108166764686433e-02	6.177593922506179752e-02	-6.225728897371719112e-02	7.056365065627751010e-02	-6.544225095063824216e-02	6.869713186483282497e-02	-7.594129450616754484e-02	5.840489529471449420e-02	-4.967569785398506799e-02	4.580804269760239966e-02	-4.637938758698993691e-02	7.893408807571704322e-02	-3.405627099120279999e-02	5.407421529929908044e-02	-4.369363496129793217e-02	3.628483387724491804e-02	-3.783484576429773510e-02	3.263950547466425156e-02	-4.372756773158036070e-02	3.803237360564512559e-02	-4.376051550676329782e-02	3.754077932039572713e-02
-8.344346255358230102e-02	2.534456998942624106e-01	-4.446054148383726257e-01	2.763852871766498964e-01	-1.899593871694867653e-01	8.214784088508907123e-02	-2.807117599334290614e-01	1.000000000000000888e+00	-4.212058771029343340e-01	1.697227905293640648e-01	-1.424496683941383068e-01	2.679930604872352018e-01	-6.363233200293564318e-01	1.584537470841840823e-01	-1.650177723324553758e-01	8.980816826669954511e-02	-9.110245898861295266e-02	1.401764001890246081e-01	-1.061838876067971588e-01	1.122501603574687784e-01	-9.839885137166701212e-02	8.855411454594555587e-02	-9.532526537623332852e-02	8.384220241125579787e-02	-6.940603353023627742e-02	6.407233231173599386e-02	-7.350616196191524232e-02	6.963695082685618376e-02	-7.575578715789726969e-02	8.300954102316382421e-02	-6.126611792496786807e-02	5.187008925899691536e-02	-4.827982682350390881e-02	4.854084815299809091e-02	-8.520460152558265166e-02	3.557423626797252131e-02	-5.701659510160594219e-02	4.579186597597485059e-02	-3.817245834741432586e-02	4.008663004366114918e-02	-3.428849815676229124e-02	4.573629121535188052e-02	-4.008966653207901576e-02	4.589109025645190382e-02	-3.990771878332369932e-02
7.226364962275302894e-02	-1.977211628177498737e-01	2.423818042547892793e-01	-5.885646381356459678e-01	2.990696970059370519e-01	-7.281843429659776157e-02	1.687142216071172707e-01	-4.212058771029343340e-01	1.000000000000001332e+00	-4.546462246216662062e-01	1.493386533013881523e-01	-1.939201009047542834e-01	2.400253275207125669e-01	-2.918553552854440403e-01	2.438073873725988550e-01	-9.622408601176860032e-02	9.561410075494279626e-02	-1.699906964576528567e-01	1.438897781842475854e-01	-1.522678490957569131e-01	1.138763105755212918e-01	-1.011778076588818881e-01	1.145095658127869565e-01	-1.090627598453655367e-01	9.009152822422750173e-02	-7.571340560933081942e-02	8.717981246619981028e-02	-8.519952506828103178e-02	9.441583323041231879e-02	-1.070109232371070918e-01	7.271699127687034081e-02	-6.186564999762105693e-02	5.783528718974661337e-02	-5.849586682432512952e-02	1.034348944159364375e-01	-4.248495482253783484e-02	6.812267074043780457e-02	-5.495361309635760083e-02	4.593682160434996858e-02	-4.847849138326454366e-02	4.094478913289630040e-02	-5.485269756266036856e-02	4.811791173794544019e-02	-5.525112691038316926e-02	4.813914409672161165e-02
-4.703883849432386605e-02	1.141187561648203674e-01	-1.430574272782684231e-01	2.801332668012764815e-01	-7.622897689318816061e-01	4.677244382688226093e-02	-1.030599021285892175e-01	1.697227905293640648e-01	-4.546462246216662062e-01	9.999999999999998890e-01	-1.092213199915286620e-01	1.141863517615570450e-01	-1.469962882665463433e-01	2.104396005557359339e-01	-3.211054572625284820e-01	7.034167921631574727e-02	-6.998264873846439527e-02	1.301156820059977404e-01	-1.134032880610223309e-01	1.260530213317195558e-01	-8.656378186064360436e-02	7.618278207770147470e-02	-8.861222162954376924e-02	8.594572919513598919e-02	-7.255542716342217036e-02	5.793788780015526885e-02	-6.696163230133408972e-02	6.614777201171521959e-02	-7.403674628507619926e-02	8.560502617089660315e-02	-5.582454755354798043e-02	4.755387476894824134e-02	-4.456287594720300532e-02	4.513303354037200010e-02	-8.030384572768969886e-02	3.266076656331740741e-02	-5.243940077291277257e-02	4.233964382730014131e-02	-3.544248766555121305e-02	3.750990235184096383e-02	-3.149316843037860969e-02	4.224043706117477925e-02	-3.709177447913765413e-02	4.262229112491965066e-02	-3.721182214391374754e-02
1.406946878444780558e-01	-1.494621277134413340e-01	1.448593976584160448e-01	-1.785832454913851841e-01	1.320093841017252190e-01	-1.669295190546183361e-01	1.516767564598136830e-01	-1.424496683941383068e-01	1.493386533013881523e-01	-1.092213199915286620e-01	1.000000000000002665e+00	-2.147447566280362707e-01	1.678090883568482961e-01	-1.956653141864189427e-01	1.934474712976425037e-01	-4.540716373873081579e-01	2.678782336934980024e-01	-3.377219025777173922e-01	2.025814655200645908e-01	-2.687595381328897193e-01	2.819568324425958949e-01	-2.799309260625892359e-01	2.362316720502458112e-01	-1.993326153869108830e-01	1.667824372940316380e-01	-1.904560122540122913e-01	2.035103072774511745e-01	-1.881009603608423952e-01	1.859989288558938636e-01	-2.190048077318430264e-01	1.729721165282844808e-01	-1.491087783235532094e-01	1.365200226853291732e-01	-1.453598262224434501e-01	2.328771437168249137e-01	-1.046322100928371579e-01	1.608778883544609850e-01	-1.333909968692970349e-01	1.116615861757785377e-01	-1.160123648305845939e-01	9.884684881936559031e-02	-1.355109085030923866e-01	1.159870227890363314e-01	-1.364766069316932784e-01	1.138371548986238380e-01
-1.074930508228559151e-01	2.782623279063322075e-01	-2.931588126464869104e-01	2.006581956086911922e-01	-1.401064296413392085e-01	1.049252824015756008e-01	-6.503028025429633541e-01	2.679930604872352018e-01	-1.939201009047542834e-01	1.141863517615570450e-01	-2.147447566280362707e-01	9.999999999999996669e-01	-5.258200017904680612e-01	1.329782389584602820e-01	-1.418006528941746780e-01	1.322358301079956389e-01	-1.532522182645627007e-01	1.516176108447471749e-01	-1.051931256573178236e-01	1.166054342174750458e-01	-1.200268587437377105e-01	1.158992354833509458e-01	-1.094316283630610565e-01	9.008374792418046006e-02	-7.391397649932959779e-02	7.656123565434083678e-02	-8.766484960092439660e-02	7.985280683083781361e-02	-8.378572446102484916e-02	9.017888849717679844e-02	-7.184107952061091762e-02	6.085160229947480376e-02	-5.598581249378216385e-02	5.604141318440084008e-02	-9.549073966306098615e-02	4.149253370593613405e-02	-6.615945196537846573e-02	5.315705276913413463e-02	-4.397437460200148002e-02	4.571153715609354434e-02	-3.982600727322573725e-02	5.306973649768087498e-02	-4.619894891489510075e-02	5.292115225806343082e-02	-4.545907389444023283e-02
9.173880261559547167e-02	-2.871132576506972844e-01	2.687871767070996176e-01	-2.711563066779665299e-01	1.568166861310988369e-01	-9.516653085120349576e-02	2.713737544288489789e-01	-6.363233200293564318e-01	2.400253275207125669e-01	-1.469962882665463433e-01	1.678090883568482961e-01	-5.258200017904680612e-01	9.999999999999983347e-01	-1.754380408820552240e-01	1.620980004746669645e-01	-1.147543931155737690e-01	1.162875865022888477e-01	-1.857777828313395552e-01	1.218856142120849362e-01	-1.308367534874476656e-01	1.163849416120216196e-01	-1.098959571454302953e-01	1.131944693476955449e-01	-9.860600835165252154e-02	8.078612063725822134e-02	-7.642232278290851666e-02	8.739468214250203926e-02	-8.275699752201921833e-02	8.864399906875489177e-02	-9.769689485431183595e-02	7.230157886415836122e-02	-6.152127133194101871e-02	5.698489007230439496e-02	-5.751180729554392773e-02	9.926311281165482725e-02	-4.212529740941275969e-02	6.719619674367574569e-02	-5.422534813379110974e-02	4.508155774985132813e-02	-4.717366773962777121e-02	4.046091056208076658e-02	-5.416272355039792458e-02	4.725768099892589669e-02	-5.428690054591829572e-02	4.684277970064272545e-02
-6.188955018156109406e-02	1.184877312254656173e-01	-1.392238235090148823e-01	2.162856720720765236e-01	-2.323489056555398391e-01	6.033529978238360431e-02	-1.148683726643655867e-01	1.584537470841840823e-01	-2.918553552854440403e-01	2.104396005557359339e-01	-1.956653141864189427e-01	1.329782389584602820e-01	-1.754380408820552240e-01	9.999999999999998890e-01	-6.960503132132186410e-01	1.269879503794519027e-01	-1.308603146164111497e-01	2.584667439959928981e-01	-4.413610836039951191e-01	2.560531222374778371e-01	-1.713010109952743942e-01	1.479306732455444306e-01	-1.972262593728191238e-01	2.014385247719797378e-01	-1.613941913989675458e-01	1.143968015825096857e-01	-1.378858279892412053e-01	1.389860409959869370e-01	-1.702534732210249646e-01	1.705411001551473404e-01	-1.118227382504812101e-01	9.496187544526217550e-02	-8.943068201028603337e-02	8.764639285463819707e-02	-1.625189798757040172e-01	6.414180830108455467e-02	-1.050078074382782972e-01	8.363928912482711253e-02	-6.961120769299013189e-02	7.386295079642546391e-02	-6.230298856934836371e-02	8.257402372275296498e-02	-7.319107577942933485e-02	8.301129017602199012e-02	-7.382335107442786204e-02
6.461505494706393238e-02	-1.308464859941842751e-01	1.451320094634313551e-01	-2.652561570326119056e-01	2.385309410027213195e-01	-6.428773517090270728e-02	1.183176052748357993e-01	-1.650177723324553758e-01	2.438073873725988550e-01	-3.211054572625284820e-01	1.934474712976425037e-01	-1.418006528941746780e-01	1.620980004746669645e-01	-6.960503132132186410e-01	9.999999999999972244e-01	-1.327577450530256220e-01	1.327336997542163943e-01	-2.939753376274096830e-01	2.718921438872764496e-01	-3.312951082173696826e-01	1.703004574135286997e-01	-1.534258841826057485e-01	1.877670885469014395e-01	-2.011682338791443148e-01	1.697984912765279630e-01	-1.175405365085443049e-01	1.375204663052622123e-01	-1.419435711991098303e-01	1.617553357051557672e-01	-1.977782228787724195e-01	1.127881646389509857e-01	-9.709589166091207868e-02	9.103584912886020231e-02	-9.251041273208651661e-02	1.643868806911824298e-01	-6.630667518328627053e-02	1.064734553915264725e-01	-8.667267225349058191e-02	7.241680957908099014e-02	-7.689375512640664323e-02	6.376755401893413611e-02	-8.611170674929433111e-02	7.540625294783268040e-02	-8.712459873124056564e-02	7.581230800279037396e-02
-7.138921016421177768e-02	8.853215705307729277e-02	-9.276820679785911794e-02	1.057701589405555392e-01	-8.610775279868415621e-02	7.102114793080128996e-02	-1.027837210709314775e-01	8.980816826669954511e-02	-9.622408601176860032e-02	7.034167921631574727e-02	-4.540716373873081579e-01	1.322358301079956389e-01	-1.147543931155737690e-01	1.269879503794519027e-01	-1.327577450530256220e-01	9.999999999999978906e-01	-7.017150350809633341e-01	2.303180770679909284e-01	-1.467801468518659669e-01	1.687330782488804526e-01	-3.638206733416711747e-01	2.804831931890068297e-01	-2.184318176828654035e-01	1.483211871374864321e-01	-1.157919488682768866e-01	1.715724646654813168e-01	-1.940892965200537446e-01	1.534602560417704653e-01	-1.496751641572137137e-01	1.437518895646051342e-01	-1.494911062659899925e-01	1.231971232182776238e-01	-1.085732494075977578e-01	1.028012101902989472e-01	-1.592899547318534226e-01	8.127542022380711273e-02	-1.286570748788697649e-01	1.017888738015605976e-01	-8.087572483124257083e-02	8.056727961046634967e-02	-7.727312688349462222e-02	1.004181688289591257e-01	-8.557094929483871626e-02	9.688064294605169824e-02	-8.009550509970128629e-02
5.988242178947938976e-02	-8.915429862410854944e-02	9.172036294878051221e-02	-1.054665981754421417e-01	8.487529449241186519e-02	-6.030195816216715049e-02	1.040629523855177707e-01	-9.110245898861295266e-02	9.561410075494279626e-02	-6.998264873846439527e-02	2.678782336934980024e-01	-1.532522182645627007e-01	1.162875865022888477e-01	-1.308603146164111497e-01	1.327336997542163943e-01	-7.017150350809633341e-01	9.999999999999985567e-01	-2.955131599764929673e-01	1.557796667045460437e-01	-1.749107428481909976e-01	2.586188451487880235e-01	-4.887232447361955501e-01	2.258315395686594507e-01	-1.571369791682012962e-01	1.182155540686542494e-01	-1.639610383606068256e-01	1.964196878053822148e-01	-1.617579298141150201e-01	1.504268167677235701e-01	-1.467442356647148671e-01	1.387026541521207690e-01	-1.217688419231781199e-01	1.048149530190737588e-01	-9.997636798596704066e-02	1.520378678327559963e-01	-7.768841857116406957e-02	1.227565802261126188e-01	-9.934989630627663604e-02	7.810625241394245077e-02	-7.764921183569642449e-02	7.307422657028662949e-02	-9.706325827096874692e-02	8.189809672138770313e-02	-9.371690636134118180e-02	7.668184537374223009e-02
-8.158850393936772916e-02	1.200630333467364586e-01	-1.337483802742900629e-01	1.677796887310785134e-01	-1.593844694103965787e-01	7.809630477891586764e-02	-1.262024877224983688e-01	1.401764001890246081e-01	-1.699906964576528567e-01	1.301156820059977404e-01	-3.377219025777173922e-01	1.516176108447471749e-01	-1.857777828313395552e-01	2.584667439959928981e-01	-2.939753376274096830e-01	2.303180770679909284e-01	-2.955131599764929673e-01	9.999999999999998890e-01	-5.104199640982206576e-01	2.943215023506681183e-01	-3.043418318241705722e-01	2.635879979630906256e-01	-4.110494772008767006e-01	2.788343962423356359e-01	-2.155748179188539115e-01	1.909775427850201324e-01	-2.355850153804101843e-01	2.252456905737192927e-01	-2.612204500513678473e-01	2.292186021149527075e-01	-1.880155352286790038e-01	1.569406550740553019e-01	-1.470343914675755204e-01	1.383090363500188158e-01	-2.587576730329580466e-01	1.045613759873218890e-01	-1.737202151903678160e-01	1.352515505097327542e-01	-1.112758111057955135e-01	1.166953875613306046e-01	-1.023273552380799811e-01	1.326957721100607557e-01	-1.183717935761132156e-01	1.316527517743851794e-01	-1.181720241788868087e-01
5.373962925766702370e-02	-8.747843754495020219e-02	9.729686004564302992e-02	-1.394724898121272871e-01	1.294145413088120256e-01	-5.214224796848818816e-02	8.715638565239736124e-02	-1.061838876067971588e-01	1.438897781842475854e-01	-1.134032880610223309e-01	2.025814655200645908e-01	-1.051931256573178236e-01	1.218856142120849362e-01	-4.413610836039951191e-01	2.718921438872764496e-01	-1.467801468518659669e-01	1.557796667045460437e-01	-5.104199640982206576e-01	9.999999999999992228e-01	-4.707380931301287652e-01	1.929708694086868237e-01	-1.828432739790381845e-01	2.590075448880809206e-01	-4.393521558853363818e-01	2.335406603398332281e-01	-1.344656443188532169e-01	1.664885919487294752e-01	-1.865224591072835725e-01	2.305692135173065260e-01	-2.350507164315845388e-01	1.285767064571530227e-01	-1.115476632490330910e-01	1.041130257949766102e-01	-1.006967237012780930e-01	1.839127346169645849e-01	-7.359721459367167540e-02	1.206102082857767738e-01	-9.738092151307722877e-02	7.973882893617663392e-02	-8.420948260954252973e-02	7.104766369430356998e-02	-9.471558533640592192e-02	8.328866726440077584e-02	-9.485223174430673643e-02	8.353096144797919620e-02
-6.667784920480968047e-02	9.750644563773068485e-02	-1.096681621409051899e-01	1.498748190538705394e-01	-1.522808130677415495e-01	6.375099881942287994e-02	-9.922601163317767980e-02	1.122501603574687784e-01	-1.522678490957569131e-01	1.260530213317195558e-01	-2.687595381328897193e-01	1.166054342174750458e-01	-1.308367534874476656e-01	2.560531222374778371e-01	-3.312951082173696826e-01	1.687330782488804526e-01	-1.749107428481909976e-01	2.943215023506681183e-01	-4.707380931301287652e-01	9.999999999999997780e-01	-2.543094053424710954e-01	2.057780172888527548e-01	-2.910231907233893356e-01	2.897624295446180609e-01	-4.980827606742810332e-01	1.679732479923750355e-01	-2.072642729079242352e-01	2.042162743443047268e-01	-2.667881555915449510e-01	3.010676927710672079e-01	-1.696467158844353895e-01	1.424041072869617619e-01	-1.361080796050007924e-01	1.322621166644600832e-01	-2.818234883247822120e-01	9.615886684653864036e-02	-1.607850279778678948e-01	1.256424043707823901e-01	-1.067236367092405797e-01	1.176760861499511895e-01	-9.461600729101982132e-02	1.243139463273346679e-01	-1.128554338449812011e-01	1.265397189438551839e-01	-1.187398927883404898e-01
6.685253883533198715e-02	-9.311931577157683826e-02	9.800276532179158506e-02	-1.282705336526495377e-01	1.047619706028533604e-01	-6.609346027941023771e-02	9.556006548600680384e-02	-9.839885137166701212e-02	1.138763105755212918e-01	-8.656378186064360436e-02	2.819568324425958949e-01	-1.200268587437377105e-01	1.163849416120216196e-01	-1.713010109952743942e-01	1.703004574135286997e-01	-3.638206733416711747e-01	2.586188451487880235e-01	-3.043418318241705722e-01	1.929708694086868237e-01	-2.543094053424710954e-01	1.000000000000000444e+00	-4.001074453724092206e-01	2.617258982183397475e-01	-2.115801357751986300e-01	1.672085413577235058e-01	-4.814119831475331401e-01	2.804337897732150364e-01	-2.357517784288094276e-01	2.073807138305794606e-01	-2.208050626402143779e-01	2.650569335675026506e-01	-2.155118241527288481e-01	1.764999404133805738e-01	-1.823461211780754432e-01	2.374930986116364495e-01	-1.512500799758921821e-01	2.075891713935504035e-01	-1.763239139791967225e-01	1.380637815481959851e-01	-1.343709269447310728e-01	1.341692735943199322e-01	-1.802579793632403393e-01	1.443750325299537063e-01	-1.710566474406418902e-01	1.298209059785204733e-01
-6.085958718578888399e-02	8.358683724744372934e-02	-8.955661784670489178e-02	1.090271167638430377e-01	-9.291944389200304522e-02	5.925741930932786061e-02	-9.255540631957218101e-02	8.855411454594555587e-02	-1.011778076588818881e-01	7.618278207770147470e-02	-2.799309260625892359e-01	1.158992354833509458e-01	-1.098959571454302953e-01	1.479306732455444306e-01	-1.534258841826057485e-01	2.804831931890068297e-01	-4.887232447361955501e-01	2.635879979630906256e-01	-1.828432739790381845e-01	2.057780172888527548e-01	-4.001074453724092206e-01	9.999999999999942268e-01	-4.660496610385673755e-01	2.167213173862610753e-01	-1.532356149537219547e-01	2.342843384516173355e-01	-4.229017040342036848e-01	2.503207531049661538e-01	-2.274231242129874098e-01	1.850841188490401634e-01	-2.074991329702977616e-01	1.835985420665954548e-01	-1.546834567575734731e-01	1.319172570515000642e-01	-1.947617343159818437e-01	1.074349527140554955e-01	-1.813037030697815244e-01	1.394195129774929987e-01	-1.051636269849684918e-01	1.008391783472608327e-01	-1.021974865652963138e-01	1.317289764959906906e-01	-1.112604778164249519e-01	1.235015946605486498e-01	-1.005064428350380817e-01
5.789211240702885758e-02	-8.588208143660518157e-02	9.221958245965661272e-02	-1.226565157088146674e-01	1.059471239668354631e-01	-5.657492914912110038e-02	8.800438838983401513e-02	-9.532526537623332852e-02	1.145095658127869565e-01	-8.861222162954376924e-02	2.362316720502458112e-01	-1.094316283630610565e-01	1.131944693476955449e-01	-1.972262593728191238e-01	1.877670885469014395e-01	-2.184318176828654035e-01	2.258315395686594507e-01	-4.110494772008767006e-01	2.590075448880809206e-01	-2.910231907233893356e-01	2.617258982183397475e-01	-4.660496610385673755e-01	9.999999999999970024e-01	-4.600109151463064316e-01	2.194279868666614286e-01	-2.069745227042754931e-01	2.713825879255892248e-01	-4.090096085883568877e-01	2.956532703173820331e-01	-2.655056819453262551e-01	1.799497012426325704e-01	-1.674656460138753966e-01	1.492908115978185957e-01	-1.383524597996316496e-01	2.101558440629360258e-01	-1.030784481043711120e-01	1.661324859513957364e-01	-1.411223903478041053e-01	1.077591981694119572e-01	-1.067576589724816560e-01	9.674120727014552668e-02	-1.312367548688341545e-01	1.106693909776058082e-01	-1.276188218252324591e-01	1.044531618230059578e-01
-4.934961454592833724e-02	7.339558461455626681e-02	-8.100021124099283931e-02	1.098548393300853576e-01	-1.028211736597414022e-01	4.767431353447548759e-02	-7.486108166764686433e-02	8.384220241125579787e-02	-1.090627598453655367e-01	8.594572919513598919e-02	-1.993326153869108830e-01	9.008374792418046006e-02	-9.860600835165252154e-02	2.014385247719797378e-01	-2.011682338791443148e-01	1.483211871374864321e-01	-1.571369791682012962e-01	2.788343962423356359e-01	-4.393521558853363818e-01	2.897624295446180609e-01	-2.115801357751986300e-01	2.167213173862610753e-01	-4.600109151463064316e-01	9.999999999999971134e-01	-3.823467190776930202e-01	1.561244470390227290e-01	-2.165332094472791902e-01	2.682892865985974096e-01	-5.208456448997077493e-01	2.765864971673547834e-01	-1.476786501526283768e-01	1.315756603112145373e-01	-1.227897967503096405e-01	1.118799817761807480e-01	-1.978699026571172914e-01	8.269430756942637573e-02	-1.384228436636902038e-01	1.122135594741933140e-01	-8.895413870842608373e-02	9.167581781985059686e-02	-7.953111932320547361e-02	1.057629596549159307e-01	-9.226051132424321899e-02	1.044466055567264129e-01	-9.070479037313715354e-02
4.142182259319736326e-02	-6.099759760236889844e-02	6.737981404849893718e-02	-9.236067958831860325e-02	8.684014395728600899e-02	-3.989572100555715400e-02	6.177593922506179752e-02	-6.940603353023627742e-02	9.009152822422750173e-02	-7.255542716342217036e-02	1.667824372940316380e-01	-7.391397649932959779e-02	8.078612063725822134e-02	-1.613941913989675458e-01	1.697984912765279630e-01	-1.157919488682768866e-01	1.182155540686542494e-01	-2.155748179188539115e-01	2.335406603398332281e-01	-4.980827606742810332e-01	1.672085413577235058e-01	-1.532356149537219547e-01	2.194279868666614286e-01	-3.823467190776930202e-01	9.999999999999987788e-01	-1.205364276778002897e-01	1.514161309908499120e-01	-1.746998787113820117e-01	2.362473985380942609e-01	-6.933295466277485941e-01	1.168690644894892494e-01	-1.023550505850749914e-01	9.689608746420892704e-02	-9.771722035066066070e-02	1.994333703879880293e-01	-6.800232910766691730e-02	1.116776330503157916e-01	-9.111634118408991345e-02	7.691654933947765505e-02	-8.689426956886656117e-02	6.570384694409595050e-02	-8.923968160133741168e-02	7.912222975353785936e-02	-9.206916776472992558e-02	8.311075158998729173e-02
-4.388338228764575299e-02	5.989956751224399800e-02	-6.413920829401323354e-02	8.294428174290069400e-02	-7.057576418778183092e-02	4.267775411050499929e-02	-6.225728897371719112e-02	6.407233231173599386e-02	-7.571340560933081942e-02	5.793788780015526885e-02	-1.904560122540122913e-01	7.656123565434083678e-02	-7.642232278290851666e-02	1.143968015825096857e-01	-1.175405365085443049e-01	1.715724646654813168e-01	-1.639610383606068256e-01	1.909775427850201324e-01	-1.344656443188532169e-01	1.679732479923750355e-01	-4.814119831475331401e-01	2.342843384516173355e-01	-2.069745227042754931e-01	1.561244470390227290e-01	-1.205364276778002897e-01	9.999999999999956701e-01	-4.283833826194107797e-01	2.137020606304778081e-01	-1.840883895036776463e-01	1.550168338272055746e-01	-6.104527981889626975e-01	2.607061468862617026e-01	-1.939234859832361657e-01	1.500066178981896425e-01	-1.906554456055823688e-01	1.701750013820695351e-01	-2.370814944055412987e-01	1.706771147230776997e-01	-1.215242121567755018e-01	1.088656093616785780e-01	-1.618819149457809414e-01	1.667460868062901336e-01	-1.358887961022606505e-01	1.429206326175288810e-01	-1.095809959086781610e-01
4.815412176396506594e-02	-6.811088695314802821e-02	7.280541028484829869e-02	-9.517170932826619911e-02	8.094763019589265585e-02	-4.703063594858338664e-02	7.056365065627751010e-02	-7.350616196191524232e-02	8.717981246619981028e-02	-6.696163230133408972e-02	2.035103072774511745e-01	-8.766484960092439660e-02	8.739468214250203926e-02	-1.378858279892412053e-01	1.375204663052622123e-01	-1.940892965200537446e-01	1.964196878053822148e-01	-2.355850153804101843e-01	1.664885919487294752e-01	-2.072642729079242352e-01	2.804337897732150364e-01	-4.229017040342036848e-01	2.713825879255892248e-01	-2.165332094472791902e-01	1.514161309908499120e-01	-4.283833826194107797e-01	9.999999999999984457e-01	-5.027936483263449885e-01	2.532624525222034184e-01	-1.987983176968909360e-01	2.701703924679432212e-01	-3.648143050136955501e-01	2.047561282217450762e-01	-1.619443737603041000e-01	1.976531977832350073e-01	-1.373570656717692240e-01	2.299745934476827569e-01	-1.899861179706036907e-01	1.271362757409158495e-01	-1.138022492570363031e-01	1.238493634303450830e-01	-1.674311366940695045e-01	1.315419568268411110e-01	-1.483168145693748996e-01	1.115023090808855144e-01
-4.465830384834931777e-02	6.333363502123683098e-02	-6.867326200287431071e-02	9.037367410314214866e-02	-8.009039996128397565e-02	4.327331350019165968e-02	-6.544225095063824216e-02	6.963695082685618376e-02	-8.519952506828103178e-02	6.614777201171521959e-02	-1.881009603608423952e-01	7.985280683083781361e-02	-8.275699752201921833e-02	1.389860409959869370e-01	-1.419435711991098303e-01	1.534602560417704653e-01	-1.617579298141150201e-01	2.252456905737192927e-01	-1.865224591072835725e-01	2.042162743443047268e-01	-2.357517784288094276e-01	2.503207531049661538e-01	-4.090096085883568877e-01	2.682892865985974096e-01	-1.746998787113820117e-01	2.137020606304778081e-01	-5.027936483263449885e-01	9.999999999999972244e-01	-6.010714509111407811e-01	2.096320556374955402e-01	-1.973829910374296781e-01	1.939162482333187110e-01	-1.925985838996606414e-01	1.316994639835711300e-01	-1.886751290601372255e-01	1.018988934055975459e-01	-1.838847108355306514e-01	1.532309411423947165e-01	-1.064600912997077375e-01	9.754144863586278191e-02	-9.689265401946484113e-02	1.275820974277772635e-01	-1.081341210658419288e-01	1.193781218293842455e-01	-9.712461477796358045e-02
4.590128449112581416e-02	-6.766789666028845407e-02	7.348700764841092914e-02	-9.977335655847487106e-02	8.843005892703417747e-02	-4.459540175336702827e-02	6.869713186483282497e-02	-7.575578715789726969e-02	9.441583323041231879e-02	-7.403674628507619926e-02	1.859989288558938636e-01	-8.378572446102484916e-02	8.864399906875489177e-02	-1.702534732210249646e-01	1.617553357051557672e-01	-1.496751641572137137e-01	1.504268167677235701e-01	-2.612204500513678473e-01	2.305692135173065260e-01	-2.667881555915449510e-01	2.073807138305794606e-01	-2.274231242129874098e-01	2.956532703173820331e-01	-5.208456448997077493e-01	2.362473985380942609e-01	-1.840883895036776463e-01	2.532624525222034184e-01	-6.010714509111407811e-01	9.999999999999996669e-01	-3.356691401463006152e-01	1.597927493058877990e-01	-1.548819209212488335e-01	1.411168932685894217e-01	-1.260660666492708082e-01	1.920103504999919886e-01	-9.134625646295053969e-02	1.497230711357249999e-01	-1.317265013780059557e-01	9.803839149479069703e-02	-9.652332353307066515e-02	8.563300339837304209e-02	-1.172008423371275754e-01	9.883332294622289294e-02	-1.142469708363950120e-01	9.374240484435751586e-02
-5.276723379465553254e-02	7.413190760063483042e-02	-8.216507366028284742e-02	1.096351740455682316e-01	-1.049931557731437204e-01	5.050138660711624150e-02	-7.594129450616754484e-02	8.300954102316382421e-02	-1.070109232371070918e-01	8.560502617089660315e-02	-2.190048077318430264e-01	9.017888849717679844e-02	-9.769689485431183595e-02	1.705411001551473404e-01	-1.977782228787724195e-01	1.437518895646051342e-01	-1.467442356647148671e-01	2.292186021149527075e-01	-2.350507164315845388e-01	3.010676927710672079e-01	-2.208050626402143779e-01	1.850841188490401634e-01	-2.655056819453262551e-01	2.765864971673547834e-01	-6.933295466277485941e-01	1.550168338272055746e-01	-1.987983176968909360e-01	2.096320556374955402e-01	-3.356691401463006152e-01	1.000000000000000222e+00	-1.558619051407146849e-01	1.341775050286231896e-01	-1.293312836351393769e-01	1.307772143053147484e-01	-3.313040539056347766e-01	9.000544133385610102e-02	-1.504387473652518681e-01	1.201570868067568382e-01	-1.045256677865906425e-01	1.232782922164079725e-01	-8.803508995851384855e-02	1.188135345644587004e-01	-1.078532608981627727e-01	1.244987076545506915e-01	-1.192248776341776617e-01
4.111636333785870234e-02	-5.707430016971924702e-02	6.096231426072497295e-02	-8.050516808487860609e-02	6.774281030837947526e-02	-4.004378257111106121e-02	5.840489529471449420e-02	-6.126611792496786807e-02	7.271699127687034081e-02	-5.582454755354798043e-02	1.729721165282844808e-01	-7.184107952061091762e-02	7.230157886415836122e-02	-1.118227382504812101e-01	1.127881646389509857e-01	-1.494911062659899925e-01	1.387026541521207690e-01	-1.880155352286790038e-01	1.285767064571530227e-01	-1.696467158844353895e-01	2.650569335675026506e-01	-2.074991329702977616e-01	1.799497012426325704e-01	-1.476786501526283768e-01	1.168690644894892494e-01	-6.104527981889626975e-01	2.701703924679432212e-01	-1.973829910374296781e-01	1.597927493058877990e-01	-1.558619051407146849e-01	1.000000000000000222e+00	-4.634616532928887422e-01	2.205022572468173792e-01	-1.852620915929459322e-01	1.939524874169208379e-01	-2.988223785696726420e-01	2.665365957017498122e-01	-2.177871402914621779e-01	1.441768210901445690e-01	-1.255086663377021072e-01	2.049366568388036047e-01	-2.203814967889880794e-01	1.593103548982996442e-01	-1.767910179330664244e-01	1.225274374768605401e-01
-3.498792672708481155e-02	4.818997201180746232e-02	-5.172794833572712248e-02	6.773393426862263367e-02	-5.785560866465262048e-02	3.394839867942510414e-02	-4.967569785398506799e-02	5.187008925899691536e-02	-6.186564999762105693e-02	4.755387476894824134e-02	-1.491087783235532094e-01	6.085160229947480376e-02	-6.152127133194101871e-02	9.496187544526217550e-02	-9.709589166091207868e-02	1.231971232182776238e-01	-1.217688419231781199e-01	1.569406550740553019e-01	-1.115476632490330910e-01	1.424041072869617619e-01	-2.155118241527288481e-01	1.835985420665954548e-01	-1.674656460138753966e-01	1.315756603112145373e-01	-1.023550505850749914e-01	2.607061468862617026e-01	-3.648143050136955501e-01	1.939162482333187110e-01	-1.548819209212488335e-01	1.341775050286231896e-01	-4.634616532928887422e-01	9.999999999999995559e-01	-4.467551054418801293e-01	1.813428388719440787e-01	-1.817148632361873517e-01	1.671732852978536632e-01	-5.482373219991669711e-01	2.762889208898418048e-01	-1.547907473776822251e-01	1.162088146010667039e-01	-1.549218395789285219e-01	2.106107108886337842e-01	-1.625150586528038288e-01	1.629578921263439284e-01	-1.175268562237111875e-01
3.237455243918355152e-02	-4.475040849869941356e-02	4.805209341586092614e-02	-6.349978045245915914e-02	5.416984408644694160e-02	-3.139229939905379546e-02	4.580804269760239966e-02	-4.827982682350390881e-02	5.783528718974661337e-02	-4.456287594720300532e-02	1.365200226853291732e-01	-5.598581249378216385e-02	5.698489007230439496e-02	-8.943068201028603337e-02	9.103584912886020231e-02	-1.085732494075977578e-01	1.048149530190737588e-01	-1.470343914675755204e-01	1.041130257949766102e-01	-1.361080796050007924e-01	1.764999404133805738e-01	-1.546834567575734731e-01	1.492908115978185957e-01	-1.227897967503096405e-01	9.689608746420892704e-02	-1.939234859832361657e-01	2.047561282217450762e-01	-1.925985838996606414e-01	1.411168932685894217e-01	-1.293312836351393769e-01	2.205022572468173792e-01	-4.467551054418801293e-01	1.000000000000000444e+00	-2.909149239494217554e-01	1.868618809147829241e-01	-1.341774109875604748e-01	2.898123807822960973e-01	-7.140845727598037485e-01	2.292338035148590858e-01	-1.338814678276673831e-01	1.223205280116339139e-01	-1.899845935550936726e-01	1.588003048356855240e-01	-1.854868713038297923e-01	1.302301981256462904e-01
-3.373947236130567240e-02	4.508557288450481398e-02	-4.874336460237513324e-02	6.368484079186488567e-02	-5.533738671354898608e-02	3.245056069781100672e-02	-4.637938758698993691e-02	4.854084815299809091e-02	-5.849586682432512952e-02	4.513303354037200010e-02	-1.453598262224434501e-01	5.604141318440084008e-02	-5.751180729554392773e-02	8.764639285463819707e-02	-9.251041273208651661e-02	1.028012101902989472e-01	-9.997636798596704066e-02	1.383090363500188158e-01	-1.006967237012780930e-01	1.322621166644600832e-01	-1.823461211780754432e-01	1.319172570515000642e-01	-1.383524597996316496e-01	1.118799817761807480e-01	-9.771722035066066070e-02	1.500066178981896425e-01	-1.619443737603041000e-01	1.316994639835711300e-01	-1.260660666492708082e-01	1.307772143053147484e-01	-1.852620915929459322e-01	1.813428388719440787e-01	-2.909149239494217554e-01	9.999999999999998890e-01	-3.233677320460715543e-01	1.196821915258836494e-01	-2.385016252854257890e-01	2.604329539984466257e-01	-7.508259446657739034e-01	2.112218420549983600e-01	-1.244268956138212118e-01	1.839826191495310959e-01	-2.189648177451690159e-01	2.586035593586703540e-01	-2.269582456060921238e-01
