1.000000000000000222e+00	-9.854065722195748389e-02	8.158230177176636899e-02	-7.562592891220326630e-02	5.425983437100143775e-02	-1.613421098441834844e-01	9.012094067138438913e-02	-8.785492667042693604e-02	7.639995649315690918e-02	-9.268870654360364392e-02	8.701298085844362540e-02	-8.341853284023287296e-02	8.614841283359676860e-02	-6.823729748610489476e-02	7.047663038876750274e-02	-7.379782559739160586e-02	6.973805608646035936e-02	-7.575923105329857021e-02	7.325967432528163181e-02	-9.008292670976329741e-02	5.908798389867599837e-02	-5.629550892928820993e-02	6.573831961810572277e-02	-5.835253736591070051e-02	5.923184411140636207e-02	-4.967527083538818278e-02	4.971955175179525177e-02	-7.394448500920361433e-02	6.023919562243709031e-02	-5.250568194336541900e-02	7.362886272522889408e-02	-5.846489088571355658e-02	1.054448182152191299e-01	-5.045795014310138632e-02	6.859532080490141071e-02	-5.059969170394379434e-02	5.880826795377287752e-02	-5.442042828290073048e-02	7.025903763127214208e-02	-4.100005829210572744e-02	4.967569809380449619e-02	-4.837263206124894910e-02	5.054983516559431733e-02	-5.050062849893566241e-02	4.352098152082332222e-02
-9.854065722195748389e-02	1.000000000000000000e+00	-6.960327088922388938e-01	1.485011870134176903e-01	-1.155739820416928632e-01	2.178286940877325328e-01	-5.638695347130393554e-01	3.094004871807808921e-01	-1.525451351747820483e-01	1.337133316459998555e-01	-1.653457065422238303e-01	1.823372204835792820e-01	-2.097041120924781898e-01	1.257594987254332108e-01	-1.146914721145332328e-01	1.147491727782135179e-01	-1.187744300151973853e-01	1.182846134269108368e-01	-1.181781705037163593e-01	1.203295744666583456e-01	-8.810090960406631588e-02	8.140902385584813938e-02	-8.977137338785326492e-02	7.724236700413322776e-02	-7.431074621859599938e-02	6.298074198191828954e-02	-6.384818459485797071e-02	8.169992813303436630e-02	-7.117513291793915731e-02	6.274468599796198531e-02	-8.118765697021927685e-02	6.458903455625496226e-02	-1.136351374098951983e-01	5.658360535258569884e-02	-7.739605664949976427e-02	5.520580462690109075e-02	-6.375377184290821619e-02	5.891528344462285821e-02	-7.675912078028601648e-02	4.433493531758419398e-02	-5.368651985360804735e-02	5.222626347086527926e-02	-5.440290600051803094e-02	5.430733315578332998e-02	-4.691892196933515613e-02
8.158230177176636899e-02	-6.960327088922388938e-01	1.000000000000000000e+00	-2.152475516401685662e-01	1.363208147434812889e-01	-2.258290590641409412e-01	3.128318624478924614e-01	-5.344958813175021417e-01	1.613014324267315891e-01	-1.578482819065860077e-01	1.540983854346009985e-01	-1.865092096972988944e-01	2.133146393438588861e-01	-1.380566735048593952e-01	1.230042216835576241e-01	-1.156554674645740022e-01	1.163903893626412611e-01	-1.245205112094932148e-01	1.205842853001975468e-01	-1.307686934528871359e-01	8.540412833274359239e-02	-8.090339580955377419e-02	8.838597656982898065e-02	-7.791603914401179498e-02	7.446548554385258589e-02	-6.132029679979979220e-02	6.149542495916612839e-02	-8.162252349413322283e-02	7.013243409693838137e-02	-6.345604877899893581e-02	7.611583847272555825e-02	-6.089279054531204771e-02	1.058752082910768139e-01	-5.461253101275272831e-02	7.403672966106253361e-02	-5.216003718372830972e-02	5.995397009656211473e-02	-5.581969462385857200e-02	7.258576293229716814e-02	-4.219946064396649238e-02	5.045465600323907618e-02	-4.946228931491580827e-02	5.131640841316038176e-02	-5.171916907307655409e-02	4.431881525183373194e-02
-7.562592891220326630e-02	1.485011870134176903e-01	-2.152475516401685662e-01	1.000000000000000222e+00	-7.740644646894940806e-01	1.625535640017726768e-01	-1.443877284379985748e-01	1.643066031391508253e-01	-3.065477119671779493e-01	3.003812695334173166e-01	-1.327895072678393629e-01	1.363887686529736132e-01	-1.769919984917379951e-01	1.885981393061297029e-01	-2.288325129142682324e-01	1.092455096340605308e-01	-1.164250161903563341e-01	1.327599723731972547e-01	-1.536801604979642910e-01	1.773026839965576584e-01	-8.987185892483040561e-02	8.413632740050207282e-02	-1.132182925082495517e-01	9.707520160056165581e-02	-1.055303039763877404e-01	6.970677620308148026e-02	-7.117450492883520274e-02	1.037224646294967051e-01	-9.351178792429620801e-02	8.500541109539574980e-02	-9.899501485020049951e-02	7.851937955458108964e-02	-1.406667142509876456e-01	7.314327202566760222e-02	-1.012215590213219329e-01	6.761768970060580419e-02	-7.893664466954423975e-02	7.329305695249462016e-02	-9.780709890866716438e-02	5.595848844630375157e-02	-6.626496003727425088e-02	6.441264188248552180e-02	-6.784970089007924532e-02	6.782313038554138585e-02	-5.921131149022165752e-02
5.425983437100143775e-02	-1.155739820416928632e-01	1.363208147434812889e-01	-7.740644646894940806e-01	1.000000000000000444e+00	-1.262277048034785576e-01	1.060151157144855610e-01	-1.265653099319214714e-01	2.017576682892862350e-01	-5.115456014701329490e-01	9.859457141754882081e-02	-1.045538870707980461e-01	1.303517789854903852e-01	-1.521561793708770260e-01	1.943102740769573344e-01	-8.317504349206349124e-02	8.725883066193572402e-02	-1.039392005293929833e-01	1.173368842474278861e-01	-1.596737417046343310e-01	6.650604155122927241e-02	-6.306352957892295830e-02	8.376711744282722139e-02	-7.365886742669339182e-02	8.097691635710599356e-02	-5.116808399410498198e-02	5.187794036645435036e-02	-7.866319895482906666e-02	6.973255014969038934e-02	-6.640299577365302297e-02	7.036513838499330875e-02	-5.606467246819361872e-02	9.947718161507872192e-02	-5.354092671154526278e-02	7.331358367485263372e-02	-4.837565350904493577e-02	5.625311568439365223e-02	-5.259610482479154525e-02	7.004717682243148669e-02	-4.034168060466602340e-02	4.719684342256889875e-02	-4.618912267412275674e-02	4.848593744887384760e-02	-4.890522067200213374e-02	4.236137712530350929e-02
-1.613421098441834844e-01	2.178286940877325328e-01	-2.258290590641409412e-01	1.625535640017726768e-01	-1.262277048034785576e-01	1.000000000000000444e+00	-3.991711506265223086e-01	2.541033455571057864e-01	-2.288928531672311806e-01	1.952142136015741769e-01	-5.111519486834703585e-01	2.923988032676081428e-01	-3.148206489911878347e-01	1.920416972745375150e-01	-1.800875685343731603e-01	2.456522785507905260e-01	-2.435981226461192417e-01	2.114402104324938358e-01	-2.161132946058353932e-01	2.040771836668907602e-01	-1.988528858390905263e-01	1.714727019987909440e-01	-1.845205973442002323e-01	1.523784568490034186e-01	-1.481849191502901675e-01	1.389705475426394610e-01	-1.432179893678363070e-01	1.682070171597622177e-01	-1.487557820715412205e-01	1.249351835684389816e-01	-1.915736269740531961e-01	1.508228203814881430e-01	-2.709693774781316011e-01	1.246813206925226625e-01	-1.729520812095910742e-01	1.283079474307393941e-01	-1.492750657060851471e-01	1.358677015388235765e-01	-1.767120613200482415e-01	1.010518913194660140e-01	-1.259607937297934077e-01	1.207358621886403249e-01	-1.265134541450053940e-01	1.239369012595313846e-01	-1.085427728811617504e-01
9.012094067138438913e-02	-5.638695347130393554e-01	3.128318624478924614e-01	-1.443877284379985748e-01	1.060151157144855610e-01	-3.991711506265223086e-01	1.000000000000000888e+00	-5.398365338375417100e-01	1.696962974764255339e-01	-1.525909403942531939e-01	2.207082971878308597e-01	-3.131243945573256582e-01	2.575296884597192970e-01	-1.519873931691064217e-01	1.288379673492109911e-01	-1.534140013971350691e-01	1.526965802457612154e-01	-1.499523840227053595e-01	1.407401407957858119e-01	-1.441550947969378604e-01	1.093706039505579625e-01	-1.031953182714956674e-01	1.041921007471109661e-01	-9.139620302070360081e-02	8.480259415294812142e-02	-7.611404020990039654e-02	7.624687475303319750e-02	-9.512880692473570099e-02	8.155415978182840864e-02	-7.266637219683348692e-02	9.141169557166607673e-02	-7.315373842943738436e-02	1.264788893637183720e-01	-6.399455569340739558e-02	8.671924005905989885e-02	-6.242169773442270836e-02	7.153118600830464524e-02	-6.638391619498375251e-02	8.575932070779385130e-02	-4.989545588789107838e-02	6.024888178039226883e-02	-5.898430098790124337e-02	6.101431009661646698e-02	-6.133134746896150985e-02	5.249052931502430630e-02
-8.785492667042693604e-02	3.094004871807808921e-01	-5.344958813175021417e-01	1.643066031391508253e-01	-1.265653099319214714e-01	2.541033455571057864e-01	-5.398365338375417100e-01	1.000000000000000000e+00	-2.372996648222716332e-01	1.673617377484465929e-01	-2.115437446230131746e-01	2.471098461663373547e-01	-4.357742640017836511e-01	1.904683228937124884e-01	-1.514479095707388645e-01	1.479617640515061838e-01	-1.560469414339419325e-01	1.630254257711271637e-01	-1.612262028465099584e-01	1.569296360922775857e-01	-1.113631863176593045e-01	1.037019175888617695e-01	-1.136781339467158314e-01	9.874007474951498886e-02	-9.222953386035516454e-02	7.791603190067056262e-02	-7.882512875152426768e-02	1.006407730973317011e-01	-8.757998121154467186e-02	7.798930731953349071e-02	-9.666269511085733013e-02	7.715543585000479709e-02	-1.344019894645876734e-01	6.835002286679658923e-02	-9.298119702797290331e-02	6.589884906177541357e-02	-7.581795109129371713e-02	7.031676657324824331e-02	-9.147151202811382165e-02	5.299859576074111150e-02	-6.381491576550826772e-02	6.233192772744524518e-02	-6.472546836152487382e-02	6.494018068053067361e-02	-5.583174334555406071e-02
7.639995649315690918e-02	-1.525451351747820483e-01	1.613014324267315891e-01	-3.065477119671779493e-01	2.017576682892862350e-01	-2.288928531672311806e-01	1.696962974764255339e-01	-2.372996648222716332e-01	1.000000000000000444e+00	-3.661871622041844021e-01	1.700749654652810583e-01	-2.098002512073156578e-01	2.597986940517200694e-01	-6.993623900188353781e-01	2.742227803641717476e-01	-1.521773649473608381e-01	1.543094075092613093e-01	-2.123509692606774524e-01	2.227026742737881759e-01	-2.713499828478337372e-01	1.103826628497733692e-01	-1.089826839979864681e-01	1.336121702102397168e-01	-1.273931165101180318e-01	1.202244041513545192e-01	-8.114674449663905609e-02	8.054226810493810007e-02	-1.234566484158998306e-01	1.053016690989829196e-01	-1.030465875103704632e-01	9.808598312258060004e-02	-7.917797070208555665e-02	1.357603848311276507e-01	-7.742235739683879514e-02	1.031198014291553194e-01	-6.832146601022633103e-02	7.825026279352380321e-02	-7.416080449642413475e-02	9.725946585385231158e-02	-5.704449871410680051e-02	6.565490534527348987e-02	-6.530989024866380721e-02	6.761416485869686799e-02	-6.954186736844820971e-02	5.890196294165862823e-02
-9.268870654360364392e-02	1.337133316459998555e-01	-1.578482819065860077e-01	3.003812695334173166e-01	-5.115456014701329490e-01	1.952142136015741769e-01	-1.525909403942531939e-01	1.673617377484465929e-01	-3.661871622041844021e-01	1.000000000000000222e+00	-1.634388688473803475e-01	1.645821380190918004e-01	-2.170212172631005021e-01	2.503829902734121537e-01	-5.007742527353135076e-01	1.379389068067717050e-01	-1.488851997970548624e-01	1.737472727957695695e-01	-2.109399861251052832e-01	2.692512359616409112e-01	-1.150028529731700611e-01	1.077480772367200301e-01	-1.512546995872707523e-01	1.296617049286763468e-01	-1.507848729457427484e-01	9.002266694027440119e-02	-9.209643817378745934e-02	1.388908047439507409e-01	-1.267866131066560376e-01	1.182564023748961801e-01	-1.294595297854963245e-01	1.027094790230107524e-01	-1.842592497125306594e-01	9.798660047241521120e-02	-1.358646751200849878e-01	8.860487568289426852e-02	-1.036192647822335305e-01	9.648103332716158331e-02	-1.296290599958860312e-01	7.402841470530228951e-02	-8.688139004829784073e-02	8.455708090747851569e-02	-8.925686232346341509e-02	8.943461379344941342e-02	-7.817408996937999510e-02
8.701298085844362540e-02	-1.653457065422238303e-01	1.540983854346009985e-01	-1.327895072678393629e-01	9.859457141754882081e-02	-5.111519486834703585e-01	2.207082971878308597e-01	-2.115437446230131746e-01	1.700749654652810583e-01	-1.634388688473803475e-01	1.000000000000001776e+00	-5.480339789412951301e-01	2.662108120705106717e-01	-1.648764921713399279e-01	1.424836007232553325e-01	-4.709682710659932603e-01	2.704206346012700823e-01	-2.145963586657214928e-01	1.817518610636023046e-01	-1.731331819694792717e-01	1.961060074801551090e-01	-1.844797801789643810e-01	1.321909073680497260e-01	-1.173989082504568876e-01	1.008555574739466443e-01	-1.195993256109838948e-01	1.154810213315827921e-01	-1.178328159862130353e-01	9.917148534074909927e-02	-8.773642975842098346e-02	1.139778766440518176e-01	-9.255954529694787603e-02	1.512160585754079023e-01	-7.671090339565606042e-02	1.025032773886985354e-01	-7.789732259798602676e-02	8.709897481564937705e-02	-8.102427922128864479e-02	1.017325316904330451e-01	-6.002059360900564161e-02	7.345144690306751323e-02	-7.272486206057771074e-02	7.361831452700899614e-02	-7.467494737640781310e-02	6.257227792769576302e-02
-8.341853284023287296e-02	1.823372204835792820e-01	-1.865092096972988944e-01	1.363887686529736132e-01	-1.045538870707980461e-01	2.923988032676081428e-01	-3.131243945573256582e-01	2.471098461663373547e-01	-2.098002512073156578e-01	1.645821380190918004e-01	-5.480339789412951301e-01	1.000000000000002887e+00	-5.501170252840367203e-01	1.989364731484152826e-01	-1.577657648257418388e-01	2.587647561594739187e-01	-3.338005200389722038e-01	2.189314185547835134e-01	-2.004838451658625120e-01	1.729294806595081113e-01	-1.747435948098083891e-01	1.616925405855630660e-01	-1.347883076356612142e-01	1.170306455779753507e-01	-1.012339618669262503e-01	1.057044918705746100e-01	-1.074447163412420303e-01	1.135064398136988589e-01	-9.801285924209289513e-02	8.635203345460802649e-02	-1.101717556817769228e-01	8.872988000236196882e-02	-1.482853422330009663e-01	7.530364161252711686e-02	-1.013795862350362759e-01	7.479330080919709134e-02	-8.457568622065166075e-02	7.842272975881532660e-02	-9.991926260694153350e-02	5.841812136253309029e-02	-7.124044725588289662e-02	7.002357925058398658e-02	-7.158620855069335043e-02	7.218894232620577667e-02	-6.115856250289509327e-02
8.614841283359676860e-02	-2.097041120924781898e-01	2.133146393438588861e-01	-1.769919984917379951e-01	1.303517789854903852e-01	-3.148206489911878347e-01	2.575296884597192970e-01	-4.357742640017836511e-01	2.597986940517200694e-01	-2.170212172631005021e-01	2.662108120705106717e-01	-5.501170252840367203e-01	9.999999999999981126e-01	-3.760051332989325923e-01	1.996213402623993327e-01	-2.145467972302696480e-01	2.202012650009433081e-01	-2.911243291166028535e-01	2.263791397966219976e-01	-2.245818762432638116e-01	1.428586817205644566e-01	-1.416653731081568279e-01	1.412652376798556875e-01	-1.300449464799843802e-01	1.130224487231477892e-01	-9.760530680423677719e-02	9.659111050385651986e-02	-1.244349337599943844e-01	1.055894002787759606e-01	-9.780352597702703099e-02	1.070045868045136767e-01	-8.655594128074080296e-02	1.456316723761175436e-01	-7.891555285688491017e-02	1.051243015819170595e-01	-7.388579921761319336e-02	8.381500072816651381e-02	-7.877878728785277229e-02	1.014301470294433488e-01	-5.963714334479672252e-02	7.048520665684430975e-02	-6.993950189041385490e-02	7.174455048425702752e-02	-7.333243082169975391e-02	6.184232879509257708e-02
-6.823729748610489476e-02	1.257594987254332108e-01	-1.380566735048593952e-01	1.885981393061297029e-01	-1.521561793708770260e-01	1.920416972745375150e-01	-1.519873931691064217e-01	1.904683228937124884e-01	-6.993623900188353781e-01	2.503829902734121537e-01	-1.648764921713399279e-01	1.989364731484152826e-01	-3.760051332989325923e-01	9.999999999999997780e-01	-3.913115787021897996e-01	1.408087836526315806e-01	-1.532419022475604575e-01	2.096458388970000031e-01	-2.956253200523122904e-01	2.518903140373593419e-01	-1.046914896765367142e-01	1.017608681508223450e-01	-1.322281084228379699e-01	1.230680308020800501e-01	-1.149689533312163447e-01	7.524136024198881112e-02	-7.560378929813890703e-02	1.122279283913524134e-01	-9.911625539081792002e-02	9.490250604577153692e-02	-9.190368123804323885e-02	7.394414196680408613e-02	-1.274211195606102243e-01	7.215016029734316882e-02	-9.686920476576471595e-02	6.362175406446400616e-02	-7.309641916113530924e-02	6.898889482294273678e-02	-9.104341914324681762e-02	5.301135303892055839e-02	-6.129354912055343108e-02	6.067322428530574907e-02	-6.301679336888628413e-02	6.444877857494916984e-02	-5.495014984746011966e-02
7.047663038876750274e-02	-1.146914721145332328e-01	1.230042216835576241e-01	-2.288325129142682324e-01	1.943102740769573344e-01	-1.800875685343731603e-01	1.288379673492109911e-01	-1.514479095707388645e-01	2.742227803641717476e-01	-5.007742527353135076e-01	1.424836007232553325e-01	-1.577657648257418388e-01	1.996213402623993327e-01	-3.913115787021897996e-01	1.000000000000002887e+00	-1.299484398834645782e-01	1.370241563073999747e-01	-1.909105657991926053e-01	2.252617475444758099e-01	-6.233739712368057129e-01	9.972175955067248687e-02	-9.719322565887969501e-02	1.347045320796586843e-01	-1.265631755969545136e-01	1.592398337505335493e-01	-7.556089926404227497e-02	7.586205367128692756e-02	-1.327607088310281958e-01	1.159030124033090386e-01	-1.324720824448388790e-01	9.810301072104751774e-02	-7.906435577114689917e-02	1.373230351287728079e-01	-8.382999408055429036e-02	1.117558983063358796e-01	-6.867803825059845546e-02	7.933929452135514426e-02	-7.581221275407866445e-02	1.015373765815522494e-01	-5.930079221800495237e-02	6.634361807388287902e-02	-6.610480726618575553e-02	6.906180492981775498e-02	-7.147730440641728022e-02	6.084115604257787913e-02
-7.379782559739160586e-02	1.147491727782135179e-01	-1.156554674645740022e-01	1.092455096340605308e-01	-8.317504349206349124e-02	2.456522785507905260e-01	-1.534140013971350691e-01	1.479617640515061838e-01	-1.521773649473608381e-01	1.379389068067717050e-01	-4.709682710659932603e-01	2.587647561594739187e-01	-2.145467972302696480e-01	1.408087836526315806e-01	-1.299484398834645782e-01	9.999999999999987788e-01	-5.983707663422148659e-01	2.353935171432111340e-01	-2.149514882659381010e-01	1.565347718762716001e-01	-4.268032957337289934e-01	2.718009385179426807e-01	-1.465176341594246479e-01	1.235364259049666902e-01	-9.746592742360291051e-02	1.565295668874868151e-01	-1.589555982909951481e-01	1.148022384044223437e-01	-9.846291783058912228e-02	8.383049033166775632e-02	-1.234499310353413398e-01	1.002717064215936094e-01	-1.553993838378403824e-01	7.548958262179635004e-02	-1.005031313655902064e-01	8.202917800568908235e-02	-8.988985288675940821e-02	8.254099864873536141e-02	-1.007195081171696899e-01	5.960091367840734955e-02	-7.587955521793622593e-02	7.486926747990910180e-02	-7.435756206170027194e-02	7.496255186027615813e-02	-6.209224080043521110e-02
6.973805608646035936e-02	-1.187744300151973853e-01	1.163903893626412611e-01	-1.164250161903563341e-01	8.725883066193572402e-02	-2.435981226461192417e-01	1.526965802457612154e-01	-1.560469414339419325e-01	1.543094075092613093e-01	-1.488851997970548624e-01	2.704206346012700823e-01	-3.338005200389722038e-01	2.202012650009433081e-01	-1.532419022475604575e-01	1.370241563073999747e-01	-5.983707663422148659e-01	1.000000000000002665e+00	-4.329985466568015418e-01	2.373210650018364454e-01	-1.764206819035086249e-01	2.742524648653424935e-01	-3.854193795312848558e-01	1.478676286462770051e-01	-1.341606369844281499e-01	9.846712737865320753e-02	-1.582549592956959128e-01	1.559500460611680239e-01	-1.169913947363250273e-01	9.852524958804022293e-02	-8.604229665556001327e-02	1.141922112327433264e-01	-9.495438931336613875e-02	1.421222505956380999e-01	-7.313024400510946543e-02	9.590408887187520937e-02	-7.743992151618697695e-02	8.382549550944620731e-02	-7.799888132871253543e-02	9.463558695434486079e-02	-5.661105836172807687e-02	7.063445575080694316e-02	-7.079234270863796197e-02	6.967061190836741635e-02	-7.135145399664370724e-02	5.828897256047665953e-02
-7.575923105329857021e-02	1.182846134269108368e-01	-1.245205112094932148e-01	1.327599723731972547e-01	-1.039392005293929833e-01	2.114402104324938358e-01	-1.499523840227053595e-01	1.630254257711271637e-01	-2.123509692606774524e-01	1.737472727957695695e-01	-2.145963586657214928e-01	2.189314185547835134e-01	-2.911243291166028535e-01	2.096458388970000031e-01	-1.909105657991926053e-01	2.353935171432111340e-01	-4.329985466568015418e-01	1.000000000000000888e+00	-6.785274129536027488e-01	2.317592336261112551e-01	-1.758322342448440656e-01	1.752146367004555061e-01	-2.314700164296562557e-01	1.954871401512076057e-01	-1.289046765347981738e-01	1.106635890674398798e-01	-1.143162122195858638e-01	1.397031255399700522e-01	-1.267883068665202062e-01	1.075262569075340624e-01	-1.159346858064496943e-01	9.378906850594287414e-02	-1.560551918899911461e-01	8.752752708719400976e-02	-1.160887720438095461e-01	7.939671348840798837e-02	-8.994137631469631411e-02	8.452184263227059680e-02	-1.097586573439455482e-01	6.409359077568731189e-02	-7.546284237564132580e-02	7.480395214061082154e-02	-7.670226730332221909e-02	7.843036905638248180e-02	-6.624302485651320516e-02
7.325967432528163181e-02	-1.181781705037163593e-01	1.205842853001975468e-01	-1.536801604979642910e-01	1.173368842474278861e-01	-2.161132946058353932e-01	1.407401407957858119e-01	-1.612262028465099584e-01	2.227026742737881759e-01	-2.109399861251052832e-01	1.817518610636023046e-01	-2.004838451658625120e-01	2.263791397966219976e-01	-2.956253200523122904e-01	2.252617475444758099e-01	-2.149514882659381010e-01	2.373210650018364454e-01	-6.785274129536027488e-01	1.000000000000005329e+00	-3.803059035718145409e-01	1.446385749339278159e-01	-1.538797943256982326e-01	2.253371408313410984e-01	-2.857778572101341008e-01	1.450686197851405457e-01	-1.009914855740685208e-01	9.955205044556933447e-02	-1.551392783507828388e-01	1.388411299759044482e-01	-1.253172063656425861e-01	1.072334258000432611e-01	-8.763734093009707682e-02	1.452069805951675674e-01	-9.065894321992339078e-02	1.170043920417920130e-01	-7.520515315617505581e-02	8.511694194631438948e-02	-8.165883877958295123e-02	1.070960924400436581e-01	-6.321589983793669820e-02	7.122975654580140925e-02	-7.173301974262909220e-02	7.359000418574954128e-02	-7.688036644055933067e-02	6.421897390346031909e-02
-9.008292670976329741e-02	1.203295744666583456e-01	-1.307686934528871359e-01	1.773026839965576584e-01	-1.596737417046343310e-01	2.040771836668907602e-01	-1.441550947969378604e-01	1.569296360922775857e-01	-2.713499828478337372e-01	2.692512359616409112e-01	-1.731331819694792717e-01	1.729294806595081113e-01	-2.245818762432638116e-01	2.518903140373593419e-01	-6.233739712368057129e-01	1.565347718762716001e-01	-1.764206819035086249e-01	2.317592336261112551e-01	-3.803059035718145409e-01	1.000000000000001998e+00	-1.283728034233764803e-01	1.223947646536352324e-01	-1.911445159415828265e-01	1.710402505421897978e-01	-3.042470092443554930e-01	9.868707620562801319e-02	-1.006337936258819843e-01	1.784316166811418247e-01	-1.694313398234248980e-01	1.912126561889729293e-01	-1.361676807212670037e-01	1.091709549558803893e-01	-1.923854889406941826e-01	1.196185351237882000e-01	-1.640720510408827382e-01	9.493403874416458943e-02	-1.106951233176553667e-01	1.055612143822267784e-01	-1.446746493584926685e-01	8.310610395140959061e-02	-9.229988382480650011e-02	9.144465409377502962e-02	-9.645326737538065243e-02	9.924114764524138987e-02	-8.566670391015246411e-02
5.908798389867599837e-02	-8.810090960406631588e-02	8.540412833274359239e-02	-8.987185892483040561e-02	6.650604155122927241e-02	-1.988528858390905263e-01	1.093706039505579625e-01	-1.113631863176593045e-01	1.103826628497733692e-01	-1.150028529731700611e-01	1.961060074801551090e-01	-1.747435948098083891e-01	1.428586817205644566e-01	-1.046914896765367142e-01	9.972175955067248687e-02	-4.268032957337289934e-01	2.742524648653424935e-01	-1.758322342448440656e-01	1.446385749339278159e-01	-1.283728034233764803e-01	1.000000000000001332e+00	-7.225041135279650639e-01	1.232065938843621006e-01	-1.093277137421483636e-01	7.994730387237478086e-02	-3.316286301437237904e-01	2.541719101876737663e-01	-1.058020070751659880e-01	8.478903937675126568e-02	-7.162115874881851141e-02	1.347886779095221199e-01	-1.149956522559920646e-01	1.425520232350609429e-01	-6.595178575247351294e-02	8.451930902019301473e-02	-8.913206446924842874e-02	8.861271934475462020e-02	-8.121327146833486055e-02	8.797148063217122282e-02	-5.458252108666310914e-02	7.510610113958385292e-02	-7.675395008548693832e-02	7.017683291490429964e-02	-7.216136465999405114e-02	5.555385634451120297e-02
-5.629550892928820993e-02	8.140902385584813938e-02	-8.090339580955377419e-02	8.413632740050207282e-02	-6.306352957892295830e-02	1.714727019987909440e-01	-1.031953182714956674e-01	1.037019175888617695e-01	-1.089826839979864681e-01	1.077480772367200301e-01	-1.844797801789643810e-01	1.616925405855630660e-01	-1.416653731081568279e-01	1.017608681508223450e-01	-9.719322565887969501e-02	2.718009385179426807e-01	-3.854193795312848558e-01	1.752146367004555061e-01	-1.538797943256982326e-01	1.223947646536352324e-01	-7.225041135279650639e-01	1.000000000000000444e+00	-1.406363721117100396e-01	1.129246215042846169e-01	-7.927593590612649899e-02	2.589867949945130476e-01	-3.820815075387603565e-01	1.033292817194480656e-01	-8.495588127175975057e-02	7.017891566909981171e-02	-1.362580386307163105e-01	1.165546646582162477e-01	-1.490505415150295276e-01	6.548581783422446900e-02	-8.455556229658509060e-02	8.655783853302972952e-02	-8.906019586022333179e-02	7.998708546735212865e-02	-8.788219142349106006e-02	5.373983861325633965e-02	-7.483684605217999497e-02	7.479571589217690053e-02	-6.958201310603295831e-02	7.040641273752082374e-02	-5.513064524020300922e-02
6.573831961810572277e-02	-8.977137338785326492e-02	8.838597656982898065e-02	-1.132182925082495517e-01	8.376711744282722139e-02	-1.845205973442002323e-01	1.041921007471109661e-01	-1.136781339467158314e-01	1.336121702102397168e-01	-1.512546995872707523e-01	1.321909073680497260e-01	-1.347883076356612142e-01	1.412652376798556875e-01	-1.322281084228379699e-01	1.347045320796586843e-01	-1.465176341594246479e-01	1.478676286462770051e-01	-2.314700164296562557e-01	2.253371408313410984e-01	-1.911445159415828265e-01	1.232065938843621006e-01	-1.406363721117100396e-01	1.000000000000001110e+00	-8.282817254255806505e-01	1.551682482864218116e-01	-9.218752591153986375e-02	9.092610525507115182e-02	-2.813163582697719156e-01	2.253452890329571690e-01	-1.522914188694804993e-01	1.017034780929074594e-01	-8.597120683349743220e-02	1.394310472856976901e-01	-1.176683276267640604e-01	1.371115938744437435e-01	-7.557351015885500900e-02	8.527448206236958039e-02	-8.677072924174916713e-02	1.171904397026940076e-01	-7.089618004540933216e-02	7.062190179175475979e-02	-7.439617327978295669e-02	7.626194029521587980e-02	-8.465616772283385272e-02	6.840258407782891237e-02
-5.835253736591070051e-02	7.724236700413322776e-02	-7.791603914401179498e-02	9.707520160056165581e-02	-7.365886742669339182e-02	1.523784568490034186e-01	-9.139620302070360081e-02	9.874007474951498886e-02	-1.273931165101180318e-01	1.296617049286763468e-01	-1.173989082504568876e-01	1.170306455779753507e-01	-1.300449464799843802e-01	1.230680308020800501e-01	-1.265631755969545136e-01	1.235364259049666902e-01	-1.341606369844281499e-01	1.954871401512076057e-01	-2.857778572101341008e-01	1.710402505421897978e-01	-1.093277137421483636e-01	1.129246215042846169e-01	-8.282817254255806505e-01	1.000000000000001110e+00	-1.708556889294645387e-01	8.033937484415941410e-02	-8.135006603210646892e-02	2.312462686408160439e-01	-3.005722761906826079e-01	1.517533759761119372e-01	-9.627556969246835183e-02	8.033476859824602301e-02	-1.338203391940471776e-01	1.192322652225556445e-01	-1.431332003116565221e-01	7.076051818702103202e-02	-8.125999977956127607e-02	8.224932204528878632e-02	-1.172552689204082593e-01	6.795280726712951691e-02	-6.692673051697663189e-02	6.963407849817374040e-02	-7.267509071502632756e-02	7.961076956806702187e-02	-6.617095632987261833e-02
5.923184411140636207e-02	-7.431074621859599938e-02	7.446548554385258589e-02	-1.055303039763877404e-01	8.097691635710599356e-02	-1.481849191502901675e-01	8.480259415294812142e-02	-9.222953386035516454e-02	1.202244041513545192e-01	-1.507848729457427484e-01	1.008555574739466443e-01	-1.012339618669262503e-01	1.130224487231477892e-01	-1.149689533312163447e-01	1.592398337505335493e-01	-9.746592742360291051e-02	9.846712737865320753e-02	-1.289046765347981738e-01	1.450686197851405457e-01	-3.042470092443554930e-01	7.994730387237478086e-02	-7.927593590612649899e-02	1.551682482864218116e-01	-1.708556889294645387e-01	1.000000000000001998e+00	-6.905150449255996470e-02	6.813578415338954197e-02	-3.012501554170219920e-01	2.542062906531989408e-01	-7.985168993281596128e-01	9.714029048658348597e-02	-8.246927690111917342e-02	1.365561570593899765e-01	-1.651362615042689108e-01	1.960088954630863356e-01	-7.638903886067507920e-02	8.801195617622313561e-02	-9.557654941176584040e-02	1.357986426271974023e-01	-8.469723918006111241e-02	7.194065251308351394e-02	-7.838852748093225187e-02	8.238391464252697860e-02	-9.701494995654935671e-02	7.716150172443325683e-02
-4.967527083538818278e-02	6.298074198191828954e-02	-6.132029679979979220e-02	6.970677620308148026e-02	-5.116808399410498198e-02	1.389705475426394610e-01	-7.611404020990039654e-02	7.791603190067056262e-02	-8.114674449663905609e-02	9.002266694027440119e-02	-1.195993256109838948e-01	1.057044918705746100e-01	-9.760530680423677719e-02	7.524136024198881112e-02	-7.556089926404227497e-02	1.565295668874868151e-01	-1.582549592956959128e-01	1.106635890674398798e-01	-1.009914855740685208e-01	9.868707620562801319e-02	-3.316286301437237904e-01	2.589867949945130476e-01	-9.218752591153986375e-02	8.033937484415941410e-02	-6.905150449255996470e-02	1.000000000000001554e+00	-8.147753695872133051e-01	9.984655521241277143e-02	-7.730425778250159252e-02	6.308426581076238826e-02	-2.779063802203645683e-01	1.905945322615845983e-01	-1.940641838477222825e-01	6.685507644357052692e-02	-8.370294163881697447e-02	1.343709006299884934e-01	-1.239573448413619772e-01	1.039295867612623492e-01	-9.622384432607780647e-02	6.125566044977093227e-02	-1.059239309400934054e-01	1.025088137130798216e-01	-8.697345280859408723e-02	8.569646254373743111e-02	-6.239781409128521139e-02
4.971955175179525177e-02	-6.384818459485797071e-02	6.149542495916612839e-02	-7.117450492883520274e-02	5.187794036645435036e-02	-1.432179893678363070e-01	7.624687475303319750e-02	-7.882512875152426768e-02	8.054226810493810007e-02	-9.209643817378745934e-02	1.154810213315827921e-01	-1.074447163412420303e-01	9.659111050385651986e-02	-7.560378929813890703e-02	7.586205367128692756e-02	-1.589555982909951481e-01	1.559500460611680239e-01	-1.143162122195858638e-01	9.955205044556933447e-02	-1.006337936258819843e-01	2.541719101876737663e-01	-3.820815075387603565e-01	9.092610525507115182e-02	-8.135006603210646892e-02	6.813578415338954197e-02	-8.147753695872133051e-01	1.000000000000001332e+00	-1.020710451970926747e-01	7.647418548239066916e-02	-6.285403364696048878e-02	2.014375482131082196e-01	-2.134647811013727914e-01	1.737571012930578807e-01	-6.476197370841128842e-02	8.000170756712868259e-02	-1.257227648451037516e-01	1.144239022387201765e-01	-1.004837686732721752e-01	9.086606983307617125e-02	-5.911298322732030236e-02	9.473825534365576395e-02	-9.848851626134678960e-02	8.173644764390755602e-02	-8.343628656754314976e-02	5.925556218373903561e-02
-7.394448500920361433e-02	8.169992813303436630e-02	-8.162252349413322283e-02	1.037224646294967051e-01	-7.866319895482906666e-02	1.682070171597622177e-01	-9.512880692473570099e-02	1.006407730973317011e-01	-1.234566484158998306e-01	1.388908047439507409e-01	-1.178328159862130353e-01	1.135064398136988589e-01	-1.244349337599943844e-01	1.122279283913524134e-01	-1.327607088310281958e-01	1.148022384044223437e-01	-1.169913947363250273e-01	1.397031255399700522e-01	-1.551392783507828388e-01	1.784316166811418247e-01	-1.058020070751659880e-01	1.033292817194480656e-01	-2.813163582697719156e-01	2.312462686408160439e-01	-3.012501554170219920e-01	9.984655521241277143e-02	-1.020710451970926747e-01	1.000000000000003775e+00	-7.147751682285353736e-01	2.548223649814758129e-01	-1.573670199842375772e-01	1.353711507370363165e-01	-2.501336243443785246e-01	2.298073148590825954e-01	-2.910824874902636639e-01	1.170294646679765488e-01	-1.384611672301146179e-01	1.420788286039295079e-01	-2.197501323149226582e-01	1.203750234132288377e-01	-1.114911556697795875e-01	1.163439542802333221e-01	-1.246505354974398183e-01	1.364418940277030978e-01	-1.172094742750940943e-01
6.023919562243709031e-02	-7.117513291793915731e-02	7.013243409693838137e-02	-9.351178792429620801e-02	6.973255014969038934e-02	-1.487557820715412205e-01	8.155415978182840864e-02	-8.757998121154467186e-02	1.053016690989829196e-01	-1.267866131066560376e-01	9.917148534074909927e-02	-9.801285924209289513e-02	1.055894002787759606e-01	-9.911625539081792002e-02	1.159030124033090386e-01	-9.846291783058912228e-02	9.852524958804022293e-02	-1.267883068665202062e-01	1.388411299759044482e-01	-1.694313398234248980e-01	8.478903937675126568e-02	-8.495588127175975057e-02	2.253452890329571690e-01	-3.005722761906826079e-01	2.542062906531989408e-01	-7.730425778250159252e-02	7.647418548239066916e-02	-7.147751682285353736e-01	1.000000000000002220e+00	-3.816978350959771560e-01	1.116983491712287002e-01	-9.807484726442979028e-02	1.624354094030241724e-01	-3.065021823950239144e-01	2.480988354179558264e-01	-8.959725378355562486e-02	1.042398534957494488e-01	-1.167621491382995341e-01	1.807695974761592550e-01	-1.056090737062442969e-01	8.373875284267948138e-02	-9.235323980617494988e-02	9.818630226093369440e-02	-1.166250000010285587e-01	9.409060989083675719e-02
-5.250568194336541900e-02	6.274468599796198531e-02	-6.345604877899893581e-02	8.500541109539574980e-02	-6.640299577365302297e-02	1.249351835684389816e-01	-7.266637219683348692e-02	7.798930731953349071e-02	-1.030465875103704632e-01	1.182564023748961801e-01	-8.773642975842098346e-02	8.635203345460802649e-02	-9.780352597702703099e-02	9.490250604577153692e-02	-1.324720824448388790e-01	8.383049033166775632e-02	-8.604229665556001327e-02	1.075262569075340624e-01	-1.253172063656425861e-01	1.912126561889729293e-01	-7.162115874881851141e-02	7.017891566909981171e-02	-1.522914188694804993e-01	1.517533759761119372e-01	-7.985168993281596128e-01	6.308426581076238826e-02	-6.285403364696048878e-02	2.548223649814758129e-01	-3.816978350959771560e-01	1.000000000000002665e+00	-9.360287058161763374e-02	7.893739843640165676e-02	-1.327736739245165276e-01	1.802390913328461852e-01	-2.670013953458282296e-01	7.327616702754832789e-02	-8.605241658891706058e-02	9.348357570395335325e-02	-1.447798573741308770e-01	8.435248658643287878e-02	-6.957559919588279795e-02	7.519189444366110309e-02	-8.066326352398592303e-02	9.383883777673837634e-02	-7.752228372866191985e-02
7.362886272522889408e-02	-8.118765697021927685e-02	7.611583847272555825e-02	-9.899501485020049951e-02	7.036513838499330875e-02	-1.915736269740531961e-01	9.141169557166607673e-02	-9.666269511085733013e-02	9.808598312258060004e-02	-1.294595297854963245e-01	1.139778766440518176e-01	-1.101717556817769228e-01	1.070045868045136767e-01	-9.190368123804323885e-02	9.810301072104751774e-02	-1.234499310353413398e-01	1.141922112327433264e-01	-1.159346858064496943e-01	1.072334258000432611e-01	-1.361676807212670037e-01	1.347886779095221199e-01	-1.362580386307163105e-01	1.017034780929074594e-01	-9.627556969246835183e-02	9.714029048658348597e-02	-2.779063802203645683e-01	2.014375482131082196e-01	-1.573670199842375772e-01	1.116983491712287002e-01	-9.360287058161763374e-02	1.000000000000001998e+00	-5.843234584542041921e-01	3.007876222808742450e-01	-1.096172956896295653e-01	1.288427736937092505e-01	-4.947271522510042763e-01	2.613119478044587107e-01	-2.228944239732254806e-01	1.635692681267536530e-01	-1.134578188956018446e-01	2.351435594646067440e-01	-2.454136001803067513e-01	1.710226051776830569e-01	-1.739590400538992276e-01	1.114657589362616497e-01
-5.846489088571355658e-02	6.458903455625496226e-02	-6.089279054531204771e-02	7.851937955458108964e-02	-5.606467246819361872e-02	1.508228203814881430e-01	-7.315373842943738436e-02	7.715543585000479709e-02	-7.917797070208555665e-02	1.027094790230107524e-01	-9.255954529694787603e-02	8.872988000236196882e-02	-8.655594128074080296e-02	7.394414196680408613e-02	-7.906435577114689917e-02	1.002717064215936094e-01	-9.495438931336613875e-02	9.378906850594287414e-02	-8.763734093009707682e-02	1.091709549558803893e-01	-1.149956522559920646e-01	1.165546646582162477e-01	-8.597120683349743220e-02	8.033476859824602301e-02	-8.246927690111917342e-02	1.905945322615845983e-01	-2.134647811013727914e-01	1.353711507370363165e-01	-9.807484726442979028e-02	7.893739843640165676e-02	-5.843234584542041921e-01	1.000000000000002665e+00	-6.196946238696654508e-01	9.716146152748472709e-02	-1.147043277921328264e-01	2.484217154919060033e-01	-3.190035962556811433e-01	2.050569116038760409e-01	-1.487455603466498744e-01	9.679465302541637173e-02	-1.879934973229950845e-01	1.857492312481381080e-01	-1.515266098662302885e-01	1.429513683981556427e-01	-9.706440672226437916e-02
1.054448182152191299e-01	-1.136351374098951983e-01	1.058752082910768139e-01	-1.406667142509876456e-01	9.947718161507872192e-02	-2.709693774781316011e-01	1.264788893637183720e-01	-1.344019894645876734e-01	1.357603848311276507e-01	-1.842592497125306594e-01	1.512160585754079023e-01	-1.482853422330009663e-01	1.456316723761175436e-01	-1.274211195606102243e-01	1.373230351287728079e-01	-1.553993838378403824e-01	1.421222505956380999e-01	-1.560551918899911461e-01	1.452069805951675674e-01	-1.923854889406941826e-01	1.425520232350609429e-01	-1.490505415150295276e-01	1.394310472856976901e-01	-1.338203391940471776e-01	1.365561570593899765e-01	-1.940641838477222825e-01	1.737571012930578807e-01	-2.501336243443785246e-01	1.624354094030241724e-01	-1.327736739245165276e-01	3.007876222808742450e-01	-6.196946238696654508e-01	1.000000000000002442e+00	-1.498238598976423530e-01	1.694164375564361502e-01	-2.563540666473516083e-01	2.503452848836380529e-01	-2.732410650774674266e-01	1.998300174396668016e-01	-1.394462187389566565e-01	1.893983137285762675e-01	-2.238378153966151807e-01	1.868358310662475985e-01	-2.058134464992573409e-01	1.332459966624777170e-01
-5.045795014310138632e-02	5.658360535258569884e-02	-5.461253101275272831e-02	7.314327202566760222e-02	-5.354092671154526278e-02	1.246813206925226625e-01	-6.399455569340739558e-02	6.835002286679658923e-02	-7.742235739683879514e-02	9.798660047241521120e-02	-7.671090339565606042e-02	7.530364161252711686e-02	-7.891555285688491017e-02	7.215016029734316882e-02	-8.382999408055429036e-02	7.548958262179635004e-02	-7.313024400510946543e-02	8.752752708719400976e-02	-9.065894321992339078e-02	1.196185351237882000e-01	-6.595178575247351294e-02	6.548581783422446900e-02	-1.176683276267640604e-01	1.192322652225556445e-01	-1.651362615042689108e-01	6.685507644357052692e-02	-6.476197370841128842e-02	2.298073148590825954e-01	-3.065021823950239144e-01	1.802390913328461852e-01	-1.096172956896295653e-01	9.716146152748472709e-02	-1.498238598976423530e-01	1.000000000000003331e+00	-7.425404487042958079e-01	1.005870294750174643e-01	-1.264587216672795333e-01	1.629261013390447821e-01	-4.595863895797097642e-01	1.706115217554461105e-01	-9.421359956267252866e-02	1.111510760709819579e-01	-1.288512242330261959e-01	1.635047794761079476e-01	-1.409993096556205472e-01
