1.000000000000000000e+00	-4.522908581879366285e-01	2.024975173087254776e-01	-2.073709710089818581e-01	1.496195542902588049e-01	-5.587878440317316509e-01	2.811259290829735691e-01	-2.277510405923968972e-01	1.852803318296676049e-01	-1.953369138704936503e-01	2.941447814418999274e-01	-3.912977549393088506e-01	2.166210617725923826e-01	-1.989340149257996238e-01	1.093815534909478304e-01	-2.069139696016501773e-01	1.984218145513463316e-01	-2.143133180469211085e-01	1.570635911505749160e-01	-1.430071829964774943e-01	1.088921494046589111e-01	-9.809820173691388701e-02	1.337193877900728078e-01	-1.432038412104689740e-01	1.255156453111437587e-01	-7.814356332916089221e-02	9.982246485577712936e-02	-1.031332974811719483e-01	1.011861051162374625e-01	-7.871461011986848055e-02	8.802393337874371559e-02	-8.192391551822909845e-02	9.015812344662135769e-02	-8.727059537859230276e-02	7.416317719968761046e-02	-6.286183488459456958e-02	6.049392010061030445e-02	-7.815879149095690537e-02	8.108162493216486411e-02	-6.228269497154911849e-02	7.098648543989402593e-02	-4.975247181146736503e-02	6.507823109377967874e-02	-5.055154896321018693e-02	4.428524820457154648e-02
-4.522908581879366285e-01	1.000000000000000000e+00	-3.546391015146985737e-01	1.616198673209248704e-01	-1.243369143933988619e-01	2.264040828475694100e-01	-6.762621175040891552e-01	2.548289697028310319e-01	-1.613392920602208791e-01	1.321533458600731570e-01	-2.298333439063275641e-01	2.944959630036683151e-01	-2.004355643756086103e-01	1.512440391502708759e-01	-7.787037435171828559e-02	1.384116221149463699e-01	-1.671127674036944344e-01	1.577341557194061328e-01	-1.265558978844621707e-01	9.536614904018028693e-02	-8.331621224774955758e-02	7.164689460611516070e-02	-1.071930361278596172e-01	1.063027759793701149e-01	-9.523227054331298569e-02	5.848554946826725609e-02	-7.659640343651018257e-02	7.813183476739093969e-02	-7.796368524358446295e-02	5.924688916194684185e-02	-6.756665086813655463e-02	6.151121045618245659e-02	-6.898169550479300860e-02	6.501863916928628251e-02	-5.602315462007549651e-02	4.660948008752829191e-02	-4.533365099752903471e-02	5.781262161222521651e-02	-6.108287739064820199e-02	4.640426170927580002e-02	-5.341009408078278148e-02	3.715276283109233968e-02	-4.892235188203247764e-02	3.751456277052083593e-02	-3.312257461355536114e-02
2.024975173087254776e-01	-3.546391015146985737e-01	9.999999999999998890e-01	-2.867549168285631334e-01	1.571629893995037386e-01	-1.318977002053045300e-01	2.303354526947782033e-01	-7.976442969131800620e-01	1.939519739791117359e-01	-1.555958981930856411e-01	1.311222068507050531e-01	-2.075144992939020328e-01	2.139921513174381507e-01	-1.765620884244800681e-01	8.696425681169216160e-02	-9.459717053296903821e-02	1.095895822144531406e-01	-1.693627957727064648e-01	1.283759877644232994e-01	-1.068419654568381616e-01	6.586078803515466040e-02	-5.756759995012174225e-02	9.980954459553263713e-02	-1.045016288272864052e-01	8.211864943006878803e-02	-4.979219978300652993e-02	6.579967306365659685e-02	-7.005311106538959776e-02	6.881241149026376402e-02	-5.191318014815732990e-02	5.776677742946204758e-02	-5.316844038035743736e-02	6.006004019467740818e-02	-5.677350280038395702e-02	4.874759022178604129e-02	-4.013785825762859749e-02	3.908540422084079424e-02	-5.003379038533158768e-02	5.283082978545314279e-02	-4.030063686592642164e-02	4.587402407193158504e-02	-3.202231786252823093e-02	4.212775724318755521e-02	-3.249322608339653279e-02	2.866547625108646288e-02
-2.073709710089818581e-01	1.616198673209248704e-01	-2.867549168285631334e-01	9.999999999999997780e-01	-5.968896625508854914e-01	1.178019213122671049e-01	-1.422544619328711124e-01	2.119670437845156408e-01	-5.391012088061301055e-01	2.997911667898122690e-01	-1.261021205807757450e-01	1.656614395595895906e-01	-2.220558145092668967e-01	2.399219244051729039e-01	-1.492702548213277192e-01	9.626160921673512783e-02	-1.156985322156013907e-01	1.785809117684820368e-01	-1.795310670924564478e-01	1.698478046561886501e-01	-8.949974384540340666e-02	7.663460310957895261e-02	-1.475331731953842818e-01	1.414752145359881030e-01	-1.253268519262949743e-01	7.147875421423174891e-02	-9.597596860672613639e-02	1.013333594600085846e-01	-1.028183647216142499e-01	7.706379293455026258e-02	-8.536859248766222319e-02	7.735904100394111471e-02	-8.904799906685735567e-02	8.336186025930741872e-02	-7.272448267470978112e-02	5.902522683558573957e-02	-5.784450907083792809e-02	7.337162563317134456e-02	-7.892151166625559211e-02	5.962593441573690173e-02	-6.853525081478306635e-02	4.742991753903613023e-02	-6.286019421145455643e-02	4.800083488145832217e-02	-4.260736400340554841e-02
1.496195542902588049e-01	-1.243369143933988619e-01	1.571629893995037386e-01	-5.968896625508854914e-01	1.000000000000000000e+00	-9.007738011249033505e-02	1.042820559311788964e-01	-1.559113998820903235e-01	2.785188312585091808e-01	-6.466812281010972940e-01	9.387326979035658103e-02	-1.303235403861462416e-01	1.585777132900448583e-01	-1.905262613275352235e-01	2.052549049456497965e-01	-7.444455504291452863e-02	8.734108892631446686e-02	-1.421217770044601314e-01	1.340219032210481220e-01	-2.581817043871711403e-01	6.926519271204785444e-02	-6.011745402618044742e-02	1.115435362645039175e-01	-1.137445457944355892e-01	1.002519902425829529e-01	-5.633242236937829883e-02	7.472391206837157573e-02	-7.974868632560661030e-02	8.033422799221581756e-02	-6.140432950761978009e-02	6.668478502438458799e-02	-6.107267154466879122e-02	6.972221152528987331e-02	-6.648186400623791459e-02	5.767469276705598780e-02	-4.712746269425811818e-02	4.593471345124666011e-02	-5.866877884956820527e-02	6.265551211462795644e-02	-4.763108798410695816e-02	5.440053236835423051e-02	-3.776644918501975007e-02	4.992279823940546507e-02	-3.840782761927187539e-02	3.395728144887803779e-02
-5.587878440317316509e-01	2.264040828475694100e-01	-1.318977002053045300e-01	1.178019213122671049e-01	-9.007738011249033505e-02	9.999999999999995559e-01	-2.579501126482063311e-01	1.385009571873653256e-01	-1.185593657782169491e-01	1.085305492656356563e-01	-6.774636517785477263e-01	2.714770451309181376e-01	-1.525587882739480317e-01	1.229402211008295831e-01	-6.374009865087822135e-02	2.124186527094853727e-01	-2.329025005459946229e-01	1.398820031197401115e-01	-1.063836330703642058e-01	8.026575717555567424e-02	-8.888874459782068749e-02	7.584003160314907455e-02	-9.158442134681647750e-02	9.250450612339711220e-02	-8.175055979028980624e-02	5.458424113233785457e-02	-7.012408289797884831e-02	6.934181127722788274e-02	-6.778497746837268412e-02	5.182511741336138372e-02	-6.093669836712546639e-02	5.575262072927133356e-02	-6.105584838574124040e-02	5.756626410970774876e-02	-4.895364979995957266e-02	4.152304713030098571e-02	-4.016681026082154216e-02	5.145754243492542401e-02	-5.342520886912138778e-02	4.083542847182480839e-02	-4.691877866092816762e-02	3.284580417907582983e-02	-4.295581990027247388e-02	3.308759630428359522e-02	-2.907845347341059261e-02
2.811259290829735691e-01	-6.762621175040891552e-01	2.303354526947782033e-01	-1.422544619328711124e-01	1.042820559311788964e-01	-2.579501126482063311e-01	9.999999999999993339e-01	-2.868750533180446927e-01	1.400029891939520710e-01	-1.177237946106902133e-01	2.191193366042752111e-01	-5.313088089294814020e-01	1.972381103454205753e-01	-1.468148382427983678e-01	7.021956602094274469e-02	-1.350205197629460729e-01	1.519170296796094055e-01	-1.553574678048657287e-01	1.156436810262751885e-01	-8.667694599728349714e-02	7.181755009379468813e-02	-6.271945688490423998e-02	9.313311645825864127e-02	-9.591605437412734081e-02	7.915795761114198525e-02	-4.992201199323835492e-02	6.517322064541762605e-02	-6.729505650988197585e-02	6.602310351835849467e-02	-5.005838641029351777e-02	5.698932972557582688e-02	-5.232718393509413340e-02	5.836133352827557741e-02	-5.509705083120988722e-02	4.714337176390756556e-02	-3.929195950026326961e-02	3.816062318781804352e-02	-4.885196250481547292e-02	5.124932883937995121e-02	-3.911005752630210969e-02	4.471425903630305010e-02	-3.124138087227146948e-02	4.100788722721918772e-02	-3.159909606353897282e-02	2.783795151473694024e-02
-2.277510405923968972e-01	2.548289697028310319e-01	-7.976442969131800620e-01	2.119670437845156408e-01	-1.559113998820903235e-01	1.385009571873653256e-01	-2.868750533180446927e-01	9.999999999999995559e-01	-2.204508890633210261e-01	1.480874858507693348e-01	-1.454865620597660392e-01	2.118406518853103715e-01	-3.064047592927929831e-01	1.852219199726523602e-01	-8.769578377125111790e-02	1.011387563406844908e-01	-1.215724447059321478e-01	1.778802825109213892e-01	-1.431888635947960176e-01	1.041241054290034385e-01	-7.194136170627110638e-02	6.222013531146473181e-02	-1.103327642769524053e-01	1.109495912700847464e-01	-8.916725074326577183e-02	5.395596680321040894e-02	-7.178442507159152330e-02	7.587241569625953475e-02	-7.508348527527639038e-02	5.619634639711473117e-02	-6.298371790505380430e-02	5.761905747467339911e-02	-6.541745780196582538e-02	6.133001981347171311e-02	-5.287630538483548137e-02	4.335130623332926481e-02	-4.232925909456174834e-02	5.399054045946847374e-02	-5.727472220967459032e-02	4.354860829540792982e-02	-4.972999054678829689e-02	3.464452686070837450e-02	-4.565481591051709365e-02	3.508269966444142740e-02	-3.101543853875258008e-02
1.852803318296676049e-01	-1.613392920602208791e-01	1.939519739791117359e-01	-5.391012088061301055e-01	2.785188312585091808e-01	-1.185593657782169491e-01	1.400029891939520710e-01	-2.204508890633210261e-01	9.999999999999993339e-01	-3.990798267814565370e-01	1.242103105269632829e-01	-1.883809503053918144e-01	2.537912516532691565e-01	-5.312685694908297895e-01	1.920441414908635180e-01	-1.015644787954035622e-01	1.181450333193894281e-01	-2.312862283916801986e-01	2.165346243145505056e-01	-2.308741333518411765e-01	8.848035585398704439e-02	-7.800782789894128433e-02	1.534803340264496441e-01	-1.773326595913076453e-01	1.209959233778514776e-01	-7.188743035327101183e-02	9.564192978086362429e-02	-1.061866038909036608e-01	1.025946306158381088e-01	-7.735023172630915711e-02	8.377681585202902126e-02	-7.790547067329864350e-02	8.849883936356874037e-02	-8.419465106702379853e-02	7.206694537187256777e-02	-5.876500654334204654e-02	5.727047476525635311e-02	-7.358717136398365555e-02	7.770859528052284637e-02	-5.952157533939780171e-02	6.705582906929627440e-02	-4.693722162074401294e-02	6.171811273769174655e-02	-4.787371592922313318e-02	4.219753550167654188e-02
-1.953369138704936503e-01	1.321533458600731570e-01	-1.555958981930856411e-01	2.997911667898122690e-01	-6.466812281010972940e-01	1.085305492656356563e-01	-1.177237946106902133e-01	1.480874858507693348e-01	-3.990798267814565370e-01	1.000000000000000222e+00	-1.167881329384323763e-01	1.484359837974331964e-01	-1.996055960231283011e-01	2.256211387545899727e-01	-3.836010619783924991e-01	9.093244661687326091e-02	-1.095546112847847198e-01	1.675450571066126604e-01	-1.738204552978360462e-01	2.680784087125837045e-01	-9.164916768683402382e-02	7.805789528777365427e-02	-1.493185013594319210e-01	1.398580560681704499e-01	-1.361914423707177024e-01	7.434281841945465652e-02	-9.977474988432363801e-02	1.044082013576959483e-01	-1.078214207293105992e-01	8.159538630751014820e-02	-8.956537066936501312e-02	8.074856251494798298e-02	-9.328345157101110285e-02	8.768674955021761586e-02	-7.708471833920871319e-02	6.234349274118195644e-02	-6.114112048129408811e-02	7.733284502034520891e-02	-8.383479291298669145e-02	6.312792703416698903e-02	-7.288804633949708123e-02	5.023089922335730040e-02	-6.678608678108258201e-02	5.083379351631783782e-02	-4.520641731337315949e-02
2.941447814418999274e-01	-2.298333439063275641e-01	1.311222068507050531e-01	-1.261021205807757450e-01	9.387326979035658103e-02	-6.774636517785477263e-01	2.191193366042752111e-01	-1.454865620597660392e-01	1.242103105269632829e-01	-1.167881329384323763e-01	9.999999999999990008e-01	-4.229284853984913162e-01	1.701397600465761051e-01	-1.383165272449414229e-01	6.887335867511083787e-02	-3.843624312514775654e-01	2.559989538247947061e-01	-1.622860146427797801e-01	1.154846642397856088e-01	-8.735029418942910628e-02	9.797547296053492338e-02	-8.651577730674030187e-02	9.644699164132862490e-02	-1.005806177143227648e-01	8.369721388941965545e-02	-5.842167902846903682e-02	7.412011260987758088e-02	-7.345209688543138937e-02	7.049831470809779510e-02	-5.393466032479826006e-02	6.366911169815366034e-02	-5.890148695339910562e-02	6.370681311839111738e-02	-6.021393063971822168e-02	5.076342822027345852e-02	-4.333150599460924152e-02	4.180013041456302064e-02	-5.377669587406113533e-02	5.528378171043556166e-02	-4.246825163001960446e-02	4.851852972986807344e-02	-3.414021600235585957e-02	4.445762553479625651e-02	-3.441222683228094270e-02	3.015722148364824440e-02
-3.912977549393088506e-01	2.944959630036683151e-01	-2.075144992939020328e-01	1.656614395595895906e-01	-1.303235403861462416e-01	2.714770451309181376e-01	-5.313088089294814020e-01	2.118406518853103715e-01	-1.883809503053918144e-01	1.484359837974331964e-01	-4.229284853984913162e-01	9.999999999999987788e-01	-3.719858854637915213e-01	2.002544471169790119e-01	-9.295594136564203080e-02	2.098792648402973138e-01	-2.757092125978125030e-01	2.169717957502865779e-01	-1.681811476177163533e-01	1.117995927143522888e-01	-1.064680819826612085e-01	9.153058240977761384e-02	-1.335741928650591159e-01	1.330147195553211537e-01	-1.113481334545352447e-01	7.113079628073505634e-02	-9.330600502916656935e-02	9.506724953236568576e-02	-9.356187624508692513e-02	7.042483391839088336e-02	-8.126558584710472100e-02	7.415532876907536541e-02	-8.280633721881441867e-02	7.746917822009846688e-02	-6.642636031647539130e-02	5.527071797816238141e-02	-5.379740888688577805e-02	6.864165172653945157e-02	-7.216633410643019664e-02	5.493775075856432294e-02	-6.300199360036005947e-02	4.397111229853280234e-02	-5.775594151260474152e-02	4.435754530100560755e-02	-3.913852033531307201e-02
2.166210617725923826e-01	-2.004355643756086103e-01	2.139921513174381507e-01	-2.220558145092668967e-01	1.585777132900448583e-01	-1.525587882739480317e-01	1.972381103454205753e-01	-3.064047592927929831e-01	2.537912516532691565e-01	-1.996055960231283011e-01	1.701397600465761051e-01	-3.719858854637915213e-01	1.000000000000001110e+00	-5.122339915764466678e-01	1.382240292145336391e-01	-1.399118744143293402e-01	1.641606099173646416e-01	-5.343674397535156384e-01	2.728429138780347762e-01	-1.650508167213377564e-01	9.536839869686791760e-02	-8.451782178564984371e-02	1.697208197156761245e-01	-1.933711112919913877e-01	1.164639112703731577e-01	-7.338213816351159269e-02	9.840792951049384674e-02	-1.102533310183860110e-01	1.040400069513345016e-01	-7.665808103998919543e-02	8.439479025659640810e-02	-7.882816737858470979e-02	8.935821863646424557e-02	-8.370933901808511046e-02	7.121387046140664756e-02	-5.783895533660372151e-02	5.652487861782352907e-02	-7.262258881655589415e-02	7.626649015069440762e-02	-5.853204452121421597e-02	6.554625589092988314e-02	-4.610857019802690887e-02	6.043387853009450639e-02	-4.694996509750215541e-02	4.138027863169037313e-02
-1.989340149257996238e-01	1.512440391502708759e-01	-1.765620884244800681e-01	2.399219244051729039e-01	-1.905262613275352235e-01	1.229402211008295831e-01	-1.468148382427983678e-01	1.852219199726523602e-01	-5.312685694908297895e-01	2.256211387545899727e-01	-1.383165272449414229e-01	2.002544471169790119e-01	-5.122339915764466678e-01	9.999999999999985567e-01	-2.236268016493422606e-01	1.112966714344305330e-01	-1.358234311419797002e-01	2.905722061888399987e-01	-4.188122594405572219e-01	1.987541155960361461e-01	-9.772118625423650840e-02	8.509134773282880926e-02	-1.966475167860652629e-01	2.090393049160326200e-01	-1.284047658306514961e-01	7.818409722662299222e-02	-1.070557254351561655e-01	1.195801814095179549e-01	-1.157218754755404422e-01	8.356986914138224420e-02	-9.182579800491688649e-02	8.493512386134066672e-02	-9.805333867462245889e-02	9.047521452329872205e-02	-7.784084544642973225e-02	6.223118156208397311e-02	-6.119898537059242222e-02	7.811801160313430747e-02	-8.308882552818330769e-02	6.337045305146815632e-02	-7.116475313597382668e-02	4.985666874552762556e-02	-6.563802317857442281e-02	5.069588174689644566e-02	-4.489210004690230571e-02
1.093815534909478304e-01	-7.787037435171828559e-02	8.696425681169216160e-02	-1.492702548213277192e-01	2.052549049456497965e-01	-6.374009865087822135e-02	7.021956602094274469e-02	-8.769578377125111790e-02	1.920441414908635180e-01	-3.836010619783924991e-01	6.887335867511083787e-02	-9.295594136564203080e-02	1.382240292145336391e-01	-2.236268016493422606e-01	9.999999999999972244e-01	-5.511579995259457965e-02	6.601619757246246500e-02	-1.166838244038537892e-01	1.243549593650297158e-01	-8.507234272305648215e-01	5.339016113903576749e-02	-4.604184928758182915e-02	9.224764753468975287e-02	-9.386907115545387037e-02	7.962746870823232681e-02	-4.350258775977551562e-02	5.848125153126400300e-02	-6.297092201764452335e-02	6.354013403553171457e-02	-4.839282886932271682e-02	5.178844226601726775e-02	-4.733714783198115367e-02	5.449298733311658260e-02	-5.159113575394178725e-02	4.494973311515993580e-02	-3.605197324410896326e-02	3.532581742612660863e-02	-4.499462783292258045e-02	4.840427951986983612e-02	-3.682779766330477461e-02	4.172310197048993002e-02	-2.898107865705551109e-02	3.836398675104973899e-02	-2.955325795731300956e-02	2.618568408385978097e-02
-2.069139696016501773e-01	1.384116221149463699e-01	-9.459717053296903821e-02	9.626160921673512783e-02	-7.444455504291452863e-02	2.124186527094853727e-01	-1.350205197629460729e-01	1.011387563406844908e-01	-1.015644787954035622e-01	9.093244661687326091e-02	-3.843624312514775654e-01	2.098792648402973138e-01	-1.399118744143293402e-01	1.112966714344305330e-01	-5.511579995259457965e-02	1.000000000000001776e+00	-8.241166589205343174e-01	1.583935458996411361e-01	-1.143976626381592587e-01	6.879127370792761931e-02	-1.728304066187736909e-01	1.320626898807833460e-01	-9.870203951081792104e-02	9.699225304365483025e-02	-8.146253559218898099e-02	6.995290005147447587e-02	-8.716102990175347842e-02	7.782864485801309351e-02	-7.221408558971602332e-02	5.460490924461197659e-02	-7.163334290328621234e-02	6.542553052857862095e-02	-6.785789474592784920e-02	6.211735089417196043e-02	-5.142771258566732756e-02	4.519432289310768014e-02	-4.353818568802886313e-02	5.575770924465173889e-02	-5.592063021124816374e-02	4.308152306688995542e-02	-4.959814456485612394e-02	3.518185126295148707e-02	-4.533057961427928995e-02	3.494190418991187375e-02	-3.053657569625238544e-02
1.984218145513463316e-01	-1.671127674036944344e-01	1.095895822144531406e-01	-1.156985322156013907e-01	8.734108892631446686e-02	-2.329025005459946229e-01	1.519170296796094055e-01	-1.215724447059321478e-01	1.181450333193894281e-01	-1.095546112847847198e-01	2.559989538247947061e-01	-2.757092125978125030e-01	1.641606099173646416e-01	-1.358234311419797002e-01	6.601619757246246500e-02	-8.241166589205343174e-01	1.000000000000000222e+00	-2.252343614108460734e-01	1.345950440665791004e-01	-8.327960643151539888e-02	1.500285893163299522e-01	-1.475563511590516907e-01	1.113685984625143455e-01	-1.163161544983907225e-01	9.098417664217776923e-02	-7.599721540603224246e-02	9.469818608440798424e-02	-8.787815760179266966e-02	8.062479123098370559e-02	-6.133422764932638938e-02	7.746269919418587169e-02	-7.253295962224171056e-02	7.504780910689509699e-02	-6.975097381020674281e-02	5.750620539224213235e-02	-5.039231103150817320e-02	4.842088135442668834e-02	-6.241682053388630108e-02	6.242008601161229409e-02	-4.831499861468040863e-02	5.510110559571348293e-02	-3.922063944862115570e-02	5.046398791154974028e-02	-3.917384722361927363e-02	3.415729607572968313e-02
-2.143133180469211085e-01	1.577341557194061328e-01	-1.693627957727064648e-01	1.785809117684820368e-01	-1.421217770044601314e-01	1.398820031197401115e-01	-1.553574678048657287e-01	1.778802825109213892e-01	-2.312862283916801986e-01	1.675450571066126604e-01	-1.622860146427797801e-01	2.169717957502865779e-01	-5.343674397535156384e-01	2.905722061888399987e-01	-1.166838244038537892e-01	1.583935458996411361e-01	-2.252343614108460734e-01	1.000000000000001110e+00	-5.786717718413519895e-01	1.353065968822016185e-01	-1.218370697081155307e-01	1.063455207530455693e-01	-2.729040910195617009e-01	2.586348641546091787e-01	-1.471409311308285450e-01	9.462070394804042439e-02	-1.317964955899423862e-01	1.496411917788531276e-01	-1.415781007693054927e-01	9.913860497663892768e-02	-1.103005114124734759e-01	1.025480504666184123e-01	-1.189005809899462418e-01	1.075650780382886584e-01	-9.207454800079568902e-02	7.299320414048893202e-02	-7.207948778838753345e-02	9.200251374838257223e-02	-9.740528130386058581e-02	7.443845567516148287e-02	-8.289450296662703721e-02	5.840558992733273225e-02	-7.665696548888081829e-02	5.933468833559527728e-02	-5.255989037270139552e-02
1.570635911505749160e-01	-1.265558978844621707e-01	1.283759877644232994e-01	-1.795310670924564478e-01	1.340219032210481220e-01	-1.063836330703642058e-01	1.156436810262751885e-01	-1.431888635947960176e-01	2.165346243145505056e-01	-1.738204552978360462e-01	1.154846642397856088e-01	-1.681811476177163533e-01	2.728429138780347762e-01	-4.188122594405572219e-01	1.243549593650297158e-01	-1.143976626381592587e-01	1.345950440665791004e-01	-5.786717718413519895e-01	9.999999999999998890e-01	-1.512307698768974584e-01	1.014859771320320986e-01	-9.241673648055365176e-02	2.532671813035158315e-01	-5.234412235759866583e-01	1.294261527587258764e-01	-8.516785085698344582e-02	1.172739856981037249e-01	-1.487467570674271267e-01	1.292264518092838821e-01	-9.186342953730385064e-02	9.681067604581733432e-02	-9.346501526417380634e-02	1.066903552104688235e-01	-9.947476003446781290e-02	8.318938645864325243e-02	-6.567439342432675187e-02	6.456954908438862495e-02	-8.365584008503493263e-02	8.716539962030725452e-02	-6.772119209925830940e-02	7.345259884595667366e-02	-5.235968896879737711e-02	6.822895627382190298e-02	-5.379213839906362565e-02	4.731846532657810189e-02
-1.430071829964774943e-01	9.536614904018028693e-02	-1.068419654568381616e-01	1.698478046561886501e-01	-2.581817043871711403e-01	8.026575717555567424e-02	-8.667694599728349714e-02	1.041241054290034385e-01	-2.308741333518411765e-01	2.680784087125837045e-01	-8.735029418942910628e-02	1.117995927143522888e-01	-1.650508167213377564e-01	1.987541155960361461e-01	-8.507234272305648215e-01	6.879127370792761931e-02	-8.327960643151539888e-02	1.353065968822016185e-01	-1.512307698768974584e-01	1.000000000000001110e+00	-6.941617393669637093e-02	5.929211920436885247e-02	-1.182201485565799320e-01	1.122872664136039395e-01	-1.065630951049645891e-01	5.649584773140945565e-02	-7.618112396107212803e-02	8.072371707248575390e-02	-8.300404234877466203e-02	6.320550048049101977e-02	-6.785681019268878511e-02	6.150825278327963497e-02	-7.114787592338092659e-02	6.708697813327826887e-02	-5.891500117031722022e-02	4.708486847643348489e-02	-4.622268005576540134e-02	5.861897096324533013e-02	-6.352741376267281859e-02	4.811114605428137153e-02	-5.483351064901621080e-02	3.793715632211196870e-02	-5.036618239102098882e-02	3.860647170261936878e-02	-3.429556393419117694e-02
1.088921494046589111e-01	-8.331621224774955758e-02	6.586078803515466040e-02	-8.949974384540340666e-02	6.926519271204785444e-02	-8.888874459782068749e-02	7.181755009379468813e-02	-7.194136170627110638e-02	8.848035585398704439e-02	-9.164916768683402382e-02	9.797547296053492338e-02	-1.064680819826612085e-01	9.536839869686791760e-02	-9.772118625423650840e-02	5.339016113903576749e-02	-1.728304066187736909e-01	1.500285893163299522e-01	-1.218370697081155307e-01	1.014859771320320986e-01	-6.941617393669637093e-02	1.000000000000000888e+00	-8.367432286428383437e-01	1.494964557242572656e-01	-1.391633249873209244e-01	1.428959157200313246e-01	-2.572744555904416530e-01	2.564747418642701060e-01	-1.776624223471056363e-01	1.402093293344998104e-01	-1.103296243548250455e-01	1.894929588137893861e-01	-1.812236883610560956e-01	1.537689099415331662e-01	-1.369148543938625839e-01	1.033867537691114530e-01	-1.052042334179413285e-01	9.819968395830504237e-02	-1.273217185840126997e-01	1.130629294862593170e-01	-8.990125655649307268e-02	1.046920103019448045e-01	-7.749016637803352037e-02	9.485504018717924590e-02	-7.384513286556232403e-02	6.290708674636930064e-02
-9.809820173691388701e-02	7.164689460611516070e-02	-5.756759995012174225e-02	7.663460310957895261e-02	-6.011745402618044742e-02	7.584003160314907455e-02	-6.271945688490423998e-02	6.222013531146473181e-02	-7.800782789894128433e-02	7.805789528777365427e-02	-8.651577730674030187e-02	9.153058240977761384e-02	-8.451782178564984371e-02	8.509134773282880926e-02	-4.604184928758182915e-02	1.320626898807833460e-01	-1.475563511590516907e-01	1.063455207530455693e-01	-9.241673648055365176e-02	5.929211920436885247e-02	-8.367432286428383437e-01	1.000000000000000444e+00	-1.566355004680094753e-01	1.246999417027653406e-01	-1.343930353572710679e-01	2.080814426885119472e-01	-3.705112446167924678e-01	1.722582189619136506e-01	-1.392259821246686624e-01	1.023658556437971739e-01	-1.930039867090662387e-01	1.715647227589884027e-01	-1.563531081414194779e-01	1.245439968653603985e-01	-9.712182519291504001e-02	9.537920849181268090e-02	-9.263440371764715409e-02	1.152776824298242520e-01	-1.058111402680114166e-01	8.215989591222541688e-02	-9.861725838637568076e-02	7.167508181602959272e-02	-8.908853399715024879e-02	6.713096822765078631e-02	-5.804261717553498012e-02
1.337193877900728078e-01	-1.071930361278596172e-01	9.980954459553263713e-02	-1.475331731953842818e-01	1.115435362645039175e-01	-9.158442134681647750e-02	9.313311645825864127e-02	-1.103327642769524053e-01	1.534803340264496441e-01	-1.493185013594319210e-01	9.644699164132862490e-02	-1.335741928650591159e-01	1.697208197156761245e-01	-1.966475167860652629e-01	9.224764753468975287e-02	-9.870203951081792104e-02	1.113685984625143455e-01	-2.729040910195617009e-01	2.532671813035158315e-01	-1.182201485565799320e-01	1.494964557242572656e-01	-1.566355004680094753e-01	9.999999999999995559e-01	-6.405448990421859223e-01	1.853709304969816396e-01	-1.485666552870058277e-01	2.099078976379928352e-01	-4.843433890230120498e-01	2.293580873916367113e-01	-1.604361882085806046e-01	1.533870553452001684e-01	-1.690963876504543439e-01	1.862350075234633917e-01	-1.736014118150498720e-01	1.353082127171908455e-01	-1.044848145199887557e-01	1.031034852640415889e-01	-1.381329004956396711e-01	1.363777132601570186e-01	-1.100955793193879040e-01	1.113177104285044960e-01	-8.254421194884761781e-02	1.049667060641909094e-01	-8.600502494339443138e-02	7.465512755097522546e-02
-1.432038412104689740e-01	1.063027759793701149e-01	-1.045016288272864052e-01	1.414752145359881030e-01	-1.137445457944355892e-01	9.250450612339711220e-02	-9.591605437412734081e-02	1.109495912700847464e-01	-1.773326595913076453e-01	1.398580560681704499e-01	-1.005806177143227648e-01	1.330147195553211537e-01	-1.933711112919913877e-01	2.090393049160326200e-01	-9.386907115545387037e-02	9.699225304365483025e-02	-1.163161544983907225e-01	2.586348641546091787e-01	-5.234412235759866583e-01	1.122872664136039395e-01	-1.391633249873209244e-01	1.246999417027653406e-01	-6.405448990421859223e-01	1.000000000000000000e+00	-1.846322724408274718e-01	1.231266104662881167e-01	-1.835465155230437406e-01	2.389038168815811602e-01	-2.162890593017790797e-01	1.361769136934788960e-01	-1.430749781613888383e-01	1.381631131431353965e-01	-1.653976361503323722e-01	1.449482416090859538e-01	-1.228979555334254181e-01	9.219004089385353373e-02	-9.227408487783124447e-02	1.184560863498034244e-01	-1.252535714368656072e-01	9.678958871748401249e-02	-1.032550166120186352e-01	7.396837292041794076e-02	-9.655534536255810929e-02	7.594576177455701627e-02	-6.737468011005368074e-02
1.255156453111437587e-01	-9.523227054331298569e-02	8.211864943006878803e-02	-1.253268519262949743e-01	1.002519902425829529e-01	-8.175055979028980624e-02	7.915795761114198525e-02	-8.916725074326577183e-02	1.209959233778514776e-01	-1.361914423707177024e-01	8.369721388941965545e-02	-1.113481334545352447e-01	1.164639112703731577e-01	-1.284047658306514961e-01	7.962746870823232681e-02	-8.146253559218898099e-02	9.098417664217776923e-02	-1.471409311308285450e-01	1.294261527587258764e-01	-1.065630951049645891e-01	1.428959157200313246e-01	-1.343930353572710679e-01	1.853709304969816396e-01	-1.846322724408274718e-01	1.000000000000000222e+00	-1.544341848238343640e-01	1.905133433957753863e-01	-2.349040347928042227e-01	2.829308135249956613e-01	-5.099715601466300319e-01	1.729083108444846306e-01	-1.854231866706928245e-01	2.050676288724493646e-01	-2.975979492881864474e-01	2.626558135950476380e-01	-1.562950233892323459e-01	1.484305248541918087e-01	-2.093661556935318413e-01	2.295356989928838964e-01	-2.222114616105140272e-01	1.669242531368036464e-01	-1.265489859885876589e-01	1.629562389200470696e-01	-1.637869197042728930e-01	1.366742898694096597e-01
-7.814356332916089221e-02	5.848554946826725609e-02	-4.979219978300652993e-02	7.147875421423174891e-02	-5.633242236937829883e-02	5.458424113233785457e-02	-4.992201199323835492e-02	5.395596680321040894e-02	-7.188743035327101183e-02	7.434281841945465652e-02	-5.842167902846903682e-02	7.113079628073505634e-02	-7.338213816351159269e-02	7.818409722662299222e-02	-4.350258775977551562e-02	6.995290005147447587e-02	-7.599721540603224246e-02	9.462070394804042439e-02	-8.516785085698344582e-02	5.649584773140945565e-02	-2.572744555904416530e-01	2.080814426885119472e-01	-1.485666552870058277e-01	1.231266104662881167e-01	-1.544341848238343640e-01	1.000000000000001776e+00	-4.741368395072354525e-01	1.994432513531512463e-01	-1.640880557399916895e-01	1.207398580585682252e-01	-7.428737018759603572e-01	2.526852238225846259e-01	-2.139296205552831953e-01	1.537229884590391726e-01	-1.180121738190099967e-01	1.490578225792901779e-01	-1.328878844625024647e-01	1.532763673422641026e-01	-1.321438488718721105e-01	1.013992429985772353e-01	-1.464707317095050587e-01	9.965500124149931360e-02	-1.202650249614969080e-01	8.474551987678979881e-02	-7.310806080041315491e-02
9.982246485577712936e-02	-7.659640343651018257e-02	6.579967306365659685e-02	-9.597596860672613639e-02	7.472391206837157573e-02	-7.012408289797884831e-02	6.517322064541762605e-02	-7.178442507159152330e-02	9.564192978086362429e-02	-9.977474988432363801e-02	7.412011260987758088e-02	-9.330600502916656935e-02	9.840792951049384674e-02	-1.070557254351561655e-01	5.848125153126400300e-02	-8.716102990175347842e-02	9.469818608440798424e-02	-1.317964955899423862e-01	1.172739856981037249e-01	-7.618112396107212803e-02	2.564747418642701060e-01	-3.705112446167924678e-01	2.099078976379928352e-01	-1.835465155230437406e-01	1.905133433957753863e-01	-4.741368395072354525e-01	1.000000000000000444e+00	-4.245767694722369923e-01	2.228879766476318247e-01	-1.673031709709873471e-01	2.942323479762054550e-01	-4.394216910077301530e-01	2.705168459157618055e-01	-2.111915891217032437e-01	1.518523512895084970e-01	-1.535293255795661393e-01	1.517152345219617005e-01	-1.913771001864456867e-01	1.618585294811157871e-01	-1.293045987085117143e-01	1.481482717116089087e-01	-1.145340243078843412e-01	1.361343788241713981e-01	-1.047668290547857928e-01	8.933606515619346711e-02
-1.031332974811719483e-01	7.813183476739093969e-02	-7.005311106538959776e-02	1.013333594600085846e-01	-7.974868632560661030e-02	6.934181127722788274e-02	-6.729505650988197585e-02	7.587241569625953475e-02	-1.061866038909036608e-01	1.044082013576959483e-01	-7.345209688543138937e-02	9.506724953236568576e-02	-1.102533310183860110e-01	1.195801814095179549e-01	-6.297092201764452335e-02	7.782864485801309351e-02	-8.787815760179266966e-02	1.496411917788531276e-01	-1.487467570674271267e-01	8.072371707248575390e-02	-1.776624223471056363e-01	1.722582189619136506e-01	-4.843433890230120498e-01	2.389038168815811602e-01	-2.349040347928042227e-01	1.994432513531512463e-01	-4.245767694722369923e-01	9.999999999999996669e-01	-5.000998255672850501e-01	2.202109208773744553e-01	-2.141194234011628283e-01	2.430553722161864494e-01	-3.379135470514731399e-01	2.305827658549808312e-01	-1.865303714020609682e-01	1.287612427944280769e-01	-1.334043745944840653e-01	1.740465008093803889e-01	-1.753439803960364918e-01	1.391872691264965378e-01	-1.372291019371282006e-01	1.030599769393798770e-01	-1.311769168950138453e-01	1.061290556014013731e-01	-9.386622985086967574e-02
1.011861051162374625e-01	-7.796368524358446295e-02	6.881241149026376402e-02	-1.028183647216142499e-01	8.033422799221581756e-02	-6.778497746837268412e-02	6.602310351835849467e-02	-7.508348527527639038e-02	1.025946306158381088e-01	-1.078214207293105992e-01	7.049831470809779510e-02	-9.356187624508692513e-02	1.040400069513345016e-01	-1.157218754755404422e-01	6.354013403553171457e-02	-7.221408558971602332e-02	8.062479123098370559e-02	-1.415781007693054927e-01	1.292264518092838821e-01	-8.300404234877466203e-02	1.402093293344998104e-01	-1.392259821246686624e-01	2.293580873916367113e-01	-2.162890593017790797e-01	2.829308135249956613e-01	-1.640880557399916895e-01	2.228879766476318247e-01	-5.000998255672850501e-01	9.999999999999984457e-01	-5.386299295879330984e-01	1.711535942369649121e-01	-2.038385322763019980e-01	2.311835429688267329e-01	-3.887513119117153582e-01	2.692720651273518562e-01	-1.330075585623705925e-01	1.324384583961975004e-01	-1.856267402537231936e-01	2.137159504351732742e-01	-1.952162054593115093e-01	1.396899733586022818e-01	-1.085770608521023500e-01	1.387601025602781535e-01	-1.357497474043372065e-01	1.179408793733531802e-01
-7.871461011986848055e-02	5.924688916194684185e-02	-5.191318014815732990e-02	7.706379293455026258e-02	-6.140432950761978009e-02	5.182511741336138372e-02	-5.005838641029351777e-02	5.619634639711473117e-02	-7.735023172630915711e-02	8.159538630751014820e-02	-5.393466032479826006e-02	7.042483391839088336e-02	-7.665808103998919543e-02	8.356986914138224420e-02	-4.839282886932271682e-02	5.460490924461197659e-02	-6.133422764932638938e-02	9.913860497663892768e-02	-9.186342953730385064e-02	6.320550048049101977e-02	-1.103296243548250455e-01	1.023658556437971739e-01	-1.604361882085806046e-01	1.361769136934788960e-01	-5.099715601466300319e-01	1.207398580585682252e-01	-1.673031709709873471e-01	2.202109208773744553e-01	-5.386299295879330984e-01	9.999999999999984457e-01	-1.387438747364652669e-01	1.518624285371601712e-01	-1.854933194049090683e-01	2.847556165671659145e-01	-5.144673362064814404e-01	1.128528495650271829e-01	-1.146151085682921011e-01	1.573634172803329845e-01	-2.198225151946597844e-01	2.100750652719610145e-01	-1.236927373896491850e-01	9.584120743506868711e-02	-1.274501634385128146e-01	1.324619557826273719e-01	-1.264474619380830667e-01
8.802393337874371559e-02	-6.756665086813655463e-02	5.776677742946204758e-02	-8.536859248766222319e-02	6.668478502438458799e-02	-6.093669836712546639e-02	5.698932972557582688e-02	-6.298371790505380430e-02	8.377681585202902126e-02	-8.956537066936501312e-02	6.366911169815366034e-02	-8.126558584710472100e-02	8.439479025659640810e-02	-9.182579800491688649e-02	5.178844226601726775e-02	-7.163334290328621234e-02	7.746269919418587169e-02	-1.103005114124734759e-01	9.681067604581733432e-02	-6.785681019268878511e-02	1.894929588137893861e-01	-1.930039867090662387e-01	1.533870553452001684e-01	-1.430749781613888383e-01	1.729083108444846306e-01	-7.428737018759603572e-01	2.942323479762054550e-01	-2.141194234011628283e-01	1.711535942369649121e-01	-1.387438747364652669e-01	9.999999999999992228e-01	-3.716815608906070545e-01	2.325793655970376794e-01	-1.872286753481708366e-01	1.349608714044972790e-01	-2.178713928040079961e-01	1.627814827075687309e-01	-1.953286668574725493e-01	1.532509700461505142e-01	-1.211967537571364550e-01	1.731132982331756720e-01	-1.233246932811973839e-01	1.412942720647781258e-01	-1.026331832781808284e-01	8.643086334506497326e-02
-8.192391551822909845e-02	6.151121045618245659e-02	-5.316844038035743736e-02	7.735904100394111471e-02	-6.107267154466879122e-02	5.575262072927133356e-02	-5.232718393509413340e-02	5.761905747467339911e-02	-7.790547067329864350e-02	8.074856251494798298e-02	-5.890148695339910562e-02	7.415532876907536541e-02	-7.882816737858470979e-02	8.493512386134066672e-02	-4.733714783198115367e-02	6.542553052857862095e-02	-7.253295962224171056e-02	1.025480504666184123e-01	-9.346501526417380634e-02	6.150825278327963497e-02	-1.812236883610560956e-01	1.715647227589884027e-01	-1.690963876504543439e-01	1.381631131431353965e-01	-1.854231866706928245e-01	2.526852238225846259e-01	-4.394216910077301530e-01	2.430553722161864494e-01	-2.038385322763019980e-01	1.518624285371601712e-01	-3.716815608906070545e-01	9.999999999999985567e-01	-6.559493951220709551e-01	2.237531893147112483e-01	-1.633214776408908886e-01	1.780657628899715572e-01	-2.459279888560037541e-01	2.350100020128085554e-01	-1.858271845349850626e-01	1.362299579400421956e-01	-1.790664351092821904e-01	1.454191591027365338e-01	-1.712206446598332765e-01	1.132111673210569880e-01	-9.856285541956857910e-02
9.015812344662135769e-02	-6.898169550479300860e-02	6.006004019467740818e-02	-8.904799906685735567e-02	6.972221152528987331e-02	-6.105584838574124040e-02	5.836133352827557741e-02	-6.541745780196582538e-02	8.849883936356874037e-02	-9.328345157101110285e-02	6.370681311839111738e-02	-8.280633721881441867e-02	8.935821863646424557e-02	-9.805333867462245889e-02	5.449298733311658260e-02	-6.785789474592784920e-02	7.504780910689509699e-02	-1.189005809899462418e-01	1.066903552104688235e-01	-7.114787592338092659e-02	1.537689099415331662e-01	-1.563531081414194779e-01	1.862350075234633917e-01	-1.653976361503323722e-01	2.050676288724493646e-01	-2.139296205552831953e-01	2.705168459157618055e-01	-3.379135470514731399e-01	2.311835429688267329e-01	-1.854933194049090683e-01	2.325793655970376794e-01	-6.559493951220709551e-01	9.999999999999970024e-01	-3.717509783408068369e-01	1.969760954490591409e-01	-1.783870203116762476e-01	2.041481109386472648e-01	-3.299680279771218250e-01	2.152756782175584138e-01	-1.646416178321577772e-01	1.748491375459740316e-01	-1.464706335230218370e-01	1.739989682259643899e-01	-1.301832622997503019e-01	1.117299231857021569e-01
-8.727059537859230276e-02	6.501863916928628251e-02	-5.677350280038395702e-02	8.336186025930741872e-02	-6.648186400623791459e-02	5.756626410970774876e-02	-5.509705083120988722e-02	6.133001981347171311e-02	-8.419465106702379853e-02	8.768674955021761586e-02	-6.021393063971822168e-02	7.746917822009846688e-02	-8.370933901808511046e-02	9.047521452329872205e-02	-5.159113575394178725e-02	6.211735089417196043e-02	-6.975097381020674281e-02	1.075650780382886584e-01	-9.947476003446781290e-02	6.708697813327826887e-02	-1.369148543938625839e-01	1.245439968653603985e-01	-1.736014118150498720e-01	1.449482416090859538e-01	-2.975979492881864474e-01	1.537229884590391726e-01	-2.111915891217032437e-01	2.305827658549808312e-01	-3.887513119117153582e-01	2.847556165671659145e-01	-1.872286753481708366e-01	2.237531893147112483e-01	-3.717509783408068369e-01	9.999999999999990008e-01	-5.428739560591192559e-01	1.509053217774958267e-01	-1.636381493114499319e-01	2.259838505226639815e-01	-4.383075929987960140e-01	2.707160411275014167e-01	-1.677190553666569051e-01	1.313891173614920027e-01	-1.760586686367093812e-01	1.735317434545830539e-01	-1.663134539125628308e-01
