1.000000000000000000e+00	-3.530148251294886741e-01	9.094486357181434666e-02	-5.434205831849197449e-02	3.860281412224514375e-02	-8.961300999873387241e-01	2.405583754126056351e-01	-8.908211763661254279e-02	4.789928010350043286e-02	-3.634914484921771688e-02	7.598748846160773007e-02	-7.060854676767250315e-02	4.405731861174330688e-02	-3.659907870139201408e-02	4.435055980833115669e-02	-2.235240627623407556e-02	4.322904205278568779e-02	-4.402310323515455648e-02	3.954969842424115034e-02	-4.070786278910685368e-02	1.986953188135334725e-02	-3.450027412550327882e-02	3.519108792551336323e-02	-2.198507678081515829e-02	2.475737663711127454e-02	-2.258686348290426041e-02	2.231930526217230926e-02	-2.890702349554489028e-02	2.564858879466472980e-02	-3.512401098833987240e-02	2.208131259397504847e-02	-2.169166686397592386e-02	2.191960850172493258e-02	-1.988218429139739993e-02	1.392821357972168737e-02	-1.833031608700076698e-02	1.565453129737154336e-02	-1.846525022222905710e-02	1.762049627253499742e-02	-1.209688740063370738e-02	1.603002581672277951e-02	-1.370247515962363764e-02	2.321600225491712854e-02	-1.704360972295260873e-02	2.619908095373523968e-02
-3.530148251294886741e-01	1.000000000000000000e+00	-2.393339443846684012e-01	1.014408662564769137e-01	-7.393604131682532388e-02	2.528089677682677783e-01	-8.303810739764178050e-01	1.948580327468597551e-01	-9.103068752455549528e-02	6.711405273861048570e-02	-1.305151535692770648e-01	1.300386792191346730e-01	-8.237901768984724760e-02	6.543911530315474345e-02	-7.629093405634386482e-02	3.689995869959671049e-02	-7.701655448362014489e-02	7.606273303091887206e-02	-7.070370556510092996e-02	6.815748356129092134e-02	-3.318649431900906610e-02	5.802555547751486048e-02	-5.978383550345746367e-02	3.677753687641929087e-02	-4.139318409879284150e-02	3.712919801817907844e-02	-3.704444619740532296e-02	4.779199961416401299e-02	-4.247221661638119622e-02	5.713174407549685002e-02	-3.646756956627830032e-02	3.571005062013762887e-02	-3.611874853551214765e-02	3.272870189426358573e-02	-2.287795399315258743e-02	3.008233597317009136e-02	-2.575741827440640452e-02	3.034426977490815164e-02	-2.897791695098722586e-02	1.985856561472037693e-02	-2.635984655002744648e-02	2.251195858655006404e-02	-3.815880142873527558e-02	2.798266204696116255e-02	-4.295805098720724413e-02
9.094486357181434666e-02	-2.393339443846684012e-01	1.000000000000000000e+00	-3.086884643126431849e-01	1.655854890947314750e-01	-1.052377118114799365e-01	2.000364104200802462e-01	-8.571902883516159255e-01	1.830227246936784180e-01	-1.465987975575937519e-01	9.677973598492815854e-02	-9.287287615769684868e-02	8.451844912025818779e-02	-9.475988057707357415e-02	1.003599883547405258e-01	-3.382580953393410361e-02	6.615655394185140925e-02	-8.279682494597360998e-02	9.608530099146694869e-02	-8.746453683400920442e-02	3.048085916389683958e-02	-5.448548339350335612e-02	5.998470524345768384e-02	-3.991980170549306456e-02	4.508398236231232759e-02	-3.691521661287196915e-02	3.701522777279938475e-02	-4.878868674493398727e-02	4.491791188338448149e-02	-6.123150921950580583e-02	3.651488644039558445e-02	-3.624028165477289481e-02	3.737673327758381236e-02	-3.442107817364025574e-02	2.411892253927148261e-02	-3.076206080487920574e-02	2.635653656587200536e-02	-3.147638322777208952e-02	3.043309888594818852e-02	-2.090729273321288023e-02	2.719494766075341088e-02	-2.321046551654336321e-02	3.984460685771087224e-02	-2.937217622513634691e-02	4.539081414124498254e-02
-5.434205831849197449e-02	1.014408662564769137e-01	-3.086884643126431849e-01	1.000000000000000444e+00	-7.006729897021960474e-01	6.217197966466923159e-02	-1.096698619960088661e-01	2.227133370791326561e-01	-4.098883519777840045e-01	3.044560426430268363e-01	-1.509905695033264550e-01	1.225869319242649247e-01	-1.293063636888910906e-01	1.772515924450393243e-01	-2.156309208393484556e-01	5.529677895606983917e-02	-1.062178260938490271e-01	1.294377248604798025e-01	-1.985764804739956202e-01	1.621623125330577952e-01	-5.042520254667919033e-02	8.849902779946931808e-02	-1.031896120227011882e-01	7.116727171645441385e-02	-8.143260095024194845e-02	6.266817743082386816e-02	-6.329142957660439939e-02	8.322846987735611768e-02	-7.991029727475564004e-02	1.064757235172221622e-01	-6.309575842230247256e-02	6.230952164985312236e-02	-6.587342020454564628e-02	6.076803937647660275e-02	-4.292200114188197274e-02	5.326404979652286931e-02	-4.586863777559080368e-02	5.529086556138369801e-02	-5.406167999731596729e-02	3.706958218247220077e-02	-4.784884183310673250e-02	4.064989175652316405e-02	-7.085914539510991539e-02	5.214865085164232389e-02	-8.147747304960951953e-02
3.860281412224514375e-02	-7.393604131682532388e-02	1.655854890947314750e-01	-7.006729897021960474e-01	1.000000000000000000e+00	-4.613429206101768432e-02	7.593456700343516330e-02	-1.799448219971423735e-01	2.860296054217446593e-01	-5.835149532742377465e-01	1.014360511002540544e-01	-8.861455284004178534e-02	9.117249179478280341e-02	-1.350090698689306312e-01	1.450658305872502829e-01	-3.917652936733233282e-02	7.392991873173801465e-02	-9.482309566735601380e-02	1.333069490451617434e-01	-1.248724592911907016e-01	3.544547496070455522e-02	-6.319145333800750552e-02	7.239501148327051605e-02	-5.085651564304877886e-02	5.780136636009139406e-02	-4.473301910331765885e-02	4.494448866412133897e-02	-5.969678624027301844e-02	5.657562575596303267e-02	-7.798340051868118961e-02	4.457211983084618384e-02	-4.445414575512197930e-02	4.654200610080366785e-02	-4.324742568278169830e-02	3.039918984041801303e-02	-3.797362693785810012e-02	3.256529418954648425e-02	-3.923964684995370072e-02	3.825332909837231288e-02	-2.632210107151140843e-02	3.381732037699948512e-02	-2.883081435001571755e-02	4.994914298833867672e-02	-3.692076197116882924e-02	5.736405350461441788e-02
-8.961300999873387241e-01	2.528089677682677783e-01	-1.052377118114799365e-01	6.217197966466923159e-02	-4.613429206101768432e-02	1.000000000000000222e+00	-3.248107927346985946e-01	9.778793827534194849e-02	-5.774726968904209112e-02	4.287179938572670962e-02	-9.924748488628282184e-02	8.587797229508020713e-02	-5.447468525016952584e-02	4.445164230440335623e-02	-5.480817605346396948e-02	2.769503598958258928e-02	-5.417900547077162537e-02	5.349206437647520407e-02	-4.858188992229168363e-02	4.943411931592308489e-02	-2.474864878933013754e-02	4.244025267958825148e-02	-4.361445838043852968e-02	2.704037915523458888e-02	-3.051602258319468380e-02	2.780264227105172167e-02	-2.752988738428852056e-02	3.549891724297797591e-02	-3.161384602587465759e-02	4.288896214604854401e-02	-2.729011110453789454e-02	2.668637066314934886e-02	-2.704349539442684261e-02	2.446967696236198447e-02	-1.716201005877984048e-02	2.255217514993296604e-02	-1.928889401532075942e-02	2.274479139896153773e-02	-2.171922895249382007e-02	1.489495487831508577e-02	-1.977446602473195356e-02	1.688327669746053639e-02	-2.865045600043083368e-02	2.100274752373840204e-02	-3.232690649186795856e-02
2.405583754126056351e-01	-8.303810739764178050e-01	2.000364104200802462e-01	-1.096698619960088661e-01	7.593456700343516330e-02	-3.248107927346985946e-01	9.999999999999998890e-01	-2.543693869686839415e-01	9.632407046705680764e-02	-7.324020397661203108e-02	1.365827053271411462e-01	-1.754230246113056280e-01	9.276239202969134567e-02	-7.262077763044243184e-02	8.135689256069209008e-02	-4.067905056727098151e-02	8.421243287454655002e-02	-8.756605670999766111e-02	7.644839568379720174e-02	-7.521296466367130562e-02	3.626518428231289420e-02	-6.505198433412326398e-02	6.539783640649236840e-02	-4.039982987985721308e-02	4.522472175812120021e-02	-4.099084803047721437e-02	4.078086901853782142e-02	-5.291965653224289801e-02	4.649706451988674244e-02	-6.330426153751643470e-02	3.995581998937235146e-02	-3.938855074528425232e-02	3.954221044193521190e-02	-3.592253044186065336e-02	2.504100537406729263e-02	-3.312536130581651000e-02	2.829543232836750910e-02	-3.329710855977144335e-02	3.171746932320108209e-02	-2.176513727493770492e-02	2.886711631692575122e-02	-2.470498739869129642e-02	4.170039533210720406e-02	-3.063715797192249207e-02	4.688204052276051526e-02
-8.908211763661254279e-02	1.948580327468597551e-01	-8.571902883516159255e-01	2.227133370791326561e-01	-1.799448219971423735e-01	9.778793827534194849e-02	-2.543693869686839415e-01	1.000000000000000444e+00	-2.450827164983240547e-01	1.502141023172245682e-01	-1.106711805994124859e-01	1.028789117511278994e-01	-1.002358234878706761e-01	1.094877703389122714e-01	-1.151078780260588463e-01	3.776497547551872086e-02	-7.489621406217480959e-02	9.265937300359879114e-02	-1.136859834734296054e-01	9.659557901709353578e-02	-3.415073811374839952e-02	6.076022364427006994e-02	-6.759804615982828446e-02	4.475466112301815930e-02	-5.060381277993666188e-02	4.110126029550738996e-02	-4.134257531646357009e-02	5.434986523222891386e-02	-5.026198155057598482e-02	6.774104020231239143e-02	-4.079152935174835265e-02	4.037210891223167591e-02	-4.175171042307576630e-02	3.840221906389484213e-02	-2.691907232589260679e-02	3.425742251422796147e-02	-2.939433145777336706e-02	3.510686349737251327e-02	-3.398106938424896167e-02	2.331834930192319688e-02	-3.035781278658197108e-02	2.588527027432042937e-02	-4.450846920001023943e-02	3.277699481832545281e-02	-5.069803034068870451e-02
4.789928010350043286e-02	-9.103068752455549528e-02	1.830227246936784180e-01	-4.098883519777840045e-01	2.860296054217446593e-01	-5.774726968904209112e-02	9.632407046705680764e-02	-2.450827164983240547e-01	1.000000000000000444e+00	-6.570499638053907132e-01	1.490796039387919658e-01	-1.432233217573813389e-01	1.602833480724982496e-01	-3.735478755785692773e-01	2.092120460834816509e-01	-5.926953738220411272e-02	1.129951076940845650e-01	-1.662534775123971631e-01	2.360988842040293301e-01	-2.032452967994162751e-01	5.334523208369549435e-02	-9.749921202691297362e-02	1.110051626455693524e-01	-7.934192977761841958e-02	8.863931559924481673e-02	-6.752872657289903102e-02	6.796307122846748094e-02	-9.139464460962140602e-02	8.535902944916537449e-02	-1.186236963276351281e-01	6.665302870118573753e-02	-6.707021398455781380e-02	6.943957907797798645e-02	-6.507832543149449922e-02	4.530897967235189561e-02	-5.701270594736738279e-02	4.878221484881542502e-02	-5.867851485316914056e-02	5.706486349457459695e-02	-3.932092096932438691e-02	5.034024785591787593e-02	-4.306038600368338604e-02	7.408963881408153762e-02	-5.498610712702688141e-02	8.471662328577712897e-02
-3.634914484921771688e-02	6.711405273861048570e-02	-1.465987975575937519e-01	3.044560426430268363e-01	-5.835149532742377465e-01	4.287179938572670962e-02	-7.324020397661203108e-02	1.502141023172245682e-01	-6.570499638053907132e-01	9.999999999999995559e-01	-1.220605096872076772e-01	1.055608214837372300e-01	-1.218295231554459568e-01	1.953705094865121616e-01	-2.023329485521641047e-01	4.635701347760361885e-02	-8.949418667006060757e-02	1.197891576661036239e-01	-1.998328622135390475e-01	1.529902051166561749e-01	-4.206642473329463838e-02	7.538059352939806279e-02	-8.791137040335315900e-02	6.210191649695951527e-02	-7.036459292971375401e-02	5.275134280666347181e-02	-5.333250933889059631e-02	7.097328937676355975e-02	-6.763859902535754309e-02	9.164064081361171510e-02	-5.262345446461905163e-02	5.248929058649544344e-02	-5.498143206741449435e-02	5.125507097034679577e-02	-3.588190532178707481e-02	4.471783491685218243e-02	-3.840783380753980125e-02	4.628351735538328848e-02	-4.520084505656236235e-02	3.106049671896757292e-02	-3.984036261896702069e-02	3.396465020893787989e-02	-5.885540386630193355e-02	4.353029119899859412e-02	-6.747582599916518431e-02
7.598748846160773007e-02	-1.305151535692770648e-01	9.677973598492815854e-02	-1.509905695033264550e-01	1.014360511002540544e-01	-9.924748488628282184e-02	1.365827053271411462e-01	-1.106711805994124859e-01	1.490796039387919658e-01	-1.220605096872076772e-01	9.999999999999994449e-01	-6.367498723444826592e-01	2.630890064942790207e-01	-1.922853347275994274e-01	2.222631896057072898e-01	-2.156424056076381157e-01	2.718285711753761213e-01	-3.160404635004854246e-01	1.989037320556357735e-01	-2.502759514824017262e-01	1.634016192403779377e-01	-2.637096687543013518e-01	2.318222975032815936e-01	-1.481543785402252289e-01	1.622906150646605816e-01	-1.762762535324688962e-01	1.627686878646733559e-01	-2.148380911298261586e-01	1.759931055663324084e-01	-2.666296075010407551e-01	1.611572653295317847e-01	-1.615360379772705357e-01	1.538595664587459610e-01	-1.404119338001237893e-01	9.702820642289657072e-02	-1.361036340964221214e-01	1.137021310662913454e-01	-1.320972711244247089e-01	1.227815452168949661e-01	-8.515638386263262027e-02	1.136936171065860701e-01	-9.865415781957267982e-02	1.610086024829184281e-01	-1.194284418870582148e-01	1.794630497408725711e-01
-7.060854676767250315e-02	1.300386792191346730e-01	-9.287287615769684868e-02	1.225869319242649247e-01	-8.861455284004178534e-02	8.587797229508020713e-02	-1.754230246113056280e-01	1.028789117511278994e-01	-1.432233217573813389e-01	1.055608214837372300e-01	-6.367498723444826592e-01	9.999999999999994449e-01	-4.788485482044689268e-01	1.911961133986246619e-01	-1.956844964518515417e-01	1.346264561875528953e-01	-3.663708089740858598e-01	2.875662680152423212e-01	-2.066809614947061891e-01	1.868594497763063633e-01	-1.203543183823628515e-01	2.191399493202289550e-01	-2.091947947990984158e-01	1.170726835420367318e-01	-1.293944097438917695e-01	1.240954720574045517e-01	-1.249137688312244171e-01	1.589241664122733322e-01	-1.338155432342735263e-01	1.775732405787844304e-01	-1.198169277745096406e-01	1.171939505673256082e-01	-1.145242872878282497e-01	1.028907053772794844e-01	-7.084963762590318348e-02	9.702991038979581762e-02	-8.296727993783428734e-02	9.604912578759121355e-02	-9.027823877800757180e-02	6.173315871963250268e-02	-8.346549685733872792e-02	7.159528681402750616e-02	-1.187505655951812955e-01	8.695538586982269613e-02	-1.310779492830161930e-01
4.405731861174330688e-02	-8.237901768984724760e-02	8.451844912025818779e-02	-1.293063636888910906e-01	9.117249179478280341e-02	-5.447468525016952584e-02	9.276239202969134567e-02	-1.002358234878706761e-01	1.602833480724982496e-01	-1.218295231554459568e-01	2.630890064942790207e-01	-4.788485482044689268e-01	9.999999999999998890e-01	-3.674791810384965274e-01	1.885377013112008449e-01	-9.523484223106916391e-02	2.141564934186415692e-01	-6.747577673286150324e-01	2.636823203288641837e-01	-1.925389663088150349e-01	8.442302163536201387e-02	-1.715122999659672853e-01	1.875423336657105478e-01	-1.082222220569331594e-01	1.142480672254493623e-01	-9.945027651754496933e-02	1.016985197406434227e-01	-1.407997136843874286e-01	1.141781114056193563e-01	-1.533851390719391250e-01	9.487594399794611888e-02	-9.667246813019687857e-02	9.401305803302476005e-02	-8.699544667251173091e-02	5.897845540820943061e-02	-7.956702876222070120e-02	6.781774089141373585e-02	-7.933675897243024078e-02	7.505759945564098590e-02	-5.152102644979318635e-02	6.796198421061021289e-02	-5.864311087388927868e-02	9.726538595996811476e-02	-7.206021500232588639e-02	1.077388027751459421e-01
-3.659907870139201408e-02	6.543911530315474345e-02	-9.475988057707357415e-02	1.772515924450393243e-01	-1.350090698689306312e-01	4.445164230440335623e-02	-7.262077763044243184e-02	1.094877703389122714e-01	-3.735478755785692773e-01	1.953705094865121616e-01	-1.922853347275994274e-01	1.911961133986246619e-01	-3.674791810384965274e-01	1.000000000000001110e+00	-3.106365020526987708e-01	7.248181036921254317e-02	-1.496942383294802281e-01	2.615835889893599608e-01	-7.048978893993187445e-01	2.467008822981137661e-01	-6.550518257206451589e-02	1.229389858422282739e-01	-1.460186037223847877e-01	1.048707088073712740e-01	-1.143035634264116807e-01	8.112335864087261150e-02	-8.290140182639126054e-02	1.124898626467451673e-01	-1.050597993771024002e-01	1.389959037148221499e-01	-7.978642322779734564e-02	8.050658268000968065e-02	-8.264492694725580901e-02	7.811025359644011012e-02	-5.355734521576674401e-02	6.772213605782240187e-02	-5.808091069654400251e-02	6.960908553098013596e-02	-6.774136979227071698e-02	4.650151354962468037e-02	-5.949003107752796199e-02	5.097271861154235861e-02	-8.722231850054648628e-02	6.486862141732055442e-02	-9.887369928441799849e-02
4.435055980833115669e-02	-7.629093405634386482e-02	1.003599883547405258e-01	-2.156309208393484556e-01	1.450658305872502829e-01	-5.480817605346396948e-02	8.135689256069209008e-02	-1.151078780260588463e-01	2.092120460834816509e-01	-2.023329485521641047e-01	2.222631896057072898e-01	-1.956844964518515417e-01	1.885377013112008449e-01	-3.106365020526987708e-01	1.000000000000001110e+00	-1.047873806386391132e-01	1.805288689856472117e-01	-2.221354935142762221e-01	2.688393779444169795e-01	-7.145398508438403073e-01	9.419520910810180725e-02	-1.677824475919677816e-01	1.968340968515281952e-01	-1.604205917663747427e-01	1.886967080156613796e-01	-1.293058781303330906e-01	1.289164350606248621e-01	-1.744341265384362349e-01	1.735178481349537449e-01	-2.691973473536951045e-01	1.284906838079756530e-01	-1.309512907570077045e-01	1.394144617979413137e-01	-1.336600801701598173e-01	9.411424360758174901e-02	-1.133537521036286355e-01	9.677022935904044942e-02	-1.187715354248089911e-01	1.173012825344837695e-01	-8.169979933425322582e-02	1.011206313368341325e-01	-8.649959612627061700e-02	1.513938367990907974e-01	-1.134739464143293963e-01	1.768746089997415005e-01
-2.235240627623407556e-02	3.689995869959671049e-02	-3.382580953393410361e-02	5.529677895606983917e-02	-3.917652936733233282e-02	2.769503598958258928e-02	-4.067905056727098151e-02	3.776497547551872086e-02	-5.926953738220411272e-02	4.635701347760361885e-02	-2.156424056076381157e-01	1.346264561875528953e-01	-9.523484223106916391e-02	7.248181036921254317e-02	-1.047873806386391132e-01	1.000000000000000666e+00	-2.262437249003787232e-01	1.133472105320084133e-01	-8.381024309277011752e-02	1.056373481196457992e-01	-8.762969360375163497e-01	2.047323049884028356e-01	-1.597351362369929251e-01	8.736180328223125402e-02	-9.649138309117166745e-02	2.116863536765754283e-01	-1.481570596727032063e-01	1.423410474927276625e-01	-1.125357043242557337e-01	1.342675590244720163e-01	-2.065796795556334164e-01	1.277208373312320455e-01	-1.134014471685505093e-01	9.023499365801822270e-02	-6.184683522605715494e-02	1.069946768802441522e-01	-9.182287701073690855e-02	9.316693612262144653e-02	-8.096633365305777597e-02	5.411169542062592430e-02	-8.887705825860871267e-02	7.435336972426227764e-02	-1.125742999993809002e-01	7.829492357176602579e-02	-1.139161327309454741e-01
4.322904205278568779e-02	-7.701655448362014489e-02	6.615655394185140925e-02	-1.062178260938490271e-01	7.392991873173801465e-02	-5.417900547077162537e-02	8.421243287454655002e-02	-7.489621406217480959e-02	1.129951076940845650e-01	-8.949418667006060757e-02	2.718285711753761213e-01	-3.663708089740858598e-01	2.141564934186415692e-01	-1.496942383294802281e-01	1.805288689856472117e-01	-2.262437249003787232e-01	1.000000000000002220e+00	-3.082422777308017059e-01	1.660025597589865343e-01	-1.961899283910457370e-01	1.868850446453934888e-01	-6.820638216590046987e-01	2.752411473943998099e-01	-1.502873489694314946e-01	1.561435251914644329e-01	-1.907161113348098125e-01	1.970705118726212846e-01	-2.387060053170884655e-01	1.707126604455880547e-01	-2.303200520426472442e-01	1.690445174500334324e-01	-1.781763612750016657e-01	1.525863000639763045e-01	-1.349888190142596034e-01	8.992355850110163307e-02	-1.381513638185983273e-01	1.166392241681591668e-01	-1.294464218793455468e-01	1.158910947374727773e-01	-7.931567423109596449e-02	1.115842799799049434e-01	-9.775592837488004949e-02	1.521192526396695222e-01	-1.117491702070726456e-01	1.615880290033841760e-01
-4.402310323515455648e-02	7.606273303091887206e-02	-8.279682494597360998e-02	1.294377248604798025e-01	-9.482309566735601380e-02	5.349206437647520407e-02	-8.756605670999766111e-02	9.265937300359879114e-02	-1.662534775123971631e-01	1.197891576661036239e-01	-3.160404635004854246e-01	2.875662680152423212e-01	-6.747577673286150324e-01	2.615835889893599608e-01	-2.221354935142762221e-01	1.133472105320084133e-01	-3.082422777308017059e-01	1.000000000000001332e+00	-3.683394154148595390e-01	2.109622982086339082e-01	-1.037935555899169443e-01	2.104909540093634623e-01	-3.011785701274042326e-01	1.375117089512130908e-01	-1.462432915787238996e-01	1.198773106493307566e-01	-1.273044362884593050e-01	1.741008537984166105e-01	-1.430550437807664443e-01	1.791532788127274678e-01	-1.167250998026595210e-01	1.173997069031728763e-01	-1.157203653598714715e-01	1.062767117047283272e-01	-7.185627662365051682e-02	9.604213026467028902e-02	-8.270260813385173215e-02	9.653954048314666858e-02	-9.180555999668763012e-02	6.256149201184889319e-02	-8.301575462882493373e-02	7.128338270691887690e-02	-1.189834172732937428e-01	8.764577422130898077e-02	-1.310143448174238001e-01
3.954969842424115034e-02	-7.070370556510092996e-02	9.608530099146694869e-02	-1.985764804739956202e-01	1.333069490451617434e-01	-4.858188992229168363e-02	7.644839568379720174e-02	-1.136859834734296054e-01	2.360988842040293301e-01	-1.998328622135390475e-01	1.989037320556357735e-01	-2.066809614947061891e-01	2.636823203288641837e-01	-7.048978893993187445e-01	2.688393779444169795e-01	-8.381024309277011752e-02	1.660025597589865343e-01	-3.683394154148595390e-01	1.000000000000000222e+00	-3.727474533802745404e-01	7.526783600581844758e-02	-1.450408913669238575e-01	1.705455315772053948e-01	-1.394539594799156512e-01	1.411301139869047261e-01	-9.603583687961114723e-02	9.798027556604314847e-02	-1.358698286717660575e-01	1.262855396506833427e-01	-1.691086499022760037e-01	9.366957153282355619e-02	-9.576577200924960009e-02	9.770781032179372272e-02	-9.400106906719106481e-02	6.365973041690579926e-02	-8.039269119791479790e-02	6.875474868951925167e-02	-8.265320593689393092e-02	8.051430365374781517e-02	-5.541410153042011788e-02	7.016569944591136143e-02	-6.032477039243627770e-02	1.028654580838445354e-01	-7.700722937190111750e-02	1.165176045467007093e-01
-4.070786278910685368e-02	6.815748356129092134e-02	-8.746453683400920442e-02	1.621623125330577952e-01	-1.248724592911907016e-01	4.943411931592308489e-02	-7.521296466367130562e-02	9.659557901709353578e-02	-2.032452967994162751e-01	1.529902051166561749e-01	-2.502759514824017262e-01	1.868594497763063633e-01	-1.925389663088150349e-01	2.467008822981137661e-01	-7.145398508438403073e-01	1.056373481196457992e-01	-1.961899283910457370e-01	2.109622982086339082e-01	-3.727474533802745404e-01	1.000000000000001332e+00	-9.776567440961336786e-02	1.706344596503562294e-01	-2.245029589501998102e-01	1.840649937324221330e-01	-2.644678945362019529e-01	1.300931098288450882e-01	-1.344517236356091716e-01	1.774202562066364286e-01	-1.961380181330253658e-01	2.392062044639660934e-01	-1.347064152638084988e-01	1.336270520035416631e-01	-1.492334053318476184e-01	1.416587962135724688e-01	-1.003465592461524752e-01	1.153255696481094161e-01	-1.004770852088134186e-01	1.244075819986746462e-01	-1.261127899728982926e-01	8.588843307095882229e-02	-1.067512145597166312e-01	9.014670322823828408e-02	-1.626417495308131178e-01	1.203634677776417028e-01	-1.909352321989634949e-01
1.986953188135334725e-02	-3.318649431900906610e-02	3.048085916389683958e-02	-5.042520254667919033e-02	3.544547496070455522e-02	-2.474864878933013754e-02	3.626518428231289420e-02	-3.415073811374839952e-02	5.334523208369549435e-02	-4.206642473329463838e-02	1.634016192403779377e-01	-1.203543183823628515e-01	8.442302163536201387e-02	-6.550518257206451589e-02	9.419520910810180725e-02	-8.762969360375163497e-01	1.868850446453934888e-01	-1.037935555899169443e-01	7.526783600581844758e-02	-9.776567440961336786e-02	1.000000000000000444e+00	-2.439831262282089186e-01	1.483589776373629709e-01	-8.168583106425440776e-02	8.843393639080977808e-02	-2.834318091458428723e-01	1.465879836033274208e-01	-1.425348779720766734e-01	1.038042130098363741e-01	-1.273241553536779147e-01	1.857807144163335922e-01	-1.263445986679721245e-01	1.044417181405297018e-01	-8.400228929790441723e-02	5.659391801804526667e-02	-1.028965196761911782e-01	8.637984063752381092e-02	-8.708917471063426508e-02	7.426476000170795233e-02	-4.983729505013143740e-02	8.131115925345203110e-02	-6.945531901527760010e-02	1.021301875871129528e-01	-7.185541580308089926e-02	1.027474829796542755e-01
-3.450027412550327882e-02	5.802555547751486048e-02	-5.448548339350335612e-02	8.849902779946931808e-02	-6.319145333800750552e-02	4.244025267958825148e-02	-6.505198433412326398e-02	6.076022364427006994e-02	-9.749921202691297362e-02	7.538059352939806279e-02	-2.637096687543013518e-01	2.191399493202289550e-01	-1.715122999659672853e-01	1.229389858422282739e-01	-1.677824475919677816e-01	2.047323049884028356e-01	-6.820638216590046987e-01	2.104909540093634623e-01	-1.450408913669238575e-01	1.706344596503562294e-01	-2.439831262282089186e-01	1.000000000000001110e+00	-4.399721519247669077e-01	1.648781461688819117e-01	-1.745126515057248973e-01	1.968860060582828253e-01	-2.743972079106843931e-01	2.518740247207110761e-01	-1.847771351087219849e-01	2.127238499302504249e-01	-1.890925293637585047e-01	1.879128644616096522e-01	-1.657311227895337247e-01	1.391844865294016020e-01	-9.253970153162191514e-02	1.404258769442272292e-01	-1.246350390201884373e-01	1.341864835349044494e-01	-1.206771332043626577e-01	8.090498440700250038e-02	-1.183622486242357219e-01	1.016743682838447960e-01	-1.604011223968112021e-01	1.148593918505355638e-01	-1.661550586011596442e-01
3.519108792551336323e-02	-5.978383550345746367e-02	5.998470524345768384e-02	-1.031896120227011882e-01	7.239501148327051605e-02	-4.361445838043852968e-02	6.539783640649236840e-02	-6.759804615982828446e-02	1.110051626455693524e-01	-8.791137040335315900e-02	2.318222975032815936e-01	-2.091947947990984158e-01	1.875423336657105478e-01	-1.460186037223847877e-01	1.968340968515281952e-01	-1.597351362369929251e-01	2.752411473943998099e-01	-3.011785701274042326e-01	1.705455315772053948e-01	-2.245029589501998102e-01	1.483589776373629709e-01	-4.399721519247669077e-01	1.000000000000002887e+00	-3.592170232504064975e-01	2.518670966098589536e-01	-2.124037187463281018e-01	2.466990901638115574e-01	-5.133839235618946617e-01	2.560133883678554212e-01	-3.103449283694811323e-01	1.921465172809710964e-01	-2.186202124883265818e-01	1.924636463125984631e-01	-1.878878700835062976e-01	1.157187391506074997e-01	-1.651573676646711786e-01	1.413399928827476781e-01	-1.622462452767083618e-01	1.501403428356353764e-01	-1.026123508818318764e-01	1.340270849034860545e-01	-1.182937944995356705e-01	1.867192520739598405e-01	-1.414829893601598776e-01	1.970257447039501508e-01
-2.198507678081515829e-02	3.677753687641929087e-02	-3.991980170549306456e-02	7.116727171645441385e-02	-5.085651564304877886e-02	2.704037915523458888e-02	-4.039982987985721308e-02	4.475466112301815930e-02	-7.934192977761841958e-02	6.210191649695951527e-02	-1.481543785402252289e-01	1.170726835420367318e-01	-1.082222220569331594e-01	1.048707088073712740e-01	-1.604205917663747427e-01	8.736180328223125402e-02	-1.502873489694314946e-01	1.375117089512130908e-01	-1.394539594799156512e-01	1.840649937324221330e-01	-8.168583106425440776e-02	1.648781461688819117e-01	-3.592170232504064975e-01	9.999999999999996669e-01	-7.507420303806339179e-01	1.213889790415360326e-01	-1.364431088800674707e-01	2.139054957194883588e-01	-4.077868264158942546e-01	2.725259575862185035e-01	-1.201000692192742136e-01	1.310072432492691286e-01	-1.445942583130881143e-01	1.846599583647547393e-01	-1.025529398789557928e-01	1.074610207335047612e-01	-9.374346731914351416e-02	1.211093757843724195e-01	-1.345082983515973607e-01	8.892199975810038959e-02	-9.366337327822563119e-02	8.185398337258856238e-02	-1.433316687274008572e-01	1.166999763190611494e-01	-1.599818582653584342e-01
2.475737663711127454e-02	-4.139318409879284150e-02	4.508398236231232759e-02	-8.143260095024194845e-02	5.780136636009139406e-02	-3.051602258319468380e-02	4.522472175812120021e-02	-5.060381277993666188e-02	8.863931559924481673e-02	-7.036459292971375401e-02	1.622906150646605816e-01	-1.293944097438917695e-01	1.142480672254493623e-01	-1.143035634264116807e-01	1.886967080156613796e-01	-9.649138309117166745e-02	1.561435251914644329e-01	-1.462432915787238996e-01	1.411301139869047261e-01	-2.644678945362019529e-01	8.843393639080977808e-02	-1.745126515057248973e-01	2.518670966098589536e-01	-7.507420303806339179e-01	1.000000000000000666e+00	-1.339233166217307092e-01	1.422516677313924727e-01	-2.226273801103900163e-01	2.732894620236621108e-01	-4.131047584441091547e-01	1.303765116841773819e-01	-1.429292282504718570e-01	1.522954236015265361e-01	-1.916521562340684770e-01	1.097201310546733199e-01	-1.190954692718766417e-01	1.022307136334435623e-01	-1.314846188609622157e-01	1.381920912553710468e-01	-9.713203787087655583e-02	1.026567587167064172e-01	-8.999909304670647425e-02	1.553724100593832369e-01	-1.269730505197171622e-01	1.750592770045693580e-01
-2.258686348290426041e-02	3.712919801817907844e-02	-3.691521661287196915e-02	6.266817743082386816e-02	-4.473301910331765885e-02	2.780264227105172167e-02	-4.099084803047721437e-02	4.110126029550738996e-02	-6.752872657289903102e-02	5.275134280666347181e-02	-1.762762535324688962e-01	1.240954720574045517e-01	-9.945027651754496933e-02	8.112335864087261150e-02	-1.293058781303330906e-01	2.116863536765754283e-01	-1.907161113348098125e-01	1.198773106493307566e-01	-9.603583687961114723e-02	1.300931098288450882e-01	-2.834318091458428723e-01	1.968860060582828253e-01	-2.124037187463281018e-01	1.213889790415360326e-01	-1.339233166217307092e-01	1.000000000000001332e+00	-4.253439489074274382e-01	2.409833295718207813e-01	-1.743472334738732366e-01	1.887753986887604762e-01	-7.006762829757289257e-01	2.685470286430625131e-01	-2.037130149110323307e-01	1.442181895575891937e-01	-9.656217654454397892e-02	2.187695393780217934e-01	-1.888265419560449798e-01	1.637248205078539187e-01	-1.304294614094606009e-01	8.516161261063946719e-02	-1.672935658205043363e-01	1.387009492190807436e-01	-1.880838144037884629e-01	1.258213571848074142e-01	-1.739147252863582627e-01
2.231930526217230926e-02	-3.704444619740532296e-02	3.701522777279938475e-02	-6.329142957660439939e-02	4.494448866412133897e-02	-2.752988738428852056e-02	4.078086901853782142e-02	-4.134257531646357009e-02	6.796307122846748094e-02	-5.333250933889059631e-02	1.627686878646733559e-01	-1.249137688312244171e-01	1.016985197406434227e-01	-8.290140182639126054e-02	1.289164350606248621e-01	-1.481570596727032063e-01	1.970705118726212846e-01	-1.273044362884593050e-01	9.798027556604314847e-02	-1.344517236356091716e-01	1.465879836033274208e-01	-2.743972079106843931e-01	2.466990901638115574e-01	-1.364431088800674707e-01	1.422516677313924727e-01	-4.253439489074274382e-01	9.999999999999991118e-01	-5.199037194600145684e-01	1.945271236279203508e-01	-2.030413713793498831e-01	2.801902140636216565e-01	-5.509714544136190550e-01	2.244241629030025165e-01	-1.606781713339329454e-01	9.902782731783926762e-02	-2.214535242394842507e-01	2.039182369536942374e-01	-1.822198063450912175e-01	1.359054334869129743e-01	-8.875858009962676876e-02	1.566584213352477661e-01	-1.457439503340390019e-01	1.861842952454458855e-01	-1.296762371266037273e-01	1.700829752833765973e-01
-2.890702349554489028e-02	4.779199961416401299e-02	-4.878868674493398727e-02	8.322846987735611768e-02	-5.969678624027301844e-02	3.549891724297797591e-02	-5.291965653224289801e-02	5.434986523222891386e-02	-9.139464460962140602e-02	7.097328937676355975e-02	-2.148380911298261586e-01	1.589241664122733322e-01	-1.407997136843874286e-01	1.124898626467451673e-01	-1.744341265384362349e-01	1.423410474927276625e-01	-2.387060053170884655e-01	1.741008537984166105e-01	-1.358698286717660575e-01	1.774202562066364286e-01	-1.425348779720766734e-01	2.518740247207110761e-01	-5.133839235618946617e-01	2.139054957194883588e-01	-2.226273801103900163e-01	2.409833295718207813e-01	-5.199037194600145684e-01	9.999999999999995559e-01	-3.544691988601986754e-01	2.628099422226387039e-01	-2.509622351652929240e-01	2.683923818198929445e-01	-2.591677232875892467e-01	2.101510448423541122e-01	-1.309388276484368951e-01	1.878356394521212835e-01	-1.775537184418643777e-01	1.920468272565292178e-01	-1.761449643004205923e-01	1.137191992960965709e-01	-1.638630522828406211e-01	1.400354972872997206e-01	-2.262065927935457688e-01	1.603938049926243448e-01	-2.225269604892190500e-01
2.564858879466472980e-02	-4.247221661638119622e-02	4.491791188338448149e-02	-7.991029727475564004e-02	5.657562575596303267e-02	-3.161384602587465759e-02	4.649706451988674244e-02	-5.026198155057598482e-02	8.535902944916537449e-02	-6.763859902535754309e-02	1.759931055663324084e-01	-1.338155432342735263e-01	1.141781114056193563e-01	-1.050597993771024002e-01	1.735178481349537449e-01	-1.125357043242557337e-01	1.707126604455880547e-01	-1.430550437807664443e-01	1.262855396506833427e-01	-1.961380181330253658e-01	1.038042130098363741e-01	-1.847771351087219849e-01	2.560133883678554212e-01	-4.077868264158942546e-01	2.732894620236621108e-01	-1.743472334738732366e-01	1.945271236279203508e-01	-3.544691988601986754e-01	1.000000000000000444e+00	-4.494237458820971587e-01	1.702228771243032290e-01	-2.006089239474861396e-01	2.299569941601830314e-01	-5.292160222660143853e-01	1.724930389554686916e-01	-1.642829897622077595e-01	1.425246550184121608e-01	-2.026801375945732342e-01	2.395929974195473711e-01	-1.600436530775479760e-01	1.388741366834667645e-01	-1.250673600598070923e-01	2.189081600656772597e-01	-2.049389819194492590e-01	2.384840383388692753e-01
-3.512401098833987240e-02	5.713174407549685002e-02	-6.123150921950580583e-02	1.064757235172221622e-01	-7.798340051868118961e-02	4.288896214604854401e-02	-6.330426153751643470e-02	6.774104020231239143e-02	-1.186236963276351281e-01	9.164064081361171510e-02	-2.666296075010407551e-01	1.775732405787844304e-01	-1.533851390719391250e-01	1.389959037148221499e-01	-2.691973473536951045e-01	1.342675590244720163e-01	-2.303200520426472442e-01	1.791532788127274678e-01	-1.691086499022760037e-01	2.392062044639660934e-01	-1.273241553536779147e-01	2.127238499302504249e-01	-3.103449283694811323e-01	2.725259575862185035e-01	-4.131047584441091547e-01	1.887753986887604762e-01	-2.030413713793498831e-01	2.628099422226387039e-01	-4.494237458820971587e-01	1.000000000000001554e+00	-2.073002752032948592e-01	2.074816545096972720e-01	-2.650927074595361144e-01	2.684847158381304388e-01	-2.258935090645886046e-01	1.830732665441923979e-01	-1.642598382535775114e-01	2.178739100529777650e-01	-2.510290878573616657e-01	1.761345218849937888e-01	-1.805252944461698539e-01	1.510703250093244077e-01	-2.945676480096728334e-01	2.253209567587786122e-01	-3.692124340055257803e-01
2.208131259397504847e-02	-3.646756956627830032e-02	3.651488644039558445e-02	-6.309575842230247256e-02	4.457211983084618384e-02	-2.729011110453789454e-02	3.995581998937235146e-02	-4.079152935174835265e-02	6.665302870118573753e-02	-5.262345446461905163e-02	1.611572653295317847e-01	-1.198169277745096406e-01	9.487594399794611888e-02	-7.978642322779734564e-02	1.284906838079756530e-01	-2.065796795556334164e-01	1.690445174500334324e-01	-1.167250998026595210e-01	9.366957153282355619e-02	-1.347064152638084988e-01	1.857807144163335922e-01	-1.890925293637585047e-01	1.921465172809710964e-01	-1.201000692192742136e-01	1.303765116841773819e-01	-7.006762829757289257e-01	2.801902140636216565e-01	-2.509622351652929240e-01	1.702228771243032290e-01	-2.073002752032948592e-01	1.000000000000003109e+00	-3.668511570574519709e-01	2.096063465299499995e-01	-1.533703662292100478e-01	9.905889974083149918e-02	-3.608391311475115382e-01	2.253740824386387120e-01	-1.875290281526310054e-01	1.352730505031440045e-01	-8.951741191026078848e-02	1.835324424924357489e-01	-1.658966613125713585e-01	1.928829308528082487e-01	-1.329051049420537922e-01	1.738797208788600279e-01
-2.169166686397592386e-02	3.571005062013762887e-02	-3.624028165477289481e-02	6.230952164985312236e-02	-4.445414575512197930e-02	2.668637066314934886e-02	-3.938855074528425232e-02	4.037210891223167591e-02	-6.707021398455781380e-02	5.248929058649544344e-02	-1.615360379772705357e-01	1.171939505673256082e-01	-9.667246813019687857e-02	8.050658268000968065e-02	-1.309512907570077045e-01	1.277208373312320455e-01	-1.781763612750016657e-01	1.173997069031728763e-01	-9.576577200924960009e-02	1.336270520035416631e-01	-1.263445986679721245e-01	1.879128644616096522e-01	-2.186202124883265818e-01	1.310072432492691286e-01	-1.429292282504718570e-01	2.685470286430625131e-01	-5.509714544136190550e-01	2.683923818198929445e-01	-2.006089239474861396e-01	2.074816545096972720e-01	-3.668511570574519709e-01	1.000000000000003331e+00	-3.983820746003540747e-01	1.834708642195901906e-01	-1.159283860340464406e-01	2.758276546288015996e-01	-4.131172888252736541e-01	2.458175340356794636e-01	-1.658386444721949848e-01	1.036588903847803639e-01	-2.221055672024293548e-01	1.992327252106766700e-01	-2.465640796809415447e-01	1.566284657283109616e-01	-2.007542025697959809e-01
2.191960850172493258e-02	-3.611874853551214765e-02	3.737673327758381236e-02	-6.587342020454564628e-02	4.654200610080366785e-02	-2.704349539442684261e-02	3.954221044193521190e-02	-4.175171042307576630e-02	6.943957907797798645e-02	-5.498143206741449435e-02	1.538595664587459610e-01	-1.145242872878282497e-01	9.401305803302476005e-02	-8.264492694725580901e-02	1.394144617979413137e-01	-1.134014471685505093e-01	1.525863000639763045e-01	-1.157203653598714715e-01	9.770781032179372272e-02	-1.492334053318476184e-01	1.044417181405297018e-01	-1.657311227895337247e-01	1.924636463125984631e-01	-1.445942583130881143e-01	1.522954236015265361e-01	-2.037130149110323307e-01	2.244241629030025165e-01	-2.591677232875892467e-01	2.299569941601830314e-01	-2.650927074595361144e-01	2.096063465299499995e-01	-3.983820746003540747e-01	1.000000000000001776e+00	-3.454332606268389338e-01	1.548135645156592799e-01	-2.511761492591004230e-01	2.357764446191969454e-01	-6.345094208478337938e-01	2.427002740993122187e-01	-1.494084971553107932e-01	1.865035343050006067e-01	-1.856713766606011562e-01	2.902661912983423020e-01	-2.209505784012614216e-01	2.321437509877068150e-01
-1.988218429139739993e-02	3.272870189426358573e-02	-3.442107817364025574e-02	6.076803937647660275e-02	-4.324742568278169830e-02	2.446967696236198447e-02	-3.592253044186065336e-02	3.840221906389484213e-02	-6.507832543149449922e-02	5.125507097034679577e-02	-1.404119338001237893e-01	1.028907053772794844e-01	-8.699544667251173091e-02	7.811025359644011012e-02	-1.336600801701598173e-01	9.023499365801822270e-02	-1.349888190142596034e-01	1.062767117047283272e-01	-9.400106906719106481e-02	1.416587962135724688e-01	-8.400228929790441723e-02	1.391844865294016020e-01	-1.878878700835062976e-01	1.846599583647547393e-01	-1.916521562340684770e-01	1.442181895575891937e-01	-1.606781713339329454e-01	2.101510448423541122e-01	-5.292160222660143853e-01	2.684847158381304388e-01	-1.533703662292100478e-01	1.834708642195901906e-01	-3.454332606268389338e-01	1.000000000000001554e+00	-2.839151458419100216e-01	1.564702628493736813e-01	-1.450108326906460188e-01	2.459993836466006778e-01	-5.330408408321295477e-01	2.225785181692983006e-01	-1.426508786115191496e-01	1.288407039264764242e-01	-2.652890482764048707e-01	2.574777194900642607e-01	-2.938386410734043497e-01
