1.000000000000000000e+00	-8.567365033415342834e-01	8.783621256523646559e-02	-2.961688942431240507e-02	2.938391302007733671e-02	-4.135736765456027308e-01	2.694180764890190538e-01	-6.456689215864382103e-02	3.790019069168747146e-02	-3.173699339446650614e-02	1.138914148026469453e-01	-1.090698049572407652e-01	5.610141292335058677e-02	-3.448008274483610469e-02	2.833827967969970371e-02	-4.642087937791760516e-02	5.168860596491046261e-02	-2.821811552146756205e-02	2.779257735128029538e-02	-2.596300245441700641e-02	2.998984688025280523e-02	-3.493920134708816683e-02	2.374235464041915197e-02	-2.142510399001219118e-02	2.438807386108591407e-02	-2.095602027536501086e-02	2.039956538767101479e-02	-2.095334295462271748e-02	1.870026321813749240e-02	-2.525032879848742792e-02	1.785773375952568950e-02	-2.046561945694115939e-02	1.771021900650363717e-02	-1.836764953751580942e-02	2.166069448553032198e-02	-1.351650313837000385e-02	1.215805738958092817e-02	-1.648625517721902245e-02	1.817564546147705171e-02	-2.022605242605925863e-02	1.157722342128718850e-02	-1.026930423882345053e-02	1.370296869810427171e-02	-1.199026991686877493e-02	3.172192308082089768e-02
-8.567365033415342834e-01	9.999999999999997780e-01	-1.038027723661424928e-01	3.320758009979812159e-02	-3.319993738922706605e-02	2.802450207233710966e-01	-3.865156478498718018e-01	7.448023262146701018e-02	-4.373029113352643743e-02	3.521944284310480483e-02	-1.403195936453490722e-01	1.217335192136491800e-01	-6.732046114782651303e-02	3.921802247371874300e-02	-3.192423481281777414e-02	5.058317662727621067e-02	-5.885374166614255886e-02	3.157678188048212292e-02	-3.121979087043248030e-02	2.866262215101947688e-02	-3.345095267283237916e-02	3.844098771965883538e-02	-2.681082797053089412e-02	2.387048709871531296e-02	-2.708540447457323183e-02	2.289193727496087460e-02	-2.235574785028802275e-02	2.285496145889627864e-02	-2.046811132118302873e-02	2.751857433510955520e-02	-1.960350478005211741e-02	2.230296150375159561e-02	-1.936405793563020575e-02	2.001853065530579887e-02	-2.372223767127076138e-02	1.474129205736176250e-02	-1.328158480735602484e-02	1.795090138170755620e-02	-1.985130917211231499e-02	2.198114907445190488e-02	-1.266017432682305967e-02	1.120150808486428985e-02	-1.496209057780086699e-02	1.306893569495711296e-02	-3.466231879761703244e-02
8.783621256523646559e-02	-1.038027723661424928e-01	9.999999999999993339e-01	-2.011797644035007437e-01	1.621729564529055534e-01	-7.738180215436260556e-02	7.714626591149038870e-02	-2.088169775387685723e-01	1.546792457961168599e-01	-1.609312133985561777e-01	5.499295549870124311e-02	-5.108090792984597978e-02	1.567740488281577083e-01	-1.437480277673967854e-01	1.287489862673877050e-01	-8.163434226324418896e-02	8.131282301949022129e-02	-9.974658782718304195e-02	1.083576030998653073e-01	-1.225451145055932584e-01	5.498438073667900883e-02	-6.223722232400299287e-02	8.193497056119090904e-02	-8.657026672964493463e-02	1.093629065447290216e-01	-6.472617532606853019e-02	6.675684092576393558e-02	-8.651943259079891702e-02	8.001849249237104333e-02	-1.195125641700463537e-01	5.534731552395036336e-02	-7.122069842353055680e-02	7.391616527852702678e-02	-8.123990938890203461e-02	9.912035194681249883e-02	-4.758809866817787643e-02	4.289712459372714559e-02	-7.166052633067077071e-02	7.938499224170382507e-02	-9.773506322534193658e-02	4.083182077933346366e-02	-3.725872973863766924e-02	5.935523929405130128e-02	-5.332891218618671797e-02	1.519235795568319725e-01
-2.961688942431240507e-02	3.320758009979812159e-02	-2.011797644035007437e-01	9.999999999999995559e-01	-7.964836046343961584e-01	3.565579013255511936e-02	-3.633575101208150193e-02	1.389204343234794470e-01	-4.046325854352491591e-01	2.539854113980342665e-01	-2.558445833780154804e-02	2.402438524520806445e-02	-1.302698609146149544e-01	2.216600788805685174e-01	-2.130557985574249302e-01	4.005355935371149312e-02	-4.332845407643079461e-02	7.395315756599145363e-02	-1.033155947099468064e-01	1.246472172140899171e-01	-2.825422487787663736e-02	3.293413440663398722e-02	-6.404517074238059993e-02	7.708721293646357553e-02	-1.166777573021284264e-01	3.525514150155212301e-02	-3.923972292017380986e-02	5.366089024962582971e-02	-5.565645751658817447e-02	8.411922698081156224e-02	-3.080957087221845858e-02	4.011370056934648182e-02	-4.753919797318278961e-02	5.198994387148402757e-02	-7.132111410664997153e-02	2.632560835784130207e-02	-2.422837007739398613e-02	4.277134401831523408e-02	-4.918106796215937493e-02	6.005849745380584942e-02	-2.294207392801959552e-02	2.083610018169619604e-02	-3.639581597512013544e-02	3.220704487147293266e-02	-9.689981244650597292e-02
2.938391302007733671e-02	-3.319993738922706605e-02	1.621729564529055534e-01	-7.964836046343961584e-01	9.999999999999997780e-01	-3.656350176819329195e-02	3.669953297517462160e-02	-1.431097467918795718e-01	2.544950684764381577e-01	-4.127931199526370110e-01	2.578950147176488697e-02	-2.434647882617245809e-02	1.243062671436932914e-01	-2.327178623558606996e-01	2.127146961936693392e-01	-4.063832308710488284e-02	4.337987901106244576e-02	-7.508972443056755042e-02	9.973440967844181271e-02	-1.326280446773736021e-01	2.845588306024996600e-02	-3.322904179963553917e-02	6.344956037986618225e-02	-7.741682272477286297e-02	1.134869815104328494e-01	-3.546625308198072396e-02	3.922459596505600832e-02	-5.393764522351805063e-02	5.519512528693697878e-02	-8.537063596884857108e-02	3.080399850421593894e-02	-4.034035341567628746e-02	4.708150173701487057e-02	-5.191516983921651285e-02	6.946108380398435811e-02	-2.638633872680775858e-02	2.421199225650206427e-02	-4.248105051289830653e-02	4.824862747151949238e-02	-5.954174920358043521e-02	2.286076410967283548e-02	-2.082394152060433254e-02	3.573855329196543029e-02	-3.169031717395440206e-02	9.311674741306903702e-02
-4.135736765456027308e-01	2.802450207233710966e-01	-7.738180215436260556e-02	3.565579013255511936e-02	-3.656350176819329195e-02	9.999999999999997780e-01	-8.012617600105752524e-01	1.045001643108785100e-01	-5.468642639002268407e-02	3.989303590386783505e-02	-2.461574146439783339e-01	1.996903703018806375e-01	-9.640738734357916229e-02	4.865732816440464237e-02	-3.759855477892630471e-02	6.764907082125516669e-02	-8.125440668898999130e-02	3.901204285486694484e-02	-3.730135133116523061e-02	3.260534613953124106e-02	-4.479713952192673765e-02	5.172786013148929912e-02	-3.332274490437673459e-02	2.825861254551302604e-02	-3.113813545296819849e-02	2.801167994963965624e-02	-2.713562340544356868e-02	2.634119659197858496e-02	-2.340425615881000163e-02	3.065017130151841823e-02	-2.396925762668209239e-02	2.666549125782319632e-02	-2.221101802214908022e-02	2.261062402929988474e-02	-2.655463137692101738e-02	1.754465717199138811e-02	-1.580791415784564211e-02	2.030585612381547236e-02	-2.240733165986968922e-02	2.412105396198974822e-02	-1.505401266620929115e-02	1.323936711135718577e-02	-1.692551285742883646e-02	1.467246110907077794e-02	-3.800650282495393606e-02
2.694180764890190538e-01	-3.865156478498718018e-01	7.714626591149038870e-02	-3.633575101208150193e-02	3.669953297517462160e-02	-8.012617600105752524e-01	1.000000000000000444e+00	-1.309577040078588606e-01	5.553675390228419995e-02	-4.068570728047277846e-02	2.120081528029342799e-01	-2.782863917836275180e-01	9.957372786781204521e-02	-5.049685273391827517e-02	3.802692883213910219e-02	-6.772027851278938915e-02	7.945036559421407574e-02	-3.962164663921515645e-02	3.712508319905454685e-02	-3.293161400334519706e-02	4.361578129696667278e-02	-5.262638780804151234e-02	3.331153154132475425e-02	-2.836000145623800150e-02	3.118292315598032369e-02	-2.782536597045492596e-02	2.695220097793954092e-02	-2.629775542193331719e-02	2.332052265189187359e-02	-3.071258584349638096e-02	2.361906474715887855e-02	-2.660114209485094777e-02	2.207864900005025027e-02	-2.254584731678099460e-02	2.639518121800650888e-02	-1.742250711441215016e-02	1.567311645918888913e-02	-2.019233223251198917e-02	2.220272418608034218e-02	-2.402110124016552245e-02	1.488549941099221070e-02	-1.313934773699385397e-02	1.677329952767776106e-02	-1.455808869749031578e-02	3.757076525370693643e-02
-6.456689215864382103e-02	7.448023262146701018e-02	-2.088169775387685723e-01	1.389204343234794470e-01	-1.431097467918795718e-01	1.045001643108785100e-01	-1.309577040078588606e-01	9.999999999999995559e-01	-2.965180439611592722e-01	1.515531211387220190e-01	-5.461787100869812395e-02	5.384559410301698046e-02	-8.444049443853391956e-01	2.460587417580478720e-01	-1.576452545929453719e-01	5.208026101102929822e-02	-6.064514195538443092e-02	1.323332681564828028e-01	-1.249176485484436716e-01	1.081729777395779996e-01	-3.592398758517794527e-02	4.338832870480047871e-02	-1.155781874384860936e-01	9.171105958353907572e-02	-1.017710466772328293e-01	3.825990539873403568e-02	-4.200782490784545076e-02	5.543845870418620536e-02	-5.436029797999319957e-02	7.869542550612007581e-02	-3.319884777646614493e-02	4.233281928641902808e-02	-4.757628897931431844e-02	5.078292444969534358e-02	-6.608789448780068299e-02	2.759026642020044259e-02	-2.530760580166781584e-02	4.226924578501137925e-02	-4.794838993967866225e-02	5.668877126432243091e-02	-2.391923584108567036e-02	2.162954606343793149e-02	-3.563729368563616634e-02	3.131803678939023422e-02	-9.000150812676406542e-02
3.790019069168747146e-02	-4.373029113352643743e-02	1.546792457961168599e-01	-4.046325854352491591e-01	2.544950684764381577e-01	-5.468642639002268407e-02	5.553675390228419995e-02	-2.965180439611592722e-01	1.000000000000000222e+00	-3.400866096322390231e-01	3.377406802063637192e-02	-3.262712269601607262e-02	2.339065217440933764e-01	-6.918386033238614896e-01	2.595206563547772238e-01	-4.730643796063817297e-02	5.156942333985264221e-02	-1.032458988269511491e-01	1.288019703805702021e-01	-1.605337817515630483e-01	3.295464035362503930e-02	-3.911795867249973080e-02	8.462618189599897811e-02	-1.008048537924862431e-01	1.309032623784927574e-01	-3.973861292243414944e-02	4.412595425272061722e-02	-6.077573483822248240e-02	6.200270093395881393e-02	-9.631611584067720222e-02	3.444596444903454124e-02	-4.508378694499016320e-02	5.251133416458590025e-02	-5.779246750265398802e-02	7.667240433180610992e-02	-2.931010090907874496e-02	2.691366316768626851e-02	-4.680602559712107591e-02	5.294544723274616227e-02	-6.508557316697065331e-02	2.534325840886203496e-02	-2.307905195101793774e-02	3.922061904137386090e-02	-3.468048136258605751e-02	1.004358266546194894e-01
-3.173699339446650614e-02	3.521944284310480483e-02	-1.609312133985561777e-01	2.539854113980342665e-01	-4.127931199526370110e-01	3.989303590386783505e-02	-4.068570728047277846e-02	1.515531211387220190e-01	-3.400866096322390231e-01	9.999999999999984457e-01	-3.176562226475029144e-02	2.965116271891879429e-02	-1.567741745380803742e-01	2.692744133348066726e-01	-6.665668317561551648e-01	5.587724068256978704e-02	-6.155469625060881050e-02	1.082400245216152551e-01	-1.742066916589417036e-01	2.401470497780611446e-01	-4.035575750412360996e-02	4.706702659481870610e-02	-9.801777428635870260e-02	1.272457202744135263e-01	-2.350355463859958860e-01	5.278670270023632510e-02	-6.058354392786486492e-02	8.439317580965095822e-02	-9.269040507932582718e-02	1.399830623548991293e-01	-4.658763241514217446e-02	6.094203700217587505e-02	-7.641790926776953485e-02	8.344690191458287165e-02	-1.209570816922639763e-01	3.982812330735026329e-02	-3.696184875489167548e-02	6.695230512905187004e-02	-7.826652604273046099e-02	9.553386460712576245e-02	-3.495402890680893160e-02	3.169124594108220505e-02	-5.767492298018795510e-02	5.080285809396051927e-02	-1.570470427975351191e-01
1.138914148026469453e-01	-1.403195936453490722e-01	5.499295549870124311e-02	-2.558445833780154804e-02	2.578950147176488697e-02	-2.461574146439783339e-01	2.120081528029342799e-01	-5.461787100869812395e-02	3.377406802063637192e-02	-3.176562226475029144e-02	9.999999999999990008e-01	-8.926463034209732861e-01	4.767264015758329587e-02	-3.187052501476649730e-02	2.841240688546511212e-02	-1.862134205115049401e-01	1.731829768538312442e-01	-4.319372872585681283e-02	3.667625572446182175e-02	-3.111767052685033078e-02	1.034408844097648023e-01	-1.291181685238127208e-01	3.549929779524216289e-02	-2.899038349557252550e-02	3.030941906604765756e-02	-5.379439913257767075e-02	4.918036765447800912e-02	-3.871986879256145153e-02	3.147933678552942288e-02	-3.670833634306494564e-02	4.458408881877007346e-02	-4.769634461117291252e-02	3.158384089796925642e-02	-3.062087600031350790e-02	3.222280063004144546e-02	-3.086509559921828127e-02	2.745724140615226835e-02	-2.884846561446902102e-02	3.076029076725283681e-02	-2.986740829809688899e-02	2.596819041334082895e-02	-2.267126772654282432e-02	2.359689330858684778e-02	-2.010896827425877331e-02	4.557036830816505596e-02
-1.090698049572407652e-01	1.217335192136491800e-01	-5.108090792984597978e-02	2.402438524520806445e-02	-2.434647882617245809e-02	1.996903703018806375e-01	-2.782863917836275180e-01	5.384559410301698046e-02	-3.262712269601607262e-02	2.965116271891879429e-02	-8.926463034209732861e-01	9.999999999999971134e-01	-4.818115206742415446e-02	3.049294030174405992e-02	-2.682963374003204463e-02	1.447273149988172469e-01	-2.080830693321931990e-01	4.179680510640778474e-02	-3.507559593921546343e-02	2.889332930557882845e-02	-9.512945585137411175e-02	1.161204207672797140e-01	-3.467116956056751076e-02	2.746428019093954606e-02	-2.829417797945936799e-02	4.813930459556365477e-02	-4.460387134220971522e-02	3.511841699299648317e-02	-2.874914637095531134e-02	3.350543546108254722e-02	-4.050559538213677896e-02	4.266145803281850418e-02	-2.877553350145344371e-02	2.783446551191805923e-02	-2.954632872171282856e-02	2.771904772358302002e-02	-2.476830657393658958e-02	2.616279607427673612e-02	-2.806698964033102137e-02	2.723053236327431167e-02	-2.349498136594299277e-02	2.039900461231950596e-02	-2.150434280031198256e-02	1.830009071347449279e-02	-4.186990516872758639e-02
5.610141292335058677e-02	-6.732046114782651303e-02	1.567740488281577083e-01	-1.302698609146149544e-01	1.243062671436932914e-01	-9.640738734357916229e-02	9.957372786781204521e-02	-8.444049443853391956e-01	2.339065217440933764e-01	-1.567741745380803742e-01	4.767264015758329587e-02	-4.818115206742415446e-02	9.999999999999997780e-01	-3.499034156162512121e-01	1.533910746195126240e-01	-4.982421286047933329e-02	5.725686492238204334e-02	-1.614321312325735225e-01	1.187546012719070260e-01	-1.093635255293396724e-01	3.405846875654652134e-02	-4.168997402014026216e-02	1.152576401693137520e-01	-9.245504028228651583e-02	9.669212464178078559e-02	-3.651372610021198090e-02	4.002629170971757494e-02	-5.342314209635234956e-02	5.180866148740757154e-02	-7.623416921311977623e-02	3.149562648708291446e-02	-4.048583964979474842e-02	4.514241534570224978e-02	-4.847665029046201168e-02	6.191110174916245740e-02	-2.625639192047956108e-02	2.403928783853482090e-02	-4.004650453000446753e-02	4.496443921968316243e-02	-5.358171999174498462e-02	2.264271368765873385e-02	-2.053845507084755065e-02	3.343897293717117830e-02	-2.942072750429185896e-02	8.291514559075457980e-02
-3.448008274483610469e-02	3.921802247371874300e-02	-1.437480277673967854e-01	2.216600788805685174e-01	-2.327178623558606996e-01	4.865732816440464237e-02	-5.049685273391827517e-02	2.460587417580478720e-01	-6.918386033238614896e-01	2.692744133348066726e-01	-3.187052501476649730e-02	3.049294030174405992e-02	-3.499034156162512121e-01	9.999999999999995559e-01	-4.233370971192663146e-01	4.642046329699336255e-02	-5.173458125052990408e-02	1.095020995892463517e-01	-1.576554245194803083e-01	1.748164711021215068e-01	-3.269789041424936427e-02	3.894247902465772931e-02	-9.340717915693397266e-02	1.114359636434049117e-01	-1.532159226887717107e-01	3.979923431665560035e-02	-4.487580111010261441e-02	6.204215834531825319e-02	-6.507620347138644290e-02	9.951664764777543026e-02	-3.471530655253034225e-02	4.535287239789055624e-02	-5.430591385283824180e-02	5.935894980336625659e-02	-8.135019223481555761e-02	2.946388299465399485e-02	-2.717619997089514364e-02	4.770855139662259076e-02	-5.458794310952665846e-02	6.657079627171130776e-02	-2.560563866724285126e-02	2.326446668987551189e-02	-4.036017765360162129e-02	3.556232727402894311e-02	-1.049514220877471732e-01
2.833827967969970371e-02	-3.192423481281777414e-02	1.287489862673877050e-01	-2.130557985574249302e-01	2.127146961936693392e-01	-3.759855477892630471e-02	3.802692883213910219e-02	-1.576452545929453719e-01	2.595206563547772238e-01	-6.665668317561551648e-01	2.841240688546511212e-02	-2.682963374003204463e-02	1.533910746195126240e-01	-4.233370971192663146e-01	9.999999999999986677e-01	-4.955063188814062825e-02	5.393142085668259367e-02	-1.046278538777449391e-01	1.568165340632706739e-01	-4.122263080275517799e-01	3.545413935478885364e-02	-4.175932781748412093e-02	9.066583900642111171e-02	-1.259115204337785954e-01	2.230898248944119255e-01	-4.643856215734881721e-02	5.322430120588399205e-02	-7.631204489063324325e-02	8.289519068354724018e-02	-1.376071461142326091e-01	4.049890221901981946e-02	-5.386103167071715908e-02	6.662640309976305963e-02	-7.454674392482062151e-02	1.032202092838570978e-01	-3.473491488095976215e-02	3.212668114133829245e-02	-5.782924282321927345e-02	6.592010617924880245e-02	-8.288514582605491232e-02	3.011625688051481134e-02	-2.747644339820624199e-02	4.859074949946487476e-02	-4.289677286705215198e-02	1.262009531114250405e-01
-4.642087937791760516e-02	5.058317662727621067e-02	-8.163434226324418896e-02	4.005355935371149312e-02	-4.063832308710488284e-02	6.764907082125516669e-02	-6.772027851278938915e-02	5.208026101102929822e-02	-4.730643796063817297e-02	5.587724068256978704e-02	-1.862134205115049401e-01	1.447273149988172469e-01	-4.982421286047933329e-02	4.642046329699336255e-02	-4.955063188814062825e-02	9.999999999999970024e-01	-5.151819959974044405e-01	9.548967249339097851e-02	-8.350940333634851442e-02	6.548705546985029990e-02	-7.042340463039116205e-01	3.201549940479612166e-01	-8.374351548727579364e-02	6.493057752402754679e-02	-6.675404520678297760e-02	1.843092221247951135e-01	-1.551754763189665820e-01	1.063810090513760132e-01	-8.647134379725003595e-02	9.075776830428285147e-02	-1.710548314716804907e-01	1.370634606899499286e-01	-9.032692803251063385e-02	8.267885812845235383e-02	-8.546170550706017055e-02	9.722171374796895194e-02	-8.858309226137343895e-02	8.142303551333492095e-02	-8.960072517577008511e-02	7.858843338931277567e-02	-8.725071263260107679e-02	7.074511548487640022e-02	-6.898389748406960620e-02	5.732272971033339215e-02	-1.259093751816771356e-01
5.168860596491046261e-02	-5.885374166614255886e-02	8.131282301949022129e-02	-4.332845407643079461e-02	4.337987901106244576e-02	-8.125440668898999130e-02	7.945036559421407574e-02	-6.064514195538443092e-02	5.156942333985264221e-02	-6.155469625060881050e-02	1.731829768538312442e-01	-2.080830693321931990e-01	5.725686492238204334e-02	-5.173458125052990408e-02	5.393142085668259367e-02	-5.151819959974044405e-01	1.000000000000000222e+00	-1.442809854063230313e-01	9.378789283131588883e-02	-7.240626004370480373e-02	3.109701866414473215e-01	-6.902897606310679501e-01	1.049733089957649440e-01	-7.710055646771880877e-02	7.239585495505768131e-02	-1.724250203410506999e-01	1.640996318202955495e-01	-1.167855573299312749e-01	8.880577898525936209e-02	-9.674380282547302701e-02	1.344901646072599599e-01	-1.576233755193311992e-01	9.063660217657767970e-02	-8.590551112134574285e-02	8.411568046813935884e-02	-9.534085975838386962e-02	8.422253540307007846e-02	-8.132627888306676045e-02	8.402780535703460729e-02	-7.766815342461426408e-02	7.744098376074437518e-02	-6.907577120359190137e-02	6.504227845010004949e-02	-5.499567249513433870e-02	1.142536731671879718e-01
-2.821811552146756205e-02	3.157678188048212292e-02	-9.974658782718304195e-02	7.395315756599145363e-02	-7.508972443056755042e-02	3.901204285486694484e-02	-3.962164663921515645e-02	1.323332681564828028e-01	-1.032458988269511491e-01	1.082400245216152551e-01	-4.319372872585681283e-02	4.179680510640778474e-02	-1.614321312325735225e-01	1.095020995892463517e-01	-1.046278538777449391e-01	9.548967249339097851e-02	-1.442809854063230313e-01	1.000000000000000666e+00	-3.772737917663883667e-01	1.417030009096392484e-01	-6.646724039535246986e-02	9.226834900998988342e-02	-8.167624014253450637e-01	2.777513991694428030e-01	-1.596527940060497586e-01	6.541643121064116828e-02	-7.716959293988973068e-02	1.076955366976534573e-01	-9.549812174368468853e-02	1.189136523591616118e-01	-5.635185196946965874e-02	7.265934560622801242e-02	-8.435286647183107278e-02	8.297788562786641287e-02	-9.833317198305623064e-02	4.545610955775026413e-02	-4.207502992026007638e-02	6.720437219458064160e-02	-7.475979962267614853e-02	8.069532703055753986e-02	-3.908524127186190078e-02	3.529693680783322490e-02	-5.579255522003812029e-02	4.768981662031621799e-02	-1.237096254273540585e-01
2.779257735128029538e-02	-3.121979087043248030e-02	1.083576030998653073e-01	-1.033155947099468064e-01	9.973440967844181271e-02	-3.730135133116523061e-02	3.712508319905454685e-02	-1.249176485484436716e-01	1.288019703805702021e-01	-1.742066916589417036e-01	3.667625572446182175e-02	-3.507559593921546343e-02	1.187546012719070260e-01	-1.576554245194803083e-01	1.568165340632706739e-01	-8.350940333634851442e-02	9.378789283131588883e-02	-3.772737917663883667e-01	9.999999999999990008e-01	-2.935133894191316872e-01	5.659193091643844459e-02	-7.322575412795848115e-02	2.756874371776106281e-01	-7.554250574265745088e-01	2.453028391309757805e-01	-6.503853378902753335e-02	7.374442081391327508e-02	-1.066390366127947104e-01	1.052764061329704709e-01	-1.657909197117406197e-01	5.535130552889542394e-02	-7.412146158966330389e-02	8.534511055158840176e-02	-9.424037162225699926e-02	1.150873663596864022e-01	-4.659808739155556212e-02	4.276489005036966662e-02	-7.209253349907147890e-02	7.859993523947057803e-02	-9.533744644426307702e-02	3.958107801434149198e-02	-3.628780876541341793e-02	5.837423318033170550e-02	-5.109477056165609432e-02	1.341796926261140388e-01
-2.596300245441700641e-02	2.866262215101947688e-02	-1.225451145055932584e-01	1.246472172140899171e-01	-1.326280446773736021e-01	3.260534613953124106e-02	-3.293161400334519706e-02	1.081729777395779996e-01	-1.605337817515630483e-01	2.401470497780611446e-01	-3.111767052685033078e-02	2.889332930557882845e-02	-1.093635255293396724e-01	1.748164711021215068e-01	-4.122263080275517799e-01	6.548705546985029990e-02	-7.240626004370480373e-02	1.417030009096392484e-01	-2.935133894191316872e-01	9.999999999999991118e-01	-4.825569709532628176e-02	5.665357580986728203e-02	-1.365539284738218617e-01	2.164521884944146102e-01	-7.048734611834731600e-01	6.695786037334784668e-02	-8.022047717859608074e-02	1.167175016376824637e-01	-1.428154594397332555e-01	2.288433702102621869e-01	-5.918681033394989494e-02	7.894788744500876032e-02	-1.058594102820412663e-01	1.175744928992885074e-01	-1.804451983775478829e-01	5.069769337731039327e-02	-4.740889285909638540e-02	8.769546745258896547e-02	-1.022231713245556339e-01	1.276944782054237892e-01	-4.436635576746837673e-02	4.036680696683468683e-02	-7.489366199327834872e-02	6.562394895944873019e-02	-1.998106486603794252e-01
2.998984688025280523e-02	-3.345095267283237916e-02	5.498438073667900883e-02	-2.825422487787663736e-02	2.845588306024996600e-02	-4.479713952192673765e-02	4.361578129696667278e-02	-3.592398758517794527e-02	3.295464035362503930e-02	-4.035575750412360996e-02	1.034408844097648023e-01	-9.512945585137411175e-02	3.405846875654652134e-02	-3.269789041424936427e-02	3.545413935478885364e-02	-7.042340463039116205e-01	3.109701866414473215e-01	-6.646724039535246986e-02	5.659193091643844459e-02	-4.825569709532628176e-02	9.999999999999967804e-01	-5.661553929332957535e-01	5.676977651003805442e-02	-4.566654571630449772e-02	4.892044364175688470e-02	-2.330504325579387526e-01	1.521253465850805620e-01	-9.382806660766153384e-02	7.103214793406299743e-02	-7.114927338230854492e-02	1.550108632465029279e-01	-1.343089156119063876e-01	7.447805225747917979e-02	-6.747096724025700154e-02	6.507436267934796348e-02	-8.873968252539356227e-02	7.850695730910840775e-02	-6.585508495383919636e-02	6.922939138552854088e-02	-5.948996392170842473e-02	7.362876685737859694e-02	-6.196386326114131093e-02	5.384164046245432794e-02	-4.464604239806623659e-02	9.032562526139152614e-02
-3.493920134708816683e-02	3.844098771965883538e-02	-6.223722232400299287e-02	3.293413440663398722e-02	-3.322904179963553917e-02	5.172786013148929912e-02	-5.262638780804151234e-02	4.338832870480047871e-02	-3.911795867249973080e-02	4.706702659481870610e-02	-1.291181685238127208e-01	1.161204207672797140e-01	-4.168997402014026216e-02	3.894247902465772931e-02	-4.175932781748412093e-02	3.201549940479612166e-01	-6.902897606310679501e-01	9.226834900998988342e-02	-7.322575412795848115e-02	5.665357580986728203e-02	-5.661553929332957535e-01	9.999999999999984457e-01	-7.997316343462422539e-02	5.816572608299155206e-02	-5.812888353476126230e-02	1.695225095197170906e-01	-2.068681250847543840e-01	1.081639855275509238e-01	-8.199763189743143610e-02	8.057129106611307656e-02	-1.416837711805200295e-01	1.486371321276226121e-01	-8.479002386149951664e-02	7.598858482097096967e-02	-7.356694714202038909e-02	8.865973563259632595e-02	-8.141245776194101780e-02	7.219542704812208223e-02	-7.624036024916942822e-02	6.615359343249183066e-02	-7.447546317442452213e-02	6.392040369839555036e-02	-5.904959763472265172e-02	4.890449160915974480e-02	-1.005240421782036958e-01
2.374235464041915197e-02	-2.681082797053089412e-02	8.193497056119090904e-02	-6.404517074238059993e-02	6.344956037986618225e-02	-3.332274490437673459e-02	3.331153154132475425e-02	-1.155781874384860936e-01	8.462618189599897811e-02	-9.801777428635870260e-02	3.549929779524216289e-02	-3.467116956056751076e-02	1.152576401693137520e-01	-9.340717915693397266e-02	9.066583900642111171e-02	-8.374351548727579364e-02	1.049733089957649440e-01	-8.167624014253450637e-01	2.756874371776106281e-01	-1.365539284738218617e-01	5.676977651003805442e-02	-7.997316343462422539e-02	1.000000000000001110e+00	-4.315629666039381696e-01	1.470301533651023895e-01	-5.888536055151962628e-02	7.028737744625901396e-02	-1.125316137924676635e-01	8.910875289988286208e-02	-1.131438874732811489e-01	4.990297656485283978e-02	-6.656040986061481646e-02	7.736001370048786741e-02	-7.698501875598499911e-02	8.589913553900108134e-02	-4.071986488773447765e-02	3.760603622014751374e-02	-6.045885715476801564e-02	6.518981948255059278e-02	-7.118087270088675755e-02	3.451958595047205369e-02	-3.147699100961602603e-02	4.875720504115999693e-02	-4.173576694839196272e-02	1.033543769404705465e-01
-2.142510399001219118e-02	2.387048709871531296e-02	-8.657026672964493463e-02	7.708721293646357553e-02	-7.741682272477286297e-02	2.825861254551302604e-02	-2.836000145623800150e-02	9.171105958353907572e-02	-1.008048537924862431e-01	1.272457202744135263e-01	-2.899038349557252550e-02	2.746428019093954606e-02	-9.245504028228651583e-02	1.114359636434049117e-01	-1.259115204337785954e-01	6.493057752402754679e-02	-7.710055646771880877e-02	2.777513991694428030e-01	-7.554250574265745088e-01	2.164521884944146102e-01	-4.566654571630449772e-02	5.816572608299155206e-02	-4.315629666039381696e-01	9.999999999999990008e-01	-3.177372428196126308e-01	5.429003325884907555e-02	-6.428484044940210862e-02	9.535852432899588615e-02	-9.984997569284737029e-02	1.473363268195526099e-01	-4.689970216637605327e-02	6.260719566916633783e-02	-7.733286408025996650e-02	8.338818419875509980e-02	-1.070544737034484772e-01	3.931041125355119042e-02	-3.643509557300882162e-02	6.275015246103399225e-02	-6.988581220506338842e-02	8.311686130357910651e-02	-3.376226219095869452e-02	3.079769222598540204e-02	-5.172324842840753806e-02	4.491353497935917510e-02	-1.217679585025166350e-01
2.438807386108591407e-02	-2.708540447457323183e-02	1.093629065447290216e-01	-1.166777573021284264e-01	1.134869815104328494e-01	-3.113813545296819849e-02	3.118292315598032369e-02	-1.017710466772328293e-01	1.309032623784927574e-01	-2.350355463859958860e-01	3.030941906604765756e-02	-2.829417797945936799e-02	9.669212464178078559e-02	-1.532159226887717107e-01	2.230898248944119255e-01	-6.675404520678297760e-02	7.239585495505768131e-02	-1.596527940060497586e-01	2.453028391309757805e-01	-7.048734611834731600e-01	4.892044364175688470e-02	-5.812888353476126230e-02	1.470301533651023895e-01	-3.177372428196126308e-01	9.999999999999995559e-01	-6.975943510360947675e-02	8.378684131613860220e-02	-1.327938931109898801e-01	1.585973984608157195e-01	-3.956915361241267748e-01	6.036199832475121207e-02	-8.354618459333298941e-02	1.105692849385482013e-01	-1.316265237128844967e-01	1.812912917408367741e-01	-5.217032982900354082e-02	4.856803105080088889e-02	-8.988295594039322212e-02	9.994995073735744862e-02	-1.344819524423371271e-01	4.471879773392731933e-02	-4.117903513137709942e-02	7.322153524302403571e-02	-6.445330534859572413e-02	1.795813790305546553e-01
-2.095602027536501086e-02	2.289193727496087460e-02	-6.472617532606853019e-02	3.525514150155212301e-02	-3.546625308198072396e-02	2.801167994963965624e-02	-2.782536597045492596e-02	3.825990539873403568e-02	-3.973861292243414944e-02	5.278670270023632510e-02	-5.379439913257767075e-02	4.813930459556365477e-02	-3.651372610021198090e-02	3.979923431665560035e-02	-4.643856215734881721e-02	1.843092221247951135e-01	-1.724250203410506999e-01	6.541643121064116828e-02	-6.503853378902753335e-02	6.695786037334784668e-02	-2.330504325579387526e-01	1.695225095197170906e-01	-5.888536055151962628e-02	5.429003325884907555e-02	-6.975943510360947675e-02	9.999999999999991118e-01	-4.203006946450209558e-01	1.766531230242961159e-01	-1.365213112596831979e-01	1.155386903037204233e-01	-7.267107782531584403e-01	2.837865731991107698e-01	-1.479100757369194163e-01	1.221923443941136528e-01	-1.120879620092178341e-01	2.305823682199739655e-01	-2.069459915078920298e-01	1.247586459046218649e-01	-1.319322762993121734e-01	9.894052290071451983e-02	-1.945096487842871702e-01	1.472553605921115283e-01	-1.042958653993635992e-01	8.325300403638541402e-02	-1.504038305773768014e-01
2.039956538767101479e-02	-2.235574785028802275e-02	6.675684092576393558e-02	-3.923972292017380986e-02	3.922459596505600832e-02	-2.713562340544356868e-02	2.695220097793954092e-02	-4.200782490784545076e-02	4.412595425272061722e-02	-6.058354392786486492e-02	4.918036765447800912e-02	-4.460387134220971522e-02	4.002629170971757494e-02	-4.487580111010261441e-02	5.322430120588399205e-02	-1.551754763189665820e-01	1.640996318202955495e-01	-7.716959293988973068e-02	7.374442081391327508e-02	-8.022047717859608074e-02	1.521253465850805620e-01	-2.068681250847543840e-01	7.028737744625901396e-02	-6.428484044940210862e-02	8.378684131613860220e-02	-4.203006946450209558e-01	1.000000000000001554e+00	-3.954729289862720099e-01	1.911074343867399661e-01	-1.518832500314218348e-01	2.669297401479332477e-01	-6.540758730696940582e-01	2.001333535450686985e-01	-1.699848799775945662e-01	1.332304073987151394e-01	-2.084665891510197877e-01	1.983581705087318625e-01	-1.504621642933980652e-01	1.433970676242703468e-01	-1.139110304417438047e-01	1.513559808555263730e-01	-1.482229824606597357e-01	1.131959704871768058e-01	-9.169509281319329630e-02	1.587152801938694069e-01
-2.095334295462271748e-02	2.285496145889627864e-02	-8.651943259079891702e-02	5.366089024962582971e-02	-5.393764522351805063e-02	2.634119659197858496e-02	-2.629775542193331719e-02	5.543845870418620536e-02	-6.077573483822248240e-02	8.439317580965095822e-02	-3.871986879256145153e-02	3.511841699299648317e-02	-5.342314209635234956e-02	6.204215834531825319e-02	-7.631204489063324325e-02	1.063810090513760132e-01	-1.167855573299312749e-01	1.076955366976534573e-01	-1.066390366127947104e-01	1.167175016376824637e-01	-9.382806660766153384e-02	1.081639855275509238e-01	-1.125316137924676635e-01	9.535852432899588615e-02	-1.327938931109898801e-01	1.766531230242961159e-01	-3.954729289862720099e-01	1.000000000000000000e+00	-5.555310831691069318e-01	2.426032361907779489e-01	-1.544718901932749522e-01	2.350079376945998222e-01	-4.917804725148066658e-01	3.034979601609029132e-01	-2.274089868197405606e-01	1.241254201044576649e-01	-1.229337351826023522e-01	2.142123087915048241e-01	-2.194002796486330398e-01	1.699588526122663701e-01	-1.051608076751512216e-01	9.664512756692736350e-02	-1.662010423740986065e-01	1.293051889453369074e-01	-2.394416008137695839e-01
1.870026321813749240e-02	-2.046811132118302873e-02	8.001849249237104333e-02	-5.565645751658817447e-02	5.519512528693697878e-02	-2.340425615881000163e-02	2.332052265189187359e-02	-5.436029797999319957e-02	6.200270093395881393e-02	-9.269040507932582718e-02	3.147933678552942288e-02	-2.874914637095531134e-02	5.180866148740757154e-02	-6.507620347138644290e-02	8.289519068354724018e-02	-8.647134379725003595e-02	8.880577898525936209e-02	-9.549812174368468853e-02	1.052764061329704709e-01	-1.428154594397332555e-01	7.103214793406299743e-02	-8.199763189743143610e-02	8.910875289988286208e-02	-9.984997569284737029e-02	1.585973984608157195e-01	-1.365213112596831979e-01	1.911074343867399661e-01	-5.555310831691069318e-01	9.999999999999994449e-01	-4.670095897080621672e-01	1.121164791348813194e-01	-1.829386783610144895e-01	2.895944159026097031e-01	-5.300229588872633624e-01	2.485663195760720034e-01	-9.817732466466350116e-02	9.294476386412792168e-02	-1.775660787976648114e-01	1.695054168889875423e-01	-1.774850689929464986e-01	7.994777232652654220e-02	-7.601188508228370888e-02	1.265544711036144243e-01	-1.056447616177709908e-01	2.120790282745468602e-01
-2.525032879848742792e-02	2.751857433510955520e-02	-1.195125641700463537e-01	8.411922698081156224e-02	-8.537063596884857108e-02	3.065017130151841823e-02	-3.071258584349638096e-02	7.869542550612007581e-02	-9.631611584067720222e-02	1.399830623548991293e-01	-3.670833634306494564e-02	3.350543546108254722e-02	-7.623416921311977623e-02	9.951664764777543026e-02	-1.376071461142326091e-01	9.075776830428285147e-02	-9.674380282547302701e-02	1.189136523591616118e-01	-1.657909197117406197e-01	2.288433702102621869e-01	-7.114927338230854492e-02	8.057129106611307656e-02	-1.131438874732811489e-01	1.473363268195526099e-01	-3.956915361241267748e-01	1.155386903037204233e-01	-1.518832500314218348e-01	2.426032361907779489e-01	-4.670095897080621672e-01	1.000000000000001110e+00	-1.024348897072605291e-01	1.425029403304401421e-01	-2.233096507044695089e-01	2.637595200429848075e-01	-5.106188869881896908e-01	8.849939375346853321e-02	-8.401738905616293329e-02	1.632460220104816617e-01	-1.887847436073194496e-01	2.532432979755240843e-01	-7.698900635392937064e-02	7.062570805724437129e-02	-1.363216193672005250e-01	1.185834952852210106e-01	-3.507535154084298057e-01
1.785773375952568950e-02	-1.960350478005211741e-02	5.534731552395036336e-02	-3.080957087221845858e-02	3.080399850421593894e-02	-2.396925762668209239e-02	2.361906474715887855e-02	-3.319884777646614493e-02	3.444596444903454124e-02	-4.658763241514217446e-02	4.458408881877007346e-02	-4.050559538213677896e-02	3.149562648708291446e-02	-3.471530655253034225e-02	4.049890221901981946e-02	-1.710548314716804907e-01	1.344901646072599599e-01	-5.635185196946965874e-02	5.535130552889542394e-02	-5.918681033394989494e-02	1.550108632465029279e-01	-1.416837711805200295e-01	4.990297656485283978e-02	-4.689970216637605327e-02	6.036199832475121207e-02	-7.267107782531584403e-01	2.669297401479332477e-01	-1.544718901932749522e-01	1.121164791348813194e-01	-1.024348897072605291e-01	1.000000000000000444e+00	-3.794656913969466916e-01	1.255066060877827183e-01	-1.085637043515438882e-01	9.460704324399227261e-02	-3.987393308299545525e-01	2.282915297248667152e-01	-1.169698298791164992e-01	1.132456802001946400e-01	-8.592394295976286955e-02	1.951138742876878385e-01	-1.726473404373436993e-01	9.201410219682819303e-02	-7.484552266138455590e-02	1.233351266647414457e-01
-2.046561945694115939e-02	2.230296150375159561e-02	-7.122069842353055680e-02	4.011370056934648182e-02	-4.034035341567628746e-02	2.666549125782319632e-02	-2.660114209485094777e-02	4.233281928641902808e-02	-4.508378694499016320e-02	6.094203700217587505e-02	-4.769634461117291252e-02	4.266145803281850418e-02	-4.048583964979474842e-02	4.535287239789055624e-02	-5.386103167071715908e-02	1.370634606899499286e-01	-1.576233755193311992e-01	7.265934560622801242e-02	-7.412146158966330389e-02	7.894788744500876032e-02	-1.343089156119063876e-01	1.486371321276226121e-01	-6.656040986061481646e-02	6.260719566916633783e-02	-8.354618459333298941e-02	2.837865731991107698e-01	-6.540758730696940582e-01	2.350079376945998222e-01	-1.829386783610144895e-01	1.425029403304401421e-01	-3.794656913969466916e-01	9.999999999999948930e-01	-2.198800967992872446e-01	1.617102411901462644e-01	-1.409113468978571704e-01	2.506866350505442265e-01	-3.679649371162408977e-01	1.618386234842550120e-01	-1.672140298734101915e-01	1.204811991581043323e-01	-2.180680233402048362e-01	1.910007223543705168e-01	-1.330929001252039723e-01	1.040631055640025698e-01	-1.804723627267006136e-01
1.771021900650363717e-02	-1.936405793563020575e-02	7.391616527852702678e-02	-4.753919797318278961e-02	4.708150173701487057e-02	-2.221101802214908022e-02	2.207864900005025027e-02	-4.757628897931431844e-02	5.251133416458590025e-02	-7.641790926776953485e-02	3.158384089796925642e-02	-2.877553350145344371e-02	4.514241534570224978e-02	-5.430591385283824180e-02	6.662640309976305963e-02	-9.032692803251063385e-02	9.063660217657767970e-02	-8.435286647183107278e-02	8.534511055158840176e-02	-1.058594102820412663e-01	7.447805225747917979e-02	-8.479002386149951664e-02	7.736001370048786741e-02	-7.733286408025996650e-02	1.105692849385482013e-01	-1.479100757369194163e-01	2.001333535450686985e-01	-4.917804725148066658e-01	2.895944159026097031e-01	-2.233096507044695089e-01	1.255066060877827183e-01	-2.198800967992872446e-01	1.000000000000000000e+00	-5.914941944169596066e-01	2.118397800352210814e-01	-1.177332091607996706e-01	1.164628770064352475e-01	-4.240052212056229508e-01	2.361872226434781064e-01	-1.750847491295713931e-01	9.539623549449033346e-02	-9.362773229963747279e-02	1.859186080017608544e-01	-1.502119419233814146e-01	1.999552420500714245e-01
-1.836764953751580942e-02	2.001853065530579887e-02	-8.123990938890203461e-02	5.198994387148402757e-02	-5.191516983921651285e-02	2.261062402929988474e-02	-2.254584731678099460e-02	5.078292444969534358e-02	-5.779246750265398802e-02	8.344690191458287165e-02	-3.062087600031350790e-02	2.783446551191805923e-02	-4.847665029046201168e-02	5.935894980336625659e-02	-7.454674392482062151e-02	8.267885812845235383e-02	-8.590551112134574285e-02	8.297788562786641287e-02	-9.424037162225699926e-02	1.175744928992885074e-01	-6.747096724025700154e-02	7.598858482097096967e-02	-7.698501875598499911e-02	8.338818419875509980e-02	-1.316265237128844967e-01	1.221923443941136528e-01	-1.699848799775945662e-01	3.034979601609029132e-01	-5.300229588872633624e-01	2.637595200429848075e-01	-1.085637043515438882e-01	1.617102411901462644e-01	-5.914941944169596066e-01	9.999999999999997780e-01	-3.648931838014465856e-01	9.646338614261874833e-02	-9.484058534211839420e-02	2.282111614742361738e-01	-2.360807786761239535e-01	2.063387544508903104e-01	-8.315813880293335125e-02	7.782905356454114520e-02	-1.713586936812728223e-01	1.354694389788672071e-01	-2.499027811308389413e-01
