1.000000000000000000e+00	-7.976708119378894679e-01	2.060826133500908985e-01	-9.162350339161513813e-02	7.734071110079919487e-02	-4.262900643174441506e-01	2.111055965340846441e-01	-1.416805457479887176e-01	8.700882087889430516e-02	-1.004501696120078669e-01	2.530741011136344865e-01	-1.700306232546617002e-01	1.049042169491216786e-01	-6.981259667714151407e-02	8.875909496434257473e-02	-8.294420518650905128e-02	6.269131937628157070e-02	-6.282820722175803951e-02	6.541759640498516493e-02	-7.543896910520467292e-02	5.606154655776559442e-02	-6.396036720560761835e-02	5.648225368951666214e-02	-4.231140511794753700e-02	4.591064864505853965e-02	-6.576594315902800636e-02	3.700642159039618795e-02	-3.580572896096691909e-02	4.875831643936295867e-02	-3.771733419427012596e-02	8.267721018645608766e-02	-3.517831781681398512e-02	3.513265551666568814e-02	-3.246187695685102959e-02	3.889824054065675607e-02	-2.469595589546847575e-02	2.587352201758134906e-02	-2.815182171966880073e-02	3.148666952986833856e-02	-2.801597656638552675e-02	2.227361760481567227e-02	-2.937538058802992291e-02	3.402459194240559093e-02	-4.081806173794377823e-02	2.490365394861530912e-02
-7.976708119378894679e-01	1.000000000000000000e+00	-3.254543339157074944e-01	1.074960313853507432e-01	-9.207875518771489742e-02	2.667227383493302462e-01	-2.537014670111952253e-01	1.416381353315737945e-01	-9.979062145696429575e-02	1.082445393144554208e-01	-3.019988843834790493e-01	1.670019373177724642e-01	-1.116894824066826108e-01	7.651761905362530758e-02	-9.825219276807345414e-02	8.637924309252652255e-02	-6.666422703214089363e-02	6.609562512694848457e-02	-7.075339117375882558e-02	7.993080719522961675e-02	-6.051821047609827475e-02	6.690512078638614912e-02	-5.997554952091748576e-02	4.458574187934655209e-02	-4.860270257494968271e-02	6.824487930566047744e-02	-3.904275400119031764e-02	3.762725478668597218e-02	-5.146184699962708109e-02	3.962900790536192513e-02	-8.996903201929778993e-02	3.702730470901374055e-02	-3.704770499650157645e-02	3.402792388172316829e-02	-4.087308909505269622e-02	2.608247111265217522e-02	-2.722960457260737918e-02	2.951553447941259595e-02	-3.303973253208753597e-02	2.926175858398216353e-02	-2.361654142975320309e-02	3.081283248346081138e-02	-3.578606179381561836e-02	4.237487097752021259e-02	-2.601071895970291648e-02
2.060826133500908985e-01	-3.254543339157074944e-01	1.000000000000000000e+00	-4.178576485540338448e-01	2.504337365571351892e-01	-1.669513720733108442e-01	1.607048378368904906e-01	-1.702954997414205529e-01	2.444256922415580235e-01	-3.317896381729639188e-01	1.947940757010168389e-01	-1.551453824514662516e-01	1.210594194189055228e-01	-1.965643908998797318e-01	2.387890791964354664e-01	-1.259609339638513015e-01	1.160810856574127914e-01	-1.237270640675957739e-01	1.582512460871379201e-01	-1.898872203451942298e-01	8.619326752692649252e-02	-1.258184930916547706e-01	1.138885242444361151e-01	-8.991396831534445577e-02	9.852926775043241436e-02	-1.143800226995464325e-01	7.459406407039799458e-02	-7.399436938420003718e-02	1.034198028733335495e-01	-8.160930358622237035e-02	1.436934900944829563e-01	-7.153955682897353285e-02	7.249714096923955131e-02	-6.929457248979117856e-02	8.414957258439439980e-02	-4.963573507911316768e-02	5.338584751343315726e-02	-5.939720736156738068e-02	6.726121743281289478e-02	-6.116594564768751408e-02	4.438435238236800029e-02	-6.120791608193880406e-02	7.165018054729405117e-02	-9.054871792553903509e-02	5.448900976073822733e-02
-9.162350339161513813e-02	1.074960313853507432e-01	-4.178576485540338448e-01	1.000000000000000000e+00	-6.643128028504512450e-01	7.363411963466923171e-02	-7.882004053563548829e-02	8.483806665181410633e-02	-4.538367542622528394e-01	3.077725449881237862e-01	-9.540697772479653227e-02	7.393366981551027783e-02	-6.574379726363768772e-02	2.114930442836997770e-01	-2.414206064933946683e-01	6.527347528499440055e-02	-7.444177994632146522e-02	8.221962286263181929e-02	-1.386545090485441223e-01	1.468888718057141662e-01	-4.575824148665819796e-02	7.545855302578909074e-02	-7.266608212971123471e-02	5.625373159459830935e-02	-6.224476892792961402e-02	5.842638268507115845e-02	-4.284159512899624045e-02	4.263146932255575117e-02	-6.149253057406491030e-02	4.889454675488678903e-02	-7.559426160066802514e-02	4.039096975816956758e-02	-4.136150994038953477e-02	3.942924865558613406e-02	-4.874160534614198348e-02	2.676252264358830110e-02	-2.955366496646690336e-02	3.277459693015796760e-02	-3.806767805900072854e-02	3.466697280749416604e-02	-2.397297878774452828e-02	3.360199572616044683e-02	-3.932087974652283269e-02	5.019372932949024702e-02	-3.064276129404178151e-02
7.734071110079919487e-02	-9.207875518771489742e-02	2.504337365571351892e-01	-6.643128028504512450e-01	1.000000000000000222e+00	-6.635739051246097864e-02	6.994698204834001731e-02	-7.471922705913333629e-02	2.624947417295592222e-01	-6.013515594003847609e-01	8.630672983912228424e-02	-6.757546416826382130e-02	5.767462061240018895e-02	-1.957438810313685273e-01	2.280390675182382143e-01	-6.340439007431071528e-02	7.125704994824642868e-02	-7.902821561780545845e-02	1.269796794726909539e-01	-1.477333412836376869e-01	4.434536997982156670e-02	-7.386863995392332904e-02	7.033381482337608404e-02	-5.527658678345432480e-02	6.113191082004754834e-02	-5.735656969597129756e-02	4.214293860030791927e-02	-4.204376994829726183e-02	6.052790341716816902e-02	-4.835144139427931947e-02	7.395925502180758504e-02	-3.985785453425148145e-02	4.079671164392978389e-02	-3.904498948543213416e-02	4.821504639597037900e-02	-2.647484964999161777e-02	2.923113072686774061e-02	-3.248182589899977629e-02	3.769102008419941696e-02	-3.442345254797849613e-02	2.369030413853658729e-02	-3.329261715426875406e-02	3.894641743084328867e-02	-5.001635711584630217e-02	3.043152777552471377e-02
-4.262900643174441506e-01	2.667227383493302462e-01	-1.669513720733108442e-01	7.363411963466923171e-02	-6.635739051246097864e-02	1.000000000000000222e+00	-4.599443927748856353e-01	1.928383054503388649e-01	-8.162463578845458034e-02	8.301160574345792242e-02	-6.713356228010639581e-01	2.498111462045917719e-01	-1.533994430417817412e-01	6.520092399651054860e-02	-8.236256690324429697e-02	1.102792961391390464e-01	-7.435667463364174778e-02	7.089059314830473135e-02	-6.584366932936408512e-02	7.319577159015412671e-02	-7.682953780782406095e-02	7.138339581414550328e-02	-6.283639654357826843e-02	4.517790980767179970e-02	-4.882652734330402561e-02	7.743088840834340403e-02	-4.079271725027164980e-02	3.870345699133425493e-02	-5.198569477120032478e-02	3.960535185489113402e-02	-1.013192921920101075e-01	3.846033216183931958e-02	-3.809964169700862796e-02	3.427844238866988025e-02	-4.076274975994632205e-02	2.724838920740358522e-02	-2.801230190467849171e-02	2.995378443435398746e-02	-3.324870667732771068e-02	2.906007318011647259e-02	-2.477396446073341571e-02	3.152275041618213952e-02	-3.632654375722018519e-02	4.169451800159653526e-02	-2.578348575790469221e-02
2.111055965340846441e-01	-2.537014670111952253e-01	1.607048378368904906e-01	-7.882004053563548829e-02	6.994698204834001731e-02	-4.599443927748856353e-01	1.000000000000000444e+00	-4.495082770760397417e-01	9.388376307614154648e-02	-9.043081710165246090e-02	3.007250568031660798e-01	-6.092639577252458860e-01	2.799778265311014813e-01	-7.554053188050484369e-02	8.936310108927410234e-02	-9.354788053173211659e-02	8.541281140838648256e-02	-8.605646217711374057e-02	7.447062494590279969e-02	-8.227838024963500529e-02	6.390100459169510694e-02	-7.857695493642555262e-02	7.008853277391591252e-02	-4.938287976845711497e-02	5.278765845364891129e-02	-7.156338943539733433e-02	4.217167023889908245e-02	-4.046121583224941698e-02	5.503057138701809847e-02	-4.222988591949361492e-02	9.107209391663441400e-02	-3.943207766222526361e-02	3.926053981131864823e-02	-3.571479486762951794e-02	4.277694364235776897e-02	-2.682214052908177965e-02	2.840357978215458240e-02	-3.061394897701428044e-02	3.449744217127984069e-02	-3.044826564978128647e-02	2.423895962648120114e-02	-3.201883943545383304e-02	3.683511075804504764e-02	-4.366694122904857950e-02	2.692706361606395093e-02
-1.416805457479887176e-01	1.416381353315737945e-01	-1.702954997414205529e-01	8.483806665181410633e-02	-7.471922705913333629e-02	1.928383054503388649e-01	-4.495082770760397417e-01	1.000000000000000666e+00	-1.204564866887102292e-01	9.373611139633782063e-02	-2.648032341150586833e-01	3.198241333198174052e-01	-7.515990587253950084e-01	8.798445599696744224e-02	-9.721497737414928897e-02	8.531901274006402358e-02	-9.478323758455860226e-02	1.010681262536371194e-01	-8.469739975612156080e-02	8.765352149641431057e-02	-6.092233004759315534e-02	8.057150883554919929e-02	-7.908428960351832071e-02	5.271093971102015080e-02	-5.656635468228347896e-02	6.678806243648881258e-02	-4.311606166084305802e-02	4.136130906332607937e-02	-5.763067615484861878e-02	4.390044339936730045e-02	-8.966574128087115292e-02	3.984708065091415591e-02	-4.008974159831281414e-02	3.635544054002640135e-02	-4.403896569327253596e-02	2.660556894721189877e-02	-2.854954283352747341e-02	3.074702433899732107e-02	-3.510668571709235630e-02	3.091071782716373409e-02	-2.411124730288791845e-02	3.201754632545772417e-02	-3.704195563525110313e-02	4.380478552780430607e-02	-2.728593796991821141e-02
8.700882087889430516e-02	-9.979062145696429575e-02	2.444256922415580235e-01	-4.538367542622528394e-01	2.624947417295592222e-01	-8.162463578845458034e-02	9.388376307614154648e-02	-1.204564866887102292e-01	1.000000000000001554e+00	-3.914609325767203774e-01	1.079187296594754791e-01	-9.262531824259430391e-02	8.860394055425628579e-02	-6.043617029362757798e-01	3.034647412797850108e-01	-8.666994181451605217e-02	1.074935640501108042e-01	-1.276017740942118339e-01	2.246243600253937933e-01	-2.534968884050957105e-01	6.070315293480325197e-02	-1.094514503754463464e-01	1.048436385124632692e-01	-8.262194075664842929e-02	9.033452702542212054e-02	-7.743298142254692595e-02	5.974862522207999294e-02	-5.980237937140222421e-02	8.637985054975920451e-02	-7.008464091234871407e-02	9.884865487175216459e-02	-5.613348520313416606e-02	5.737916439153623038e-02	-5.500313810868922432e-02	6.800897723397772432e-02	-3.625985698214989617e-02	4.058889780732963248e-02	-4.504583479198655954e-02	5.277314875204326683e-02	-4.844581757324498139e-02	3.237087854504024087e-02	-4.614459931181322250e-02	5.358219185910326199e-02	-6.997752350422299650e-02	4.255948337064047182e-02
-1.004501696120078669e-01	1.082445393144554208e-01	-3.317896381729639188e-01	3.077725449881237862e-01	-6.013515594003847609e-01	8.301160574345792242e-02	-9.043081710165246090e-02	9.373611139633782063e-02	-3.914609325767203774e-01	1.000000000000000666e+00	-1.134510557774529860e-01	8.449602467131221706e-02	-7.514370628224187332e-02	2.503987242164407157e-01	-4.789766652807944669e-01	8.041183793179879080e-02	-9.767142961801199286e-02	1.063117966256484637e-01	-1.854436101762511335e-01	1.960304117056759776e-01	-5.716185269670510938e-02	9.717175355783094770e-02	-9.634612530335438796e-02	7.397385737800467320e-02	-8.302615852550758457e-02	7.211676989229641455e-02	-5.544578551422212759e-02	5.519219998820559109e-02	-8.107132580488705942e-02	6.407292584279807024e-02	-9.585692151516324311e-02	5.196039283713688173e-02	-5.364698664103110387e-02	5.101002473596812775e-02	-6.378067956006790162e-02	3.403322441079216498e-02	-3.791449900174505977e-02	4.200537262597238419e-02	-4.930046014757786393e-02	4.476513705546613514e-02	-3.057681736845542508e-02	4.291763428561704702e-02	-5.051904804033113816e-02	6.409159650869571123e-02	-3.955100751008340521e-02
2.530741011136344865e-01	-3.019988843834790493e-01	1.947940757010168389e-01	-9.540697772479653227e-02	8.630672983912228424e-02	-6.713356228010639581e-01	3.007250568031660798e-01	-2.648032341150586833e-01	1.079187296594754791e-01	-1.134510557774529860e-01	9.999999999999997780e-01	-3.845531348342580147e-01	1.917077490752979174e-01	-8.920585709269658603e-02	1.118808321916224396e-01	-1.974476667130239949e-01	1.070945412395362395e-01	-1.025789462413217168e-01	9.167649006119241162e-02	-1.041474313841984495e-01	1.160774554224399263e-01	-1.057617048664886150e-01	8.966156107122712215e-02	-6.504935338291110980e-02	6.970940307667136682e-02	-1.229523039209582808e-01	5.925604418032441589e-02	-5.629226857856749200e-02	7.455178908367986190e-02	-5.709456886243922946e-02	1.437877561902727863e-01	-5.598818363612675930e-02	5.505525096960857401e-02	-4.966563455570251889e-02	5.864651159297830374e-02	-3.948959561420430781e-02	4.060533308816711290e-02	-4.347019265128720944e-02	4.805545049135511587e-02	-4.213317835572088360e-02	3.570215512610764447e-02	-4.585630372085908874e-02	5.241506671862632138e-02	-6.080740135086491749e-02	3.734758331328200121e-02
-1.700306232546617002e-01	1.670019373177724642e-01	-1.551453824514662516e-01	7.393366981551027783e-02	-6.757546416826382130e-02	2.498111462045917719e-01	-6.092639577252458860e-01	3.198241333198174052e-01	-9.262531824259430391e-02	8.449602467131221706e-02	-3.845531348342580147e-01	1.000000000000000888e+00	-5.482752866742067743e-01	7.495603119444833873e-02	-8.984201596109114840e-02	9.881048592249265516e-02	-1.052274440609071576e-01	9.983159623614351608e-02	-7.940732528179623995e-02	8.361254869807148438e-02	-7.001647518412609794e-02	8.588530170953335985e-02	-7.911964527134734970e-02	5.318454784230514099e-02	-5.684872604372428334e-02	7.404114744954222449e-02	-4.520303619242581339e-02	4.299886707018123894e-02	-5.882111247752650623e-02	4.463895174351411449e-02	-9.878733589460240994e-02	4.182053364096953441e-02	-4.172451980217426609e-02	3.750649891237739508e-02	-4.503975356255568441e-02	2.821790823899995512e-02	-2.992201978960963224e-02	3.203975470087806060e-02	-3.623495258265084507e-02	3.171906855033877065e-02	-2.561373408367452129e-02	3.353160793927498218e-02	-3.863673110418007484e-02	4.497830888695389384e-02	-2.801858794042558221e-02
1.049042169491216786e-01	-1.116894824066826108e-01	1.210594194189055228e-01	-6.574379726363768772e-02	5.767462061240018895e-02	-1.533994430417817412e-01	2.799778265311014813e-01	-7.515990587253950084e-01	8.860394055425628579e-02	-7.514370628224187332e-02	1.917077490752979174e-01	-5.482752866742067743e-01	9.999999999999988898e-01	-7.416891075367502972e-02	7.814684623265270857e-02	-7.096355163679371469e-02	9.003208258720284130e-02	-1.091376722716712183e-01	7.361819245804981926e-02	-7.600562650737302528e-02	4.978587012653061528e-02	-7.352811801547304293e-02	7.197156118665562485e-02	-4.671956652719277958e-02	4.909960785346790396e-02	-5.517199089581938110e-02	3.708964856942197075e-02	-3.564124347393807235e-02	4.946166574164066743e-02	-3.782933803817203205e-02	7.179633122718902249e-02	-3.402832397539676951e-02	3.412899772588163377e-02	-3.096039443356565085e-02	3.741772867544949227e-02	-2.211886742236807146e-02	2.407689061477656656e-02	-2.594008179239429279e-02	2.976965095234544029e-02	-2.628633236312749241e-02	1.996916772106620969e-02	-2.700133187713759861e-02	3.103498580715047944e-02	-3.720390937374061513e-02	2.312341015926912269e-02
-6.981259667714151407e-02	7.651761905362530758e-02	-1.965643908998797318e-01	2.114930442836997770e-01	-1.957438810313685273e-01	6.520092399651054860e-02	-7.554053188050484369e-02	8.798445599696744224e-02	-6.043617029362757798e-01	2.503987242164407157e-01	-8.920585709269658603e-02	7.495603119444833873e-02	-7.416891075367502972e-02	1.000000000000001554e+00	-5.360992228683419958e-01	7.919616688079481048e-02	-1.208460637200122895e-01	1.434159438883116922e-01	-4.187785478050269350e-01	2.755126040655005437e-01	-5.655336016543743155e-02	1.101239477030114267e-01	-1.139554774444393320e-01	8.519009251128906168e-02	-9.416172898667038438e-02	6.941080027323776047e-02	-5.822717173577442867e-02	5.812992545089310653e-02	-8.615885336271197903e-02	6.951218957443643098e-02	-9.035388596583666942e-02	5.373935405587482173e-02	-5.541796124169648396e-02	5.273155949436716949e-02	-6.613723204184591975e-02	3.349531948817652954e-02	-3.825396065528480216e-02	4.228027409103810724e-02	-5.045210523867472985e-02	4.615734918723695540e-02	-2.996087495071905749e-02	4.314450647012685325e-02	-5.016863440182472988e-02	6.542736294021149479e-02	-4.036279136525398881e-02
8.875909496434257473e-02	-9.825219276807345414e-02	2.387890791964354664e-01	-2.414206064933946683e-01	2.280390675182382143e-01	-8.236256690324429697e-02	8.936310108927410234e-02	-9.721497737414928897e-02	3.034647412797850108e-01	-4.789766652807944669e-01	1.118808321916224396e-01	-8.984201596109114840e-02	7.814684623265270857e-02	-5.360992228683419958e-01	1.000000000000000666e+00	-1.022484538357860268e-01	1.299215178250986702e-01	-1.517392106121011885e-01	2.704502260228354160e-01	-4.075810069656175538e-01	7.192647880657535020e-02	-1.346086712257785756e-01	1.296434812413024829e-01	-1.054174370901626717e-01	1.173673972461357351e-01	-9.260721833934089375e-02	7.411363580522728478e-02	-7.470729455776850547e-02	1.090201256299039717e-01	-9.018507792742049001e-02	1.185144633338230530e-01	-6.975909550811218440e-02	7.158426360558559076e-02	-6.930818597708229833e-02	8.619774856662189289e-02	-4.474050540156085387e-02	5.046040977746028833e-02	-5.623069293393668372e-02	6.635713002558456253e-02	-6.144626327940057309e-02	3.987675227633444286e-02	-5.743033455291880751e-02	6.668579788255547813e-02	-8.878918193103559064e-02	5.383216841430235600e-02
-8.294420518650905128e-02	8.637924309252652255e-02	-1.259609339638513015e-01	6.527347528499440055e-02	-6.340439007431071528e-02	1.102792961391390464e-01	-9.354788053173211659e-02	8.531901274006402358e-02	-8.666994181451605217e-02	8.041183793179879080e-02	-1.974476667130239949e-01	9.881048592249265516e-02	-7.096355163679371469e-02	7.919616688079481048e-02	-1.022484538357860268e-01	1.000000000000001554e+00	-2.552202112191793160e-01	1.623438452846903968e-01	-1.119084771051013921e-01	1.176280644900197514e-01	-7.252378826731257222e-01	1.959036039978617749e-01	-1.553684686350971789e-01	1.025763872817911093e-01	-1.101844205062989662e-01	3.072210563555098362e-01	-1.145347690767600235e-01	9.964883841721609847e-02	-1.229347673158956711e-01	8.936455368214174522e-02	-4.271728974725324535e-01	1.060654133517465181e-01	-1.007651781260985452e-01	8.241829243209083944e-02	-9.341196232081565298e-02	8.085180622926169125e-02	-7.577329898393340979e-02	7.610889495094398660e-02	-8.021918840626061920e-02	6.575450082869602197e-02	-7.518784407075761178e-02	8.310197601739111040e-02	-9.359641948097971453e-02	9.115978338193148067e-02	-5.815867296974482070e-02
6.269131937628157070e-02	-6.666422703214089363e-02	1.160810856574127914e-01	-7.444177994632146522e-02	7.125704994824642868e-02	-7.435667463364174778e-02	8.541281140838648256e-02	-9.478323758455860226e-02	1.074935640501108042e-01	-9.767142961801199286e-02	1.070945412395362395e-01	-1.052274440609071576e-01	9.003208258720284130e-02	-1.208460637200122895e-01	1.299215178250986702e-01	-2.552202112191793160e-01	1.000000000000002220e+00	-6.640323073028079337e-01	2.029639313152491464e-01	-2.155620210960113858e-01	1.570990690752681607e-01	-5.342368523003148129e-01	2.868005708592555325e-01	-1.685521389076022891e-01	1.586075459530064402e-01	-1.512005177670553424e-01	1.420893464333803091e-01	-1.290849200714488942e-01	1.570086718210481902e-01	-1.199435903854346314e-01	1.767650434291170580e-01	-1.207838624958127438e-01	1.125457099552975432e-01	-9.595285689552805752e-02	1.107164761279574167e-01	-6.252376297656615789e-02	7.485260666383242167e-02	-7.786118639442321521e-02	8.974679172800534288e-02	-7.779608192120382459e-02	5.569080305167477263e-02	-8.253810337523410923e-02	8.893546006621340372e-02	-1.071136256138697923e-01	6.689220076567921336e-02
-6.282820722175803951e-02	6.609562512694848457e-02	-1.237270640675957739e-01	8.221962286263181929e-02	-7.902821561780545845e-02	7.089059314830473135e-02	-8.605646217711374057e-02	1.010681262536371194e-01	-1.276017740942118339e-01	1.063117966256484637e-01	-1.025789462413217168e-01	9.983159623614351608e-02	-1.091376722716712183e-01	1.434159438883116922e-01	-1.517392106121011885e-01	1.623438452846903968e-01	-6.640323073028079337e-01	1.000000000000002442e+00	-3.471901067806935082e-01	2.330676115748662458e-01	-1.224071011588011015e-01	3.027769463424962448e-01	-4.590342139490323214e-01	1.939997697899575879e-01	-1.929461935288080410e-01	1.213210498694761857e-01	-1.258407720494847948e-01	1.196723579823631284e-01	-1.756068828205321064e-01	1.299641274831817017e-01	-1.601302549689817833e-01	1.065270543232226530e-01	-1.091535021420566298e-01	9.646802763590019147e-02	-1.190803514942516128e-01	5.809054636746729255e-02	-7.005623231355379010e-02	7.468898024201445218e-02	-9.118304577760158458e-02	7.990009701640508888e-02	-5.218273370579414039e-02	7.676822048986899072e-02	-8.715352132139479735e-02	1.076567487979402937e-01	-6.889043083832041559e-02
6.541759640498516493e-02	-7.075339117375882558e-02	1.582512460871379201e-01	-1.386545090485441223e-01	1.269796794726909539e-01	-6.584366932936408512e-02	7.447062494590279969e-02	-8.469739975612156080e-02	2.246243600253937933e-01	-1.854436101762511335e-01	9.167649006119241162e-02	-7.940732528179623995e-02	7.361819245804981926e-02	-4.187785478050269350e-01	2.704502260228354160e-01	-1.119084771051013921e-01	2.029639313152491464e-01	-3.471901067806935082e-01	1.000000000000003331e+00	-7.072237347983574285e-01	7.957075826915158134e-02	-1.835196644481295047e-01	1.881697910993928857e-01	-1.459753353734850323e-01	1.539393879602170834e-01	-9.435778630542476786e-02	8.728426156896054722e-02	-8.765733531688744973e-02	1.302002771512235368e-01	-1.090896817277084013e-01	1.199204971394679797e-01	-7.941145368304104724e-02	8.139047201711029078e-02	-7.749556144801111879e-02	9.732077385513006329e-02	-4.652602425571969458e-02	5.468568990888431069e-02	-6.013551124107049256e-02	7.310724926616674058e-02	-6.747474566711558763e-02	4.144958458757719288e-02	-6.134931320298710189e-02	7.019316784122955899e-02	-9.409849209163451134e-02	5.815601074086221289e-02
-7.543896910520467292e-02	7.993080719522961675e-02	-1.898872203451942298e-01	1.468888718057141662e-01	-1.477333412836376869e-01	7.319577159015412671e-02	-8.227838024963500529e-02	8.765352149641431057e-02	-2.534968884050957105e-01	1.960304117056759776e-01	-1.041474313841984495e-01	8.361254869807148438e-02	-7.600562650737302528e-02	2.755126040655005437e-01	-4.075810069656175538e-01	1.176280644900197514e-01	-2.155620210960113858e-01	2.330676115748662458e-01	-7.072237347983574285e-01	1.000000000000002442e+00	-8.693744477412815308e-02	1.840670601697977360e-01	-2.162636286631353655e-01	1.646868816995457896e-01	-2.223731690170251407e-01	1.028436654171998865e-01	-9.997450808840001313e-02	1.006830541985532235e-01	-1.625710942533036829e-01	1.335445880676094099e-01	-1.403653797118753210e-01	9.035221421596417724e-02	-9.618152307433175396e-02	9.186236568121222690e-02	-1.226136931628644261e-01	5.370830385170567017e-02	-6.353984255959041483e-02	7.031147970054510421e-02	-8.785554309986691457e-02	8.054372963492270610e-02	-4.827520338899773944e-02	7.065440229402530914e-02	-8.359215619394330665e-02	1.093319254200475488e-01	-7.003104946546322152e-02
5.606154655776559442e-02	-6.051821047609827475e-02	8.619326752692649252e-02	-4.575824148665819796e-02	4.434536997982156670e-02	-7.682953780782406095e-02	6.390100459169510694e-02	-6.092233004759315534e-02	6.070315293480325197e-02	-5.716185269670510938e-02	1.160774554224399263e-01	-7.001647518412609794e-02	4.978587012653061528e-02	-5.655336016543743155e-02	7.192647880657535020e-02	-7.252378826731257222e-01	1.570990690752681607e-01	-1.224071011588011015e-01	7.957075826915158134e-02	-8.693744477412815308e-02	1.000000000000002220e+00	-1.790746321344973135e-01	1.163670186178394489e-01	-7.688319922820784080e-02	8.044289779868109280e-02	-5.602642045375477720e-01	8.972456621007174338e-02	-7.710341763988748376e-02	8.975991060176029268e-02	-6.592956860273323227e-02	2.909216644459222123e-01	-8.165288093679318182e-02	7.472977265485981901e-02	-6.095433717107293786e-02	6.766244874793864161e-02	-5.862439997880273396e-02	5.574239599683308843e-02	-5.590900566486776274e-02	5.862383529678325683e-02	-4.832452560967760713e-02	5.309381035626144912e-02	-6.158017861498736589e-02	6.700451788733785552e-02	-6.746158493741911955e-02	4.246472321089429791e-02
-6.396036720560761835e-02	6.690512078638614912e-02	-1.258184930916547706e-01	7.545855302578909074e-02	-7.386863995392332904e-02	7.138339581414550328e-02	-7.857695493642555262e-02	8.057150883554919929e-02	-1.094514503754463464e-01	9.717175355783094770e-02	-1.057617048664886150e-01	8.588530170953335985e-02	-7.352811801547304293e-02	1.101239477030114267e-01	-1.346086712257785756e-01	1.959036039978617749e-01	-5.342368523003148129e-01	3.027769463424962448e-01	-1.835196644481295047e-01	1.840670601697977360e-01	-1.790746321344973135e-01	1.000000000000004663e+00	-5.456956551123647303e-01	2.369792994438980061e-01	-2.473433901960266912e-01	1.627199277362194052e-01	-2.796665885713174871e-01	1.942561816096504690e-01	-2.490268580505390350e-01	1.720119027192004990e-01	-2.161669862199234737e-01	1.794958306375901702e-01	-1.758301667196905116e-01	1.389946714805921357e-01	-1.633486512952646574e-01	8.407586550448219176e-02	-1.093392511969668301e-01	1.104955543413320834e-01	-1.321448532782372454e-01	1.093476852513575043e-01	-7.594671104687231167e-02	1.151124792809821162e-01	-1.282689079060606030e-01	1.449418542676729760e-01	-9.462994837512173074e-02
5.648225368951666214e-02	-5.997554952091748576e-02	1.138885242444361151e-01	-7.266608212971123471e-02	7.033381482337608404e-02	-6.283639654357826843e-02	7.008853277391591252e-02	-7.908428960351832071e-02	1.048436385124632692e-01	-9.634612530335438796e-02	8.966156107122712215e-02	-7.911964527134734970e-02	7.197156118665562485e-02	-1.139554774444393320e-01	1.296434812413024829e-01	-1.553684686350971789e-01	2.868005708592555325e-01	-4.590342139490323214e-01	1.881697910993928857e-01	-2.162636286631353655e-01	1.163670186178394489e-01	-5.456956551123647303e-01	1.000000000000003775e+00	-4.820183325168882482e-01	2.575830464223985428e-01	-1.305929726251557066e-01	1.693594742149441279e-01	-1.792517885166236835e-01	2.325446403319738342e-01	-1.896496183590999085e-01	1.568214689184186661e-01	-1.464123894963813011e-01	1.441942032527401829e-01	-1.307174074549690423e-01	1.526969069330912920e-01	-7.123156882094930364e-02	9.033196962505299354e-02	-9.672799808156232193e-02	1.183064415712117567e-01	-1.076045269888775135e-01	6.265737623771731879e-02	-1.001229276642682658e-01	1.077411972636541093e-01	-1.466684637169420602e-01	9.015525040563802939e-02
-4.231140511794753700e-02	4.458574187934655209e-02	-8.991396831534445577e-02	5.625373159459830935e-02	-5.527658678345432480e-02	4.517790980767179970e-02	-4.938287976845711497e-02	5.271093971102015080e-02	-8.262194075664842929e-02	7.397385737800467320e-02	-6.504935338291110980e-02	5.318454784230514099e-02	-4.671956652719277958e-02	8.519009251128906168e-02	-1.054174370901626717e-01	1.025763872817911093e-01	-1.685521389076022891e-01	1.939997697899575879e-01	-1.459753353734850323e-01	1.646868816995457896e-01	-7.688319922820784080e-02	2.369792994438980061e-01	-4.820183325168882482e-01	1.000000000000003775e+00	-6.442193022263703606e-01	9.373268893056398154e-02	-1.411714742738569006e-01	1.602065907739281814e-01	-4.169913110103377618e-01	2.656920400878418631e-01	-1.201865960732484834e-01	1.235676214280381352e-01	-1.415635392650496927e-01	1.457833872053697077e-01	-1.978543879809898098e-01	6.224455228789455702e-02	-8.195708948772623126e-02	9.242841782688734908e-02	-1.313127723062616770e-01	1.232723725195213893e-01	-5.503123984552049652e-02	8.969556646458119731e-02	-1.041848855843746785e-01	1.575323388613333875e-01	-1.017423477905440576e-01
4.591064864505853965e-02	-4.860270257494968271e-02	9.852926775043241436e-02	-6.224476892792961402e-02	6.113191082004754834e-02	-4.882652734330402561e-02	5.278765845364891129e-02	-5.656635468228347896e-02	9.033452702542212054e-02	-8.302615852550758457e-02	6.970940307667136682e-02	-5.684872604372428334e-02	4.909960785346790396e-02	-9.416172898667038438e-02	1.173673972461357351e-01	-1.101844205062989662e-01	1.586075459530064402e-01	-1.929461935288080410e-01	1.539393879602170834e-01	-2.223731690170251407e-01	8.044289779868109280e-02	-2.473433901960266912e-01	2.575830464223985428e-01	-6.442193022263703606e-01	1.000000000000004441e+00	-1.016486007909438022e-01	1.379762127018168139e-01	-1.598952142904795370e-01	2.969346247699839458e-01	-5.027971135317025331e-01	1.256616637443803697e-01	-1.304663296567429021e-01	1.410867791427392604e-01	-1.612904821988011828e-01	2.309967871216632718e-01	-6.851244849650572899e-02	8.812342510822156194e-02	-1.019257516876731079e-01	1.418521557104127639e-01	-1.560228623166497186e-01	5.978916539174985306e-02	-9.902191148246300423e-02	1.120673949583346207e-01	-2.013171942856568364e-01	1.215304590548578756e-01
-6.576594315902800636e-02	6.824487930566047744e-02	-1.143800226995464325e-01	5.842638268507115845e-02	-5.735656969597129756e-02	7.743088840834340403e-02	-7.156338943539733433e-02	6.678806243648881258e-02	-7.743298142254692595e-02	7.211676989229641455e-02	-1.229523039209582808e-01	7.404114744954222449e-02	-5.517199089581938110e-02	6.941080027323776047e-02	-9.260721833934089375e-02	3.072210563555098362e-01	-1.512005177670553424e-01	1.213210498694761857e-01	-9.435778630542476786e-02	1.028436654171998865e-01	-5.602642045375477720e-01	1.627199277362194052e-01	-1.305929726251557066e-01	9.373268893056398154e-02	-1.016486007909438022e-01	1.000000000000003997e+00	-1.330329847546723454e-01	1.076820702910190886e-01	-1.209628247301134524e-01	8.732668939895157911e-02	-6.884650370057506796e-01	1.227846417179764005e-01	-1.107769909340055592e-01	8.667192095741368951e-02	-9.385408839444202289e-02	9.944542029217000312e-02	-8.652102212544153514e-02	8.405086699432427755e-02	-8.442911672049481508e-02	6.740704274861929191e-02	-9.183048845718980169e-02	9.436279013456611020e-02	-1.030672730483735144e-01	9.399916497730120835e-02	-5.970406715985949325e-02
3.700642159039618795e-02	-3.904275400119031764e-02	7.459406407039799458e-02	-4.284159512899624045e-02	4.214293860030791927e-02	-4.079271725027164980e-02	4.217167023889908245e-02	-4.311606166084305802e-02	5.974862522207999294e-02	-5.544578551422212759e-02	5.925604418032441589e-02	-4.520303619242581339e-02	3.708964856942197075e-02	-5.822717173577442867e-02	7.411363580522728478e-02	-1.145347690767600235e-01	1.420893464333803091e-01	-1.258407720494847948e-01	8.728426156896054722e-02	-9.997450808840001313e-02	8.972456621007174338e-02	-2.796665885713174871e-01	1.693594742149441279e-01	-1.411714742738569006e-01	1.379762127018168139e-01	-1.330329847546723454e-01	1.000000000000003553e+00	-5.783754276549070150e-01	2.139104113109536465e-01	-1.461692996093678643e-01	1.576877871009214338e-01	-6.105939658067718323e-01	3.106964168403676951e-01	-1.799891979589734736e-01	1.436024596499871075e-01	-1.136016658942593793e-01	1.890963809881319180e-01	-1.635024104816147905e-01	1.553095012461571667e-01	-1.112028142016988075e-01	9.744104635440044293e-02	-1.932068559717463052e-01	1.583313383601381297e-01	-1.495695639083427508e-01	9.338565893881455027e-02
-3.580572896096691909e-02	3.762725478668597218e-02	-7.399436938420003718e-02	4.263146932255575117e-02	-4.204376994829726183e-02	3.870345699133425493e-02	-4.046121583224941698e-02	4.136130906332607937e-02	-5.980237937140222421e-02	5.519219998820559109e-02	-5.629226857856749200e-02	4.299886707018123894e-02	-3.564124347393807235e-02	5.812992545089310653e-02	-7.470729455776850547e-02	9.964883841721609847e-02	-1.290849200714488942e-01	1.196723579823631284e-01	-8.765733531688744973e-02	1.006830541985532235e-01	-7.710341763988748376e-02	1.942561816096504690e-01	-1.792517885166236835e-01	1.602065907739281814e-01	-1.598952142904795370e-01	1.076820702910190886e-01	-5.783754276549070150e-01	1.000000000000002887e+00	-3.577983438362646318e-01	1.751047096858120433e-01	-1.427077243664333916e-01	3.076649473627396381e-01	-5.831988576052934414e-01	2.194534984037427305e-01	-1.765461748714937384e-01	9.392664455062817164e-02	-1.524571329536321407e-01	1.443728736936766566e-01	-1.934440338533907344e-01	1.273748618562649815e-01	-8.366325185750558835e-02	1.489035296993204693e-01	-1.554372840480990337e-01	1.630328446055624991e-01	-1.075773278693132884e-01
4.875831643936295867e-02	-5.146184699962708109e-02	1.034198028733335495e-01	-6.149253057406491030e-02	6.052790341716816902e-02	-5.198569477120032478e-02	5.503057138701809847e-02	-5.763067615484861878e-02	8.637985054975920451e-02	-8.107132580488705942e-02	7.455178908367986190e-02	-5.882111247752650623e-02	4.946166574164066743e-02	-8.615885336271197903e-02	1.090201256299039717e-01	-1.229347673158956711e-01	1.570086718210481902e-01	-1.756068828205321064e-01	1.302002771512235368e-01	-1.625710942533036829e-01	8.975991060176029268e-02	-2.490268580505390350e-01	2.325446403319738342e-01	-4.169913110103377618e-01	2.969346247699839458e-01	-1.209628247301134524e-01	2.139104113109536465e-01	-3.577983438362646318e-01	1.000000000000003997e+00	-5.090331832631498354e-01	1.500548867787638574e-01	-2.050637102914785737e-01	2.365062424201144209e-01	-3.134906032990503189e-01	2.774087257600192924e-01	-9.644854513341308277e-02	1.304175373753022060e-01	-1.522840121614732201e-01	2.222166457698971365e-01	-2.147126542652509351e-01	8.343804023151199512e-02	-1.455385909182349558e-01	1.598794933644250016e-01	-2.887423324378612932e-01	1.662077762700426842e-01
-3.771733419427012596e-02	3.962900790536192513e-02	-8.160930358622237035e-02	4.889454675488678903e-02	-4.835144139427931947e-02	3.960535185489113402e-02	-4.222988591949361492e-02	4.390044339936730045e-02	-7.008464091234871407e-02	6.407292584279807024e-02	-5.709456886243922946e-02	4.463895174351411449e-02	-3.782933803817203205e-02	6.951218957443643098e-02	-9.018507792742049001e-02	8.936455368214174522e-02	-1.199435903854346314e-01	1.299641274831817017e-01	-1.090896817277084013e-01	1.335445880676094099e-01	-6.592956860273323227e-02	1.720119027192004990e-01	-1.896496183590999085e-01	2.656920400878418631e-01	-5.027971135317025331e-01	8.732668939895157911e-02	-1.461692996093678643e-01	1.751047096858120433e-01	-5.090331832631498354e-01	1.000000000000003331e+00	-1.140721520562545249e-01	1.348462292066808232e-01	-1.662916694843387944e-01	1.978150755109689407e-01	-5.434637914602130637e-01	6.906434825375820652e-02	-9.419474860137885819e-02	1.121974558130707511e-01	-1.823928201037814667e-01	2.048656635600465681e-01	-6.101086097179909962e-02	1.025685119034345921e-01	-1.261243405450522270e-01	2.208436198252728133e-01	-1.646347282517818811e-01
8.267721018645608766e-02	-8.996903201929778993e-02	1.436934900944829563e-01	-7.559426160066802514e-02	7.395925502180758504e-02	-1.013192921920101075e-01	9.107209391663441400e-02	-8.966574128087115292e-02	9.884865487175216459e-02	-9.585692151516324311e-02	1.437877561902727863e-01	-9.878733589460240994e-02	7.179633122718902249e-02	-9.035388596583666942e-02	1.185144633338230530e-01	-4.271728974725324535e-01	1.767650434291170580e-01	-1.601302549689817833e-01	1.199204971394679797e-01	-1.403653797118753210e-01	2.909216644459222123e-01	-2.161669862199234737e-01	1.568214689184186661e-01	-1.201865960732484834e-01	1.256616637443803697e-01	-6.884650370057506796e-01	1.576877871009214338e-01	-1.427077243664333916e-01	1.500548867787638574e-01	-1.140721520562545249e-01	1.000000000000003997e+00	-1.826812037984569537e-01	1.422044405175640902e-01	-1.175327789709312704e-01	1.201624405379925764e-01	-1.668605689427916094e-01	1.207331752401495789e-01	-1.183482838830035022e-01	1.114888387214186954e-01	-9.175785643791388446e-02	1.280682236503349891e-01	-1.397696505742292428e-01	1.349108623207455615e-01	-1.335087261036938255e-01	8.032698640909524679e-02
-3.517831781681398512e-02	3.702730470901374055e-02	-7.153955682897353285e-02	4.039096975816956758e-02	-3.985785453425148145e-02	3.846033216183931958e-02	-3.943207766222526361e-02	3.984708065091415591e-02	-5.613348520313416606e-02	5.196039283713688173e-02	-5.598818363612675930e-02	4.182053364096953441e-02	-3.402832397539676951e-02	5.373935405587482173e-02	-6.975909550811218440e-02	1.060654133517465181e-01	-1.207838624958127438e-01	1.065270543232226530e-01	-7.941145368304104724e-02	9.035221421596417724e-02	-8.165288093679318182e-02	1.794958306375901702e-01	-1.464123894963813011e-01	1.235676214280381352e-01	-1.304663296567429021e-01	1.227846417179764005e-01	-6.105939658067718323e-01	3.076649473627396381e-01	-2.050637102914785737e-01	1.348462292066808232e-01	-1.826812037984569537e-01	1.000000000000000666e+00	-5.245173782599711343e-01	1.996090173146729818e-01	-1.524686077616878299e-01	1.287555552850250529e-01	-3.409854444478615521e-01	1.936086827604512339e-01	-1.878724973505077889e-01	1.148235535195575169e-01	-1.178205538786111783e-01	2.195103884854244236e-01	-1.995877512937958009e-01	1.482872747064241103e-01	-9.864002019438425362e-02
3.513265551666568814e-02	-3.704770499650157645e-02	7.249714096923955131e-02	-4.136150994038953477e-02	4.079671164392978389e-02	-3.809964169700862796e-02	3.926053981131864823e-02	-4.008974159831281414e-02	5.737916439153623038e-02	-5.364698664103110387e-02	5.505525096960857401e-02	-4.172451980217426609e-02	3.412899772588163377e-02	-5.541796124169648396e-02	7.158426360558559076e-02	-1.007651781260985452e-01	1.125457099552975432e-01	-1.091535021420566298e-01	8.139047201711029078e-02	-9.618152307433175396e-02	7.472977265485981901e-02	-1.758301667196905116e-01	1.441942032527401829e-01	-1.415635392650496927e-01	1.410867791427392604e-01	-1.107769909340055592e-01	3.106964168403676951e-01	-5.831988576052934414e-01	2.365062424201144209e-01	-1.662916694843387944e-01	1.422044405175640902e-01	-5.245173782599711343e-01	1.000000000000004219e+00	-3.835841543555846833e-01	1.763786187143413231e-01	-1.152506252179043705e-01	1.888245439466885167e-01	-1.840971395679965039e-01	2.268308006001898691e-01	-1.441541119555250494e-01	9.882548248781716782e-02	-1.953452400327703731e-01	1.745061328365647701e-01	-1.878136524408103303e-01	1.176861419834203670e-01
-3.246187695685102959e-02	3.402792388172316829e-02	-6.929457248979117856e-02	3.942924865558613406e-02	-3.904498948543213416e-02	3.427844238866988025e-02	-3.571479486762951794e-02	3.635544054002640135e-02	-5.500313810868922432e-02	5.101002473596812775e-02	-4.966563455570251889e-02	3.750649891237739508e-02	-3.096039443356565085e-02	5.273155949436716949e-02	-6.930818597708229833e-02	8.241829243209083944e-02	-9.595285689552805752e-02	9.646802763590019147e-02	-7.749556144801111879e-02	9.186236568121222690e-02	-6.095433717107293786e-02	1.389946714805921357e-01	-1.307174074549690423e-01	1.457833872053697077e-01	-1.612904821988011828e-01	8.667192095741368951e-02	-1.799891979589734736e-01	2.194534984037427305e-01	-3.134906032990503189e-01	1.978150755109689407e-01	-1.175327789709312704e-01	1.996090173146729818e-01	-3.835841543555846833e-01	1.000000000000002665e+00	-3.077328978396504655e-01	9.166205746825657752e-02	-1.505520077736226814e-01	1.963046008724692593e-01	-7.040681743382221081e-01	2.210068489539113168e-01	-8.248330210293561282e-02	1.466450479627869063e-01	-2.076284362182524434e-01	2.400010691069711100e-01	-1.837477340110695856e-01
