1.000000000000000222e+00	-5.606179135153865900e-01	2.589395166842579643e-01	-1.159051026279026980e-01	9.407871888968091789e-02	-6.809574874479973339e-01	2.610097090302859746e-01	-2.915078154737326677e-01	9.974748558364936180e-02	-6.633120360027998375e-02	1.649822265744185223e-01	-1.432567646571340780e-01	6.080767807323437385e-02	-4.964079568284307520e-02	4.923421537776153517e-02	-1.072138752388897415e-01	1.055143718888209015e-01	-4.846469695196994193e-02	4.978261859975206122e-02	-6.137294175891887249e-02	4.764129024924041583e-02	-4.583311066585777499e-02	4.378784789692687085e-02	-4.562547765444988079e-02	4.952558471479161228e-02	-3.886593301506165166e-02	3.779634534438324617e-02	-4.949386672505665802e-02	3.426978734890252787e-02	-3.328035341770272521e-02	3.383894394148342227e-02	-3.343906227193218367e-02	4.316100197733176852e-02	-2.880042983458149311e-02	2.299926159348289825e-02	-2.261700424468664899e-02	2.597154923661980364e-02	-2.140938316199747851e-02	2.934877495524454774e-02	-2.971047919316308072e-02	2.279952428111263821e-02	-2.786618161482070852e-02	2.627280949746586824e-02	-2.076559292248269725e-02	2.622056558532740583e-02
-5.606179135153865900e-01	1.000000000000000222e+00	-6.293453453713444556e-01	1.774050079375958100e-01	-1.531592538427859751e-01	2.810186453469890044e-01	-2.951340999909217166e-01	2.767645706012148987e-01	-1.604621782459771939e-01	9.868391263815148862e-02	-1.734653030859906186e-01	1.369569661957692475e-01	-6.934479005367873150e-02	6.256287545688531126e-02	-6.540125943529405406e-02	1.025559457524956308e-01	-1.118624579237350314e-01	5.404165613930206336e-02	-6.118502891062276017e-02	7.557136280510824700e-02	-4.949800873589390443e-02	4.829870286161613846e-02	-4.795954100039363094e-02	5.022814380722135513e-02	-5.584638471047960462e-02	4.010569002342010553e-02	-4.011323442445429571e-02	5.249916218808583362e-02	-3.738075607691524610e-02	3.641869101485892268e-02	-3.570846601770467921e-02	3.516637639900523776e-02	-4.658979773674869207e-02	3.129885284810191709e-02	-2.512053926941818296e-02	2.388924684028724890e-02	-2.759350231985931157e-02	2.290911859655348284e-02	-3.200516529453027725e-02	3.231030607288142009e-02	-2.424218164066758649e-02	2.945717840372888419e-02	-2.820699010140932661e-02	2.256240841230370414e-02	-2.858606241220906785e-02
2.589395166842579643e-01	-6.293453453713444556e-01	1.000000000000000444e+00	-3.259857863870183614e-01	1.763491324604215260e-01	-2.778846274992378129e-01	2.538709830985606541e-01	-5.162680134800942122e-01	1.871086156391262023e-01	-1.232379098555579505e-01	1.496394673674257547e-01	-1.323466013413454601e-01	7.982671678089688083e-02	-7.425169468454138888e-02	7.637379953153507206e-02	-1.048270787252186392e-01	1.057641712468099376e-01	-6.349744927421807628e-02	6.996260889824677809e-02	-9.027107473107723323e-02	5.200465287937499487e-02	-5.212495298835477520e-02	5.245388456017698042e-02	-5.574151460053481527e-02	6.131654904542083867e-02	-4.267383980767101848e-02	4.313139952384881237e-02	-5.732553982937692305e-02	4.082590223642078991e-02	-4.011566072397432930e-02	3.807408482457423637e-02	-3.776569396653471633e-02	5.016748460123870990e-02	-3.422811075601760872e-02	2.752875556604760660e-02	-2.565135594836390892e-02	2.964640623305758380e-02	-2.467039174280109132e-02	3.484397257492699573e-02	-3.548175559155288677e-02	2.599098780290213379e-02	-3.172977767803560056e-02	3.035237571877416260e-02	-2.461959598207843700e-02	3.112251242256997008e-02
-1.159051026279026980e-01	1.774050079375958100e-01	-3.259857863870183614e-01	1.000000000000000000e+00	-5.869957384017359114e-01	1.179080188014279135e-01	-1.184108374109356793e-01	1.763810747538509249e-01	-6.247510339170573301e-01	3.044974098417916886e-01	-8.551295439024025891e-02	7.088450710020449685e-02	-8.528541520172013002e-02	1.242012645844409041e-01	-1.445259090727955831e-01	6.762500745495755861e-02	-6.797002804835117207e-02	6.767276389933037095e-02	-1.045559864181776905e-01	1.420237758290538999e-01	-4.437788249223715425e-02	4.837298017379836751e-02	-5.414338563834577428e-02	6.061259396527754473e-02	-7.021802964668948099e-02	3.681555368066806444e-02	-4.041568911325357089e-02	5.510807321206401960e-02	-4.219628424648134285e-02	4.253798882945810517e-02	-3.461657244086176199e-02	3.456643607204749197e-02	-4.879676236838795950e-02	3.509015707574670434e-02	-2.872502578171535689e-02	2.364716885284830206e-02	-2.772728071589028453e-02	2.354985258911736906e-02	-3.564034365509839014e-02	3.671188382964286206e-02	-2.422448840505075571e-02	2.947622209217021921e-02	-2.911940719541355679e-02	2.506670474751697408e-02	-3.178970453229131021e-02
9.407871888968091789e-02	-1.531592538427859751e-01	1.763491324604215260e-01	-5.869957384017359114e-01	1.000000000000000000e+00	-1.072736554307735513e-01	9.907033662714882782e-02	-1.566418620118741889e-01	3.319055899859014724e-01	-6.494326229928941707e-01	7.669101976336208104e-02	-6.484138707065710550e-02	9.068301116865222500e-02	-1.554802298335807020e-01	1.880167514912903792e-01	-6.699683952666701803e-02	6.455608658346770334e-02	-7.527562899633455373e-02	1.179829599752453967e-01	-2.048421283179041041e-01	4.743360426284853187e-02	-5.340083504577582824e-02	6.017558436392173721e-02	-6.977474499933554453e-02	8.112673256284363976e-02	-3.985818048433917293e-02	4.453387238875034654e-02	-6.204102745276992431e-02	4.771748209186729706e-02	-4.926718068699441344e-02	3.772812014968360272e-02	-3.798451461148671937e-02	5.401885028476912515e-02	-3.988479999418999278e-02	3.285517389027986512e-02	-2.599065774314977817e-02	3.052882064248208654e-02	-2.604456942979043593e-02	4.020253010959656814e-02	-4.214321433638370390e-02	2.659239180524311172e-02	-3.253887530992141675e-02	3.217569626324748300e-02	-2.839792707214261469e-02	3.587385414698267272e-02
-6.809574874479973339e-01	2.810186453469890044e-01	-2.778846274992378129e-01	1.179080188014279135e-01	-1.072736554307735513e-01	1.000000000000000444e+00	-4.926557179178270851e-01	2.706490807017810085e-01	-1.132183994147200473e-01	7.272316464454045559e-02	-2.679514572518069682e-01	1.943658540314788519e-01	-6.875951584140611861e-02	5.473123623566052837e-02	-5.476597759301598395e-02	1.301324770408143205e-01	-1.408685093557246748e-01	5.384720419368616701e-02	-5.589104557505314430e-02	6.695996576716521653e-02	-5.629260105867068403e-02	5.303507062836854830e-02	-5.019607104452908364e-02	5.170820005087015808e-02	-5.630303568496983907e-02	4.531818900997310051e-02	-4.366411154025651858e-02	5.638538784263884968e-02	-3.904023537149804018e-02	3.766773221527947024e-02	-3.931480949839530337e-02	3.860558728992561500e-02	-4.949979969792312612e-02	3.274435879049900078e-02	-2.610404674074547071e-02	2.606127198254171162e-02	-2.990281428252493032e-02	2.457631653112917619e-02	-3.341355540757414561e-02	3.364949643681640346e-02	-2.628492602623960436e-02	3.201128543332515397e-02	-3.015598755191910285e-02	2.360395366353176469e-02	-2.983393339092784563e-02
2.610097090302859746e-01	-2.951340999909217166e-01	2.538709830985606541e-01	-1.184108374109356793e-01	9.907033662714882782e-02	-4.926557179178270851e-01	1.000000000000000000e+00	-6.296745619186050469e-01	1.075508620259973819e-01	-7.245279811573200612e-02	2.525905639475255482e-01	-3.530809136643367485e-01	8.535754321933540500e-02	-6.117590747599641054e-02	5.831173545270346842e-02	-1.620695788140732729e-01	1.728708629418110598e-01	-6.814557766839855757e-02	6.285426843151768750e-02	-7.509289510686183167e-02	6.665118452286324102e-02	-6.308589770163046395e-02	5.884861407848791109e-02	-6.050339570586906607e-02	6.422097696982410897e-02	-5.394301806150748890e-02	5.125741532781048077e-02	-6.636178553631325028e-02	4.524655242277250689e-02	-4.362044400257061166e-02	4.609795475818537908e-02	-4.543096164979861656e-02	5.715499217028113116e-02	-3.797549937073565335e-02	3.019374542680205303e-02	-3.051832138356120813e-02	3.489520065927426140e-02	-2.854759998481614172e-02	3.854064523455895397e-02	-3.900032557206381534e-02	3.062955230131691325e-02	-3.747191504004586393e-02	3.492859192733246965e-02	-2.729533234321915997e-02	3.439042712795955387e-02
-2.915078154737326677e-01	2.767645706012148987e-01	-5.162680134800942122e-01	1.763810747538509249e-01	-1.566418620118741889e-01	2.706490807017810085e-01	-6.296745619186050469e-01	9.999999999999990008e-01	-1.750875090471733508e-01	1.073932214928472184e-01	-2.438953038898476477e-01	2.043663275849704752e-01	-1.146739640949340361e-01	7.920572648804624638e-02	-7.826659324787682559e-02	1.387081199092067563e-01	-1.631933514257122297e-01	8.332972577756878052e-02	-8.056381638224449637e-02	9.447907182356413136e-02	-6.627824851939079220e-02	6.494425651988133819e-02	-6.507751916592229013e-02	6.696804620904130145e-02	-7.261295720906338347e-02	5.341390660113137789e-02	-5.332216369572036901e-02	6.946312513267585698e-02	-4.916344346327411463e-02	4.761916219018814261e-02	-4.737313683925135216e-02	4.658179881743679945e-02	-6.105774047377261066e-02	4.106634241118883866e-02	-3.286590788370494925e-02	3.152357138741187365e-02	-3.637217390206828882e-02	3.009876737157417964e-02	-4.184350427319799559e-02	4.224806050919654304e-02	-3.194800974038098512e-02	3.880841725490206950e-02	-3.701084920071941869e-02	2.950349540163155898e-02	-3.732990672997933690e-02
9.974748558364936180e-02	-1.604621782459771939e-01	1.871086156391262023e-01	-6.247510339170573301e-01	3.319055899859014724e-01	-1.132183994147200473e-01	1.075508620259973819e-01	-1.750875090471733508e-01	9.999999999999995559e-01	-5.936272256830390504e-01	8.146065058935707259e-02	-6.904968144136984509e-02	9.829179411332504557e-02	-1.895198079523074397e-01	1.933483766811625593e-01	-7.026095844364688148e-02	6.813382714468736723e-02	-8.191650317003214277e-02	1.316046272669349482e-01	-2.032610891543250031e-01	4.950764439831052688e-02	-5.579709267207084294e-02	6.334541891532281810e-02	-7.317450893148551294e-02	8.387292536289889244e-02	-4.150147292607856558e-02	4.634405191407627717e-02	-6.430653966504294716e-02	4.954688114208638527e-02	-5.079730437944741939e-02	3.923005569024144018e-02	-3.945454053286118895e-02	5.591554378544971032e-02	-4.128021099084654838e-02	3.394251514820305349e-02	-2.695093892148837933e-02	3.165147274284153128e-02	-2.697083705978437634e-02	4.157843899407982075e-02	-4.346647114825464425e-02	2.757146550252799477e-02	-3.371011310830631519e-02	3.330952555976740559e-02	-2.933785784696578761e-02	3.707045460566806006e-02
-6.633120360027998375e-02	9.868391263815148862e-02	-1.232379098555579505e-01	3.044974098417916886e-01	-6.494326229928941707e-01	7.272316464454045559e-02	-7.245279811573200612e-02	1.073932214928472184e-01	-5.936272256830390504e-01	9.999999999999991118e-01	-5.977310896969788984e-02	4.939500775520058728e-02	-9.191732403237523608e-02	1.710424013378859520e-01	-3.005732718137961723e-01	5.350818846878619556e-02	-5.237407035488834961e-02	7.481491770739687186e-02	-1.313438941440172869e-01	1.999756942811337368e-01	-4.191358776270812797e-02	4.832197020482987410e-02	-5.692617578779493592e-02	6.601236673905579166e-02	-7.802002244617613214e-02	3.510870064080009317e-02	-4.015036702657864831e-02	5.572131992610122181e-02	-4.409532364488933515e-02	4.529977583193069840e-02	-3.367895220390422495e-02	3.386914127423123339e-02	-4.870660837437264246e-02	3.650446949904675997e-02	-3.018128770802962560e-02	2.313672734992290939e-02	-2.728892012380852022e-02	2.336818266865592006e-02	-3.677329166655182724e-02	3.840677863817173326e-02	-2.374369581407297092e-02	2.896803630398035040e-02	-2.889277870406435286e-02	2.585632591233724339e-02	-3.274439838894368376e-02
1.649822265744185223e-01	-1.734653030859906186e-01	1.496394673674257547e-01	-8.551295439024025891e-02	7.669101976336208104e-02	-2.679514572518069682e-01	2.525905639475255482e-01	-2.438953038898476477e-01	8.146065058935707259e-02	-5.977310896969788984e-02	9.999999999999990008e-01	-7.214101766829542628e-01	1.011725717778947653e-01	-6.952700966508118530e-02	6.295651911650138044e-02	-4.084668609059168842e-01	2.994107210425168142e-01	-8.433705381490436137e-02	7.591340083704013753e-02	-8.823321945802721500e-02	1.311541242919687655e-01	-1.155410176531350558e-01	9.537521540524962482e-02	-9.695995939468134150e-02	9.937681014937904678e-02	-1.064525553001381269e-01	9.236612108575008306e-02	-1.172484900306876160e-01	7.505984261417569803e-02	-7.132566659959219124e-02	8.514611463902263533e-02	-8.403283208541346971e-02	9.779408459193279779e-02	-6.334355761646823235e-02	4.972523731730214142e-02	-5.560973983790554881e-02	6.256434543778217894e-02	-5.006531244169127454e-02	6.384256245349956282e-02	-6.459340713735971240e-02	5.485792762193181238e-02	-6.784906611286498079e-02	6.068036655785301325e-02	-4.550241206616728595e-02	5.693551909255806232e-02
-1.432567646571340780e-01	1.369569661957692475e-01	-1.323466013413454601e-01	7.088450710020449685e-02	-6.484138707065710550e-02	1.943658540314788519e-01	-3.530809136643367485e-01	2.043663275849704752e-01	-6.904968144136984509e-02	4.939500775520058728e-02	-7.214101766829542628e-01	9.999999999999988898e-01	-9.463439627866336579e-02	5.653982053208891911e-02	-5.084361327775367007e-02	2.728393987819908162e-01	-4.675935949898949451e-01	7.420088919889390733e-02	-6.246523700459191003e-02	6.979286387901505184e-02	-9.667042502622651134e-02	8.515087927996235762e-02	-7.294841541054336576e-02	7.230621840361539654e-02	-7.450426101150293967e-02	7.556476744138859725e-02	-6.760111437486104879e-02	8.403870234901948677e-02	-5.512412195214983629e-02	5.209284566941264211e-02	-6.202286023911016827e-02	6.031962857322728522e-02	-7.140181142367221789e-02	4.620947081286469471e-02	-3.633025782276549931e-02	3.994400260631337379e-02	-4.520026932423402283e-02	3.626190173563764024e-02	-4.666315786890389006e-02	4.692639866500043777e-02	-3.973444561257702401e-02	4.855637319496852733e-02	-4.409005555034996304e-02	3.310302039703806598e-02	-4.154983128211728327e-02
6.080767807323437385e-02	-6.934479005367873150e-02	7.982671678089688083e-02	-8.528541520172013002e-02	9.068301116865222500e-02	-6.875951584140611861e-02	8.535754321933540500e-02	-1.146739640949340361e-01	9.829179411332504557e-02	-9.191732403237523608e-02	1.011725717778947653e-01	-9.463439627866336579e-02	9.999999999999982236e-01	-2.681809614786876406e-01	1.681170410388986014e-01	-1.120058259836435866e-01	1.082168164625827295e-01	-8.126145075531476802e-01	2.769394471226092613e-01	-2.763666848479365834e-01	1.046419317784678671e-01	-1.471528145472575932e-01	1.867894756580050220e-01	-1.898738615356031501e-01	1.590814047022447164e-01	-8.935817270276856517e-02	1.048948111077792344e-01	-1.494418908563691362e-01	1.072547043930446448e-01	-1.047038292846475122e-01	8.312900633822306595e-02	-8.553080331160327343e-02	1.124266697494404332e-01	-8.766979414336949217e-02	7.000114048951253110e-02	-5.628869224233989943e-02	6.587461076952844108e-02	-5.518385546169609496e-02	8.444728418874161702e-02	-8.969766377193870432e-02	5.679493950768657595e-02	-7.031376459404736767e-02	6.731498687570450223e-02	-5.993461095145587864e-02	7.447385478861606734e-02
-4.964079568284307520e-02	6.256287545688531126e-02	-7.425169468454138888e-02	1.242012645844409041e-01	-1.554802298335807020e-01	5.473123623566052837e-02	-6.117590747599641054e-02	7.920572648804624638e-02	-1.895198079523074397e-01	1.710424013378859520e-01	-6.952700966508118530e-02	5.653982053208891911e-02	-2.681809614786876406e-01	1.000000000000000000e+00	-5.633947059389756706e-01	7.316346480868521351e-02	-7.228507928711541686e-02	2.141260892118397596e-01	-6.427206128558518028e-01	3.153110699611855194e-01	-7.433287423094826762e-02	9.239054380625348617e-02	-1.259870570038321702e-01	1.430934066897039947e-01	-1.504490765688541176e-01	6.149373209551794311e-02	-7.414051323840586960e-02	1.008701553103325127e-01	-8.485629887796589110e-02	8.225432974286940591e-02	-6.015431684564331166e-02	6.033360750696072083e-02	-8.624351059711597711e-02	6.732624431287960454e-02	-5.520165968232137316e-02	4.062004747771947449e-02	-4.819795654222241987e-02	4.122833336209203586e-02	-6.683283134327754060e-02	6.882351171487847974e-02	-4.177019630074200324e-02	5.071274736744206535e-02	-5.085317307859600622e-02	4.645219068421849173e-02	-5.888935935888399420e-02
4.923421537776153517e-02	-6.540125943529405406e-02	7.637379953153507206e-02	-1.445259090727955831e-01	1.880167514912903792e-01	-5.476597759301598395e-02	5.831173545270346842e-02	-7.826659324787682559e-02	1.933483766811625593e-01	-3.005732718137961723e-01	6.295651911650138044e-02	-5.084361327775367007e-02	1.681170410388986014e-01	-5.633947059389756706e-01	9.999999999999981126e-01	-6.675719584068519341e-02	6.418803240280911149e-02	-1.468599547610400513e-01	2.810388739267292157e-01	-6.560216016827135066e-01	6.606049979649777915e-02	-8.165209053033314901e-02	1.011818376774063638e-01	-1.241188548451759854e-01	1.460695774679348913e-01	-5.587636632295225891e-02	6.665231425382638075e-02	-9.429182581867501245e-02	7.704374256115148478e-02	-8.152218210200683213e-02	5.452842997499611488e-02	-5.528507392306217932e-02	8.017518254118262411e-02	-6.352676186261958791e-02	5.307314107715801338e-02	-3.754866423312714502e-02	4.451177460118901225e-02	-3.833926322612900284e-02	6.285041154056125734e-02	-6.720160604111821701e-02	3.853296424368249373e-02	-4.718723204548783134e-02	4.730261101323894601e-02	-4.426764717773364055e-02	5.579208377961961812e-02
-1.072138752388897415e-01	1.025559457524956308e-01	-1.048270787252186392e-01	6.762500745495755861e-02	-6.699683952666701803e-02	1.301324770408143205e-01	-1.620695788140732729e-01	1.387081199092067563e-01	-7.026095844364688148e-02	5.350818846878619556e-02	-4.084668609059168842e-01	2.728393987819908162e-01	-1.120058259836435866e-01	7.316346480868521351e-02	-6.675719584068519341e-02	9.999999999999983347e-01	-7.322593084129440655e-01	9.249754541557754506e-02	-8.685442762221201596e-02	9.294138704277538077e-02	-3.117042406976885949e-01	1.744817431680335540e-01	-1.403585323323385536e-01	1.274456416592009422e-01	-1.346251731600172363e-01	1.717540401535988803e-01	-1.426141479714857219e-01	1.553538906181817503e-01	-1.023856826975204637e-01	9.294231610926284581e-02	-1.415624502691537612e-01	1.245694109348212397e-01	-1.410408290188382707e-01	8.489884367108531393e-02	-6.597398567386057733e-02	8.158580335549134310e-02	-9.204492672629124850e-02	7.188483704689262177e-02	-8.629201396877991814e-02	8.413167695446749361e-02	-8.227944338734119456e-02	9.582971524040242994e-02	-8.748169877900882629e-02	6.064097237299179155e-02	-7.644031556157085405e-02
1.055143718888209015e-01	-1.118624579237350314e-01	1.057641712468099376e-01	-6.797002804835117207e-02	6.455608658346770334e-02	-1.408685093557246748e-01	1.728708629418110598e-01	-1.631933514257122297e-01	6.813382714468736723e-02	-5.237407035488834961e-02	2.994107210425168142e-01	-4.675935949898949451e-01	1.082168164625827295e-01	-7.228507928711541686e-02	6.418803240280911149e-02	-7.322593084129440655e-01	9.999999999999986677e-01	-9.682414996144951547e-02	8.313192907638640439e-02	-9.183145847915433202e-02	1.881682381257788472e-01	-1.629186556120093554e-01	1.220870422574689140e-01	-1.204129784458265046e-01	1.199072105087782281e-01	-1.487079357294748549e-01	1.224209266683332770e-01	-1.488571575485202469e-01	9.301432995565413198e-02	-8.690121688616898876e-02	1.136564076527000061e-01	-1.111575383938021994e-01	1.220166794107043762e-01	-7.811961842900623509e-02	6.083768376246802279e-02	-7.213111076550419998e-02	8.051294833741229340e-02	-6.334822189926869740e-02	7.818169792387744121e-02	-7.876304646728994607e-02	7.056082119458659263e-02	-8.710068519862350367e-02	7.628841385643050921e-02	-5.571097177364954522e-02	6.949082700347919417e-02
-4.846469695196994193e-02	5.404165613930206336e-02	-6.349744927421807628e-02	6.767276389933037095e-02	-7.527562899633455373e-02	5.384720419368616701e-02	-6.814557766839855757e-02	8.332972577756878052e-02	-8.191650317003214277e-02	7.481491770739687186e-02	-8.433705381490436137e-02	7.420088919889390733e-02	-8.126145075531476802e-01	2.141260892118397596e-01	-1.468599547610400513e-01	9.249754541557754506e-02	-9.682414996144951547e-02	9.999999999999985567e-01	-4.175706070565117778e-01	2.023424272765011189e-01	-9.171637878768056085e-02	1.286772300674721425e-01	-2.205648181906684491e-01	1.677630041008069117e-01	-1.381541243552419640e-01	7.511617667201060666e-02	-9.059198146056159084e-02	1.212484862334732294e-01	-9.152902874330753891e-02	8.514845829990960735e-02	-7.067526642800024683e-02	7.147225382541450012e-02	-9.341563734633022420e-02	7.242373371876249799e-02	-5.757395638625985301e-02	4.657915640516831213e-02	-5.477101364065452976e-02	4.565550004488619362e-02	-6.992132725462565923e-02	7.245301295523923213e-02	-4.725403692545320639e-02	5.774547783922182737e-02	-5.574102046293601814e-02	4.900215640524827748e-02	-6.127099358850991717e-02
4.978261859975206122e-02	-6.118502891062276017e-02	6.996260889824677809e-02	-1.045559864181776905e-01	1.179829599752453967e-01	-5.589104557505314430e-02	6.285426843151768750e-02	-8.056381638224449637e-02	1.316046272669349482e-01	-1.313438941440172869e-01	7.591340083704013753e-02	-6.246523700459191003e-02	2.769394471226092613e-01	-6.427206128558518028e-01	2.810388739267292157e-01	-8.685442762221201596e-02	8.313192907638640439e-02	-4.175706070565117778e-01	9.999999999999986677e-01	-4.423048085016717534e-01	9.109965320803317668e-02	-1.206231426839972642e-01	1.623084313349640040e-01	-2.178104813652646243e-01	1.753955691162139563e-01	-7.656497953989897798e-02	9.242960248731667272e-02	-1.293612015897973866e-01	1.061229325628327280e-01	-1.033768365708106485e-01	7.386245532681645631e-02	-7.506496902983317288e-02	1.046803477047118375e-01	-8.472094544825449491e-02	6.849750263157532160e-02	-5.008240837279300667e-02	5.921828036046764693e-02	-5.045473894862000791e-02	8.160537783813763546e-02	-8.622403677706121095e-02	5.112519966214418288e-02	-6.268798928537382131e-02	6.190698508691738766e-02	-5.731408119004777896e-02	7.175017786043111356e-02
-6.137294175891887249e-02	7.557136280510824700e-02	-9.027107473107723323e-02	1.420237758290538999e-01	-2.048421283179041041e-01	6.695996576716521653e-02	-7.509289510686183167e-02	9.447907182356413136e-02	-2.032610891543250031e-01	1.999756942811337368e-01	-8.823321945802721500e-02	6.979286387901505184e-02	-2.763666848479365834e-01	3.153110699611855194e-01	-6.560216016827135066e-01	9.294138704277538077e-02	-9.183145847915433202e-02	2.023424272765011189e-01	-4.423048085016717534e-01	9.999999999999978906e-01	-9.681036707275610109e-02	1.169349286936228194e-01	-1.514302894839734959e-01	1.763960995777126561e-01	-2.657657578367685902e-01	8.056044391758031276e-02	-9.732954169988566884e-02	1.336688932210862157e-01	-1.151099599721554373e-01	1.203499413841112586e-01	-7.997979581305234009e-02	8.017249881262590583e-02	-1.192326887464804780e-01	9.333498696775889558e-02	-7.928523594926362161e-02	5.465058657889770161e-02	-6.516266387446319197e-02	5.643482649367024401e-02	-9.431607338749052605e-02	9.783322411780519257e-02	-5.651785903833336788e-02	6.847626346541264841e-02	-6.993502330176981641e-02	6.540777900958599789e-02	-8.369214549180936658e-02
4.764129024924041583e-02	-4.949800873589390443e-02	5.200465287937499487e-02	-4.437788249223715425e-02	4.743360426284853187e-02	-5.629260105867068403e-02	6.665118452286324102e-02	-6.627824851939079220e-02	4.950764439831052688e-02	-4.191358776270812797e-02	1.311541242919687655e-01	-9.667042502622651134e-02	1.046419317784678671e-01	-7.433287423094826762e-02	6.606049979649777915e-02	-3.117042406976885949e-01	1.881682381257788472e-01	-9.171637878768056085e-02	9.109965320803317668e-02	-9.681036707275610109e-02	9.999999999999990008e-01	-4.776773629454961201e-01	2.210969856672689304e-01	-1.991618015846561285e-01	1.736711246722695556e-01	-6.186861376195614826e-01	2.615755128443556510e-01	-2.594121577518655464e-01	1.457425224283977472e-01	-1.279754985829052727e-01	2.649911048121477708e-01	-2.454551234226816925e-01	1.897251541831850852e-01	-1.193851350520060139e-01	9.021732790480782582e-02	-1.399516072978585213e-01	1.473729619480517172e-01	-1.065461062006195503e-01	1.145733982920534577e-01	-1.148898112121537612e-01	1.277925987498748361e-01	-1.565224391579206342e-01	1.230640352875514709e-01	-8.163260890296457351e-02	1.001809631149519902e-01
-4.583311066585777499e-02	4.829870286161613846e-02	-5.212495298835477520e-02	4.837298017379836751e-02	-5.340083504577582824e-02	5.303507062836854830e-02	-6.308589770163046395e-02	6.494425651988133819e-02	-5.579709267207084294e-02	4.832197020482987410e-02	-1.155410176531350558e-01	8.515087927996235762e-02	-1.471528145472575932e-01	9.239054380625348617e-02	-8.165209053033314901e-02	1.744817431680335540e-01	-1.629186556120093554e-01	1.286772300674721425e-01	-1.206231426839972642e-01	1.169349286936228194e-01	-4.776773629454961201e-01	9.999999999999987788e-01	-5.378335374135897462e-01	2.586645078525383057e-01	-2.345083676138422779e-01	2.571145726357394468e-01	-4.417802716364992444e-01	2.767607500404067888e-01	-1.824991268002826017e-01	1.478172121924357652e-01	-2.388732058037128236e-01	2.246862972200799891e-01	-2.125230785031753389e-01	1.379940248165240635e-01	-1.054498636617712398e-01	1.246186674115017518e-01	-1.480358782730153977e-01	1.097581251847841999e-01	-1.347342753087411305e-01	1.292978695204475836e-01	-1.255139885653382414e-01	1.451825750899144729e-01	-1.308318851150364337e-01	9.261726962284026754e-02	-1.160816936194105364e-01
4.378784789692687085e-02	-4.795954100039363094e-02	5.245388456017698042e-02	-5.414338563834577428e-02	6.017558436392173721e-02	-5.019607104452908364e-02	5.884861407848791109e-02	-6.507751916592229013e-02	6.334541891532281810e-02	-5.692617578779493592e-02	9.537521540524962482e-02	-7.294841541054336576e-02	1.867894756580050220e-01	-1.259870570038321702e-01	1.011818376774063638e-01	-1.403585323323385536e-01	1.220870422574689140e-01	-2.205648181906684491e-01	1.623084313349640040e-01	-1.514302894839734959e-01	2.210969856672689304e-01	-5.378335374135897462e-01	9.999999999999995559e-01	-6.006899953888906740e-01	2.576233469008498145e-01	-1.824140781568240055e-01	2.314775497540716986e-01	-3.134927456464914330e-01	2.048786934500427814e-01	-1.731164697911808659e-01	1.615325918061781552e-01	-1.694375884059644288e-01	1.898532484640896578e-01	-1.563116138619596862e-01	1.173988031464355680e-01	-1.015518529050944557e-01	1.188675287217953874e-01	-9.555460631249584891e-02	1.401214663478495548e-01	-1.456897721148505687e-01	1.008567295474797343e-01	-1.244328109536999294e-01	1.143218072710985023e-01	-9.821935403566089962e-02	1.204273935807133322e-01
-4.562547765444988079e-02	5.022814380722135513e-02	-5.574151460053481527e-02	6.061259396527754473e-02	-6.977474499933554453e-02	5.170820005087015808e-02	-6.050339570586906607e-02	6.696804620904130145e-02	-7.317450893148551294e-02	6.601236673905579166e-02	-9.695995939468134150e-02	7.230621840361539654e-02	-1.898738615356031501e-01	1.430934066897039947e-01	-1.241188548451759854e-01	1.274456416592009422e-01	-1.204129784458265046e-01	1.677630041008069117e-01	-2.178104813652646243e-01	1.763960995777126561e-01	-1.991618015846561285e-01	2.586645078525383057e-01	-6.006899953888906740e-01	1.000000000000000000e+00	-4.930250490591148727e-01	1.533945745455280174e-01	-2.051665261450190958e-01	2.555412155994224443e-01	-3.337129825722698340e-01	2.200154470218599889e-01	-1.551814083719275650e-01	1.521991160356832851e-01	-2.143466354157025355e-01	1.979595657001931297e-01	-1.525367810544472902e-01	9.871283577214115534e-02	-1.187905909380455594e-01	1.011335603668068600e-01	-1.793051975485497884e-01	1.752916010065824759e-01	-1.018871669131132113e-01	1.220454054218681333e-01	-1.235322912442562426e-01	1.193183709998045655e-01	-1.498342461927117120e-01
4.952558471479161228e-02	-5.584638471047960462e-02	6.131654904542083867e-02	-7.021802964668948099e-02	8.112673256284363976e-02	-5.630303568496983907e-02	6.422097696982410897e-02	-7.261295720906338347e-02	8.387292536289889244e-02	-7.802002244617613214e-02	9.937681014937904678e-02	-7.450426101150293967e-02	1.590814047022447164e-01	-1.504490765688541176e-01	1.460695774679348913e-01	-1.346251731600172363e-01	1.199072105087782281e-01	-1.381541243552419640e-01	1.753955691162139563e-01	-2.657657578367685902e-01	1.736711246722695556e-01	-2.345083676138422779e-01	2.576233469008498145e-01	-4.930250490591148727e-01	9.999999999999994449e-01	-1.557863772322047036e-01	1.922243411404902236e-01	-3.057145871019961159e-01	2.689400609656936170e-01	-4.552792954914173240e-01	1.526704536760853659e-01	-1.609791688439699553e-01	2.403835426293655098e-01	-2.410547973804191835e-01	2.267468140922243025e-01	-1.090793127831586606e-01	1.300536188809498506e-01	-1.148055499513881139e-01	2.180442008423068845e-01	-2.855087584465102468e-01	1.107035680254253168e-01	-1.400632697733174004e-01	1.400029570446023608e-01	-1.589509944583998302e-01	1.944283415561551820e-01
-3.886593301506165166e-02	4.010569002342010553e-02	-4.267383980767101848e-02	3.681555368066806444e-02	-3.985818048433917293e-02	4.531818900997310051e-02	-5.394301806150748890e-02	5.341390660113137789e-02	-4.150147292607856558e-02	3.510870064080009317e-02	-1.064525553001381269e-01	7.556476744138859725e-02	-8.935817270276856517e-02	6.149373209551794311e-02	-5.587636632295225891e-02	1.717540401535988803e-01	-1.487079357294748549e-01	7.511617667201060666e-02	-7.656497953989897798e-02	8.056044391758031276e-02	-6.186861376195614826e-01	2.571145726357394468e-01	-1.824140781568240055e-01	1.533945745455280174e-01	-1.557863772322047036e-01	9.999999999999978906e-01	-3.302824622547698152e-01	2.245337977671104379e-01	-1.328015312570414441e-01	1.117844657539420056e-01	-5.546594902504499158e-01	2.678882185266487914e-01	-1.970476133239894845e-01	1.076852195401650086e-01	-8.073194800324594300e-02	1.561531976073367300e-01	-1.634220361588415438e-01	1.098798537420871274e-01	-1.053364698157560619e-01	1.012809546762269558e-01	-1.510654770970693006e-01	1.563623115923566398e-01	-1.278275820810897689e-01	7.415527940543169272e-02	-9.165798748271758445e-02
3.779634534438324617e-02	-4.011323442445429571e-02	4.313139952384881237e-02	-4.041568911325357089e-02	4.453387238875034654e-02	-4.366411154025651858e-02	5.125741532781048077e-02	-5.332216369572036901e-02	4.634405191407627717e-02	-4.015036702657864831e-02	9.236612108575008306e-02	-6.760111437486104879e-02	1.048948111077792344e-01	-7.414051323840586960e-02	6.665231425382638075e-02	-1.426141479714857219e-01	1.224209266683332770e-01	-9.059198146056159084e-02	9.242960248731667272e-02	-9.732954169988566884e-02	2.615755128443556510e-01	-4.417802716364992444e-01	2.314775497540716986e-01	-2.051665261450190958e-01	1.922243411404902236e-01	-3.302824622547698152e-01	9.999999999999996669e-01	-5.310304273833797994e-01	1.849483418259437184e-01	-1.469080199342756854e-01	2.778227714957430261e-01	-4.973529921701682621e-01	2.326499374795046593e-01	-1.451692329877790066e-01	1.053479467696451788e-01	-1.551195139715126348e-01	1.939216996566521523e-01	-1.337446884964028915e-01	1.341049574795392385e-01	-1.310265005454473719e-01	1.455013423630645009e-01	-1.919630110046224303e-01	1.489065964262090702e-01	-9.446149837184139586e-02	1.152363092430466751e-01
-4.949386672505665802e-02	5.249916218808583362e-02	-5.732553982937692305e-02	5.510807321206401960e-02	-6.204102745276992431e-02	5.638538784263884968e-02	-6.636178553631325028e-02	6.946312513267585698e-02	-6.430653966504294716e-02	5.572131992610122181e-02	-1.172484900306876160e-01	8.403870234901948677e-02	-1.494418908563691362e-01	1.008701553103325127e-01	-9.429182581867501245e-02	1.553538906181817503e-01	-1.488571575485202469e-01	1.212484862334732294e-01	-1.293612015897973866e-01	1.336688932210862157e-01	-2.594121577518655464e-01	2.767607500404067888e-01	-3.134927456464914330e-01	2.555412155994224443e-01	-3.057145871019961159e-01	2.245337977671104379e-01	-5.310304273833797994e-01	9.999999999999984457e-01	-3.839989360576878119e-01	2.181595763202544835e-01	-2.550626534997563200e-01	2.593946158483889097e-01	-3.505715438138488627e-01	2.291257162815560355e-01	-1.661510613222910993e-01	1.535497522907074419e-01	-1.978780357671718892e-01	1.606188526997821830e-01	-2.230602042745758185e-01	1.937100948140670353e-01	-1.624924240433424649e-01	1.877805640650767882e-01	-1.978589627954104035e-01	1.454551733570310645e-01	-1.851072442279289021e-01
3.426978734890252787e-02	-3.738075607691524610e-02	4.082590223642078991e-02	-4.219628424648134285e-02	4.771748209186729706e-02	-3.904023537149804018e-02	4.524655242277250689e-02	-4.916344346327411463e-02	4.954688114208638527e-02	-4.409532364488933515e-02	7.505984261417569803e-02	-5.512412195214983629e-02	1.072547043930446448e-01	-8.485629887796589110e-02	7.704374256115148478e-02	-1.023856826975204637e-01	9.301432995565413198e-02	-9.152902874330753891e-02	1.061229325628327280e-01	-1.151099599721554373e-01	1.457425224283977472e-01	-1.824991268002826017e-01	2.048786934500427814e-01	-3.337129825722698340e-01	2.689400609656936170e-01	-1.328015312570414441e-01	1.849483418259437184e-01	-3.839989360576878119e-01	9.999999999999990008e-01	-3.928845771635631201e-01	1.358892625882764937e-01	-1.479368274078921297e-01	2.410373525294635666e-01	-6.218638382027739109e-01	2.618242839854632020e-01	-9.621100878971582115e-02	1.186803659170305586e-01	-1.113610395306634387e-01	2.573720343654349318e-01	-2.813879098453240801e-01	9.770195724094526968e-02	-1.261109020017135152e-01	1.298910837452898759e-01	-1.808388099149318418e-01	1.963955198812432079e-01
-3.328035341770272521e-02	3.641869101485892268e-02	-4.011566072397432930e-02	4.253798882945810517e-02	-4.926718068699441344e-02	3.766773221527947024e-02	-4.362044400257061166e-02	4.761916219018814261e-02	-5.079730437944741939e-02	4.529977583193069840e-02	-7.132566659959219124e-02	5.209284566941264211e-02	-1.047038292846475122e-01	8.225432974286940591e-02	-8.152218210200683213e-02	9.294231610926284581e-02	-8.690121688616898876e-02	8.514845829990960735e-02	-1.033768365708106485e-01	1.203499413841112586e-01	-1.279754985829052727e-01	1.478172121924357652e-01	-1.731164697911808659e-01	2.200154470218599889e-01	-4.552792954914173240e-01	1.117844657539420056e-01	-1.469080199342756854e-01	2.181595763202544835e-01	-3.928845771635631201e-01	9.999999999999987788e-01	-1.192456663786233551e-01	1.235961781550034833e-01	-2.357342352186266032e-01	2.915787657598595817e-01	-5.879896669399474751e-01	8.582089911005937044e-02	-1.074626739436278372e-01	1.029776935546787009e-01	-2.955679655780977244e-01	3.073733426209309672e-01	-8.956503154710326875e-02	1.119684133070790316e-01	-1.269382355147765651e-01	1.831421291467412726e-01	-2.636395043792755799e-01
3.383894394148342227e-02	-3.570846601770467921e-02	3.807408482457423637e-02	-3.461657244086176199e-02	3.772812014968360272e-02	-3.931480949839530337e-02	4.609795475818537908e-02	-4.737313683925135216e-02	3.923005569024144018e-02	-3.367895220390422495e-02	8.514611463902263533e-02	-6.202286023911016827e-02	8.312900633822306595e-02	-6.015431684564331166e-02	5.452842997499611488e-02	-1.415624502691537612e-01	1.136564076527000061e-01	-7.067526642800024683e-02	7.386245532681645631e-02	-7.997979581305234009e-02	2.649911048121477708e-01	-2.388732058037128236e-01	1.615325918061781552e-01	-1.551814083719275650e-01	1.526704536760853659e-01	-5.546594902504499158e-01	2.778227714957430261e-01	-2.550626534997563200e-01	1.358892625882764937e-01	-1.192456663786233551e-01	9.999999999999975575e-01	-5.792434953558139865e-01	2.147648926112994128e-01	-1.158116624231830122e-01	8.550404333124754508e-02	-2.772868171287674044e-01	2.222538740379651490e-01	-1.396444755653489522e-01	1.100974293472750387e-01	-1.094207032630932219e-01	1.993883807407711428e-01	-2.245865944682661486e-01	1.505424260917498369e-01	-7.985297739225527547e-02	9.642706224664657211e-02
-3.343906227193218367e-02	3.516637639900523776e-02	-3.776569396653471633e-02	3.456643607204749197e-02	-3.798451461148671937e-02	3.860558728992561500e-02	-4.543096164979861656e-02	4.658179881743679945e-02	-3.945454053286118895e-02	3.386914127423123339e-02	-8.403283208541346971e-02	6.031962857322728522e-02	-8.553080331160327343e-02	6.033360750696072083e-02	-5.528507392306217932e-02	1.245694109348212397e-01	-1.111575383938021994e-01	7.147225382541450012e-02	-7.506496902983317288e-02	8.017249881262590583e-02	-2.454551234226816925e-01	2.246862972200799891e-01	-1.694375884059644288e-01	1.521991160356832851e-01	-1.609791688439699553e-01	2.678882185266487914e-01	-4.973529921701682621e-01	2.593946158483889097e-01	-1.479368274078921297e-01	1.235961781550034833e-01	-5.792434953558139865e-01	1.000000000000000222e+00	-3.009649733726669774e-01	1.254963407829795263e-01	-9.082782618484286363e-02	2.016382774366951569e-01	-3.700369999928551090e-01	1.725352523076837119e-01	-1.187843705719616033e-01	1.139095746702416950e-01	-1.931253749499572958e-01	2.384092240746696345e-01	-1.850748739899381878e-01	8.507078051820679554e-02	-1.029623548268536332e-01
4.316100197733176852e-02	-4.658979773674869207e-02	5.016748460123870990e-02	-4.879676236838795950e-02	5.401885028476912515e-02	-4.949979969792312612e-02	5.715499217028113116e-02	-6.105774047377261066e-02	5.591554378544971032e-02	-4.870660837437264246e-02	9.779408459193279779e-02	-7.140181142367221789e-02	1.124266697494404332e-01	-8.624351059711597711e-02	8.017518254118262411e-02	-1.410408290188382707e-01	1.220166794107043762e-01	-9.341563734633022420e-02	1.046803477047118375e-01	-1.192326887464804780e-01	1.897251541831850852e-01	-2.125230785031753389e-01	1.898532484640896578e-01	-2.143466354157025355e-01	2.403835426293655098e-01	-1.970476133239894845e-01	2.326499374795046593e-01	-3.505715438138488627e-01	2.410373525294635666e-01	-2.357342352186266032e-01	2.147648926112994128e-01	-3.009649733726669774e-01	9.999999999999951150e-01	-2.986931088445047289e-01	1.760760525616188454e-01	-1.889667431224840155e-01	2.472209276798385813e-01	-4.131063482473502635e-01	2.141890429510885374e-01	-2.290355019780363766e-01	1.777505496095793669e-01	-2.860132493476144067e-01	2.832844291734215592e-01	-1.646882282185077873e-01	1.851171950541381506e-01
-2.880042983458149311e-02	3.129885284810191709e-02	-3.422811075601760872e-02	3.509015707574670434e-02	-3.988479999418999278e-02	3.274435879049900078e-02	-3.797549937073565335e-02	4.106634241118883866e-02	-4.128021099084654838e-02	3.650446949904675997e-02	-6.334355761646823235e-02	4.620947081286469471e-02	-8.766979414336949217e-02	6.732624431287960454e-02	-6.352676186261958791e-02	8.489884367108531393e-02	-7.811961842900623509e-02	7.242373371876249799e-02	-8.472094544825449491e-02	9.333498696775889558e-02	-1.193851350520060139e-01	1.379940248165240635e-01	-1.563116138619596862e-01	1.979595657001931297e-01	-2.410547973804191835e-01	1.076852195401650086e-01	-1.451692329877790066e-01	2.291257162815560355e-01	-6.218638382027739109e-01	2.915787657598595817e-01	-1.158116624231830122e-01	1.254963407829795263e-01	-2.986931088445047289e-01	1.000000000000000888e+00	-4.201735821186260988e-01	8.520324611991179908e-02	-1.090175477000368820e-01	1.133222697968619547e-01	-4.264793549845770637e-01	2.803298712291969474e-01	-8.733072225900104235e-02	1.145079801934316965e-01	-1.304830597554892391e-01	2.016374171839928064e-01	-2.288249544913614208e-01
