1.000000000000000222e+00	-3.709938969666387587e-01	8.746822894504954760e-02	-4.845014386282248120e-02	5.597474438076394110e-02	-8.711409119793589451e-01	2.304697878982786829e-01	-8.376727061758784676e-02	5.654635682739111990e-02	-4.713058015063117945e-02	1.818548493155786872e-01	-1.713041760629991361e-01	6.547692825281213602e-02	-5.330283651566711939e-02	4.448840618806632757e-02	-7.963116687357252310e-02	8.333153022435355051e-02	-5.526778552717315912e-02	5.085792415718821263e-02	-5.668393601515155089e-02	7.563265848516530221e-02	-7.363155792307343739e-02	4.424167589961833930e-02	-3.908599372515567799e-02	3.957274456352265907e-02	-4.220184397684910438e-02	5.024352740488646774e-02	-3.647975302179765067e-02	3.482876549349296635e-02	-4.350751503455600050e-02	4.264336520906270023e-02	-3.425240228487893418e-02	3.463779268674443967e-02	-4.380013746172644468e-02	3.111923414842214172e-02	-3.430110950223954486e-02	2.626150239534127268e-02	-2.291755703178733478e-02	1.951715984118218561e-02	-1.845648470767223548e-02	3.708032009077324997e-02	-2.397204509251326526e-02	1.914581641830101488e-02	-2.270139427850071182e-02	2.611875118434522913e-02
-3.709938969666387587e-01	1.000000000000000000e+00	-1.986297071287729255e-01	9.414436011219716460e-02	-1.078260713988790365e-01	2.561504701441035259e-01	-7.708536493511796150e-01	1.768164106907564592e-01	-1.110648529745491692e-01	8.614762274283399579e-02	-2.832768078598774109e-01	2.457732250545673625e-01	-1.267181974376149767e-01	9.879683241089519397e-02	-8.147785018907943710e-02	1.152610606576255914e-01	-1.355728106893439866e-01	9.927318997970982495e-02	-9.312198336589823378e-02	9.850535778184205116e-02	-1.216680248111460666e-01	1.077776739619148716e-01	-7.357779751853416039e-02	6.515814149725183968e-02	-6.701035560860739426e-02	6.465483455170327465e-02	-7.927967717991425689e-02	5.937528250556212833e-02	-5.694904095873017102e-02	7.089440922524195554e-02	-6.777405518339031654e-02	5.431837933906624033e-02	-5.581120592574490696e-02	7.020609655083559497e-02	-5.053408111039461165e-02	5.366639591641646917e-02	-4.164125451731685162e-02	3.626700118434009884e-02	-3.110580443696562072e-02	2.981020743343621229e-02	-5.902431188060458522e-02	3.786957189217864117e-02	-3.038828663053936424e-02	3.602841216251754380e-02	-4.228687619418707022e-02
8.746822894504954760e-02	-1.986297071287729255e-01	1.000000000000000000e+00	-3.580756116879264539e-01	2.461336608313984264e-01	-9.982394931743047983e-02	1.793145796007466486e-01	-7.168982308465715603e-01	2.651006445074051143e-01	-2.246077613761309211e-01	1.223596785191266578e-01	-1.346153746997173495e-01	2.652861338556775084e-01	-2.501473524446853891e-01	1.831078398046952771e-01	-7.069108494395615061e-02	8.427549722413524291e-02	-2.490147722215055315e-01	2.003248515015856046e-01	-2.410820173625119744e-01	8.184921185534548005e-02	-8.482684544141001759e-02	1.275062411100264803e-01	-1.290434999068234001e-01	1.316039897870519004e-01	-7.335900827573729743e-02	9.044319996964331199e-02	-1.042706463496438363e-01	1.005594212248452218e-01	-1.353437714820217574e-01	9.021986614975423258e-02	-8.187063225740992545e-02	8.726070324769386044e-02	-1.245219158018062433e-01	8.745914767427129255e-02	-7.859774544966208198e-02	6.337599577897518044e-02	-5.716367633957652322e-02	4.994630067538870927e-02	-5.110493429470024801e-02	9.092362667675234211e-02	-5.889178021283521941e-02	4.775432802658075709e-02	-5.805298213304906085e-02	7.153442736495485565e-02
-4.845014386282248120e-02	9.414436011219716460e-02	-3.580756116879264539e-01	1.000000000000000000e+00	-7.335002027430522764e-01	5.363401044554857999e-02	-9.269858428320922050e-02	2.278191956650585659e-01	-4.492002821737970941e-01	2.367657592714315917e-01	-7.798839076328033248e-02	7.980602607432336904e-02	-1.920011434667655004e-01	2.210583107528335811e-01	-1.899812756931434088e-01	4.714264718757143341e-02	-5.698313302472297198e-02	1.642605825212443971e-01	-1.733785201691107614e-01	1.939914891812788977e-01	-5.700726419237274467e-02	5.871266104726800827e-02	-9.847000751733965551e-02	1.000501139052897975e-01	-1.065580419161527431e-01	5.425766756988053413e-02	-6.777050777005021176e-02	7.899582931624052340e-02	-7.767302432075448571e-02	1.035061349443143902e-01	-6.887659957762252982e-02	6.198086966450132296e-02	-6.694217939986936428e-02	9.461141881499887663e-02	-6.798172835411049608e-02	5.951540892620522244e-02	-4.831435871516981395e-02	4.350353567828478540e-02	-3.828445422265210063e-02	3.952843187578228279e-02	-6.999678912731419067e-02	4.476148014475563042e-02	-3.647185064960575818e-02	4.430287493038920221e-02	-5.564439633757871373e-02
5.597474438076394110e-02	-1.078260713988790365e-01	2.461336608313984264e-01	-7.335002027430522764e-01	1.000000000000000000e+00	-6.296400644145438985e-02	1.005630525932847408e-01	-2.252793907461537737e-01	2.919737175710936938e-01	-3.502610160368003767e-01	9.173132832985876617e-02	-9.421126338881652407e-02	1.938350218781951795e-01	-2.452445961965897536e-01	2.246044335800972125e-01	-5.906075589184740793e-02	7.135736138718808130e-02	-1.980645882493340948e-01	1.932431701005248303e-01	-2.796785354326487005e-01	7.264172634465798639e-02	-7.620966300966604268e-02	1.312006637921477314e-01	-1.398456008405973283e-01	1.451176898211587463e-01	-7.453316702785887926e-02	9.243986767942294347e-02	-1.102739530113432953e-01	1.086343475108971224e-01	-1.496917754668895539e-01	9.568589974662346231e-02	-8.724675012802493579e-02	9.333057564168444065e-02	-1.367569358104316901e-01	9.602877701097672913e-02	-8.449493577032632374e-02	6.833425804571446882e-02	-6.204461520525346441e-02	5.442134269497924531e-02	-5.612122558180456661e-02	9.940341710725639213e-02	-6.379024219422954611e-02	5.186305716284587974e-02	-6.329963141747105282e-02	7.848520590492066851e-02
-8.711409119793589451e-01	2.561504701441035259e-01	-9.982394931743047983e-02	5.363401044554857999e-02	-6.296400644145438985e-02	1.000000000000000000e+00	-2.872537589957654958e-01	9.210989942536650099e-02	-6.317798828293023916e-02	5.152410959933374779e-02	-2.563423827330457705e-01	1.803113819878343904e-01	-7.295010588466054047e-02	5.841213991925145455e-02	-4.908680316424766932e-02	9.165267591948328407e-02	-9.625055265928039727e-02	6.007599186950074444e-02	-5.615386947331149625e-02	6.135279018299451964e-02	-8.962651281742216314e-02	8.111545752076808335e-02	-4.859732792475607299e-02	4.252754662624674831e-02	-4.326773698595528378e-02	4.652973563984739297e-02	-5.596518492643100251e-02	3.978068105373459146e-02	-3.800109290818557556e-02	4.712814447603489582e-02	-4.714533015318427001e-02	3.746560332320585801e-02	-3.798769257182319642e-02	4.744732541822002658e-02	-3.391672333347415386e-02	3.738518170530249346e-02	-2.868718206143404392e-02	2.494317466727151780e-02	-2.126353400899062135e-02	2.009471612301469423e-02	-4.050849502524913465e-02	2.610267157376763847e-02	-2.086497984101925302e-02	2.468813644720731920e-02	-2.848657233336793215e-02
2.304697878982786829e-01	-7.708536493511796150e-01	1.793145796007466486e-01	-9.269858428320922050e-02	1.005630525932847408e-01	-2.872537589957654958e-01	9.999999999999995559e-01	-2.335593532941003247e-01	1.097885046818481425e-01	-8.699495062472306639e-02	2.441329812817038536e-01	-3.788935744800989158e-01	1.305327459704590243e-01	-1.024435437639561186e-01	8.016403423095666558e-02	-1.115131461896926024e-01	1.308424555897623465e-01	-1.042955841707440823e-01	9.234935794509897822e-02	-9.971717789744315164e-02	1.097905102267471705e-01	-1.087076602399950909e-01	7.174721397607372597e-02	-6.462066583453587865e-02	6.568330500135866057e-02	-6.226188751993685239e-02	7.509863335501058834e-02	-5.833535320964431531e-02	5.561595298210585125e-02	-7.007978265276203211e-02	6.427477970693619425e-02	-5.269373377263969482e-02	5.384789048462464145e-02	-6.906047454261446394e-02	4.911148556131948034e-02	-5.200081623163925471e-02	4.026887305850235937e-02	-3.526093866807278321e-02	3.018105367251801285e-02	-2.900118981902245763e-02	5.676753168853318487e-02	-3.678953595770628054e-02	2.946804761537097361e-02	-3.506112756136885167e-02	4.097935698315889608e-02
-8.376727061758784676e-02	1.768164106907564592e-01	-7.168982308465715603e-01	2.278191956650585659e-01	-2.252793907461537737e-01	9.210989942536650099e-02	-2.335593532941003247e-01	1.000000000000001332e+00	-3.296899964614738443e-01	1.888707986949942075e-01	-1.220061817794814707e-01	1.318812245275872985e-01	-4.193921764360256099e-01	2.400678490823419386e-01	-1.704523240546224894e-01	6.513145621263247143e-02	-7.857357959945131254e-02	2.235898020834885536e-01	-1.992592488570279208e-01	1.894576647287712079e-01	-7.434466905136610793e-02	7.492323409934784073e-02	-1.088609171676796356e-01	1.042371299020802139e-01	-1.089701405782568383e-01	6.093054039155575141e-02	-7.578921613688009706e-02	8.438398336743410666e-02	-8.135319090634306194e-02	1.057472314961795667e-01	-7.390368618214206153e-02	6.597736288225031220e-02	-7.097412328024291228e-02	9.746428291509802444e-02	-6.998777832115231357e-02	6.285200196638408843e-02	-5.083034156747513743e-02	4.543402090430508078e-02	-3.980391584671458260e-02	4.070731169620725454e-02	-7.264435466770961802e-02	4.685891225013112671e-02	-3.806727675258560206e-02	4.603442067922994957e-02	-5.734626881085434780e-02
5.654635682739111990e-02	-1.110648529745491692e-01	2.651006445074051143e-01	-4.492002821737970941e-01	2.919737175710936938e-01	-6.317798828293023916e-02	1.097885046818481425e-01	-3.296899964614738443e-01	1.000000000000000888e+00	-4.524496315395519774e-01	9.314303816706458183e-02	-9.795367558368034411e-02	2.595702509464662966e-01	-5.227268574860887140e-01	2.742809635991588779e-01	-5.683224522214385538e-02	6.876064092136642547e-02	-2.329514745291746958e-01	2.391850511968049431e-01	-2.736542086168628485e-01	6.855836175050930570e-02	-7.136148160952866804e-02	1.244461883642720423e-01	-1.304944115344721101e-01	1.377719634827051787e-01	-6.595381822777594827e-02	8.217827507487991678e-02	-9.971552416444089129e-02	9.717776067970607112e-02	-1.306363116751851905e-01	8.330382329068584946e-02	-7.637207482047661533e-02	8.247659889086379759e-02	-1.173771805529394557e-01	8.382546209484481592e-02	-7.244197876943039849e-02	5.904376374953596018e-02	-5.324957546805172276e-02	4.684483446580548632e-02	-4.866939281382838545e-02	8.458893974037454133e-02	-5.473965454774566697e-02	4.457284520371952025e-02	-5.424817421260483968e-02	6.826882359938823974e-02
-4.713058015063117945e-02	8.614762274283399579e-02	-2.246077613761309211e-01	2.367657592714315917e-01	-3.502610160368003767e-01	5.152410959933374779e-02	-8.699495062472306639e-02	1.888707986949942075e-01	-4.524496315395519774e-01	9.999999999999995559e-01	-8.228829002002197024e-02	8.164408312641145693e-02	-2.138876917421114743e-01	2.709419820151300340e-01	-6.919518923694367718e-01	5.102915993265241118e-02	-6.227525557678834783e-02	1.832354570186565945e-01	-2.254344604478622227e-01	2.685383996239820159e-01	-6.319504855164725932e-02	6.489098309872536052e-02	-1.197741881706578526e-01	1.222414035329557891e-01	-1.449119118017388463e-01	6.134418607615253066e-02	-7.764673232902020994e-02	9.215863009005842432e-02	-9.221601647147323333e-02	1.200752108953573177e-01	-7.912740313145272264e-02	7.090369434389087733e-02	-7.806177950522499853e-02	1.072030658147503784e-01	-8.024762509981347991e-02	6.721291652914522519e-02	-5.521010075981780396e-02	4.942489590891240708e-02	-4.394834759432530991e-02	4.615628498253911138e-02	-7.984086119010241900e-02	5.076118742904980885e-02	-4.162983674362472075e-02	5.045957565305294462e-02	-6.551952784275943964e-02
1.818548493155786872e-01	-2.832768078598774109e-01	1.223596785191266578e-01	-7.798839076328033248e-02	9.173132832985876617e-02	-2.563423827330457705e-01	2.441329812817038536e-01	-1.220061817794814707e-01	9.314303816706458183e-02	-8.228829002002197024e-02	1.000000000000001110e+00	-7.296355843048408785e-01	1.211692780783480555e-01	-9.637197614823929392e-02	7.907892495470565664e-02	-3.569899593331803400e-01	2.567826204200075457e-01	-1.056202869414037404e-01	9.293294144392220957e-02	-1.068211066399305520e-01	2.246200485744968001e-01	-2.316370256905985470e-01	9.586691705815800213e-02	-8.185650248156205178e-02	8.005954712307747356e-02	-1.111155916493711260e-01	1.258854117178240528e-01	-8.061257107529491706e-02	7.510611339040701440e-02	-9.267789852671869111e-02	9.956496825693784969e-02	-7.979218643114799336e-02	7.773125392769389408e-02	-9.613223599776875294e-02	6.677112464563941807e-02	-8.034387136767606741e-02	6.003688090704565467e-02	-5.210073625145074383e-02	4.362267242155969810e-02	-3.996341712577037436e-02	8.243875154204861888e-02	-5.478964808437201961e-02	4.326226833963971175e-02	-5.106439200926562311e-02	5.630196065480659595e-02
-1.713041760629991361e-01	2.457732250545673625e-01	-1.346153746997173495e-01	7.980602607432336904e-02	-9.421126338881652407e-02	1.803113819878343904e-01	-3.788935744800989158e-01	1.318812245275872985e-01	-9.795367558368034411e-02	8.164408312641145693e-02	-7.296355843048408785e-01	1.000000000000001776e+00	-1.453920128592813832e-01	9.957991480534129913e-02	-7.975254192933201036e-02	2.366758695021054792e-01	-3.450043274093880785e-01	1.072195302757264629e-01	-9.550896687041410260e-02	1.022561673269840737e-01	-2.244722167553498682e-01	2.047785645143684330e-01	-9.134258343772606870e-02	7.643652758451405238e-02	-7.602102945334351936e-02	9.873493534385595349e-02	-1.199225327564974741e-01	7.438432383625957767e-02	-6.951743819760179688e-02	8.451816438290533917e-02	-9.230757548121942824e-02	7.257862891013729112e-02	-7.194024875853760603e-02	8.659263342861528434e-02	-6.118072100975855548e-02	7.157934453657242846e-02	-5.435911773447292539e-02	4.675876728762677625e-02	-3.941072164652657112e-02	3.641324033595618598e-02	-7.476123001704004789e-02	4.915155241340556785e-02	-3.899804144025589836e-02	4.584866852878478893e-02	-5.150507348151395215e-02
6.547692825281213602e-02	-1.267181974376149767e-01	2.652861338556775084e-01	-1.920011434667655004e-01	1.938350218781951795e-01	-7.295010588466054047e-02	1.305327459704590243e-01	-4.193921764360256099e-01	2.595702509464662966e-01	-2.138876917421114743e-01	1.211692780783480555e-01	-1.453920128592813832e-01	9.999999999999980016e-01	-4.900088182198814035e-01	2.065535522531712631e-01	-6.859619763914683033e-02	8.362493832820218354e-02	-5.795506844147497727e-01	3.000660737543931478e-01	-2.579188875852908014e-01	7.950563086496661991e-02	-8.293689011345646567e-02	1.469347523006048206e-01	-1.396461895986879920e-01	1.395732843797200529e-01	-7.050954783219622046e-02	8.759649612945093200e-02	-1.113654074625146789e-01	1.028730913438645894e-01	-1.340012159792786650e-01	8.628504168883242842e-02	-8.065059400225031705e-02	8.713782825470076099e-02	-1.209651664133251647e-01	8.555154027253285276e-02	-7.463971354820771176e-02	6.105100753862813950e-02	-5.476330166259284898e-02	4.796867125024770889e-02	-4.962852957136756199e-02	8.567670847811507950e-02	-5.637699461798062472e-02	4.575781607245109350e-02	-5.553387756114957358e-02	6.950545889337239602e-02
-5.330283651566711939e-02	9.879683241089519397e-02	-2.501473524446853891e-01	2.210583107528335811e-01	-2.452445961965897536e-01	5.841213991925145455e-02	-1.024435437639561186e-01	2.400678490823419386e-01	-5.227268574860887140e-01	2.709419820151300340e-01	-9.637197614823929392e-02	9.957991480534129913e-02	-4.900088182198814035e-01	1.000000000000002665e+00	-3.603420970394136669e-01	5.658128559863361690e-02	-6.919144997005471920e-02	2.893936236603967815e-01	-4.422871785942221745e-01	2.645976939289638175e-01	-6.815623397639065939e-02	7.017000446127054369e-02	-1.300928060522099361e-01	1.294122627638638334e-01	-1.400585675890069215e-01	6.301519979532317628e-02	-7.918531432626786659e-02	9.757162941482093454e-02	-9.447890524833232884e-02	1.223092173809527949e-01	-7.922125620615017016e-02	7.262481920153517068e-02	-7.950502570101829203e-02	1.093567096491710466e-01	-7.970500922828657742e-02	6.781600850822173954e-02	-5.568836940975709082e-02	4.986679035993534653e-02	-4.403639969074406996e-02	4.598820018111439423e-02	-7.912666126231404640e-02	5.126394684056454626e-02	-4.184027287534274747e-02	5.074332341634198856e-02	-6.484422291059319110e-02
4.448840618806632757e-02	-8.147785018907943710e-02	1.831078398046952771e-01	-1.899812756931434088e-01	2.246044335800972125e-01	-4.908680316424766932e-02	8.016403423095666558e-02	-1.704523240546224894e-01	2.742809635991588779e-01	-6.919518923694367718e-01	7.907892495470565664e-02	-7.975254192933201036e-02	2.065535522531712631e-01	-3.603420970394136669e-01	9.999999999999971134e-01	-5.095634120992068722e-02	6.226116624176170067e-02	-2.033242598034470938e-01	2.351983975232174173e-01	-4.665684777612519873e-01	6.350512736872925001e-02	-6.655559239004796290e-02	1.297931837309073411e-01	-1.467650985427216559e-01	1.683239884570845446e-01	-6.453278661640457492e-02	8.106405401095986840e-02	-1.029651545978518268e-01	1.020443041568323272e-01	-1.390603027564936700e-01	8.289909926724645106e-02	-7.691070169377811627e-02	8.404949901329823725e-02	-1.193587969966027201e-01	8.707658819636890368e-02	-7.189094932762900292e-02	5.923608726846250200e-02	-5.340151295217733518e-02	4.732242775315679412e-02	-5.014293102222760340e-02	8.426460162510608642e-02	-5.475740495846606604e-02	4.477607628874179929e-02	-5.458386173953919118e-02	7.038293244122363623e-02
-7.963116687357252310e-02	1.152610606576255914e-01	-7.069108494395615061e-02	4.714264718757143341e-02	-5.906075589184740793e-02	9.165267591948328407e-02	-1.115131461896926024e-01	6.513145621263247143e-02	-5.683224522214385538e-02	5.102915993265241118e-02	-3.569899593331803400e-01	2.366758695021054792e-01	-6.859619763914683033e-02	5.658128559863361690e-02	-5.095634120992068722e-02	9.999999999999986677e-01	-5.478202443945525690e-01	6.323481842125815156e-02	-5.961779458557332073e-02	7.074700491524042734e-02	-6.671022027243482810e-01	3.061046059545937115e-01	-8.516841751139028749e-02	6.611151063345020729e-02	-6.266678889244864381e-02	1.299706555226462501e-01	-1.480664203262168632e-01	7.112401510200423715e-02	-6.421523217595016819e-02	7.542458482416579402e-02	-1.034772539826753907e-01	7.665783978762695516e-02	-7.215596177545846590e-02	8.132857635356639803e-02	-5.620446346253480524e-02	7.545574739921530327e-02	-5.566694328104627998e-02	4.691697449512760576e-02	-3.865204413438180775e-02	3.388533978424908277e-02	-7.360453590694604475e-02	4.978808178894175013e-02	-3.893354325473347838e-02	4.516665478070097661e-02	-4.778745439511737636e-02
8.333153022435355051e-02	-1.355728106893439866e-01	8.427549722413524291e-02	-5.698313302472297198e-02	7.135736138718808130e-02	-9.625055265928039727e-02	1.308424555897623465e-01	-7.857357959945131254e-02	6.876064092136642547e-02	-6.227525557678834783e-02	2.567826204200075457e-01	-3.450043274093880785e-01	8.362493832820218354e-02	-6.919144997005471920e-02	6.226116624176170067e-02	-5.478202443945525690e-01	1.000000000000004663e+00	-7.852169125151638174e-02	7.320651310008419177e-02	-8.782437836766443517e-02	3.215536680090433364e-01	-6.263810201332818961e-01	1.117814434791045558e-01	-8.630249118547241027e-02	7.913554850830548104e-02	-1.582319783863809781e-01	1.826876297285143225e-01	-9.315012901858008010e-02	8.190110400338314334e-02	-9.660688034949449499e-02	1.209758152443467655e-01	-9.838883840434167749e-02	9.055208317115297223e-02	-1.043199080935094114e-01	7.095431481995410905e-02	-9.540382343747232097e-02	7.005105429269846418e-02	-5.956687051626766150e-02	4.881959577828305641e-02	-4.284399913596044496e-02	9.142629303026660048e-02	-6.318674832246974626e-02	4.917881457803817413e-02	-5.731572589983292138e-02	6.018202221623397685e-02
-5.526778552717315912e-02	9.927318997970982495e-02	-2.490147722215055315e-01	1.642605825212443971e-01	-1.980645882493340948e-01	6.007599186950074444e-02	-1.042955841707440823e-01	2.235898020834885536e-01	-2.329514745291746958e-01	1.832354570186565945e-01	-1.056202869414037404e-01	1.072195302757264629e-01	-5.795506844147497727e-01	2.893936236603967815e-01	-2.033242598034470938e-01	6.323481842125815156e-02	-7.852169125151638174e-02	1.000000000000004441e+00	-6.183485919025517585e-01	2.536660034826970778e-01	-7.728913170859627590e-02	8.108123079184026416e-02	-2.105227787181656596e-01	1.572969361354851492e-01	-1.591433391007732734e-01	7.153238696053655643e-02	-9.070749579239022198e-02	1.267510971560234789e-01	-1.148217320600926905e-01	1.382189291670583020e-01	-8.924223009189070910e-02	8.478424505495243957e-02	-9.498789626930767560e-02	1.243181014753703129e-01	-9.032820252592474453e-02	7.592368442282007579e-02	-6.327950520200760487e-02	5.618159476006946013e-02	-4.957071494486757490e-02	5.185326431349862597e-02	-8.764220978167204523e-02	5.778867801229482792e-02	-4.712135797781337454e-02	5.692779284383274463e-02	-7.317396055687423739e-02
5.085792415718821263e-02	-9.312198336589823378e-02	2.003248515015856046e-01	-1.733785201691107614e-01	1.932431701005248303e-01	-5.615386947331149625e-02	9.234935794509897822e-02	-1.992592488570279208e-01	2.391850511968049431e-01	-2.254344604478622227e-01	9.293294144392220957e-02	-9.550896687041410260e-02	3.000660737543931478e-01	-4.422871785942221745e-01	2.351983975232174173e-01	-5.961779458557332073e-02	7.320651310008419177e-02	-6.183485919025517585e-01	1.000000000000002220e+00	-4.554642472700160538e-01	7.384613021544227107e-02	-7.866394718133869202e-02	1.732731362872088066e-01	-1.911746858566411300e-01	1.883102436175441152e-01	-7.387029228145468307e-02	9.270037339917173991e-02	-1.288097563560714753e-01	1.208846869166675109e-01	-1.579873083819592905e-01	9.332601890718730808e-02	-8.936961856637634649e-02	9.810279238489162668e-02	-1.367451688719858172e-01	9.822962444159749618e-02	-8.109096668681098352e-02	6.730675930535315321e-02	-6.046440285996389219e-02	5.338747696624555894e-02	-5.649839310268646442e-02	9.369790664535776470e-02	-6.203999115311342738e-02	5.058724944055166539e-02	-6.157888250471425101e-02	7.910060873191382402e-02
-5.668393601515155089e-02	9.850535778184205116e-02	-2.410820173625119744e-01	1.939914891812788977e-01	-2.796785354326487005e-01	6.135279018299451964e-02	-9.971717789744315164e-02	1.894576647287712079e-01	-2.736542086168628485e-01	2.685383996239820159e-01	-1.068211066399305520e-01	1.022561673269840737e-01	-2.579188875852908014e-01	2.645976939289638175e-01	-4.665684777612519873e-01	7.074700491524042734e-02	-8.782437836766443517e-02	2.536660034826970778e-01	-4.554642472700160538e-01	1.000000000000003997e+00	-9.104923663148327406e-02	9.458599598999120617e-02	-2.144527882859343093e-01	2.348713836204442407e-01	-4.188063703776990221e-01	9.310062068089035303e-02	-1.199378001003519462e-01	1.529610210183469932e-01	-1.592956959045398191e-01	2.031124073559414656e-01	-1.225149799825642483e-01	1.114016886329648875e-01	-1.266892052666814816e-01	1.681824794487872810e-01	-1.342933363833864191e-01	1.024569670767272317e-01	-8.604414730826655255e-02	7.658279845711818412e-02	-6.924251508653853082e-02	7.552787915241884753e-02	-1.224480409252662327e-01	7.829242737016141318e-02	-6.484330858162547229e-02	7.863812668758345115e-02	-1.079867267110178608e-01
7.563265848516530221e-02	-1.216680248111460666e-01	8.184921185534548005e-02	-5.700726419237274467e-02	7.264172634465798639e-02	-8.962651281742216314e-02	1.097905102267471705e-01	-7.434466905136610793e-02	6.855836175050930570e-02	-6.319504855164725932e-02	2.246200485744968001e-01	-2.244722167553498682e-01	7.950563086496661991e-02	-6.815623397639065939e-02	6.350512736872925001e-02	-6.671022027243482810e-01	3.215536680090433364e-01	-7.728913170859627590e-02	7.384613021544227107e-02	-9.104923663148327406e-02	1.000000000000003553e+00	-5.415193875053547767e-01	1.165333259973411750e-01	-9.111173042295617197e-02	8.413475426742249297e-02	-2.160938468389433653e-01	2.037489447911442486e-01	-1.000411238590181162e-01	8.892160009228143591e-02	-1.051320455093229383e-01	1.454494912955806574e-01	-1.099784560654522431e-01	1.004255539796710534e-01	-1.152385774448542594e-01	7.820256942036084291e-02	-1.102798308662381738e-01	7.935649594585701683e-02	-6.729446309345470112e-02	5.488020610928982107e-02	-4.744749708330264076e-02	1.037722752429850737e-01	-7.155470269520716742e-02	5.552504306499167486e-02	-6.455090758921215588e-02	6.664142679722082074e-02
-7.363155792307343739e-02	1.077776739619148716e-01	-8.482684544141001759e-02	5.871266104726800827e-02	-7.620966300966604268e-02	8.111545752076808335e-02	-1.087076602399950909e-01	7.492323409934784073e-02	-7.136148160952866804e-02	6.489098309872536052e-02	-2.316370256905985470e-01	2.047785645143684330e-01	-8.293689011345646567e-02	7.017000446127054369e-02	-6.655559239004796290e-02	3.061046059545937115e-01	-6.263810201332818961e-01	8.108123079184026416e-02	-7.866394718133869202e-02	9.458599598999120617e-02	-5.415193875053547767e-01	1.000000000000001998e+00	-1.592566128175778029e-01	1.038061679159255624e-01	-9.450794080576344069e-02	1.992558433460164813e-01	-3.317278043378698582e-01	1.172419291802193481e-01	-1.009406671429153857e-01	1.127552006884095653e-01	-1.576334293821962107e-01	1.251565853546280083e-01	-1.170757590718537466e-01	1.219058639073869604e-01	-8.409675988238458910e-02	1.133544140668200084e-01	-8.603804290854473458e-02	7.089596261012853784e-02	-5.816815843844665157e-02	5.055972827280814236e-02	-1.092246688235981589e-01	7.546609448294619438e-02	-5.887623093484881803e-02	6.764027417695944733e-02	-7.131505195238879713e-02
4.424167589961833930e-02	-7.357779751853416039e-02	1.275062411100264803e-01	-9.847000751733965551e-02	1.312006637921477314e-01	-4.859732792475607299e-02	7.174721397607372597e-02	-1.088609171676796356e-01	1.244461883642720423e-01	-1.197741881706578526e-01	9.586691705815800213e-02	-9.134258343772606870e-02	1.469347523006048206e-01	-1.300928060522099361e-01	1.297931837309073411e-01	-8.516841751139028749e-02	1.117814434791045558e-01	-2.105227787181656596e-01	1.732731362872088066e-01	-2.144527882859343093e-01	1.165333259973411750e-01	-1.592566128175778029e-01	1.000000000000003553e+00	-5.266255061088643830e-01	2.739795901753715457e-01	-1.324588468850032286e-01	1.666464285930950862e-01	-5.608101886830163529e-01	2.837293860595201389e-01	-3.046814464593807781e-01	1.563022352957374739e-01	-1.960327781575516570e-01	2.185641055704957425e-01	-2.728538764353623525e-01	1.730802757995354435e-01	-1.409732962461189565e-01	1.241173860862677669e-01	-1.094668899877760671e-01	9.402511528555211606e-02	-9.896188260793607749e-02	1.497438617594267218e-01	-1.128962885331095678e-01	8.999989175547014331e-02	-1.086545421767629027e-01	1.355089650625176390e-01
-3.908599372515567799e-02	6.515814149725183968e-02	-1.290434999068234001e-01	1.000501139052897975e-01	-1.398456008405973283e-01	4.252754662624674831e-02	-6.462066583453587865e-02	1.042371299020802139e-01	-1.304944115344721101e-01	1.222414035329557891e-01	-8.185650248156205178e-02	7.643652758451405238e-02	-1.396461895986879920e-01	1.294122627638638334e-01	-1.467650985427216559e-01	6.611151063345020729e-02	-8.630249118547241027e-02	1.572969361354851492e-01	-1.911746858566411300e-01	2.348713836204442407e-01	-9.111173042295617197e-02	1.038061679159255624e-01	-5.266255061088643830e-01	1.000000000000005107e+00	-6.624221722747638541e-01	1.004422015784776356e-01	-1.314581851896567399e-01	2.434934598162179498e-01	-2.759038882443348717e-01	2.581642027497659808e-01	-1.287889367735612078e-01	1.346735646023110577e-01	-1.633862159262668701e-01	2.056185025523651067e-01	-1.591288275226500071e-01	1.094575206081083302e-01	-9.655119520248446607e-02	8.498779254071238409e-02	-7.710238368015411015e-02	8.731747848320377259e-02	-1.244123834963740821e-01	8.647908499736718657e-02	-7.160483556746194411e-02	8.698345192212875165e-02	-1.235137886723774725e-01
3.957274456352265907e-02	-6.701035560860739426e-02	1.316039897870519004e-01	-1.065580419161527431e-01	1.451176898211587463e-01	-4.326773698595528378e-02	6.568330500135866057e-02	-1.089701405782568383e-01	1.377719634827051787e-01	-1.449119118017388463e-01	8.005954712307747356e-02	-7.602102945334351936e-02	1.395732843797200529e-01	-1.400585675890069215e-01	1.683239884570845446e-01	-6.266678889244864381e-02	7.913554850830548104e-02	-1.591433391007732734e-01	1.883102436175441152e-01	-4.188063703776990221e-01	8.413475426742249297e-02	-9.450794080576344069e-02	2.739795901753715457e-01	-6.624221722747638541e-01	1.000000000000002887e+00	-9.943562753288900935e-02	1.256280273930934221e-01	-2.206650610141805968e-01	2.261747476868945506e-01	-3.943970389752199379e-01	1.274868288838035546e-01	-1.347634327738915228e-01	1.505505739715180258e-01	-2.241415334249240998e-01	1.698817715616304791e-01	-1.134446441744578205e-01	9.797049045285775859e-02	-8.904043403217093422e-02	8.035354707987052425e-02	-9.459408702012093995e-02	1.279185542117416419e-01	-9.019695271720329366e-02	7.430286963919899290e-02	-9.215214468690409444e-02	1.282707485474804954e-01
-4.220184397684910438e-02	6.465483455170327465e-02	-7.335900827573729743e-02	5.425766756988053413e-02	-7.453316702785887926e-02	4.652973563984739297e-02	-6.226188751993685239e-02	6.093054039155575141e-02	-6.595381822777594827e-02	6.134418607615253066e-02	-1.111155916493711260e-01	9.873493534385595349e-02	-7.050954783219622046e-02	6.301519979532317628e-02	-6.453278661640457492e-02	1.299706555226462501e-01	-1.582319783863809781e-01	7.153238696053655643e-02	-7.387029228145468307e-02	9.310062068089035303e-02	-2.160938468389433653e-01	1.992558433460164813e-01	-1.324588468850032286e-01	1.004422015784776356e-01	-9.943562753288900935e-02	1.000000000000004663e+00	-6.640424580108259534e-01	1.327159559071086070e-01	-1.197594723730193156e-01	1.296501788258243304e-01	-5.789418797762437841e-01	2.033668135528840792e-01	-1.770153275385107361e-01	1.538324208222885958e-01	-1.084842441057403822e-01	2.084528228612757828e-01	-1.445464143763705023e-01	1.090665742483003658e-01	-8.709437971922975863e-02	6.705449627786742861e-02	-1.828070904327606661e-01	1.190026118551751055e-01	-9.167236706096927590e-02	1.001571478084158778e-01	-9.530009246240983556e-02
5.024352740488646774e-02	-7.927967717991425689e-02	9.044319996964331199e-02	-6.777050777005021176e-02	9.243986767942294347e-02	-5.596518492643100251e-02	7.509863335501058834e-02	-7.578921613688009706e-02	8.217827507487991678e-02	-7.764673232902020994e-02	1.258854117178240528e-01	-1.199225327564974741e-01	8.759649612945093200e-02	-7.918531432626786659e-02	8.106405401095986840e-02	-1.480664203262168632e-01	1.826876297285143225e-01	-9.070749579239022198e-02	9.270037339917173991e-02	-1.199378001003519462e-01	2.037489447911442486e-01	-3.317278043378698582e-01	1.666464285930950862e-01	-1.314581851896567399e-01	1.256280273930934221e-01	-6.640424580108259534e-01	1.000000000000003109e+00	-1.869932001950393163e-01	1.536675359439800825e-01	-1.713346580635720928e-01	3.021731171273754346e-01	-3.178872379632637912e-01	2.153221455578502586e-01	-2.073472813188368680e-01	1.361904277258040308e-01	-2.357764321358261361e-01	1.709529362351578097e-01	-1.372721962186153610e-01	1.068014432135667158e-01	-8.442481563008287504e-02	1.963684966903944118e-01	-1.491085278429552796e-01	1.116895943282313064e-01	-1.261506488427947548e-01	1.182394169016060120e-01
-3.647975302179765067e-02	5.937528250556212833e-02	-1.042706463496438363e-01	7.899582931624052340e-02	-1.102739530113432953e-01	3.978068105373459146e-02	-5.833535320964431531e-02	8.438398336743410666e-02	-9.971552416444089129e-02	9.215863009005842432e-02	-8.061257107529491706e-02	7.438432383625957767e-02	-1.113654074625146789e-01	9.757162941482093454e-02	-1.029651545978518268e-01	7.112401510200423715e-02	-9.315012901858008010e-02	1.267510971560234789e-01	-1.288097563560714753e-01	1.529610210183469932e-01	-1.000411238590181162e-01	1.172419291802193481e-01	-5.608101886830163529e-01	2.434934598162179498e-01	-2.206650610141805968e-01	1.327159559071086070e-01	-1.869932001950393163e-01	1.000000000000002887e+00	-5.553449728769681570e-01	2.628683013163942706e-01	-1.637866907829431118e-01	2.194739227368318057e-01	-3.844762980175226441e-01	2.648825355057035091e-01	-1.775610714293247017e-01	1.383140216062531125e-01	-1.326752259701521053e-01	1.089099332777410112e-01	-9.470601285299737326e-02	9.821593043392892741e-02	-1.480870810896186829e-01	1.124579837898876111e-01	-9.085504448253810261e-02	1.061450936956593871e-01	-1.385183087961565085e-01
3.482876549349296635e-02	-5.694904095873017102e-02	1.005594212248452218e-01	-7.767302432075448571e-02	1.086343475108971224e-01	-3.800109290818557556e-02	5.561595298210585125e-02	-8.135319090634306194e-02	9.717776067970607112e-02	-9.221601647147323333e-02	7.510611339040701440e-02	-6.951743819760179688e-02	1.028730913438645894e-01	-9.447890524833232884e-02	1.020443041568323272e-01	-6.421523217595016819e-02	8.190110400338314334e-02	-1.148217320600926905e-01	1.208846869166675109e-01	-1.592956959045398191e-01	8.892160009228143591e-02	-1.009406671429153857e-01	2.837293860595201389e-01	-2.759038882443348717e-01	2.261747476868945506e-01	-1.197594723730193156e-01	1.536675359439800825e-01	-5.553449728769681570e-01	1.000000000000001776e+00	-5.087229184394206349e-01	1.521209059685874887e-01	-1.891497648407370336e-01	2.276143183134599624e-01	-4.752520923450263557e-01	2.306962728215573577e-01	-1.353456961695895799e-01	1.239523188747954641e-01	-1.108570500829204608e-01	1.018540178775410587e-01	-1.241303407009225201e-01	1.485695201560155720e-01	-1.113979418828988932e-01	9.226791433063820380e-02	-1.142167569906699098e-01	1.672408148093585678e-01
-4.350751503455600050e-02	7.089440922524195554e-02	-1.353437714820217574e-01	1.035061349443143902e-01	-1.496917754668895539e-01	4.712814447603489582e-02	-7.007978265276203211e-02	1.057472314961795667e-01	-1.306363116751851905e-01	1.200752108953573177e-01	-9.267789852671869111e-02	8.451816438290533917e-02	-1.340012159792786650e-01	1.223092173809527949e-01	-1.390603027564936700e-01	7.542458482416579402e-02	-9.660688034949449499e-02	1.382189291670583020e-01	-1.579873083819592905e-01	2.031124073559414656e-01	-1.051320455093229383e-01	1.127552006884095653e-01	-3.046814464593807781e-01	2.581642027497659808e-01	-3.943970389752199379e-01	1.296501788258243304e-01	-1.713346580635720928e-01	2.628683013163942706e-01	-5.087229184394206349e-01	1.000000000000002887e+00	-1.784128680527060917e-01	1.733629534294423846e-01	-2.129008053077724727e-01	3.156546569362194687e-01	-4.403441477308610019e-01	1.521097405227105626e-01	-1.384073187551507766e-01	1.284663948479308759e-01	-1.305547654269212654e-01	1.957258141120717387e-01	-1.810996679168405676e-01	1.249757695081364223e-01	-1.107736700947622721e-01	1.426455053504342152e-01	-2.757279398028026907e-01
4.264336520906270023e-02	-6.777405518339031654e-02	9.021986614975423258e-02	-6.887659957762252982e-02	9.568589974662346231e-02	-4.714533015318427001e-02	6.427477970693619425e-02	-7.390368618214206153e-02	8.330382329068584946e-02	-7.912740313145272264e-02	9.956496825693784969e-02	-9.230757548121942824e-02	8.628504168883242842e-02	-7.922125620615017016e-02	8.289909926724645106e-02	-1.034772539826753907e-01	1.209758152443467655e-01	-8.924223009189070910e-02	9.332601890718730808e-02	-1.225149799825642483e-01	1.454494912955806574e-01	-1.576334293821962107e-01	1.563022352957374739e-01	-1.287889367735612078e-01	1.274868288838035546e-01	-5.789418797762437841e-01	3.021731171273754346e-01	-1.637866907829431118e-01	1.521209059685874887e-01	-1.784128680527060917e-01	1.000000000000001110e+00	-2.879975576558606032e-01	2.118727319619176930e-01	-2.220864321553543408e-01	1.496864903568730087e-01	-4.547401097744296350e-01	2.160738910537563784e-01	-1.707507944813745626e-01	1.299611526041795917e-01	-9.530381508271061619e-02	2.682085891150080004e-01	-1.885492026359883722e-01	1.389687618819439863e-01	-1.547110553301294655e-01	1.335598205448813303e-01
-3.425240228487893418e-02	5.431837933906624033e-02	-8.187063225740992545e-02	6.198086966450132296e-02	-8.724675012802493579e-02	3.746560332320585801e-02	-5.269373377263969482e-02	6.597736288225031220e-02	-7.637207482047661533e-02	7.090369434389087733e-02	-7.979218643114799336e-02	7.257862891013729112e-02	-8.065059400225031705e-02	7.262481920153517068e-02	-7.691070169377811627e-02	7.665783978762695516e-02	-9.838883840434167749e-02	8.478424505495243957e-02	-8.936961856637634649e-02	1.114016886329648875e-01	-1.099784560654522431e-01	1.251565853546280083e-01	-1.960327781575516570e-01	1.346735646023110577e-01	-1.347634327738915228e-01	2.033668135528840792e-01	-3.178872379632637912e-01	2.194739227368318057e-01	-1.891497648407370336e-01	1.733629534294423846e-01	-2.879975576558606032e-01	1.000000000000001332e+00	-7.017608144478018062e-01	2.186553799247992758e-01	-1.549544744127509255e-01	2.241441783718406688e-01	-3.683515607994107821e-01	1.770201968433603446e-01	-1.354138654172740430e-01	9.494417970083068870e-02	-2.104171184870126665e-01	1.980820649057226102e-01	-1.506323908584200899e-01	1.472739262191333776e-01	-1.356531099906811977e-01
3.463779268674443967e-02	-5.581120592574490696e-02	8.726070324769386044e-02	-6.694217939986936428e-02	9.333057564168444065e-02	-3.798769257182319642e-02	5.384789048462464145e-02	-7.097412328024291228e-02	8.247659889086379759e-02	-7.806177950522499853e-02	7.773125392769389408e-02	-7.194024875853760603e-02	8.713782825470076099e-02	-7.950502570101829203e-02	8.404949901329823725e-02	-7.215596177545846590e-02	9.055208317115297223e-02	-9.498789626930767560e-02	9.810279238489162668e-02	-1.266892052666814816e-01	1.004255539796710534e-01	-1.170757590718537466e-01	2.185641055704957425e-01	-1.633862159262668701e-01	1.505505739715180258e-01	-1.770153275385107361e-01	2.153221455578502586e-01	-3.844762980175226441e-01	2.276143183134599624e-01	-2.129008053077724727e-01	2.118727319619176930e-01	-7.017608144478018062e-01	1.000000000000003331e+00	-3.168603679950032226e-01	1.706269384329634209e-01	-2.105228576423378017e-01	2.245550773210248652e-01	-1.771758843731627286e-01	1.300455129344408878e-01	-1.032255725408274816e-01	1.913648489031067879e-01	-1.899816196235230570e-01	1.372804685677722347e-01	-1.509735363696388943e-01	1.427708266764626255e-01
-4.380013746172644468e-02	7.020609655083559497e-02	-1.245219158018062433e-01	9.461141881499887663e-02	-1.367569358104316901e-01	4.744732541822002658e-02	-6.906047454261446394e-02	9.746428291509802444e-02	-1.173771805529394557e-01	1.072030658147503784e-01	-9.613223599776875294e-02	8.659263342861528434e-02	-1.209651664133251647e-01	1.093567096491710466e-01	-1.193587969966027201e-01	8.132857635356639803e-02	-1.043199080935094114e-01	1.243181014753703129e-01	-1.367451688719858172e-01	1.681824794487872810e-01	-1.152385774448542594e-01	1.219058639073869604e-01	-2.728538764353623525e-01	2.056185025523651067e-01	-2.241415334249240998e-01	1.538324208222885958e-01	-2.073472813188368680e-01	2.648825355057035091e-01	-4.752520923450263557e-01	3.156546569362194687e-01	-2.220864321553543408e-01	2.186553799247992758e-01	-3.168603679950032226e-01	1.000000000000002220e+00	-4.830131778486328464e-01	1.835792594387030130e-01	-1.747206366329777660e-01	1.579968034674778532e-01	-1.678911522748501306e-01	2.218353440313652059e-01	-2.219489033503235231e-01	1.523217907389330383e-01	-1.372428528776481471e-01	1.735246644193673693e-01	-3.268900301245173390e-01
