1.000000000000000000e+00	-4.928051051449852116e-01	2.659885379592673571e-01	-2.100883815903789587e-01	2.359320094860170580e-01	-5.661437942485895158e-01	2.794013860067795507e-01	-3.268624973248142052e-01	1.864160525829686166e-01	-1.896057306502268447e-01	1.742933374785272382e-01	-2.608262177700133022e-01	2.183987317932834793e-01	-1.442289094927083903e-01	1.782056387307475731e-01	-2.225163775379256081e-01	2.318391811242198064e-01	-1.825266537701374370e-01	1.709030380409258254e-01	-1.290852939110176678e-01	7.242459234301187876e-02	-1.489975412497719087e-01	1.336237009816133858e-01	-1.494939558709288963e-01	1.576250526672468566e-01	-6.107018102478073418e-02	1.700332651812231644e-01	-1.174231461082593797e-01	1.014441182664643781e-01	-1.271828583847089411e-01	1.131556944961620709e-01	-9.315396501131359419e-02	9.445187419139114415e-02	-9.037332188856359028e-02	1.051951691339955558e-01	-1.970243460428141094e-02	8.428362393693129839e-02	-7.300204137632455847e-02	7.355801973231150537e-02	-6.704140910018306643e-02	1.924360360443169021e-02	-7.018594973284958405e-02	6.144892486631402251e-02	-5.404462178185961974e-02	6.378339299216106983e-02
-4.928051051449852116e-01	9.999999999999996669e-01	-6.455279108001709121e-01	2.532403288557136811e-01	-2.989183481546093812e-01	2.744132968316123078e-01	-3.372929344823842879e-01	2.775362368334508556e-01	-2.093546422944659036e-01	1.815977297977649785e-01	-1.243135949159163423e-01	1.956026123919291648e-01	-1.788289927004427793e-01	1.172141309334139153e-01	-1.500356376756065147e-01	1.436081796661613230e-01	-1.802582768054059315e-01	1.372905842919108776e-01	-1.355710366605956119e-01	1.009786726655302336e-01	-5.173216084279450011e-02	1.087704591954774397e-01	-9.958471642540545066e-02	1.094939946380962675e-01	-1.219215696153547468e-01	4.343103585126022875e-02	-1.244459608518331262e-01	8.492357460292462856e-02	-7.425503432411238725e-02	8.823405373142617636e-02	-8.087224591493342996e-02	6.640020786678342557e-02	-6.651943171956183065e-02	6.342033666983747098e-02	-7.376006772525883770e-02	1.370003990176013944e-02	-5.881294134895756476e-02	5.106016363056056079e-02	-5.151988859343602928e-02	4.663986960265296272e-02	-1.338531668270368652e-02	4.869398047138014801e-02	-4.271130822452388204e-02	3.751256307633445142e-02	-4.442132888826325066e-02
2.659885379592673571e-01	-6.455279108001709121e-01	9.999999999999996669e-01	-4.934382118626430280e-01	2.792664374993102938e-01	-2.614950059772433444e-01	2.363988222260783312e-01	-3.560176825999785133e-01	2.298833468432298077e-01	-2.120660460695593386e-01	1.119480637621100005e-01	-1.817946056960303147e-01	1.630034943366658329e-01	-1.145426240063308898e-01	1.430779028495897387e-01	-1.363136448301394132e-01	1.588481573766993837e-01	-1.295707830666091576e-01	1.259721890040522707e-01	-9.679060199666855713e-02	4.695539068056802517e-02	-1.002165946962058352e-01	9.206367742560221668e-02	-1.031885142995539184e-01	1.121901306121707298e-01	-3.958775819479939950e-02	1.123763309095007629e-01	-7.955614277004802171e-02	6.901986412180509400e-02	-8.326498986245986500e-02	7.335772874220035378e-02	-6.064191958551762296e-02	6.122972515805746169e-02	-5.887298101192587479e-02	6.835454147948416548e-02	-1.264010313489626752e-02	5.412722520429633088e-02	-4.717973530545734734e-02	4.762448611250602593e-02	-4.325895054785527938e-02	1.234113857943679171e-02	-4.507347258079161256e-02	3.943713689679498313e-02	-3.474381361316110362e-02	4.105146877769452751e-02
-2.100883815903789587e-01	2.532403288557136811e-01	-4.934382118626430280e-01	9.999999999999998890e-01	-6.087425132334317590e-01	1.926000156778970296e-01	-1.702439877101427912e-01	2.322204984997705557e-01	-4.758652793748179843e-01	2.840281372409779737e-01	-8.842263204783243347e-02	1.400323108689024154e-01	-1.422546267418207111e-01	1.190203130660612008e-01	-1.573277102949487971e-01	1.087316704024846592e-01	-1.359344954857108212e-01	1.144142269125613676e-01	-1.241329316811171785e-01	9.742736019306372230e-02	-4.109457214011260490e-02	8.816831414311732118e-02	-8.245283997405522536e-02	9.421870787647873557e-02	-1.091480659549091820e-01	3.464879069483703389e-02	-9.913183028182678824e-02	7.155019944426015133e-02	-6.249782270434105919e-02	7.615607884738016808e-02	-6.479175936288011917e-02	5.364177204177512231e-02	-5.473199973840965626e-02	5.285012698518548602e-02	-6.191490884616267926e-02	1.125791795187927255e-02	-4.826971941188617360e-02	4.216708467138646776e-02	-4.268961420614757196e-02	3.881917842827777715e-02	-1.099232524956968160e-02	4.021327799122551006e-02	-3.527353796578720085e-02	3.109054423272075707e-02	-3.680643542943387581e-02
2.359320094860170580e-01	-2.989183481546093812e-01	2.792664374993102938e-01	-6.087425132334317590e-01	9.999999999999997780e-01	-2.757797013071623948e-01	2.029360490543861972e-01	-2.891638911445487681e-01	3.130336163471658661e-01	-4.690702494467625661e-01	1.200932778015084412e-01	-1.907439006757077893e-01	1.825552499639492288e-01	-1.608614791687086321e-01	2.026571435999645898e-01	-1.541331782204375667e-01	1.794933580568406906e-01	-1.562233253838468672e-01	1.620632366686793613e-01	-1.354755581222869265e-01	5.646189022382493150e-02	-1.215683036639548936e-01	1.125330326126160740e-01	-1.315123140009757108e-01	1.449098930709815380e-01	-4.779030584370342477e-02	1.347734485386344327e-01	-1.000143035680079451e-01	8.633761711445395171e-02	-1.094932023393421355e-01	8.909693651384648083e-02	-7.421022341407765288e-02	7.642004767000704080e-02	-7.441712922711460343e-02	8.701319931552413400e-02	-1.583142506980524111e-02	6.762090515220949005e-02	-5.922851616114641060e-02	5.992419192673210243e-02	-5.480079924641895889e-02	1.544595748989410766e-02	-5.674517976436116440e-02	4.959768929188955455e-02	-4.387045984222701089e-02	5.175153414680173924e-02
-5.661437942485895158e-01	2.744132968316123078e-01	-2.614950059772433444e-01	1.926000156778970296e-01	-2.757797013071623948e-01	9.999999999999993339e-01	-4.629442079354340045e-01	3.004410299081096691e-01	-2.009073508076432146e-01	1.884005540915778543e-01	-2.417127864944975113e-01	2.800902668882987445e-01	-2.732060666759033585e-01	1.645196303628704282e-01	-2.124193136287216843e-01	2.252070197643663563e-01	-3.042410302123400023e-01	2.057009932938724250e-01	-2.050262159120047056e-01	1.469597806488240899e-01	-8.598654868790923944e-02	1.721324108443804124e-01	-1.553779727727457594e-01	1.653790155621008839e-01	-1.891488391016130366e-01	7.143449982176423851e-02	-2.074823503824388959e-01	1.300785209206294368e-01	-1.152805164872268695e-01	1.337511942331649495e-01	-1.344193155023446218e-01	1.084687118400463890e-01	-1.067447960865715029e-01	9.975729124260702962e-02	-1.163919264032573508e-01	2.189922018943026710e-02	-9.453490697847327651e-02	8.125852046228643211e-02	-8.186625144136987220e-02	7.357738786977648104e-02	-2.143218877507392650e-02	7.722092017448914381e-02	-6.811365852512053787e-02	5.939374202406180747e-02	-7.067588883315888137e-02
2.794013860067795507e-01	-3.372929344823842879e-01	2.363988222260783312e-01	-1.702439877101427912e-01	2.029360490543861972e-01	-4.629442079354340045e-01	1.000000000000000222e+00	-5.984798154090479327e-01	1.814516066670905370e-01	-1.651615027385210654e-01	1.929208992946482570e-01	-4.515667598254375359e-01	2.286518809513790051e-01	-1.259418476893700567e-01	1.524380941371663856e-01	-2.054463073186708622e-01	2.232278221191295875e-01	-1.663963600345575444e-01	1.457531551983871909e-01	-1.047737012517122729e-01	5.788609003239027911e-02	-1.260491865624646379e-01	1.139399623859618932e-01	-1.219667148018742792e-01	1.265749067771297642e-01	-4.868266979149611651e-02	1.388173101123559017e-01	-9.482229027084780604e-02	8.230732259191367306e-02	-9.202243657653565168e-02	8.824846363243589453e-02	-7.278039981590232743e-02	7.126648331722901242e-02	-6.790758646867110782e-02	7.748887356698526407e-02	-1.460880077687735229e-02	6.261739836363089395e-02	-5.457001603497307202e-02	5.489058229889744872e-02	-4.942733621775789732e-02	1.426386587540868361e-02	-5.185294279467099476e-02	4.523506618028632492e-02	-3.978427359722629814e-02	4.699435579775970706e-02
-3.268624973248142052e-01	2.775362368334508556e-01	-3.560176825999785133e-01	2.322204984997705557e-01	-2.891638911445487681e-01	3.004410299081096691e-01	-5.984798154090479327e-01	1.000000000000001110e+00	-3.270821480033017092e-01	2.269664227365394693e-01	-1.681661344098625555e-01	2.686929326617170100e-01	-3.123108002217103718e-01	1.618843167378198888e-01	-2.048182085532347096e-01	1.813028166674028052e-01	-2.527560190805874796e-01	1.970296614092638399e-01	-1.868858659251242671e-01	1.334685972996768333e-01	-6.766831080508682594e-02	1.460172366379949849e-01	-1.369806270285654493e-01	1.462419504233060663e-01	-1.619825343888601499e-01	5.671478583311460181e-02	-1.656257238999885029e-01	1.129283904877583788e-01	-9.922694811822460603e-02	1.115611202798610507e-01	-1.054759476878426167e-01	8.662044983721839397e-02	-8.578962883611974954e-02	8.161726522512884052e-02	-9.424448915491243084e-02	1.751934577205162269e-02	-7.533050088514647857e-02	6.554799917320500158e-02	-6.614324905494275986e-02	5.954378575227124021e-02	-1.711716072511834663e-02	6.217330609797389052e-02	-5.451773556386058095e-02	4.785579037700146698e-02	-5.673083896025721273e-02
1.864160525829686166e-01	-2.093546422944659036e-01	2.298833468432298077e-01	-4.758652793748179843e-01	3.130336163471658661e-01	-2.009073508076432146e-01	1.814516066670905370e-01	-3.270821480033017092e-01	1.000000000000000444e+00	-6.886054597243399522e-01	9.479382985669339290e-02	-1.538870843742118077e-01	1.602974313406481943e-01	-1.686701466441656305e-01	2.067976064456422125e-01	-1.174129339130076388e-01	1.464882583989897125e-01	-1.317355770163555484e-01	1.486668530220323636e-01	-1.234054626637087065e-01	4.454109430224879873e-02	-9.795825134210420226e-02	9.295909363039248086e-02	-1.090295414990561929e-01	1.257877902135328962e-01	-3.766214912342664978e-02	1.078278926636637436e-01	-8.117611879561742461e-02	7.069275371961508680e-02	-8.611620583741079471e-02	7.026309131397524832e-02	-5.856928714528650270e-02	6.015989716053594255e-02	-5.863180997350795481e-02	6.864369066167007316e-02	-1.233590940760446487e-02	5.284107080867543604e-02	-4.642349469651172594e-02	4.707945809829943568e-02	-4.287223412449285564e-02	1.203787578148228163e-02	-4.420061908483773061e-02	3.872585276761009859e-02	-3.423103163273042565e-02	4.049723488726844622e-02
-1.896057306502268447e-01	1.815977297977649785e-01	-2.120660460695593386e-01	2.840281372409779737e-01	-4.690702494467625661e-01	1.884005540915778543e-01	-1.651615027385210654e-01	2.269664227365394693e-01	-6.886054597243399522e-01	1.000000000000000000e+00	-9.283202857398410723e-02	1.475732842729448602e-01	-1.709417850456247667e-01	1.860723549525643006e-01	-3.420952362333297136e-01	1.154990307646130698e-01	-1.533367665604717656e-01	1.390457521775435301e-01	-1.775181535907721098e-01	1.469798840212580004e-01	-4.727408197454394112e-02	1.036482430754752104e-01	-1.001529539855446349e-01	1.177828334138053545e-01	-1.542560854832618622e-01	3.992309514419253164e-02	-1.152744479814646894e-01	8.683825454210260253e-02	-7.670096714358770607e-02	9.347079012867207104e-02	-7.510920274560274612e-02	6.251830123841266296e-02	-6.475888693806741703e-02	6.306074605327900706e-02	-7.493074003582091136e-02	1.320611628713799258e-02	-5.674842193604499180e-02	4.984721948924496215e-02	-5.072895816160310350e-02	4.616508932005559257e-02	-1.289371161275971317e-02	4.732401431027100785e-02	-4.167460419650470538e-02	3.677483997920354131e-02	-4.368751649698965345e-02
1.742933374785272382e-01	-1.243135949159163423e-01	1.119480637621100005e-01	-8.842263204783243347e-02	1.200932778015084412e-01	-2.417127864944975113e-01	1.929208992946482570e-01	-1.681661344098625555e-01	9.479382985669339290e-02	-9.283202857398410723e-02	9.999999999999998890e-01	-4.790700520561536613e-01	1.883955445105654214e-01	-9.459898251139065017e-02	1.110542699338547129e-01	-7.843139308683556576e-01	2.206836811243330920e-01	-1.408369467641780726e-01	1.139909613516262715e-01	-7.909682415310616277e-02	5.821882738277656816e-02	-1.124093074240092305e-01	9.704032864379490142e-02	-1.009213766809315127e-01	9.733393593453272541e-02	-4.937424133271409860e-02	1.204463589814241259e-01	-7.939935280047771826e-02	6.848670451522810565e-02	-7.309518399537399957e-02	7.609654052713145378e-02	-6.303888524519592196e-02	5.886487011706813960e-02	-5.584027304870661790e-02	6.207536251062562016e-02	-1.208081428974748517e-02	5.152340500466114082e-02	-4.503925703103350137e-02	4.493278893183107192e-02	-4.026360792115748349e-02	1.177945082215610742e-02	-4.275542524702342917e-02	3.687526951127130526e-02	-3.251348561228323275e-02	3.817588970044244467e-02
-2.608262177700133022e-01	1.956026123919291648e-01	-1.817946056960303147e-01	1.400323108689024154e-01	-1.907439006757077893e-01	2.800902668882987445e-01	-4.515667598254375359e-01	2.686929326617170100e-01	-1.538870843742118077e-01	1.475732842729448602e-01	-4.790700520561536613e-01	1.000000000000003109e+00	-3.954981992971550731e-01	1.568465706688462469e-01	-1.814918437587439148e-01	2.975585703234540635e-01	-4.068520456445669509e-01	2.335585387403390223e-01	-1.870922305840873878e-01	1.265314182792820485e-01	-7.839370600751741081e-02	1.782201265533825685e-01	-1.580699109035852423e-01	1.600567271244609513e-01	-1.548059768590615837e-01	6.562385941219620045e-02	-1.904995989302650239e-01	1.253837104572608496e-01	-1.088566212249960502e-01	1.132223229256578978e-01	-1.164414169308800456e-01	9.629176525588649393e-02	-9.104940171270853311e-02	8.642776465412076170e-02	-9.625976886580167591e-02	1.856387805541711428e-02	-7.939589832054190499e-02	6.944887308239809653e-02	-6.951754895021332314e-02	6.215630391451907460e-02	-1.811046140208372873e-02	6.571160952260481081e-02	-5.688185123399638887e-02	5.010814942277740103e-02	-5.897519248520699531e-02
2.183987317932834793e-01	-1.788289927004427793e-01	1.630034943366658329e-01	-1.422546267418207111e-01	1.825552499639492288e-01	-2.732060666759033585e-01	2.286518809513790051e-01	-3.123108002217103718e-01	1.602974313406481943e-01	-1.709417850456247667e-01	1.883955445105654214e-01	-3.954981992971550731e-01	1.000000000000002665e+00	-3.038643197539697138e-01	2.292233733693142539e-01	-2.430023263801483757e-01	2.976873155859919295e-01	-5.993444156416042334e-01	2.644219272096217099e-01	-1.704760104118112629e-01	8.140208914851573829e-02	-2.167315415012524837e-01	2.291722861277557810e-01	-2.409274382285191696e-01	1.814282746309980321e-01	-6.971807506718928626e-02	2.041898128141047541e-01	-1.811356977741342134e-01	1.487905562278852289e-01	-1.389415580219814927e-01	1.246786975332627861e-01	-1.068189537664130245e-01	1.056316198872570278e-01	-1.045385367588182596e-01	1.126161709658054094e-01	-2.122916330175793342e-02	9.040472988568204471e-02	-8.109469364151813964e-02	8.175847789227706774e-02	-7.309631125251792039e-02	2.066004537804477792e-02	-7.621233928127316148e-02	6.557620411702495822e-02	-5.841937679560214869e-02	6.838703320793633467e-02
-1.442289094927083903e-01	1.172141309334139153e-01	-1.145426240063308898e-01	1.190203130660612008e-01	-1.608614791687086321e-01	1.645196303628704282e-01	-1.259418476893700567e-01	1.618843167378198888e-01	-1.686701466441656305e-01	1.860723549525643006e-01	-9.459898251139065017e-02	1.568465706688462469e-01	-3.038643197539697138e-01	1.000000000000001554e+00	-6.053718192114262431e-01	1.217584874589410504e-01	-1.785823094196038463e-01	2.226051804069647255e-01	-6.174481200778231260e-01	2.350740481860416897e-01	-5.572161549941741232e-02	1.348909282545740218e-01	-1.489746137857079211e-01	1.867500891558857568e-01	-2.136808777434806850e-01	4.738075563960726655e-02	-1.414197095104093582e-01	1.226266994545612415e-01	-1.135967134616820001e-01	1.159981406972172696e-01	-8.879204298160320308e-02	7.530760855469866011e-02	-7.898909380561063009e-02	7.876157718976756206e-02	-9.101975732600671443e-02	1.568404427961775371e-02	-6.745223944367094437e-02	6.048198094674878816e-02	-6.200661735121230228e-02	5.585592988140108961e-02	-1.529042110631887233e-02	5.657922131203277361e-02	-4.967922303988615146e-02	4.412052246066507089e-02	-5.239021192752618683e-02
1.782056387307475731e-01	-1.500356376756065147e-01	1.430779028495897387e-01	-1.573277102949487971e-01	2.026571435999645898e-01	-2.124193136287216843e-01	1.524380941371663856e-01	-2.048182085532347096e-01	2.067976064456422125e-01	-3.420952362333297136e-01	1.110542699338547129e-01	-1.814918437587439148e-01	2.292233733693142539e-01	-6.053718192114262431e-01	1.000000000000000000e+00	-1.473451755746631453e-01	1.937692704356370477e-01	-2.197513955929193130e-01	3.085861606970413118e-01	-4.054641267415453609e-01	6.424833808084516595e-02	-1.511917712463081986e-01	1.511794995723842461e-01	-1.982783326899078824e-01	2.555391625739605876e-01	-5.484555080158336898e-02	1.573365797256542631e-01	-1.366600179172302032e-01	1.188073687856712746e-01	-1.526893416500492984e-01	1.029776742006805468e-01	-8.776401557534629916e-02	9.384815643191510293e-02	-9.456031791730748481e-02	1.127516815054872279e-01	-1.904558229061274061e-02	8.149763803580011012e-02	-7.290160520431845925e-02	7.462058337773699868e-02	-6.857170826358739701e-02	1.855799435540875231e-02	-6.906564765120837279e-02	6.060414946129147329e-02	-5.404136859458352760e-02	6.400760753700414363e-02
-2.225163775379256081e-01	1.436081796661613230e-01	-1.363136448301394132e-01	1.087316704024846592e-01	-1.541331782204375667e-01	2.252070197643663563e-01	-2.054463073186708622e-01	1.813028166674028052e-01	-1.174129339130076388e-01	1.154990307646130698e-01	-7.843139308683556576e-01	2.975585703234540635e-01	-2.430023263801483757e-01	1.217584874589410504e-01	-1.473451755746631453e-01	9.999999999999990008e-01	-3.263747787754280316e-01	1.757205825883331740e-01	-1.515957871718006944e-01	1.041605141984285887e-01	-8.343420194017130143e-02	1.495100158288894254e-01	-1.288400576118620688e-01	1.312979601542632602e-01	-1.310108399925005995e-01	6.806669869795883843e-02	-1.681322573324223746e-01	1.039865857867459387e-01	-9.084626829050712615e-02	9.682723834074451197e-02	-1.058054771879428230e-01	8.648547938845480010e-02	-7.971521974864469173e-02	7.483226560385788928e-02	-8.333593158242992571e-02	1.633965679575227758e-02	-6.981939476778743769e-02	6.074253121074666556e-02	-6.050447722733206385e-02	5.405818158192705891e-02	-1.594221677113062674e-02	5.758724352399449686e-02	-4.972622650046457093e-02	4.372446789555262114e-02	-5.141483340913949318e-02
2.318391811242198064e-01	-1.802582768054059315e-01	1.588481573766993837e-01	-1.359344954857108212e-01	1.794933580568406906e-01	-3.042410302123400023e-01	2.232278221191295875e-01	-2.527560190805874796e-01	1.464882583989897125e-01	-1.533367665604717656e-01	2.206836811243330920e-01	-4.068520456445669509e-01	2.976873155859919295e-01	-1.785823094196038463e-01	1.937692704356370477e-01	-3.263747787754280316e-01	1.000000000000001332e+00	-4.207899823762784042e-01	2.228388215053079269e-01	-1.526676186295305160e-01	1.062778865272384216e-01	-4.338087071530392635e-01	2.573553731451338478e-01	-2.609944405581103299e-01	1.788591734674845057e-01	-9.334183581609273306e-02	2.716983370236006889e-01	-2.066941971284839419e-01	1.661854593851494200e-01	-1.574719928489003162e-01	1.560868016554874671e-01	-1.401972754045897607e-01	1.258557592996448760e-01	-1.239222184767915652e-01	1.283441150738885150e-01	-2.591444565378726167e-02	1.085495398602887990e-01	-9.769773853365416871e-02	9.650859642148082451e-02	-8.651080811794741032e-02	2.512879191051399508e-02	-9.284322122615751294e-02	7.776590005889195967e-02	-6.979684055165286116e-02	8.037319552277569223e-02
-1.825266537701374370e-01	1.372905842919108776e-01	-1.295707830666091576e-01	1.144142269125613676e-01	-1.562233253838468672e-01	2.057009932938724250e-01	-1.663963600345575444e-01	1.970296614092638399e-01	-1.317355770163555484e-01	1.390457521775435301e-01	-1.408369467641780726e-01	2.335585387403390223e-01	-5.993444156416042334e-01	2.226051804069647255e-01	-2.197513955929193130e-01	1.757205825883331740e-01	-4.207899823762784042e-01	1.000000000000000888e+00	-3.454585524166142174e-01	1.647133886035282713e-01	-8.719777498828309992e-02	2.496594596783224262e-01	-4.125967400340025959e-01	2.585786168177783284e-01	-1.887075084653784263e-01	7.402453852370438625e-02	-2.401636819032406389e-01	1.990373275788081264e-01	-1.766089393072346470e-01	1.341846364638772104e-01	-1.348896381025035673e-01	1.149485993347282853e-01	-1.107524348136937620e-01	1.078182928430239662e-01	-1.131732041604289613e-01	2.161922929808349908e-02	-9.270348706942076189e-02	8.339269642233414215e-02	-8.433455874655053364e-02	7.379227628174700460e-02	-2.105026809400319804e-02	7.715806294892371686e-02	-6.644206823877364665e-02	5.897803054278821788e-02	-6.928578398780282921e-02
1.709030380409258254e-01	-1.355710366605956119e-01	1.259721890040522707e-01	-1.241329316811171785e-01	1.620632366686793613e-01	-2.050262159120047056e-01	1.457531551983871909e-01	-1.868858659251242671e-01	1.486668530220323636e-01	-1.775181535907721098e-01	1.139909613516262715e-01	-1.870922305840873878e-01	2.644219272096217099e-01	-6.174481200778231260e-01	3.085861606970413118e-01	-1.515957871718006944e-01	2.228388215053079269e-01	-3.454585524166142174e-01	1.000000000000000222e+00	-3.445945282586784786e-01	7.224744416133550839e-02	-1.863307135341494558e-01	2.094899482366090748e-01	-3.327998035141210287e-01	2.432639453838696120e-01	-6.184240608561631519e-02	1.841012540954551358e-01	-1.805865553364826015e-01	1.627911585893547231e-01	-1.558278096029143966e-01	1.151841308273200970e-01	-9.909164160514936925e-02	1.046262455976346567e-01	-1.067302708319498583e-01	1.186080846363034152e-01	-2.068827556100756235e-02	8.862360991812549826e-02	-8.045819741824687676e-02	8.243085987325832198e-02	-7.415239111942392713e-02	2.014038969890349223e-02	-7.502203787777611543e-02	6.538099155249246786e-02	-5.844506246354748413e-02	6.896127783416923507e-02
-1.290852939110176678e-01	1.009786726655302336e-01	-9.679060199666855713e-02	9.742736019306372230e-02	-1.354755581222869265e-01	1.469597806488240899e-01	-1.047737012517122729e-01	1.334685972996768333e-01	-1.234054626637087065e-01	1.469798840212580004e-01	-7.909682415310616277e-02	1.265314182792820485e-01	-1.704760104118112629e-01	2.350740481860416897e-01	-4.054641267415453609e-01	1.041605141984285887e-01	-1.526676186295305160e-01	1.647133886035282713e-01	-3.445945282586784786e-01	9.999999999999995559e-01	-5.320918913021402408e-02	1.196568034914851641e-01	-1.255623533440410888e-01	1.642410714626992285e-01	-7.623927649929108652e-01	4.522455926199112769e-02	-1.305357211685428398e-01	1.110300500864979667e-01	-1.026883700610942696e-01	1.592241942624004480e-01	-8.791470846915759585e-02	7.454251147665809374e-02	-8.587486954440941289e-02	8.592897746925755309e-02	-1.219755413232477270e-01	1.692361232204451019e-02	-7.411618966984026557e-02	6.596728955098639380e-02	-6.946100296352641923e-02	6.451056463632814930e-02	-1.655151819179603162e-02	6.161762119096421408e-02	-5.648411054974972895e-02	4.972626202800484174e-02	-6.109378185337351053e-02
7.242459234301187876e-02	-5.173216084279450011e-02	4.695539068056802517e-02	-4.109457214011260490e-02	5.646189022382493150e-02	-8.598654868790923944e-02	5.788609003239027911e-02	-6.766831080508682594e-02	4.454109430224879873e-02	-4.727408197454394112e-02	5.821882738277656816e-02	-7.839370600751741081e-02	8.140208914851573829e-02	-5.572161549941741232e-02	6.424833808084516595e-02	-8.343420194017130143e-02	1.062778865272384216e-01	-8.719777498828309992e-02	7.224744416133550839e-02	-5.320918913021402408e-02	1.000000000000000666e+00	-1.486506947302204951e-01	8.900742436125175239e-02	-9.782216690661946212e-02	6.553594155853342818e-02	-9.222848974903917751e-01	1.663277561147111228e-01	-8.505326006337299294e-02	6.846530446494449029e-02	-8.524716387025682574e-02	1.990936701364023620e-01	-1.828135610195288363e-01	8.820048920635102652e-02	-8.182206618266554821e-02	6.892892771535938379e-02	-2.031101813449702129e-02	7.731139357185082273e-02	-7.186706023722662373e-02	6.164835386381212201e-02	-5.548876107467513169e-02	1.922335822948949280e-02	-7.057623896510976935e-02	5.006373406085427857e-02	-4.688898905587093879e-02	4.918984440659264490e-02
-1.489975412497719087e-01	1.087704591954774397e-01	-1.002165946962058352e-01	8.816831414311732118e-02	-1.215683036639548936e-01	1.721324108443804124e-01	-1.260491865624646379e-01	1.460172366379949849e-01	-9.795825134210420226e-02	1.036482430754752104e-01	-1.124093074240092305e-01	1.782201265533825685e-01	-2.167315415012524837e-01	1.348909282545740218e-01	-1.511917712463081986e-01	1.495100158288894254e-01	-4.338087071530392635e-01	2.496594596783224262e-01	-1.863307135341494558e-01	1.196568034914851641e-01	-1.486506947302204951e-01	9.999999999999988898e-01	-4.866482683485100491e-01	2.591097710839607715e-01	-1.471919543580289813e-01	1.239320918154377532e-01	-5.964129509163142995e-01	2.198646041552320129e-01	-1.887861629862993829e-01	1.344398046888470588e-01	-2.046337097660130278e-01	1.833055317585147448e-01	-1.319695324929484048e-01	1.222187025333833083e-01	-1.155950126157696684e-01	2.605416564943494051e-02	-1.097513013387438063e-01	9.863281652202414429e-02	-9.468991349721099515e-02	8.168884035907041097e-02	-2.522307095084367137e-02	9.124948274957542238e-02	-7.406589743440494811e-02	6.646503134973923144e-02	-7.566040259003736779e-02
1.336237009816133858e-01	-9.958471642540545066e-02	9.206367742560221668e-02	-8.245283997405522536e-02	1.125330326126160740e-01	-1.553779727727457594e-01	1.139399623859618932e-01	-1.369806270285654493e-01	9.295909363039248086e-02	-1.001529539855446349e-01	9.704032864379490142e-02	-1.580699109035852423e-01	2.291722861277557810e-01	-1.489746137857079211e-01	1.511794995723842461e-01	-1.288400576118620688e-01	2.573553731451338478e-01	-4.125967400340025959e-01	2.094899482366090748e-01	-1.255623533440410888e-01	8.900742436125175239e-02	-4.866482683485100491e-01	1.000000000000002442e+00	-5.358519632027570756e-01	1.465290301096280612e-01	-7.735326904137632131e-02	2.651330480592511418e-01	-4.055832948491965850e-01	2.665420823187297783e-01	-1.250253767994068399e-01	1.346445947896355577e-01	-1.217099623747804754e-01	1.157504032367473457e-01	-1.181722928549256285e-01	1.073313333824485460e-01	-2.126102776489262325e-02	9.109357289821296000e-02	-8.582770953449490869e-02	8.710317087364587152e-02	-7.337111091222067727e-02	2.062676408084837543e-02	-7.651484992034621180e-02	6.478893484035802564e-02	-5.819410412088657503e-02	6.773628826714422901e-02
-1.494939558709288963e-01	1.094939946380962675e-01	-1.031885142995539184e-01	9.421870787647873557e-02	-1.315123140009757108e-01	1.653790155621008839e-01	-1.219667148018742792e-01	1.462419504233060663e-01	-1.090295414990561929e-01	1.177828334138053545e-01	-1.009213766809315127e-01	1.600567271244609513e-01	-2.409274382285191696e-01	1.867500891558857568e-01	-1.982783326899078824e-01	1.312979601542632602e-01	-2.609944405581103299e-01	2.585786168177783284e-01	-3.327998035141210287e-01	1.642410714626992285e-01	-9.782216690661946212e-02	2.591097710839607715e-01	-5.358519632027570756e-01	1.000000000000000222e+00	-2.067071904298221074e-01	8.248535034780465902e-02	-2.869074072811717557e-01	3.125032172420388332e-01	-5.063871307968071944e-01	1.505304939918951646e-01	-1.576033298424772411e-01	1.338818301790802578e-01	-1.437714137951776328e-01	1.479474827015951621e-01	-1.353129944750517399e-01	2.519329640498856743e-02	-1.101990713664777188e-01	1.035574048735006247e-01	-1.101817867824870512e-01	8.957046887520557499e-02	-2.454221994819701796e-02	9.053761462409669336e-02	-7.914237594368328521e-02	7.033913055526551383e-02	-8.368138583847128942e-02
1.576250526672468566e-01	-1.219215696153547468e-01	1.121901306121707298e-01	-1.091480659549091820e-01	1.449098930709815380e-01	-1.891488391016130366e-01	1.265749067771297642e-01	-1.619825343888601499e-01	1.257877902135328962e-01	-1.542560854832618622e-01	9.733393593453272541e-02	-1.548059768590615837e-01	1.814282746309980321e-01	-2.136808777434806850e-01	2.555391625739605876e-01	-1.310108399925005995e-01	1.788591734674845057e-01	-1.887075084653784263e-01	2.432639453838696120e-01	-7.623927649929108652e-01	6.553594155853342818e-02	-1.471919543580289813e-01	1.465290301096280612e-01	-2.067071904298221074e-01	9.999999999999976685e-01	-5.599676185786438970e-02	1.571160093311628481e-01	-1.388836731742432162e-01	1.229681376484193789e-01	-2.635247972665258342e-01	1.088794138216485075e-01	-9.330211377741079448e-02	1.094013963928532202e-01	-1.125249112086125214e-01	1.601527331655875352e-01	-2.189573675585024248e-02	9.509855467486680314e-02	-8.540040203228610460e-02	8.977219967468763606e-02	-8.520922630620847427e-02	2.137689349077563639e-02	-8.037904586768046533e-02	7.307208472342638372e-02	-6.509522247865728861e-02	7.926653283698995023e-02
-6.107018102478073418e-02	4.343103585126022875e-02	-3.958775819479939950e-02	3.464879069483703389e-02	-4.779030584370342477e-02	7.143449982176423851e-02	-4.868266979149611651e-02	5.671478583311460181e-02	-3.766214912342664978e-02	3.992309514419253164e-02	-4.937424133271409860e-02	6.562385941219620045e-02	-6.971807506718928626e-02	4.738075563960726655e-02	-5.484555080158336898e-02	6.806669869795883843e-02	-9.334183581609273306e-02	7.402453852370438625e-02	-6.184240608561631519e-02	4.522455926199112769e-02	-9.222848974903917751e-01	1.239320918154377532e-01	-7.735326904137632131e-02	8.248535034780465902e-02	-5.599676185786438970e-02	1.000000000000001332e+00	-1.782211138137926587e-01	7.264379225944382623e-02	-5.923750116756174022e-02	7.221151891872194806e-02	-2.602066525660894913e-01	1.678586992417719637e-01	-8.023658029110508627e-02	7.106855973266805460e-02	-5.962544068149141369e-02	1.827448600695620595e-02	-6.954420730829376229e-02	6.326360602407524181e-02	-5.409963739495189661e-02	4.802192796075968606e-02	-1.738253179035231105e-02	6.121244586262060416e-02	-4.373435082233335242e-02	4.059751212133827503e-02	-4.283730945398443735e-02
1.700332651812231644e-01	-1.244459608518331262e-01	1.123763309095007629e-01	-9.913183028182678824e-02	1.347734485386344327e-01	-2.074823503824388959e-01	1.388173101123559017e-01	-1.656257238999885029e-01	1.078278926636637436e-01	-1.152744479814646894e-01	1.204463589814241259e-01	-1.904995989302650239e-01	2.041898128141047541e-01	-1.414197095104093582e-01	1.573365797256542631e-01	-1.681322573324223746e-01	2.716983370236006889e-01	-2.401636819032406389e-01	1.841012540954551358e-01	-1.305357211685428398e-01	1.663277561147111228e-01	-5.964129509163142995e-01	2.651330480592511418e-01	-2.869074072811717557e-01	1.571160093311628481e-01	-1.782211138137926587e-01	9.999999999999976685e-01	-2.645908550012835980e-01	1.914554118948092187e-01	-1.757977313639824957e-01	2.589962847608629493e-01	-3.716214892602667241e-01	1.725212585441590063e-01	-1.628393776761085099e-01	1.433223582084880987e-01	-3.575392493625827867e-02	1.461470810369376039e-01	-1.361406301702554333e-01	1.222606123662531574e-01	-1.082811064720331368e-01	3.417724319950116163e-02	-1.284391776979652289e-01	9.695404476730637433e-02	-8.932319815415040720e-02	9.746456159726932245e-02
-1.174231461082593797e-01	8.492357460292462856e-02	-7.955614277004802171e-02	7.155019944426015133e-02	-1.000143035680079451e-01	1.300785209206294368e-01	-9.482229027084780604e-02	1.129283904877583788e-01	-8.117611879561742461e-02	8.683825454210260253e-02	-7.939935280047771826e-02	1.253837104572608496e-01	-1.811356977741342134e-01	1.226266994545612415e-01	-1.366600179172302032e-01	1.039865857867459387e-01	-2.066941971284839419e-01	1.990373275788081264e-01	-1.805865553364826015e-01	1.110300500864979667e-01	-8.505326006337299294e-02	2.198646041552320129e-01	-4.055832948491965850e-01	3.125032172420388332e-01	-1.388836731742432162e-01	7.264379225944382623e-02	-2.645908550012835980e-01	1.000000000000000222e+00	-7.483165786404437636e-01	1.356526266256336821e-01	-1.420729640959878803e-01	1.247985316228663044e-01	-1.589457281400701860e-01	1.622979703344731017e-01	-1.292695600537425438e-01	2.394654134176563143e-02	-1.067087600511013590e-01	1.067825156134488418e-01	-1.161371971470613468e-01	8.864659997648847989e-02	-2.330546799513045012e-02	8.728135184292050430e-02	-7.688916890544861271e-02	6.864106424299683262e-02	-8.211299407055548671e-02
1.014441182664643781e-01	-7.425503432411238725e-02	6.901986412180509400e-02	-6.249782270434105919e-02	8.633761711445395171e-02	-1.152805164872268695e-01	8.230732259191367306e-02	-9.922694811822460603e-02	7.069275371961508680e-02	-7.670096714358770607e-02	6.848670451522810565e-02	-1.088566212249960502e-01	1.487905562278852289e-01	-1.135967134616820001e-01	1.188073687856712746e-01	-9.084626829050712615e-02	1.661854593851494200e-01	-1.766089393072346470e-01	1.627911585893547231e-01	-1.026883700610942696e-01	6.846530446494449029e-02	-1.887861629862993829e-01	2.665420823187297783e-01	-5.063871307968071944e-01	1.229681376484193789e-01	-5.923750116756174022e-02	1.914554118948092187e-01	-7.483165786404437636e-01	1.000000000000001332e+00	-1.347732227818776995e-01	1.159927194516177651e-01	-1.049510441559042828e-01	1.432300375168704953e-01	-1.993604025604023555e-01	1.230210502178149812e-01	-2.164351583994952866e-02	9.615191723291720283e-02	-1.015225405345367843e-01	1.134351729053197089e-01	-8.574271241790545894e-02	2.101444375360150135e-02	-8.049601192183505893e-02	7.092273417484040721e-02	-6.457476348809466915e-02	7.681764419876999095e-02
-1.271828583847089411e-01	8.823405373142617636e-02	-8.326498986245986500e-02	7.615607884738016808e-02	-1.094932023393421355e-01	1.337511942331649495e-01	-9.202243657653565168e-02	1.115611202798610507e-01	-8.611620583741079471e-02	9.347079012867207104e-02	-7.309518399537399957e-02	1.132223229256578978e-01	-1.389415580219814927e-01	1.159981406972172696e-01	-1.526893416500492984e-01	9.682723834074451197e-02	-1.574719928489003162e-01	1.341846364638772104e-01	-1.558278096029143966e-01	1.592241942624004480e-01	-8.524716387025682574e-02	1.344398046888470588e-01	-1.250253767994068399e-01	1.505304939918951646e-01	-2.635247972665258342e-01	7.221151891872194806e-02	-1.757977313639824957e-01	1.356526266256336821e-01	-1.347732227818776995e-01	1.000000000000000666e+00	-1.688062765982124847e-01	1.435876043995738260e-01	-2.484657796306617428e-01	2.496934613793483360e-01	-7.479968603842657160e-01	4.422980217075734438e-02	-2.116897522713631352e-01	1.862843226176868483e-01	-2.219555318555978540e-01	2.221539338883179171e-01	-4.388294609217863185e-02	1.662323018425581056e-01	-1.808467530492409714e-01	1.533821745105341527e-01	-2.180766136906555908e-01
1.131556944961620709e-01	-8.087224591493342996e-02	7.335772874220035378e-02	-6.479175936288011917e-02	8.909693651384648083e-02	-1.344193155023446218e-01	8.824846363243589453e-02	-1.054759476878426167e-01	7.026309131397524832e-02	-7.510920274560274612e-02	7.609654052713145378e-02	-1.164414169308800456e-01	1.246786975332627861e-01	-8.879204298160320308e-02	1.029776742006805468e-01	-1.058054771879428230e-01	1.560868016554874671e-01	-1.348896381025035673e-01	1.151841308273200970e-01	-8.791470846915759585e-02	1.990936701364023620e-01	-2.046337097660130278e-01	1.346445947896355577e-01	-1.576033298424772411e-01	1.088794138216485075e-01	-2.602066525660894913e-01	2.589962847608629493e-01	-1.420729640959878803e-01	1.159927194516177651e-01	-1.688062765982124847e-01	1.000000000000001554e+00	-7.796689871995553522e-01	2.089956854878174397e-01	-1.854530152609764893e-01	1.367904022389693497e-01	-5.090620787965877830e-02	1.788820802611328642e-01	-1.724764721668059497e-01	1.347873725169698722e-01	-1.198338060526886878e-01	4.708246240082473999e-02	-1.646893601701441279e-01	1.078586040231781784e-01	-1.026347264007665822e-01	1.036334775031216154e-01
-9.315396501131359419e-02	6.640020786678342557e-02	-6.064191958551762296e-02	5.364177204177512231e-02	-7.421022341407765288e-02	1.084687118400463890e-01	-7.278039981590232743e-02	8.662044983721839397e-02	-5.856928714528650270e-02	6.251830123841266296e-02	-6.303888524519592196e-02	9.629176525588649393e-02	-1.068189537664130245e-01	7.530760855469866011e-02	-8.776401557534629916e-02	8.648547938845480010e-02	-1.401972754045897607e-01	1.149485993347282853e-01	-9.909164160514936925e-02	7.454251147665809374e-02	-1.828135610195288363e-01	1.833055317585147448e-01	-1.217099623747804754e-01	1.338818301790802578e-01	-9.330211377741079448e-02	1.678586992417719637e-01	-3.716214892602667241e-01	1.247985316228663044e-01	-1.049510441559042828e-01	1.435876043995738260e-01	-7.796689871995553522e-01	1.000000000000000222e+00	-2.832290065286131031e-01	1.735896190867074473e-01	-1.261089213598074188e-01	4.526559715734665423e-02	-2.148335163734325370e-01	1.724674735118582602e-01	-1.333600079626005297e-01	1.103643168704900313e-01	-4.318095042631513170e-02	1.519187912062629486e-01	-1.029987407866222171e-01	9.428461677224175830e-02	-9.783724041002161975e-02
9.445187419139114415e-02	-6.651943171956183065e-02	6.122972515805746169e-02	-5.473199973840965626e-02	7.642004767000704080e-02	-1.067447960865715029e-01	7.126648331722901242e-02	-8.578962883611974954e-02	6.015989716053594255e-02	-6.475888693806741703e-02	5.886487011706813960e-02	-9.104940171270853311e-02	1.056316198872570278e-01	-7.898909380561063009e-02	9.384815643191510293e-02	-7.971521974864469173e-02	1.258557592996448760e-01	-1.107524348136937620e-01	1.046262455976346567e-01	-8.587486954440941289e-02	8.820048920635102652e-02	-1.319695324929484048e-01	1.157504032367473457e-01	-1.437714137951776328e-01	1.094013963928532202e-01	-8.023658029110508627e-02	1.725212585441590063e-01	-1.589457281400701860e-01	1.432300375168704953e-01	-2.484657796306617428e-01	2.089956854878174397e-01	-2.832290065286131031e-01	1.000000000000001998e+00	-5.651191957458626680e-01	2.244594514870716651e-01	-5.557711262562953225e-02	2.517516985654491002e-01	-5.663206967363710875e-01	2.989933165209887611e-01	-2.175093188253601206e-01	5.244892488352835558e-02	-2.275948588824812657e-01	1.701991079609494195e-01	-1.655122557114749315e-01	1.750334660267327536e-01
-9.037332188856359028e-02	6.342033666983747098e-02	-5.887298101192587479e-02	5.285012698518548602e-02	-7.441712922711460343e-02	9.975729124260702962e-02	-6.790758646867110782e-02	8.161726522512884052e-02	-5.863180997350795481e-02	6.306074605327900706e-02	-5.584027304870661790e-02	8.642776465412076170e-02	-1.045385367588182596e-01	7.876157718976756206e-02	-9.456031791730748481e-02	7.483226560385788928e-02	-1.239222184767915652e-01	1.078182928430239662e-01	-1.067302708319498583e-01	8.592897746925755309e-02	-8.182206618266554821e-02	1.222187025333833083e-01	-1.181722928549256285e-01	1.479474827015951621e-01	-1.125249112086125214e-01	7.106855973266805460e-02	-1.628393776761085099e-01	1.622979703344731017e-01	-1.993604025604023555e-01	2.496934613793483360e-01	-1.854530152609764893e-01	1.735896190867074473e-01	-5.651191957458626680e-01	1.000000000000000888e+00	-3.758806700388054867e-01	4.772693953002320189e-02	-2.359835727006755202e-01	3.008693582208754602e-01	-5.247709946766402345e-01	2.452097172375309053e-01	-4.649625952825510444e-02	1.876267377415182236e-01	-1.827276917259237354e-01	1.677990341123259399e-01	-2.155468886784997762e-01
