1.000000000000000000e+00	-5.170134004659947546e-01	2.032052442601911535e-01	-1.449200627633341343e-01	8.995809895268293277e-02	-6.921369933166485744e-01	3.188006850148591975e-01	-1.967538842078559169e-01	1.424356578872616463e-01	-1.002870377600030283e-01	2.171265386268963482e-01	-2.284969641743053170e-01	1.437458840370875179e-01	-1.038996262223370742e-01	1.171141409993477905e-01	-1.884545395530967116e-01	1.275484379760975506e-01	-1.393266820250169957e-01	1.075894834146672585e-01	-4.223286522052760450e-02	8.552484664156241589e-02	-1.188573872109804086e-01	1.124056048050850465e-01	-7.324752723699473611e-02	4.228847834295204611e-02	-9.222460679499978886e-02	9.726211367245719830e-02	-7.331908006112812515e-02	7.143557699944787232e-02	-9.068288361068525816e-02	8.194547769618330813e-02	-6.047088101238441704e-02	6.530560201113706775e-02	-6.213806890781285036e-02	6.284029729756722416e-02	-3.180997421088306576e-02	4.663024128374361477e-02	-4.306050590927272548e-02	3.824661258521113577e-02	-3.005466080429201187e-02	3.404440317879632583e-02	-3.856875986346946367e-02	3.601667614807840812e-02	-4.224709251433236834e-02	3.847303648395139497e-02
-5.170134004659947546e-01	1.000000000000000000e+00	-4.258419346924833260e-01	1.585115332510710073e-01	-9.985522632107939056e-02	2.875893797453367706e-01	-6.346598765011440824e-01	2.491744855998881125e-01	-1.613351082308640827e-01	1.060694516746844979e-01	-1.472442194729647047e-01	1.563957027411939371e-01	-1.563215526453636262e-01	1.071708253258101401e-01	-1.180455315289878904e-01	1.266098649091038642e-01	-9.594946359576166095e-02	1.152198135200783596e-01	-9.770166636113909731e-02	3.899751675822857311e-02	-6.506951754409454058e-02	9.268484047181538288e-02	-9.576237243506866004e-02	6.531046892282975358e-02	-3.886098187983992591e-02	7.156341402976036659e-02	-7.916749273553329302e-02	6.359007254306982271e-02	-6.268825710574596477e-02	8.041849708158922694e-02	-6.789563856322451685e-02	5.028155004800476113e-02	-5.616180381373023917e-02	5.403518311961401366e-02	-5.492942371073011171e-02	2.722149844287536508e-02	-3.979180296627855828e-02	3.703390469348444985e-02	-3.294329857500585129e-02	2.593615874803087418e-02	-2.917005046474533195e-02	3.299816320147884452e-02	-3.094679964183536663e-02	3.636757951484931306e-02	-3.320272638246038466e-02
2.032052442601911535e-01	-4.258419346924833260e-01	1.000000000000000222e+00	-3.250845169622492703e-01	1.637679310798738908e-01	-1.815328935924392928e-01	2.672809839179839941e-01	-7.010003118590215632e-01	2.484168597692826275e-01	-1.745630068198359419e-01	1.224319657356216645e-01	-1.566473437596547225e-01	2.286397205211535000e-01	-1.657259999608707290e-01	1.681190016428592282e-01	-1.272461089807033208e-01	1.048830755663604369e-01	-1.466542711595193171e-01	1.288531519127655567e-01	-5.321048843785350368e-02	7.289214346756281437e-02	-1.089643268660341752e-01	1.192947711214936007e-01	-8.637291740599052636e-02	5.243299451889543716e-02	-8.350513593301100990e-02	9.422124479151340604e-02	-8.198713313128395963e-02	8.094678293682089354e-02	-1.081238305456343196e-01	8.235230087562039891e-02	-6.167750777121488309e-02	7.150784942216843743e-02	-7.017210751322271178e-02	7.151815381069291655e-02	-3.468270156363949253e-02	5.029499405892009362e-02	-4.735075097691402585e-02	4.212256859738897075e-02	-3.330523654737300304e-02	3.709318364491717701e-02	-4.199113763363034740e-02	3.949042365670895477e-02	-4.667199908311672057e-02	4.252077012318188076e-02
-1.449200627633341343e-01	1.585115332510710073e-01	-3.250845169622492703e-01	1.000000000000000000e+00	-6.203882865226078014e-01	1.221699951635665804e-01	-1.897076427657080899e-01	2.411433079310726368e-01	-4.855285715706621485e-01	3.169090833092348958e-01	-1.112999187586162508e-01	1.440815805260245441e-01	-2.616981857067017803e-01	2.065382884019572873e-01	-2.821912680042156785e-01	1.196888693932023490e-01	-1.054379801993007570e-01	1.516658804177825060e-01	-1.640572833290249166e-01	6.976671948827016523e-02	-7.522828955285856822e-02	1.132653577243454279e-01	-1.393723308007858430e-01	1.039163802953053106e-01	-6.958879040072726840e-02	8.722343660108222707e-02	-1.041418892079434416e-01	9.536192976089162554e-02	-9.744658624940406855e-02	1.235421890075513590e-01	-9.277870669641608004e-02	6.933897532783903084e-02	-8.298837712597444127e-02	8.110638637849479360e-02	-8.361183155240693721e-02	3.943570577415251438e-02	-5.763248453682473516e-02	5.445107284420391131e-02	-4.861058170618013513e-02	3.832152175331909882e-02	-4.243584892913801476e-02	4.792892221718444284e-02	-4.541570679545504918e-02	5.339107248867653449e-02	-4.914486195584512329e-02
8.995809895268293277e-02	-9.985522632107939056e-02	1.637679310798738908e-01	-6.203882865226078014e-01	1.000000000000000000e+00	-8.139701813150899967e-02	1.150060484368700259e-01	-1.615572507308044303e-01	2.849471888671717967e-01	-6.653793441370838835e-01	8.045581089214036419e-02	-1.109727501316500470e-01	1.739689905916390333e-01	-1.623384234994198760e-01	2.211386843179567463e-01	-9.158670686772560354e-02	8.061834390326204358e-02	-1.185214378504797356e-01	1.220109633893994294e-01	-5.511995264016249230e-02	5.819080993096055476e-02	-8.890679457852596057e-02	1.054318465854585107e-01	-8.019752313751850326e-02	5.376789993058117556e-02	-6.839728723148587319e-02	8.021517857210576363e-02	-7.412486294131000186e-02	7.445679437428674718e-02	-1.005119632454683914e-01	7.151659576508229144e-02	-5.378383440378282226e-02	6.447624003065523246e-02	-6.388796417270690975e-02	6.574979543945523586e-02	-3.108160729426123411e-02	4.500762626277771128e-02	-4.266311815318641482e-02	3.803387828843568519e-02	-3.011335682840607375e-02	3.330519882462353032e-02	-3.764128912789636849e-02	3.556292636058774881e-02	-4.206838661220418940e-02	3.847710218767397272e-02
-6.921369933166485744e-01	2.875893797453367706e-01	-1.815328935924392928e-01	1.221699951635665804e-01	-8.139701813150899967e-02	1.000000000000000666e+00	-4.856392809273053501e-01	1.645484402726080375e-01	-1.338854419893250602e-01	8.921424713071209045e-02	-3.631130189713357437e-01	2.194725122542085516e-01	-1.379526366087139022e-01	9.658855144074061927e-02	-1.113933528945020568e-01	1.898460814229705196e-01	-1.308886657180688695e-01	1.315587787939606623e-01	-1.045704916325480155e-01	4.021693914521559665e-02	-8.618276192756162135e-02	1.143676274922215824e-01	-1.108157146368421581e-01	7.050525464351310723e-02	-4.047907886430104907e-02	8.910273412636553203e-02	-9.683944480516699926e-02	7.077925837233106643e-02	-6.934623509568664523e-02	8.509320946660128837e-02	-8.122842559767104453e-02	5.936679830213141551e-02	-6.340031825112650565e-02	5.961656588116393679e-02	-6.031282950647726820e-02	3.071343900587098635e-02	-4.531428618945217840e-02	4.160048483716930617e-02	-3.698491240689096016e-02	2.897099187560057618e-02	-3.297333758167419332e-02	3.728380965238410616e-02	-3.483541582741878084e-02	4.066967060596701766e-02	-3.719100841673175090e-02
3.188006850148591975e-01	-6.346598765011440824e-01	2.672809839179839941e-01	-1.897076427657080899e-01	1.150060484368700259e-01	-4.856392809273053501e-01	1.000000000000000222e+00	-3.200081582006438774e-01	1.837233014592351554e-01	-1.300985336673243509e-01	1.991009128552899132e-01	-2.345666571102097420e-01	1.817381545606554516e-01	-1.318752334888600442e-01	1.437210034764531130e-01	-1.824200016565980242e-01	1.333890578108559988e-01	-1.567337451112892910e-01	1.256785114069698950e-01	-5.020059844460708631e-02	8.995573025931646871e-02	-1.283697761128408388e-01	1.269534719855625882e-01	-8.535156672610780260e-02	5.001568276441848565e-02	-9.905231595966015878e-02	1.069175637175655696e-01	-8.426342132198601231e-02	8.235638196095515506e-02	-1.069253723929306926e-01	9.116147650997628860e-02	-6.757473981407487174e-02	7.464451182684851693e-02	-7.177574088034548161e-02	7.282296494244377971e-02	-3.639494590646594196e-02	5.311480435414375756e-02	-4.934278095477635795e-02	4.385888047967024389e-02	-3.454932463754211563e-02	3.894164783513216072e-02	-4.407582846668393201e-02	4.124348402939032043e-02	-4.851915458651784308e-02	4.418994307318294124e-02
-1.967538842078559169e-01	2.491744855998881125e-01	-7.010003118590215632e-01	2.411433079310726368e-01	-1.615572507308044303e-01	1.645484402726080375e-01	-3.200081582006438774e-01	1.000000000000000666e+00	-3.684697760147729872e-01	1.768507898790794008e-01	-1.201141196341871248e-01	1.501441497854003326e-01	-3.683017335391448599e-01	1.936097100286188477e-01	-1.898606344480983088e-01	1.230659963511734345e-01	-1.049984126449461652e-01	1.496521015454794767e-01	-1.387912374838491114e-01	5.619258452238810181e-02	-7.207264336369552382e-02	1.076678796708541302e-01	-1.226364692564215486e-01	9.040026804726197796e-02	-5.533852483939366573e-02	8.232736961758538308e-02	-9.438984408944943449e-02	8.391239352164073240e-02	-8.370813158672106569e-02	1.089377266822287027e-01	-8.273143470831578750e-02	6.199316305862615645e-02	-7.259366176037497509e-02	7.122562625412853787e-02	-7.247222841084471900e-02	3.480345258379832080e-02	-5.064367958131744951e-02	4.782323171976410325e-02	-4.252704427290191630e-02	3.357525504086208978e-02	-3.725255637349062648e-02	4.225600703880567216e-02	-3.983478577333569165e-02	4.699877755823083508e-02	-4.287216478828101418e-02
1.424356578872616463e-01	-1.613351082308640827e-01	2.484168597692826275e-01	-4.855285715706621485e-01	2.849471888671717967e-01	-1.338854419893250602e-01	1.837233014592351554e-01	-3.684697760147729872e-01	1.000000000000000222e+00	-4.775650531204707616e-01	1.336664852552394978e-01	-1.895213453930778558e-01	2.840691686183681730e-01	-3.292636000424523646e-01	2.917172873330513005e-01	-1.555421298355303406e-01	1.363562060458850533e-01	-2.030788762681925153e-01	2.004751416233087613e-01	-8.598194800502041713e-02	9.830208681786892222e-02	-1.511137343578178860e-01	1.740328459969590902e-01	-1.341688817103499909e-01	8.364699881588008590e-02	-1.160012775713328836e-01	1.340951581816943183e-01	-1.238960355679403769e-01	1.228951063727016790e-01	-1.695396627390889366e-01	1.192346808717260481e-01	-8.994085237382593023e-02	1.073812294385902699e-01	-1.069938686871847733e-01	1.094793980823956792e-01	-5.218271838676678126e-02	7.520997743190659113e-02	-7.136438699495205318e-02	6.352953318929768778e-02	-5.039936210376872588e-02	5.577761298592251449e-02	-6.307744358962191766e-02	5.945711824812854873e-02	-7.055268191715824422e-02	6.425829182591419331e-02
-1.002870377600030283e-01	1.060694516746844979e-01	-1.745630068198359419e-01	3.169090833092348958e-01	-6.653793441370838835e-01	8.921424713071209045e-02	-1.300985336673243509e-01	1.768507898790794008e-01	-4.775650531204707616e-01	1.000000000000001776e+00	-9.007696810061939507e-02	1.231609587890210578e-01	-2.236123667428552286e-01	2.154316066513417560e-01	-3.923982480008147422e-01	1.023546264658341115e-01	-9.144531439719535970e-02	1.358953142216864640e-01	-1.516973405225654215e-01	7.068335612811106616e-02	-6.559531708801492889e-02	1.001077961222328755e-01	-1.231666335580775123e-01	9.624736560886530679e-02	-6.945743153752455268e-02	7.689371364664425446e-02	-9.121634507437201278e-02	8.636785618909190165e-02	-8.818941870717031395e-02	1.143918685748790409e-01	-8.151205515312098804e-02	6.137000014236785456e-02	-7.440398694623399922e-02	7.360613826182066388e-02	-7.571875726498619730e-02	3.525041718777264382e-02	-5.133755188061598501e-02	4.884645859057581280e-02	-4.352442897162069058e-02	3.437478653319527705e-02	-3.781526190999689313e-02	4.288055004730847997e-02	-4.064837135526860878e-02	4.794329704571414358e-02	-4.393984070654657903e-02
2.171265386268963482e-01	-1.472442194729647047e-01	1.224319657356216645e-01	-1.112999187586162508e-01	8.045581089214036419e-02	-3.631130189713357437e-01	1.991009128552899132e-01	-1.201141196341871248e-01	1.336664852552394978e-01	-9.007696810061939507e-02	9.999999999999998890e-01	-5.903964225912220476e-01	1.562267010455853367e-01	-1.111098773682544366e-01	1.328635248450732165e-01	-5.745791988560735586e-01	2.695006390446766376e-01	-2.247033368390272401e-01	1.496393143268337222e-01	-5.483676002891572920e-02	1.674813992502655335e-01	-2.100826269393240853e-01	1.742177154771831493e-01	-1.026047174668869716e-01	5.570969975642315469e-02	-1.648215601578635336e-01	1.620441899226583160e-01	-1.065786955141959785e-01	1.028222249726423454e-01	-1.194902022932103347e-01	1.312437174973074550e-01	-9.549970797358309227e-02	9.608420522537880482e-02	-8.825625910706176580e-02	8.800904308725226999e-02	-4.631621265847554042e-02	6.902157134807689054e-02	-6.258627977177423640e-02	5.540239538234541239e-02	-4.313636347731697462e-02	4.961544987430463460e-02	-5.645127993127904004e-02	5.240491721908897144e-02	-6.081027726007645628e-02	5.535624244895807899e-02
-2.284969641743053170e-01	1.563957027411939371e-01	-1.566473437596547225e-01	1.440815805260245441e-01	-1.109727501316500470e-01	2.194725122542085516e-01	-2.345666571102097420e-01	1.501441497854003326e-01	-1.895213453930778558e-01	1.231609587890210578e-01	-5.903964225912220476e-01	9.999999999999997780e-01	-2.300716683502040671e-01	1.593725605889282360e-01	-1.965768972550238913e-01	3.233170179056248927e-01	-4.494531674764290496e-01	2.744729395057313170e-01	-2.269089322324719660e-01	7.988808684581868991e-02	-1.863431864644858604e-01	2.432268699944371837e-01	-2.647231765151141225e-01	1.499613254380702254e-01	-8.200813207415125206e-02	1.785108871893248683e-01	-2.298787329963883908e-01	1.535891400417809805e-01	-1.527236254577426788e-01	1.660567908032930806e-01	-1.907469285105146961e-01	1.349565576211497198e-01	-1.398588337975897322e-01	1.261956110658446484e-01	-1.277431709290853257e-01	6.654934817141679171e-02	-1.002258087084623578e-01	9.027502003249154860e-02	-8.056644358440723241e-02	6.244535230540647353e-02	-7.225892447862662660e-02	8.101814199250037540e-02	-7.590217510524818745e-02	8.721141172826540888e-02	-8.097966095508404849e-02
1.437458840370875179e-01	-1.563215526453636262e-01	2.286397205211535000e-01	-2.616981857067017803e-01	1.739689905916390333e-01	-1.379526366087139022e-01	1.817381545606554516e-01	-3.683017335391448599e-01	2.840691686183681730e-01	-2.236123667428552286e-01	1.562267010455853367e-01	-2.300716683502040671e-01	1.000000000000002220e+00	-5.635444133870819439e-01	3.052513143354506631e-01	-1.920096574069869166e-01	1.796077196206099236e-01	-3.212895719005267048e-01	2.513354612478250760e-01	-1.020082812541429074e-01	1.200251516299987165e-01	-1.865512127739900883e-01	2.165306209540286131e-01	-1.700728635129933053e-01	9.794482567446730070e-02	-1.397991194895063238e-01	1.602655928806541452e-01	-1.524393706430375306e-01	1.494035260611289162e-01	-2.000734085568288412e-01	1.413294583630432810e-01	-1.072569761803746635e-01	1.284722641736647242e-01	-1.284365656304630454e-01	1.291482864257764429e-01	-6.120653688601357389e-02	8.862553060066223620e-02	-8.471640499324864515e-02	7.504545753560325216e-02	-5.940676343559964795e-02	6.520504791250276988e-02	-7.447797096063180078e-02	7.026519699668123953e-02	-8.332991610683426753e-02	7.544289128876935369e-02
-1.038996262223370742e-01	1.071708253258101401e-01	-1.657259999608707290e-01	2.065382884019572873e-01	-1.623384234994198760e-01	9.658855144074061927e-02	-1.318752334888600442e-01	1.936097100286188477e-01	-3.292636000424523646e-01	2.154316066513417560e-01	-1.111098773682544366e-01	1.593725605889282360e-01	-5.635444133870819439e-01	9.999999999999996669e-01	-5.970656593721682670e-01	1.342862505828853470e-01	-1.264003757675943307e-01	2.039437485151456564e-01	-3.463369774776948740e-01	1.082670414494031758e-01	-8.737168448715917912e-02	1.352522728576036060e-01	-1.772044338287099841e-01	1.659254798074305537e-01	-1.038798225217356236e-01	1.024718300991613179e-01	-1.214396223871146291e-01	1.286648379595234648e-01	-1.368570197511544961e-01	1.596425694244809901e-01	-1.085490169060441823e-01	8.313295109603045796e-02	-1.046165529326500004e-01	1.051437273181314996e-01	-1.049417913440451738e-01	4.712715032986518338e-02	-6.918448687532924302e-02	6.731991058831156283e-02	-5.945821293542580960e-02	4.678067684233330054e-02	-5.027342529734505489e-02	5.813173048550694666e-02	-5.544245479859330472e-02	6.534383372636173859e-02	-5.932899820646606037e-02
1.171141409993477905e-01	-1.180455315289878904e-01	1.681190016428592282e-01	-2.821912680042156785e-01	2.211386843179567463e-01	-1.113933528945020568e-01	1.437210034764531130e-01	-1.898606344480983088e-01	2.917172873330513005e-01	-3.923982480008147422e-01	1.328635248450732165e-01	-1.965768972550238913e-01	3.052513143354506631e-01	-5.970656593721682670e-01	1.000000000000001332e+00	-1.634080409208235329e-01	1.472944936366297752e-01	-2.306581373598334261e-01	2.487607337784066286e-01	-1.532583918553145630e-01	1.066934337645361192e-01	-1.662809991937342358e-01	1.972995629015648067e-01	-1.706444707485480772e-01	1.306462076413048568e-01	-1.271614548091571650e-01	1.479509634265713802e-01	-1.471617436320993566e-01	1.461972825311402824e-01	-2.062407561079539209e-01	1.325556351660017174e-01	-1.011397017264977355e-01	1.243774319325110650e-01	-1.265009598313813488e-01	1.290420096257933191e-01	-5.904274932132969056e-02	8.528356568954931216e-02	-8.211016284453451219e-02	7.282844023520963772e-02	-5.778571556406732201e-02	6.289705691623488637e-02	-7.188428550688374941e-02	6.803736584515705788e-02	-8.087731573900940052e-02	7.332004270884398545e-02
-1.884545395530967116e-01	1.266098649091038642e-01	-1.272461089807033208e-01	1.196888693932023490e-01	-9.158670686772560354e-02	1.898460814229705196e-01	-1.824200016565980242e-01	1.230659963511734345e-01	-1.555421298355303406e-01	1.023546264658341115e-01	-5.745791988560735586e-01	3.233170179056248927e-01	-1.920096574069869166e-01	1.342862505828853470e-01	-1.634080409208235329e-01	1.000000000000000666e+00	-5.056450248824206906e-01	2.649834444548858081e-01	-1.965349951469319845e-01	6.925768595440756625e-02	-3.036458121588941905e-01	2.665875308815505718e-01	-2.369725753553601766e-01	1.324746977947258431e-01	-7.092815624619121240e-02	2.138949819193725066e-01	-2.292371173549558050e-01	1.385628906529315363e-01	-1.349557280666179859e-01	1.480571524972218722e-01	-1.822729395523714491e-01	1.294648212746589144e-01	-1.266876733423184798e-01	1.136710768959704326e-01	-1.132676612613297412e-01	6.029901583832222856e-02	-9.104581376711645690e-02	8.153497008820742575e-02	-7.221793946585577939e-02	5.585101728793005760e-02	-6.489355980927660750e-02	7.366558289522724678e-02	-6.838500070711442391e-02	7.861663286959186259e-02	-7.197612603363190420e-02
1.275484379760975506e-01	-9.594946359576166095e-02	1.048830755663604369e-01	-1.054379801993007570e-01	8.061834390326204358e-02	-1.308886657180688695e-01	1.333890578108559988e-01	-1.049984126449461652e-01	1.363562060458850533e-01	-9.144531439719535970e-02	2.695006390446766376e-01	-4.494531674764290496e-01	1.796077196206099236e-01	-1.264003757675943307e-01	1.472944936366297752e-01	-5.056450248824206906e-01	9.999999999999996669e-01	-5.371805149427925086e-01	1.892173932952473658e-01	-6.595275441949249862e-02	2.071382350308540732e-01	-3.915110612322438288e-01	2.364448891194656510e-01	-1.309288253425977822e-01	6.692788718660387659e-02	-1.888831169477315497e-01	2.066513476677364625e-01	-1.350630518565743843e-01	1.282463787987200010e-01	-1.407334922109012842e-01	1.608518275190279345e-01	-1.182547967584134940e-01	1.179237917806964520e-01	-1.074175278852994159e-01	1.052686789182946669e-01	-5.509439849983542581e-02	8.292911273632050384e-02	-7.560484950448398411e-02	6.652766589722175494e-02	-5.152121519052299536e-02	5.887822701896597288e-02	-6.774751966545486392e-02	6.296673900256627432e-02	-7.273446868970949442e-02	6.592410096271347775e-02
-1.393266820250169957e-01	1.152198135200783596e-01	-1.466542711595193171e-01	1.516658804177825060e-01	-1.185214378504797356e-01	1.315587787939606623e-01	-1.567337451112892910e-01	1.496521015454794767e-01	-2.030788762681925153e-01	1.358953142216864640e-01	-2.247033368390272401e-01	2.744729395057313170e-01	-3.212895719005267048e-01	2.039437485151456564e-01	-2.306581373598334261e-01	2.649834444548858081e-01	-5.371805149427925086e-01	9.999999999999998890e-01	-3.491143490438131658e-01	1.049741698807754448e-01	-1.781604682138224760e-01	2.585327562014929081e-01	-4.667248197599278003e-01	2.158753431445080417e-01	-1.071998427047118757e-01	1.786687608486428880e-01	-2.317354878377415328e-01	2.068924292078400395e-01	-2.060508458853250457e-01	2.022614352076768651e-01	-1.964694806274951133e-01	1.448499720537057001e-01	-1.699046487612345113e-01	1.552055846902073988e-01	-1.533039385004734412e-01	7.362998712920271194e-02	-1.119560446517624402e-01	1.057522670403761023e-01	-9.357761042153880937e-02	7.218589839771792638e-02	-7.948510000576422541e-02	9.162899027076609748e-02	-8.752000820493216482e-02	1.005059019289738786e-01	-9.277082377176869288e-02
1.075894834146672585e-01	-9.770166636113909731e-02	1.288531519127655567e-01	-1.640572833290249166e-01	1.220109633893994294e-01	-1.045704916325480155e-01	1.256785114069698950e-01	-1.387912374838491114e-01	2.004751416233087613e-01	-1.516973405225654215e-01	1.496393143268337222e-01	-2.269089322324719660e-01	2.513354612478250760e-01	-3.463369774776948740e-01	2.487607337784066286e-01	-1.965349951469319845e-01	1.892173932952473658e-01	-3.491143490438131658e-01	1.000000000000001776e+00	-2.132014433629121353e-01	1.319588621770790282e-01	-2.101681488214377780e-01	2.950093362053999857e-01	-5.530197694520055940e-01	1.779134463902935503e-01	-1.570651102115825370e-01	1.868481227699840819e-01	-2.640099287580889853e-01	2.734479042094598022e-01	-2.803605635018173725e-01	1.687589374514804064e-01	-1.349907012089948399e-01	1.841504185117537329e-01	-1.964148957531106909e-01	1.786160440509944602e-01	-7.488168361224006864e-02	1.118048948312452134e-01	-1.148916324212787138e-01	9.911281284905720801e-02	-7.757409844338064575e-02	7.903189722591583144e-02	-9.546140938882517746e-02	9.214361041065288749e-02	-1.087605049833725163e-01	9.648645541585346153e-02
-4.223286522052760450e-02	3.899751675822857311e-02	-5.321048843785350368e-02	6.976671948827016523e-02	-5.511995264016249230e-02	4.021693914521559665e-02	-5.020059844460708631e-02	5.619258452238810181e-02	-8.598194800502041713e-02	7.068335612811106616e-02	-5.483676002891572920e-02	7.988808684581868991e-02	-1.020082812541429074e-01	1.082670414494031758e-01	-1.532583918553145630e-01	6.925768595440756625e-02	-6.595275441949249862e-02	1.049741698807754448e-01	-2.132014433629121353e-01	1.000000000000000444e+00	-4.967538477708632189e-02	7.725010103892374080e-02	-1.245114909102230938e-01	1.521844478431996217e-01	-9.327571893511060752e-01	5.974636881699264823e-02	-7.750514134863117910e-02	9.752293907043534105e-02	-1.182568404591798905e-01	1.518807703469564063e-01	-7.343726223151285371e-02	5.717802737984804817e-02	-8.234749638836129371e-02	8.380248192375014393e-02	-1.031157262028672000e-01	3.216022522565214342e-02	-4.956043427011332797e-02	4.988686153554425240e-02	-4.462858826167973025e-02	3.464693636565257390e-02	-3.481956963718059461e-02	4.112498858417624331e-02	-4.077425082144015001e-02	4.681402408305035401e-02	-4.447195769621141437e-02
8.552484664156241589e-02	-6.506951754409454058e-02	7.289214346756281437e-02	-7.522828955285856822e-02	5.819080993096055476e-02	-8.618276192756162135e-02	8.995573025931646871e-02	-7.207264336369552382e-02	9.830208681786892222e-02	-6.559531708801492889e-02	1.674813992502655335e-01	-1.863431864644858604e-01	1.200251516299987165e-01	-8.737168448715917912e-02	1.066934337645361192e-01	-3.036458121588941905e-01	2.071382350308540732e-01	-1.781604682138224760e-01	1.319588621770790282e-01	-4.967538477708632189e-02	1.000000000000003109e+00	-5.228720523385360641e-01	1.682064391965354677e-01	-9.749698399379040648e-02	5.059364230527071959e-02	-7.104442246720080734e-01	2.617648004842393905e-01	-1.136098040430474632e-01	1.019969591393767028e-01	-1.209097767464100692e-01	1.859105343287661138e-01	-1.397086679917284857e-01	1.085071831397042552e-01	-9.606624439873771848e-02	9.108008819385003674e-02	-5.369652624220951770e-02	8.080346189834214377e-02	-7.058119515685537526e-02	6.099727467920489782e-02	-4.705252210074491875e-02	5.600869772975806959e-02	-6.597727424875445001e-02	5.888053116653310659e-02	-6.813521143951038750e-02	5.947333338629796906e-02
-1.188573872109804086e-01	9.268484047181538288e-02	-1.089643268660341752e-01	1.132653577243454279e-01	-8.890679457852596057e-02	1.143676274922215824e-01	-1.283697761128408388e-01	1.076678796708541302e-01	-1.511137343578178860e-01	1.001077961222328755e-01	-2.100826269393240853e-01	2.432268699944371837e-01	-1.865512127739900883e-01	1.352522728576036060e-01	-1.662809991937342358e-01	2.665875308815505718e-01	-3.915110612322438288e-01	2.585327562014929081e-01	-2.101681488214377780e-01	7.725010103892374080e-02	-5.228720523385360641e-01	9.999999999999996669e-01	-2.948115183565356290e-01	1.544502214186749267e-01	-7.909685440503150256e-02	3.094466923915332179e-01	-4.580714655475175978e-01	1.777903419440822752e-01	-1.625926317292779033e-01	1.816925372490019175e-01	-2.911424112792252439e-01	2.086711938507654907e-01	-1.700852465952890358e-01	1.470348650184820638e-01	-1.415132052885059444e-01	8.206847378492168610e-02	-1.256632956080628027e-01	1.086608400565080290e-01	-9.469895102156412892e-02	7.258703187138415558e-02	-8.701935091566372071e-02	1.007042129217515236e-01	-9.102840094755160205e-02	1.040759698352446277e-01	-9.262814618092797547e-02
1.124056048050850465e-01	-9.576237243506866004e-02	1.192947711214936007e-01	-1.393723308007858430e-01	1.054318465854585107e-01	-1.108157146368421581e-01	1.269534719855625882e-01	-1.226364692564215486e-01	1.740328459969590902e-01	-1.231666335580775123e-01	1.742177154771831493e-01	-2.647231765151141225e-01	2.165306209540286131e-01	-1.772044338287099841e-01	1.972995629015648067e-01	-2.369725753553601766e-01	2.364448891194656510e-01	-4.667248197599278003e-01	2.950093362053999857e-01	-1.245114909102230938e-01	1.682064391965354677e-01	-2.948115183565356290e-01	1.000000000000001110e+00	-3.956335316717984329e-01	1.226042969293781454e-01	-1.962792050859709647e-01	2.290751703606391521e-01	-4.383710504985942613e-01	2.858413536490106432e-01	-2.853635811874699613e-01	2.015410576301535361e-01	-1.662701070013151705e-01	2.308636957627622499e-01	-2.267945054521387227e-01	1.947307513524706990e-01	-8.704238924390939047e-02	1.315190190373110302e-01	-1.396699260114329932e-01	1.171048088592439168e-01	-9.084510488528282912e-02	9.115448250509654293e-02	-1.131204796715490624e-01	1.093884313126245594e-01	-1.284602052058024801e-01	1.116809525042666007e-01
-7.324752723699473611e-02	6.531046892282975358e-02	-8.637291740599052636e-02	1.039163802953053106e-01	-8.019752313751850326e-02	7.050525464351310723e-02	-8.535156672610780260e-02	9.040026804726197796e-02	-1.341688817103499909e-01	9.624736560886530679e-02	-1.026047174668869716e-01	1.499613254380702254e-01	-1.700728635129933053e-01	1.659254798074305537e-01	-1.706444707485480772e-01	1.324746977947258431e-01	-1.309288253425977822e-01	2.158753431445080417e-01	-5.530197694520055940e-01	1.521844478431996217e-01	-9.749698399379040648e-02	1.544502214186749267e-01	-3.956335316717984329e-01	1.000000000000004663e+00	-1.743321199128481103e-01	1.166223970266146021e-01	-1.530255403150508897e-01	2.731018027016446359e-01	-5.987693169611842947e-01	2.076638255103380737e-01	-1.414256303817445770e-01	1.151791907461772180e-01	-1.830864882125422810e-01	1.792892419047598385e-01	-1.613041988446064501e-01	6.014739490209350392e-02	-9.445331933219877629e-02	1.008463926350275791e-01	-8.680373837625865452e-02	6.550793180803773930e-02	-6.398887793754373665e-02	7.941808179920639699e-02	-7.975299930945586868e-02	9.053708978480000391e-02	-8.198734752922393065e-02
4.228847834295204611e-02	-3.886098187983992591e-02	5.243299451889543716e-02	-6.958879040072726840e-02	5.376789993058117556e-02	-4.047907886430104907e-02	5.001568276441848565e-02	-5.533852483939366573e-02	8.364699881588008590e-02	-6.945743153752455268e-02	5.570969975642315469e-02	-8.200813207415125206e-02	9.794482567446730070e-02	-1.038798225217356236e-01	1.306462076413048568e-01	-7.092815624619121240e-02	6.692788718660387659e-02	-1.071998427047118757e-01	1.779134463902935503e-01	-9.327571893511060752e-01	5.059364230527071959e-02	-7.909685440503150256e-02	1.226042969293781454e-01	-1.743321199128481103e-01	1.000000000000000222e+00	-6.107970533916695643e-02	7.814186236587208900e-02	-1.010983143340050822e-01	1.175881465718421615e-01	-1.845215779998798933e-01	7.381677617870678609e-02	-5.791043806840034253e-02	8.327032052027066866e-02	-8.727553913995458879e-02	1.046745964726931849e-01	-3.262743628563288117e-02	5.003858747722936956e-02	-5.072906644118430758e-02	4.512115139035683536e-02	-3.514271302195090541e-02	3.517332918357866239e-02	-4.176986192815691779e-02	4.128010247127485849e-02	-4.766269175008604891e-02	4.481666945460387186e-02
-9.222460679499978886e-02	7.156341402976036659e-02	-8.350513593301100990e-02	8.722343660108222707e-02	-6.839728723148587319e-02	8.910273412636553203e-02	-9.905231595966015878e-02	8.232736961758538308e-02	-1.160012775713328836e-01	7.689371364664425446e-02	-1.648215601578635336e-01	1.785108871893248683e-01	-1.397991194895063238e-01	1.024718300991613179e-01	-1.271614548091571650e-01	2.138949819193725066e-01	-1.888831169477315497e-01	1.786687608486428880e-01	-1.570651102115825370e-01	5.974636881699264823e-02	-7.104442246720080734e-01	3.094466923915332179e-01	-1.962792050859709647e-01	1.166223970266146021e-01	-6.107970533916695643e-02	1.000000000000000444e+00	-4.461882411371712598e-01	1.423672382031735684e-01	-1.269590991009060255e-01	1.496622549873627972e-01	-3.006127588705468368e-01	2.031828699567971297e-01	-1.447886255613029249e-01	1.233143241474461832e-01	-1.164334783304631221e-01	7.186615403542803704e-02	-1.101099372215156441e-01	9.299075033147659319e-02	-8.015831562542977129e-02	6.129345347895422819e-02	-7.510912428613686354e-02	8.816219382516679581e-02	-7.791167061776753389e-02	8.913522268228930845e-02	-7.764709582857119707e-02
9.726211367245719830e-02	-7.916749273553329302e-02	9.422124479151340604e-02	-1.041418892079434416e-01	8.021517857210576363e-02	-9.683944480516699926e-02	1.069175637175655696e-01	-9.438984408944943449e-02	1.340951581816943183e-01	-9.121634507437201278e-02	1.620441899226583160e-01	-2.298787329963883908e-01	1.602655928806541452e-01	-1.214396223871146291e-01	1.479509634265713802e-01	-2.292371173549558050e-01	2.066513476677364625e-01	-2.317354878377415328e-01	1.868481227699840819e-01	-7.750514134863117910e-02	2.617648004842393905e-01	-4.580714655475175978e-01	2.290751703606391521e-01	-1.530255403150508897e-01	7.814186236587208900e-02	-4.461882411371712598e-01	1.000000000000000222e+00	-2.244311483781057937e-01	1.680205813661580228e-01	-2.256213802522195888e-01	3.149069309997675203e-01	-4.953541561251823544e-01	2.145028814781037574e-01	-1.904076051842368278e-01	1.608171590488963743e-01	-1.048678749856111481e-01	1.583394283527665147e-01	-1.403063237692915299e-01	1.139455650931431308e-01	-8.806941083632265077e-02	1.023084927803685901e-01	-1.359989597000541006e-01	1.131255989452995547e-01	-1.336954303536346811e-01	1.066303326959946174e-01
-7.331908006112812515e-02	6.359007254306982271e-02	-8.198713313128395963e-02	9.536192976089162554e-02	-7.412486294131000186e-02	7.077925837233106643e-02	-8.426342132198601231e-02	8.391239352164073240e-02	-1.238960355679403769e-01	8.636785618909190165e-02	-1.065786955141959785e-01	1.535891400417809805e-01	-1.524393706430375306e-01	1.286648379595234648e-01	-1.471617436320993566e-01	1.385628906529315363e-01	-1.350630518565743843e-01	2.068924292078400395e-01	-2.640099287580889853e-01	9.752293907043534105e-02	-1.136098040430474632e-01	1.777903419440822752e-01	-4.383710504985942613e-01	2.731018027016446359e-01	-1.010983143340050822e-01	1.423672382031735684e-01	-2.244311483781057937e-01	1.000000000000000000e+00	-5.598993562806883206e-01	2.365792523145765769e-01	-2.071611217672808258e-01	1.832479369199704888e-01	-4.820725502518132255e-01	2.590995076100632288e-01	-2.169091772401979257e-01	8.196776832511744326e-02	-1.402310128564885072e-01	1.675837338100043816e-01	-1.385714451560773330e-01	9.577617937233230683e-02	-8.721090067542543178e-02	1.159064846315184943e-01	-1.264947784922997864e-01	1.320943122613360832e-01	-1.195420290236360039e-01
7.143557699944787232e-02	-6.268825710574596477e-02	8.094678293682089354e-02	-9.744658624940406855e-02	7.445679437428674718e-02	-6.934623509568664523e-02	8.235638196095515506e-02	-8.370813158672106569e-02	1.228951063727016790e-01	-8.818941870717031395e-02	1.028222249726423454e-01	-1.527236254577426788e-01	1.494035260611289162e-01	-1.368570197511544961e-01	1.461972825311402824e-01	-1.349557280666179859e-01	1.282463787987200010e-01	-2.060508458853250457e-01	2.734479042094598022e-01	-1.182568404591798905e-01	1.019969591393767028e-01	-1.625926317292779033e-01	2.858413536490106432e-01	-5.987693169611842947e-01	1.175881465718421615e-01	-1.269590991009060255e-01	1.680205813661580228e-01	-5.598993562806883206e-01	9.999999999999998890e-01	-2.602559022609174932e-01	1.581365633805439097e-01	-1.386858174742322813e-01	2.422534592130542730e-01	-2.834725914847164296e-01	1.940625325114697097e-01	-6.952129079335990502e-02	1.105054602641663136e-01	-1.284847388263246626e-01	1.053211263164571948e-01	-7.898099516956942623e-02	7.311765669465877804e-02	-9.499296074477470153e-02	9.649350386002031321e-02	-1.096834808907389963e-01	9.617345087811257631e-02
-9.068288361068525816e-02	8.041849708158922694e-02	-1.081238305456343196e-01	1.235421890075513590e-01	-1.005119632454683914e-01	8.509320946660128837e-02	-1.069253723929306926e-01	1.089377266822287027e-01	-1.695396627390889366e-01	1.143918685748790409e-01	-1.194902022932103347e-01	1.660567908032930806e-01	-2.000734085568288412e-01	1.596425694244809901e-01	-2.062407561079539209e-01	1.480571524972218722e-01	-1.407334922109012842e-01	2.022614352076768651e-01	-2.803605635018173725e-01	1.518807703469564063e-01	-1.209097767464100692e-01	1.816925372490019175e-01	-2.853635811874699613e-01	2.076638255103380737e-01	-1.845215779998798933e-01	1.496622549873627972e-01	-2.256213802522195888e-01	2.365792523145765769e-01	-2.602559022609174932e-01	1.000000000000000444e+00	-2.360964600202367647e-01	1.790024084713202068e-01	-2.889883986617295397e-01	2.991324604212761140e-01	-6.469585621418383337e-01	1.030731276372513217e-01	-1.679673173388997742e-01	1.672982916421134891e-01	-1.578896214236829298e-01	1.226700544420221139e-01	-1.159956991280012284e-01	1.341203678399470189e-01	-1.393768301742042692e-01	1.536933823957239986e-01	-1.630940816032810659e-01
8.194547769618330813e-02	-6.789563856322451685e-02	8.235230087562039891e-02	-9.277870669641608004e-02	7.151659576508229144e-02	-8.122842559767104453e-02	9.116147650997628860e-02	-8.273143470831578750e-02	1.192346808717260481e-01	-8.151205515312098804e-02	1.312437174973074550e-01	-1.907469285105146961e-01	1.413294583630432810e-01	-1.085490169060441823e-01	1.325556351660017174e-01	-1.822729395523714491e-01	1.608518275190279345e-01	-1.964694806274951133e-01	1.687589374514804064e-01	-7.343726223151285371e-02	1.859105343287661138e-01	-2.911424112792252439e-01	2.015410576301535361e-01	-1.414256303817445770e-01	7.381677617870678609e-02	-3.006127588705468368e-01	3.149069309997675203e-01	-2.071611217672808258e-01	1.581365633805439097e-01	-2.360964600202367647e-01	1.000000000000000666e+00	-7.101521319965503620e-01	2.348441810902325011e-01	-2.099961256600394732e-01	1.654794818484880692e-01	-1.316194565944454609e-01	1.820058792633955647e-01	-1.566408157821476965e-01	1.229470177548042109e-01	-9.470047100781543714e-02	1.187813160500805210e-01	-1.595723454162886190e-01	1.251652267230283222e-01	-1.487711221990046795e-01	1.121304155537365121e-01
-6.047088101238441704e-02	5.028155004800476113e-02	-6.167750777121488309e-02	6.933897532783903084e-02	-5.378383440378282226e-02	5.936679830213141551e-02	-6.757473981407487174e-02	6.199316305862615645e-02	-8.994085237382593023e-02	6.137000014236785456e-02	-9.549970797358309227e-02	1.349565576211497198e-01	-1.072569761803746635e-01	8.313295109603045796e-02	-1.011397017264977355e-01	1.294648212746589144e-01	-1.182547967584134940e-01	1.448499720537057001e-01	-1.349907012089948399e-01	5.717802737984804817e-02	-1.397086679917284857e-01	2.086711938507654907e-01	-1.662701070013151705e-01	1.151791907461772180e-01	-5.791043806840034253e-02	2.031828699567971297e-01	-4.953541561251823544e-01	1.832479369199704888e-01	-1.386858174742322813e-01	1.790024084713202068e-01	-7.101521319965503620e-01	9.999999999999998890e-01	-3.138074483744475174e-01	1.826444907503572690e-01	-1.449679117943624418e-01	1.037100012227965967e-01	-2.069609634674124121e-01	1.456274745191729614e-01	-1.129462738292374147e-01	8.164740083323139552e-02	-9.931814085238352408e-02	1.447711321636924453e-01	-1.160667731144190418e-01	1.269513346968076384e-01	-9.797329929727408016e-02
6.530560201113706775e-02	-5.616180381373023917e-02	7.150784942216843743e-02	-8.298837712597444127e-02	6.447624003065523246e-02	-6.340031825112650565e-02	7.464451182684851693e-02	-7.259366176037497509e-02	1.073812294385902699e-01	-7.440398694623399922e-02	9.608420522537880482e-02	-1.398588337975897322e-01	1.284722641736647242e-01	-1.046165529326500004e-01	1.243774319325110650e-01	-1.266876733423184798e-01	1.179237917806964520e-01	-1.699046487612345113e-01	1.841504185117537329e-01	-8.234749638836129371e-02	1.085071831397042552e-01	-1.700852465952890358e-01	2.308636957627622499e-01	-1.830864882125422810e-01	8.327032052027066866e-02	-1.447886255613029249e-01	2.145028814781037574e-01	-4.820725502518132255e-01	2.422534592130542730e-01	-2.889883986617295397e-01	2.348441810902325011e-01	-3.138074483744475174e-01	9.999999999999995559e-01	-5.388255930083547529e-01	2.541255604905182097e-01	-9.931275283583936020e-02	1.752386601765680563e-01	-3.346167558511393691e-01	1.880262447432330120e-01	-1.282892014856606144e-01	1.024457276962933844e-01	-1.558595062654427321e-01	1.736558546123763425e-01	-1.809136630312886407e-01	1.467575591676948121e-01
-6.213806890781285036e-02	5.403518311961401366e-02	-7.017210751322271178e-02	8.110638637849479360e-02	-6.388796417270690975e-02	5.961656588116393679e-02	-7.177574088034548161e-02	7.122562625412853787e-02	-1.069938686871847733e-01	7.360613826182066388e-02	-8.825625910706176580e-02	1.261956110658446484e-01	-1.284365656304630454e-01	1.051437273181314996e-01	-1.265009598313813488e-01	1.136710768959704326e-01	-1.074175278852994159e-01	1.552055846902073988e-01	-1.964148957531106909e-01	8.380248192375014393e-02	-9.606624439873771848e-02	1.470348650184820638e-01	-2.267945054521387227e-01	1.792892419047598385e-01	-8.727553913995458879e-02	1.233143241474461832e-01	-1.904076051842368278e-01	2.590995076100632288e-01	-2.834725914847164296e-01	2.991324604212761140e-01	-2.099961256600394732e-01	1.826444907503572690e-01	-5.388255930083547529e-01	9.999999999999994449e-01	-6.028662286315734642e-01	8.519905291376715650e-02	-1.505090206706247713e-01	1.861523912634247824e-01	-1.671699623419933833e-01	1.127501477699455468e-01	-9.195203442266466909e-02	1.235652169960549662e-01	-1.401866181235802145e-01	1.458031824456201830e-01	-1.382489810948037690e-01
