1.000000000000000222e+00	-5.976366257807050886e-01	2.584016437512545172e-01	-1.959250220812965571e-01	2.302993851393083657e-01	-2.370332436172499502e-01	2.330923645859353799e-01	-2.057833352811902217e-01	2.083839843375724921e-01	-2.426970964956987609e-01	2.081152775811914712e-01	-1.903203511604276976e-01	1.828066985620783180e-01	-1.294703822509292723e-01	1.197377809340351290e-01	-6.612773590677979707e-02	1.093082432094135414e-01	-1.408979085779461515e-01	1.300724123612512495e-01	-1.368060429876132855e-01	5.832594789783723810e-02	-1.448199706040926849e-01	1.002639846142238111e-01	-1.001816114029474847e-01	1.705530462060147190e-01	-5.883376836539079557e-02	5.605822593437035511e-02	-9.503684738059826886e-02	8.147462014085030124e-02	-5.011884881998247138e-02	6.467168306804857436e-02	-5.209463899565927592e-02	6.521100710308289083e-02	-6.710048987860904590e-02	4.350615640720449651e-02	-1.285254242510137576e-02	3.982903078945160963e-02	-4.609266303643424351e-02	5.190359230026942577e-02	-5.921618467218305731e-02	1.287086152218919199e-02	-3.621260289011687949e-02	4.036848168671155340e-02	-6.403042904944791780e-02	6.948525651599365971e-02
-5.976366257807050886e-01	1.000000000000000000e+00	-4.753805349525517254e-01	2.331105536764328245e-01	-2.243304637040313132e-01	2.263327338428685886e-01	-3.866760797581526021e-01	2.577464401546552542e-01	-2.706334327258099748e-01	1.968743000740989790e-01	-2.549851181036043024e-01	2.148587758030440220e-01	-2.305932290434390131e-01	1.176099487742879451e-01	-1.115628963301281695e-01	5.863017562890799478e-02	-9.897404670406126370e-02	1.291299466898642445e-01	-1.194397518632021177e-01	1.159202960022675810e-01	-5.321962775363527076e-02	1.197649531784697602e-01	-9.064664704127174677e-02	8.647004928011302327e-02	-1.495595588353780814e-01	4.911044358158928036e-02	-4.745855712561718870e-02	8.127631054097450569e-02	-7.105165174603149392e-02	4.123473196684918074e-02	-5.426033573263629173e-02	4.331710727792215804e-02	-5.483920143879409542e-02	5.558105732908817653e-02	-3.609372482260848891e-02	1.013441220070169027e-02	-3.260332061729182690e-02	3.725894165150990534e-02	-4.217613958208584618e-02	4.746990755367418158e-02	-1.017702075874839761e-02	2.942047684102875454e-02	-3.275574179114743023e-02	5.104420086963157299e-02	-5.605847952172744036e-02
2.584016437512545172e-01	-4.753805349525517254e-01	1.000000000000000000e+00	-5.482335570155333349e-01	2.405024123895873611e-01	-1.826043629885220898e-01	2.410304489866350319e-01	-4.258032055478696010e-01	3.154406232965475954e-01	-2.445780185658317785e-01	1.898290301113249312e-01	-2.141798377664239639e-01	2.235139861501166392e-01	-1.368515682576910975e-01	1.234875216582574375e-01	-5.712642401641497558e-02	1.022601538585157649e-01	-1.389761721971682074e-01	1.243064304246990354e-01	-1.240610882167867135e-01	5.071667613091260934e-02	-1.300720118399217029e-01	9.364585350287077392e-02	-9.161543175244447890e-02	1.471439808008160044e-01	-5.069253909143215525e-02	4.856972552397537807e-02	-8.619893777774396970e-02	7.360021127460028567e-02	-4.220744245589051064e-02	5.513239421301036752e-02	-4.457341351595679041e-02	5.651177668458245984e-02	-5.790627447514785225e-02	3.671987749517543337e-02	-1.045804364886444328e-02	3.350511553739324994e-02	-3.855774086344389978e-02	4.353441073527286598e-02	-4.898348148974025068e-02	1.047775122317811704e-02	-3.037685164909161711e-02	3.373400249907647364e-02	-5.303669146662544354e-02	5.701849945379838108e-02
-1.959250220812965571e-01	2.331105536764328245e-01	-5.482335570155333349e-01	9.999999999999998890e-01	-3.620674252176455110e-01	1.333114105027183027e-01	-1.861413466199585420e-01	2.619522080422212462e-01	-6.466077549639970279e-01	2.369137095984212016e-01	-1.530269737804751118e-01	1.557907001110143408e-01	-1.842548943563418196e-01	1.387649086772620721e-01	-1.293446353053511466e-01	4.525959671538697104e-02	-8.396474936058948013e-02	1.125928714341952186e-01	-1.090285670368745380e-01	1.042511713418728808e-01	-4.056304466416747745e-02	1.035971361326089996e-01	-7.757182347947824685e-02	7.548531011235762311e-02	-1.248014775545722710e-01	4.069885455963800913e-02	-3.921126389490635356e-02	7.022232391737577573e-02	-6.091020250620064053e-02	3.466245151603854213e-02	-4.486624751251800519e-02	3.614167249790392611e-02	-4.620086223795173697e-02	4.713645884399545599e-02	-3.023888316006596161e-02	8.426072253563274272e-03	-2.720303385647418123e-02	3.125199971305215457e-02	-3.540972067926631550e-02	3.979720665535348839e-02	-8.451615782101514623e-03	2.460583873376723241e-02	-2.739598648034990286e-02	4.290048947499523063e-02	-4.654165485219542708e-02
2.302993851393083657e-01	-2.243304637040313132e-01	2.405024123895873611e-01	-3.620674252176455110e-01	9.999999999999991118e-01	-1.255583863210980311e-01	1.572151788596512223e-01	-1.838065392789159924e-01	2.582007378156014887e-01	-6.933274621862082210e-01	1.457856144425896949e-01	-1.441374368571274878e-01	1.585279855491343315e-01	-2.277500520568839781e-01	2.100261215821236926e-01	-6.136960072379025327e-02	1.152422511785349962e-01	-1.507962497363319332e-01	1.568723176611950820e-01	-1.600439766508107708e-01	5.437268638210040334e-02	-1.522336900602157816e-01	1.079842861867469639e-01	-1.105837577882340939e-01	1.847559113046919055e-01	-5.971425013744285221e-02	5.711169018497220390e-02	-1.023729144896326770e-01	8.840321792329330908e-02	-5.273461711711652233e-02	6.642043047700001146e-02	-5.378112897122650643e-02	6.858192226103454470e-02	-7.076286180810684168e-02	4.574968284160514653e-02	-1.301501327913468994e-02	4.110172233837617456e-02	-4.769015844416491651e-02	5.394295780323255657e-02	-6.125132711970705801e-02	1.303497457036517822e-02	-3.735880688816897721e-02	4.172671472934259829e-02	-6.613073947867634250e-02	7.137667642839974624e-02
-2.370332436172499502e-01	2.263327338428685886e-01	-1.826043629885220898e-01	1.333114105027183027e-01	-1.255583863210980311e-01	9.999999999999994449e-01	-5.624906977483274950e-01	2.219573023040961601e-01	-1.645864679643554152e-01	1.264909687419569495e-01	-6.953183838363454772e-01	2.682293052172032843e-01	-2.221341264894776679e-01	7.991771615200718437e-02	-7.389300731349959794e-02	6.229089668497552607e-02	-7.725879736591961811e-02	1.023516836203242908e-01	-8.764988704287419996e-02	8.256469753327896899e-02	-5.701223642949455189e-02	9.139866756579535789e-02	-6.852443127957347224e-02	6.368771897058567166e-02	-1.023249217098475133e-01	3.924374652173129308e-02	-3.788636207294553138e-02	6.035911087364123628e-02	-5.208762103979420327e-02	2.885457868126184086e-02	-4.079884391836040292e-02	3.247945766623208663e-02	-3.998312821810234147e-02	4.036169776834006018e-02	-2.524276360578925696e-02	7.199339666049136763e-03	-2.369266826106258134e-02	2.670911123194435327e-02	-2.999561230118367311e-02	3.329937668019674474e-02	-7.224598331410425622e-03	2.134032005189590020e-02	-2.342139765540208335e-02	3.613763731469654683e-02	-3.887732001562620165e-02
2.330923645859353799e-01	-3.866760797581526021e-01	2.410304489866350319e-01	-1.861413466199585420e-01	1.572151788596512223e-01	-5.624906977483274950e-01	9.999999999999988898e-01	-4.392888163034916471e-01	2.151596873506940732e-01	-1.643006186402734825e-01	3.124727282892794111e-01	-4.124760597976913634e-01	2.708562324438792412e-01	-1.024689734242053285e-01	9.286361721311124640e-02	-5.792636972563082465e-02	9.250243996103670041e-02	-1.278794812798752512e-01	1.068367028803613311e-01	-1.020557179814200743e-01	5.152210304315387596e-02	-1.117465547524483932e-01	8.306378730467373073e-02	-7.816355691951859530e-02	1.227493700013311262e-01	-4.438148183137447661e-02	4.267787609493414042e-02	-7.385764612836370757e-02	6.309443928455885087e-02	-3.484274578707409475e-02	4.719785188009670285e-02	-3.799009561386117173e-02	4.782393033029627011e-02	-4.861995903803708469e-02	3.040937929427904238e-02	-8.592275292334630374e-03	2.807221631935672562e-02	-3.199004047533032802e-02	3.607265468488774635e-02	-4.019268465338181329e-02	8.615356881096714048e-03	-2.536374653611523158e-02	2.800546208189419808e-02	-4.358770382735427384e-02	4.676125763874072749e-02
-2.057833352811902217e-01	2.577464401546552542e-01	-4.258032055478696010e-01	2.619522080422212462e-01	-1.838065392789159924e-01	2.219573023040961601e-01	-4.392888163034916471e-01	9.999999999999994449e-01	-4.482700509068263672e-01	1.810213122432961508e-01	-2.532620904073033530e-01	2.830059599149821192e-01	-5.019539333588465269e-01	1.229034912637924637e-01	-1.119070243395660358e-01	5.484868720517266372e-02	-1.055895114783639566e-01	1.496541394116291113e-01	-1.252180460525997019e-01	1.117448553384004645e-01	-4.959560456892821850e-02	1.184266109409836537e-01	-9.542124227794382407e-02	8.608404507326007649e-02	-1.351191952859888690e-01	4.578513263597201038e-02	-4.441555451642639069e-02	8.065337711784757724e-02	-6.969902268921568389e-02	3.726780323810185286e-02	-4.971984200118561431e-02	4.002069835390945074e-02	-5.139680409119969789e-02	5.196301720962248627e-02	-3.261951996811671139e-02	8.968766598548083904e-03	-2.961794033190043654e-02	3.375244354884528175e-02	-3.826246287610001601e-02	4.247445864974993407e-02	-9.001287143092074824e-03	2.669879366675959043e-02	-2.958672096503825108e-02	4.589224403268789276e-02	-4.952057567373158858e-02
2.083839843375724921e-01	-2.706334327258099748e-01	3.154406232965475954e-01	-6.466077549639970279e-01	2.582007378156014887e-01	-1.645864679643554152e-01	2.151596873506940732e-01	-4.482700509068263672e-01	1.000000000000000000e+00	-2.932052200660897334e-01	1.736735895591001444e-01	-2.015774578478406187e-01	2.188799962895861539e-01	-2.043501489942573801e-01	1.614731738191997890e-01	-5.562473536690215603e-02	1.037036690909429182e-01	-1.436584327776766756e-01	1.358461016374636343e-01	-1.313962721478131035e-01	4.934963390967073149e-02	-1.314007555803936578e-01	9.575501665087154946e-02	-9.455897659835230118e-02	1.491572047672831969e-01	-5.035392341789841214e-02	4.831485122615776506e-02	-8.790078262276837529e-02	7.517176771463104923e-02	-4.223217360664045100e-02	5.479628196991907785e-02	-4.441348883146542526e-02	5.673672323400977963e-02	-5.817327227960706476e-02	3.673934925785330569e-02	-1.029044054877375700e-02	3.328984919430820477e-02	-3.831884998304625756e-02	4.335019280119323248e-02	-4.862215686416682114e-02	1.031078506158106603e-02	-3.016831160695671726e-02	3.350636638136403334e-02	-5.261736902014348127e-02	5.641946851661558404e-02
-2.426970964956987609e-01	1.968743000740989790e-01	-2.445780185658317785e-01	2.369137095984212016e-01	-6.933274621862082210e-01	1.264909687419569495e-01	-1.643006186402734825e-01	1.810213122432961508e-01	-2.932052200660897334e-01	1.000000000000000222e+00	-1.571744368345944221e-01	1.440527335154230815e-01	-1.702850728700421035e-01	2.476249548363878006e-01	-3.832219339818515036e-01	5.932112951764902803e-02	-1.178024480600515511e-01	1.517046221271280970e-01	-1.802458539246507840e-01	1.653620533116612612e-01	-5.370674872190252941e-02	1.424952303316816271e-01	-1.127884942818230679e-01	1.124684854850595828e-01	-2.194159066380754475e-01	5.815334335626379941e-02	-5.654787453117673252e-02	1.020793902757286264e-01	-9.245192676056521175e-02	5.531740679081028483e-02	-6.765305872900725936e-02	5.382539303995353963e-02	-7.000122137916771348e-02	7.087470300859967376e-02	-4.864580534994793204e-02	1.285604592908308648e-02	-4.136470161519009703e-02	4.756632862621491820e-02	-5.449800906441423787e-02	6.194093208740741180e-02	-1.294490674428606936e-02	3.722707509317667307e-02	-4.203010856257399092e-02	6.548619236117200759e-02	-7.434057776025948527e-02
2.081152775811914712e-01	-2.549851181036043024e-01	1.898290301113249312e-01	-1.530269737804751118e-01	1.457856144425896949e-01	-6.953183838363454772e-01	3.124727282892794111e-01	-2.532620904073033530e-01	1.736735895591001444e-01	-1.571744368345944221e-01	9.999999999999995559e-01	-4.653029211561006129e-01	2.469048109828617943e-01	-9.709130099399361502e-02	8.808342673975894099e-02	-9.054612211541980538e-02	9.493789657850484898e-02	-1.276928433234954530e-01	1.054330669563415535e-01	-1.021833934409629718e-01	7.569542844426850603e-02	-1.173803408330502118e-01	8.340566084332133590e-02	-7.898316159089711908e-02	1.223126196105512181e-01	-5.049670095579493478e-02	4.821058478289695637e-02	-7.529861604983262291e-02	6.393392036235656661e-02	-3.543685475547008606e-02	5.093742446219221010e-02	-4.075201188097540839e-02	4.949088830268118938e-02	-5.022225388518562067e-02	3.090862371715141430e-02	-8.967131106313046621e-03	2.949491342787902495e-02	-3.323864299042075809e-02	3.716311836278846092e-02	-4.120161535617729298e-02	8.987460337937040397e-03	-2.662614640002589073e-02	2.907088270495045840e-02	-4.495138487177182535e-02	4.775450349668126926e-02
-1.903203511604276976e-01	2.148587758030440220e-01	-2.141798377664239639e-01	1.557907001110143408e-01	-1.441374368571274878e-01	2.682293052172032843e-01	-4.124760597976913634e-01	2.830059599149821192e-01	-2.015774578478406187e-01	1.440527335154230815e-01	-4.653029211561006129e-01	9.999999999999991118e-01	-6.506842832677004473e-01	1.015946200194951521e-01	-9.439074083671020188e-02	6.175359995412054576e-02	-1.134689793721862655e-01	1.592256056450936930e-01	-1.259422473253191677e-01	1.075238717104976399e-01	-5.634500880032859704e-02	1.187035049023717620e-01	-9.965239750743644376e-02	8.589548638430886951e-02	-1.326824423081111315e-01	4.639343515680861840e-02	-4.525399097900611317e-02	8.079651736441102738e-02	-7.008057685277709059e-02	3.622630855017359985e-02	-4.971800200488552673e-02	3.985339584357750625e-02	-5.103561386383127091e-02	5.118429031311661631e-02	-3.180681637955321689e-02	8.677854702789594352e-03	-2.912007637655773459e-02	3.291769846303341240e-02	-3.730138891155225511e-02	4.106341707344113301e-02	-8.716211899980477046e-03	2.616555095654692770e-02	-2.888008382035764376e-02	4.440536135686552061e-02	-4.788885459835567904e-02
1.828066985620783180e-01	-2.305932290434390131e-01	2.235139861501166392e-01	-1.842548943563418196e-01	1.585279855491343315e-01	-2.221341264894776679e-01	2.708562324438792412e-01	-5.019539333588465269e-01	2.188799962895861539e-01	-1.702850728700421035e-01	2.469048109828617943e-01	-6.506842832677004473e-01	9.999999999999984457e-01	-1.257960840901612698e-01	1.100750465197642552e-01	-6.158133318147488572e-02	1.363105408476719960e-01	-2.554645379453144294e-01	1.519058562213212449e-01	-1.316525327734246464e-01	5.502326114161417564e-02	-1.486525783594515038e-01	1.221614746548249780e-01	-1.065263729302471929e-01	1.502458369338678101e-01	-5.293661015287766392e-02	5.145180894952771505e-02	-1.005460610540096916e-01	8.396031842116549737e-02	-4.195034901368285135e-02	5.656536674505299039e-02	-4.599628342619295485e-02	5.983362215355705199e-02	-6.051524150866785523e-02	3.670422397605969944e-02	-9.951807570314301007e-03	3.354941351275134154e-02	-3.819243416419654258e-02	4.335042201026989561e-02	-4.756628870527826458e-02	9.983438079684471556e-03	-3.023257245553239228e-02	3.338189012383805526e-02	-5.163022980816797669e-02	5.491631063754966180e-02
-1.294703822509292723e-01	1.176099487742879451e-01	-1.368515682576910975e-01	1.387649086772620721e-01	-2.277500520568839781e-01	7.991771615200718437e-02	-1.024689734242053285e-01	1.229034912637924637e-01	-2.043501489942573801e-01	2.476249548363878006e-01	-9.709130099399361502e-02	1.015946200194951521e-01	-1.257960840901612698e-01	9.999999999999990008e-01	-8.257565433876251637e-01	4.603815828549154276e-02	-1.113761186737364794e-01	1.605761675681640632e-01	-3.086601754895242911e-01	1.854077027826185331e-01	-4.148020024480193052e-02	1.273192156044292978e-01	-1.098990692555559395e-01	1.132837702012120390e-01	-1.797750383707188426e-01	4.732995343851705700e-02	-4.625654640801302175e-02	9.483823885438344425e-02	-8.732009949635195778e-02	4.414516755168299000e-02	-5.357637431018830165e-02	4.347329279780466627e-02	-5.864191446413700298e-02	5.963044491802214908e-02	-3.862248884782995551e-02	9.557093097167007958e-03	-3.244365850199455725e-02	3.733227947461831286e-02	-4.304935397367751215e-02	4.778530066294044837e-02	-9.603996391454077547e-03	2.919005616385969212e-02	-3.272994862117323961e-02	5.084069020045102472e-02	-5.542804667966361176e-02
1.197377809340351290e-01	-1.115628963301281695e-01	1.234875216582574375e-01	-1.293446353053511466e-01	2.100261215821236926e-01	-7.389300731349959794e-02	9.286361721311124640e-02	-1.119070243395660358e-01	1.614731738191997890e-01	-3.832219339818515036e-01	8.808342673975894099e-02	-9.439074083671020188e-02	1.100750465197642552e-01	-8.257565433876251637e-01	9.999999999999993339e-01	-4.462567634593266747e-02	1.018383318135264171e-01	-1.520336338259991038e-01	2.074569613722231365e-01	-1.886678485633907498e-01	3.981003311212909929e-02	-1.266460379319648555e-01	1.001675019369580866e-01	-1.074989446191158687e-01	1.595958308306126561e-01	-4.582583048246388624e-02	4.438758788425923446e-02	-9.116411782099799466e-02	8.017108068250826391e-02	-4.148119655230619873e-02	5.072928024730243013e-02	-4.151433717744343332e-02	5.536931513092061691e-02	-5.699347613661287504e-02	3.601880601219363542e-02	-9.136813924275732912e-03	3.088042172646248557e-02	-3.567969626282764539e-02	4.092960156232421098e-02	-4.548157981619531387e-02	9.164491559111151778e-03	-2.790194236169443384e-02	3.115004279081445837e-02	-4.873525964462907534e-02	5.213364212031958156e-02
-6.612773590677979707e-02	5.863017562890799478e-02	-5.712642401641497558e-02	4.525959671538697104e-02	-6.136960072379025327e-02	6.229089668497552607e-02	-5.792636972563082465e-02	5.484868720517266372e-02	-5.562473536690215603e-02	5.932112951764902803e-02	-9.054612211541980538e-02	6.175359995412054576e-02	-6.158133318147488572e-02	4.603815828549154276e-02	-4.462567634593266747e-02	9.999999999999984457e-01	-1.242128612328305820e-01	8.318463034017263558e-02	-7.518638237432116733e-02	6.733616213335223699e-02	-9.366091354224039822e-01	1.457355167341350399e-01	-7.013846021564421052e-02	6.218390043936043721e-02	-9.713101318893503644e-02	1.674443635273362152e-01	-1.642127951579594181e-01	6.787860122159182497e-02	-5.945309278618483156e-02	3.391436186901500976e-02	-1.180814063302426109e-01	8.454644190920708458e-02	-6.523684530853765540e-02	6.018934282078133857e-02	-3.012408257367031258e-02	1.252407084430235892e-02	-4.762105050365510878e-02	4.378462243912491919e-02	-4.304997984356003643e-02	4.284938881837453001e-02	-1.261150769433444507e-02	4.131191101924225340e-02	-3.855373723398791697e-02	5.046468676775163476e-02	-4.899430952389075000e-02
1.093082432094135414e-01	-9.897404670406126370e-02	1.022601538585157649e-01	-8.396474936058948013e-02	1.152422511785349962e-01	-7.725879736591961811e-02	9.250243996103670041e-02	-1.055895114783639566e-01	1.037036690909429182e-01	-1.178024480600515511e-01	9.493789657850484898e-02	-1.134689793721862655e-01	1.363105408476719960e-01	-1.113761186737364794e-01	1.018383318135264171e-01	-1.242128612328305820e-01	9.999999999999982236e-01	-4.844704088175194601e-01	2.154627219577361086e-01	-1.817866395257164147e-01	1.116640514928648464e-01	-7.595453488117152041e-01	1.908062365424534335e-01	-1.595825101018288894e-01	2.005603807063263688e-01	-1.107219569254980773e-01	1.097755876631878874e-01	-1.555102669664049642e-01	1.254874004348681960e-01	-5.748521666555100190e-02	9.428617465353292260e-02	-7.965306652294547318e-02	9.139776992789282184e-02	-9.061233805076965298e-02	5.057253012763803651e-02	-1.424556225264386571e-02	5.209376323951524917e-02	-5.621838373602862371e-02	6.194934966673878302e-02	-6.519386602091424565e-02	1.428620015940304869e-02	-4.667450757231969560e-02	4.895165353740568021e-02	-7.226242926856629722e-02	7.414360329404903749e-02
-1.408979085779461515e-01	1.291299466898642445e-01	-1.389761721971682074e-01	1.125928714341952186e-01	-1.507962497363319332e-01	1.023516836203242908e-01	-1.278794812798752512e-01	1.496541394116291113e-01	-1.436584327776766756e-01	1.517046221271280970e-01	-1.276928433234954530e-01	1.592256056450936930e-01	-2.554645379453144294e-01	1.605761675681640632e-01	-1.520336338259991038e-01	8.318463034017263558e-02	-4.844704088175194601e-01	9.999999999999987788e-01	-4.903098124283178372e-01	2.448476664156219451e-01	-7.733686743071403746e-02	2.848537688436354465e-01	-4.147053679241811119e-01	2.311118977080269810e-01	-2.856189818614267018e-01	8.848595815248515295e-02	-8.997563497682575795e-02	2.143674463344724668e-01	-1.841160028289623440e-01	7.294179452613755443e-02	-9.825146913669868809e-02	8.035932232481621251e-02	-1.137986571207246500e-01	1.108932735485399224e-01	-6.472161059402313510e-02	1.568736238957373769e-02	-5.714034868214924734e-02	6.434944526976764390e-02	-7.456356414913831165e-02	7.876399244768754471e-02	-1.579507667313364075e-02	5.082353874765585533e-02	-5.640001342987868704e-02	8.502999206615036165e-02	-9.073005339090665922e-02
1.300724123612512495e-01	-1.194397518632021177e-01	1.243064304246990354e-01	-1.090285670368745380e-01	1.568723176611950820e-01	-8.764988704287419996e-02	1.068367028803613311e-01	-1.252180460525997019e-01	1.358461016374636343e-01	-1.802458539246507840e-01	1.054330669563415535e-01	-1.259422473253191677e-01	1.519058562213212449e-01	-3.086601754895242911e-01	2.074569613722231365e-01	-7.518638237432116733e-02	2.154627219577361086e-01	-4.903098124283178372e-01	9.999999999999953371e-01	-5.785373406614207070e-01	6.715000672498082357e-02	-2.508184068457446902e-01	2.273925432160371629e-01	-2.818401372237567815e-01	2.980434520354041106e-01	-8.188293270277229030e-02	8.017941344249657210e-02	-1.941404895187235635e-01	1.743264152094032571e-01	-7.434468218457249145e-02	8.928752709202716908e-02	-7.440813641138732670e-02	1.040608497999628429e-01	-1.074546078408297883e-01	6.429315979765837241e-02	-1.494375351842128566e-02	5.370054042881238637e-02	-6.205530729653351008e-02	7.206905379940099776e-02	-7.813405212660536059e-02	1.498600242057652847e-02	-4.836425358894622106e-02	5.386443199941581828e-02	-8.369629694093767835e-02	8.731391858710210729e-02
-1.368060429876132855e-01	1.159202960022675810e-01	-1.240610882167867135e-01	1.042511713418728808e-01	-1.600439766508107708e-01	8.256469753327896899e-02	-1.020557179814200743e-01	1.117448553384004645e-01	-1.313962721478131035e-01	1.653620533116612612e-01	-1.021833934409629718e-01	1.075238717104976399e-01	-1.316525327734246464e-01	1.854077027826185331e-01	-1.886678485633907498e-01	6.733616213335223699e-02	-1.817866395257164147e-01	2.448476664156219451e-01	-5.785373406614207070e-01	9.999999999999982236e-01	-6.098961769160609475e-02	1.932814456383964707e-01	-1.876241750089807647e-01	1.936483727903789143e-01	-6.563767829943271126e-01	7.534777901658616661e-02	-7.457296404672797419e-02	1.563552519326081303e-01	-1.538026914569063652e-01	9.713382210621573920e-02	-9.022422228222776175e-02	7.273714555247880187e-02	-1.018199226044865374e-01	1.029219602821042495e-01	-8.562896833124274132e-02	1.579775894609831283e-02	-5.558130518628683764e-02	6.466321365006480471e-02	-7.715038580549812841e-02	8.915608162910035328e-02	-1.590887798359157460e-02	4.971705071337437221e-02	-5.708509890412541421e-02	8.887400337469916756e-02	-1.040259245918956632e-01
5.832594789783723810e-02	-5.321962775363527076e-02	5.071667613091260934e-02	-4.056304466416747745e-02	5.437268638210040334e-02	-5.701223642949455189e-02	5.152210304315387596e-02	-4.959560456892821850e-02	4.934963390967073149e-02	-5.370674872190252941e-02	7.569542844426850603e-02	-5.634500880032859704e-02	5.502326114161417564e-02	-4.148020024480193052e-02	3.981003311212909929e-02	-9.366091354224039822e-01	1.116640514928648464e-01	-7.733686743071403746e-02	6.715000672498082357e-02	-6.098961769160609475e-02	9.999999999999958922e-01	-1.638458604683821207e-01	6.347813839821660198e-02	-5.687353170174404976e-02	8.455626379527743375e-02	-2.080477125237828184e-01	1.490883137788521773e-01	-6.272075140518772185e-02	5.369330432813196330e-02	-3.061821332582696092e-02	1.035219357240275972e-01	-7.887423298479612210e-02	5.899888870419478515e-02	-5.543544777783013244e-02	2.706735111933436869e-02	-1.130903557334550329e-02	4.322094044201188479e-02	-4.017531020210373532e-02	3.914327233518367921e-02	-3.894606679928004633e-02	1.132731002092241673e-02	-3.808894136653380447e-02	3.500506075538366291e-02	-4.628968754211928299e-02	4.380752117089586894e-02
-1.448199706040926849e-01	1.197649531784697602e-01	-1.300720118399217029e-01	1.035971361326089996e-01	-1.522336900602157816e-01	9.139866756579535789e-02	-1.117465547524483932e-01	1.184266109409836537e-01	-1.314007555803936578e-01	1.424952303316816271e-01	-1.173803408330502118e-01	1.187035049023717620e-01	-1.486525783594515038e-01	1.273192156044292978e-01	-1.266460379319648555e-01	1.457355167341350399e-01	-7.595453488117152041e-01	2.848537688436354465e-01	-2.508184068457446902e-01	1.932814456383964707e-01	-1.638458604683821207e-01	9.999999999999987788e-01	-2.115439004391680700e-01	1.663042587437757458e-01	-2.872768895280852774e-01	1.395095522639891172e-01	-1.622954714170907198e-01	1.598690450250465078e-01	-1.461161606002302493e-01	7.410732892545487949e-02	-1.279641078381844876e-01	1.031765486273890919e-01	-1.141318083100977265e-01	1.085975836851578585e-01	-6.624296618345573706e-02	1.864752112143324564e-02	-6.807091332744964751e-02	7.116722906362352163e-02	-7.836031908903612342e-02	8.310327354210757245e-02	-1.881951472965321878e-02	5.983969086941844789e-02	-6.304052340157020873e-02	9.047068406069672108e-02	-9.849472395826901205e-02
1.002639846142238111e-01	-9.064664704127174677e-02	9.364585350287077392e-02	-7.757182347947824685e-02	1.079842861867469639e-01	-6.852443127957347224e-02	8.306378730467373073e-02	-9.542124227794382407e-02	9.575501665087154946e-02	-1.127884942818230679e-01	8.340566084332133590e-02	-9.965239750743644376e-02	1.221614746548249780e-01	-1.098990692555559395e-01	1.001675019369580866e-01	-7.013846021564421052e-02	1.908062365424534335e-01	-4.147053679241811119e-01	2.273925432160371629e-01	-1.876241750089807647e-01	6.347813839821660198e-02	-2.115439004391680700e-01	9.999999999999982236e-01	-5.304421982076580333e-01	2.093092540489723818e-01	-9.876079859512659764e-02	9.999286968793717756e-02	-5.824349740318296442e-01	3.049162995843939239e-01	-7.993701146675480373e-02	1.128527157595544672e-01	-9.925632741138028237e-02	1.634199509869246059e-01	-1.652142210673779310e-01	7.006409639396944666e-02	-1.704970432343632172e-02	6.709111478597090672e-02	-7.830911419439326449e-02	9.206105243688353368e-02	-9.018265157498601969e-02	1.708761973625407340e-02	-6.013495534504408740e-02	6.669943360454975989e-02	-1.026902138955474858e-01	9.670007973580890814e-02
-1.001816114029474847e-01	8.647004928011302327e-02	-9.161543175244447890e-02	7.548531011235762311e-02	-1.105837577882340939e-01	6.368771897058567166e-02	-7.816355691951859530e-02	8.608404507326007649e-02	-9.455897659835230118e-02	1.124684854850595828e-01	-7.898316159089711908e-02	8.589548638430886951e-02	-1.065263729302471929e-01	1.132837702012120390e-01	-1.074989446191158687e-01	6.218390043936043721e-02	-1.595825101018288894e-01	2.311118977080269810e-01	-2.818401372237567815e-01	1.936483727903789143e-01	-5.687353170174404976e-02	1.663042587437757458e-01	-5.304421982076580333e-01	9.999999999999977796e-01	-2.631877076839688190e-01	8.773542397374424484e-02	-9.058042044603868692e-02	3.206203070285899015e-01	-6.434577221491563082e-01	9.038911096788852795e-02	-1.166813710726179731e-01	9.658729797992859911e-02	-1.702929601451570740e-01	1.697964247534902160e-01	-8.084127767136445319e-02	1.737764583429570950e-02	-6.852259941100079244e-02	7.933400782342409086e-02	-9.801000450940640374e-02	9.453665235199724959e-02	-1.751011100451035224e-02	6.037802973503381132e-02	-6.912118421759161357e-02	1.037185011494881071e-01	-1.051153384415174225e-01
1.705530462060147190e-01	-1.495595588353780814e-01	1.471439808008160044e-01	-1.248014775545722710e-01	1.847559113046919055e-01	-1.023249217098475133e-01	1.227493700013311262e-01	-1.351191952859888690e-01	1.491572047672831969e-01	-2.194159066380754475e-01	1.223126196105512181e-01	-1.326824423081111315e-01	1.502458369338678101e-01	-1.797750383707188426e-01	1.595958308306126561e-01	-9.713101318893503644e-02	2.005603807063263688e-01	-2.856189818614267018e-01	2.980434520354041106e-01	-6.563767829943271126e-01	8.455626379527743375e-02	-2.872768895280852774e-01	2.093092540489723818e-01	-2.631877076839688190e-01	9.999999999999974465e-01	-1.075313594271165157e-01	1.024207605710971136e-01	-2.114854733863665848e-01	1.822205559226653671e-01	-1.694178479992272668e-01	1.194853365245289178e-01	-1.000965070090084480e-01	1.348265971468257385e-01	-1.457057814734073753e-01	1.257443916543667384e-01	-2.227642082867532791e-02	7.714286689910943018e-02	-9.324169781913216326e-02	1.103844175849841847e-01	-1.364637860126685365e-01	2.221786241449031502e-02	-7.057594595299615525e-02	8.048937773434861054e-02	-1.322986365515226026e-01	1.425085550616699281e-01
-5.883376836539079557e-02	4.911044358158928036e-02	-5.069253909143215525e-02	4.069885455963800913e-02	-5.971425013744285221e-02	3.924374652173129308e-02	-4.438148183137447661e-02	4.578513263597201038e-02	-5.035392341789841214e-02	5.815334335626379941e-02	-5.049670095579493478e-02	4.639343515680861840e-02	-5.293661015287766392e-02	4.732995343851705700e-02	-4.582583048246388624e-02	1.674443635273362152e-01	-1.107219569254980773e-01	8.848595815248515295e-02	-8.188293270277229030e-02	7.534777901658616661e-02	-2.080477125237828184e-01	1.395095522639891172e-01	-9.876079859512659764e-02	8.773542397374424484e-02	-1.075313594271165157e-01	9.999999999999977796e-01	-8.291681987189236658e-01	1.174212777028970228e-01	-9.761051670477896569e-02	5.517685380960041935e-02	-3.665726637017934775e-01	2.535656510989185985e-01	-1.450035146114518891e-01	1.252901415191027545e-01	-4.910669904308914008e-02	2.626241610229201190e-02	-1.164460949334813339e-01	9.340589774337886009e-02	-8.358364207135531021e-02	7.627378411014773540e-02	-2.627966364714582476e-02	9.774791334869509241e-02	-8.105285466809006301e-02	9.671597749897266338e-02	-8.231434968612277858e-02
5.605822593437035511e-02	-4.745855712561718870e-02	4.856972552397537807e-02	-3.921126389490635356e-02	5.711169018497220390e-02	-3.788636207294553138e-02	4.267787609493414042e-02	-4.441555451642639069e-02	4.831485122615776506e-02	-5.654787453117673252e-02	4.821058478289695637e-02	-4.525399097900611317e-02	5.145180894952771505e-02	-4.625654640801302175e-02	4.438758788425923446e-02	-1.642127951579594181e-01	1.097755876631878874e-01	-8.997563497682575795e-02	8.017941344249657210e-02	-7.457296404672797419e-02	1.490883137788521773e-01	-1.622954714170907198e-01	9.999286968793717756e-02	-9.058042044603868692e-02	1.024207605710971136e-01	-8.291681987189236658e-01	9.999999999999984457e-01	-1.342146835690778417e-01	9.964008531356102760e-02	-5.668110250278921014e-02	2.700671995526601754e-01	-3.653960276323317546e-01	1.491901467819774785e-01	-1.379478682786170474e-01	5.000384514270477671e-02	-2.547946451803774146e-02	1.207117406116665487e-01	-9.993198707710432283e-02	8.657080752326967721e-02	-7.898225859120339143e-02	2.511987364650537444e-02	-1.081628050491830195e-01	8.352963005094726778e-02	-1.020463181710830197e-01	8.209569130647677293e-02
-9.503684738059826886e-02	8.127631054097450569e-02	-8.619893777774396970e-02	7.022232391737577573e-02	-1.023729144896326770e-01	6.035911087364123628e-02	-7.385764612836370757e-02	8.065337711784757724e-02	-8.790078262276837529e-02	1.020793902757286264e-01	-7.529861604983262291e-02	8.079651736441102738e-02	-1.005460610540096916e-01	9.483823885438344425e-02	-9.116411782099799466e-02	6.787860122159182497e-02	-1.555102669664049642e-01	2.143674463344724668e-01	-1.941404895187235635e-01	1.563552519326081303e-01	-6.272075140518772185e-02	1.598690450250465078e-01	-5.824349740318296442e-01	3.206203070285899015e-01	-2.114854733863665848e-01	1.174212777028970228e-01	-1.342146835690778417e-01	9.999999999999972244e-01	-5.849477462733643218e-01	9.428204923790149683e-02	-1.525225515275228927e-01	1.323604446525997180e-01	-2.878027528182405259e-01	2.174565200837625667e-01	-8.535822347555016565e-02	2.051600445104875131e-02	-8.609443681279921323e-02	9.729253941074290923e-02	-1.167613939783754828e-01	1.067268736323142703e-01	-2.065255733402362667e-02	7.495728749452712503e-02	-8.380741683068099190e-02	1.221507601422845146e-01	-1.163311143546383597e-01
8.147462014085030124e-02	-7.105165174603149392e-02	7.360021127460028567e-02	-6.091020250620064053e-02	8.840321792329330908e-02	-5.208762103979420327e-02	6.309443928455885087e-02	-6.969902268921568389e-02	7.517176771463104923e-02	-9.245192676056521175e-02	6.393392036235656661e-02	-7.008057685277709059e-02	8.396031842116549737e-02	-8.732009949635195778e-02	8.017108068250826391e-02	-5.945309278618483156e-02	1.254874004348681960e-01	-1.841160028289623440e-01	1.743264152094032571e-01	-1.538026914569063652e-01	5.369330432813196330e-02	-1.461161606002302493e-01	3.049162995843939239e-01	-6.434577221491563082e-01	1.822205559226653671e-01	-9.761051670477896569e-02	9.964008531356102760e-02	-5.849477462733643218e-01	9.999999999999964473e-01	-1.061958763404296374e-01	1.257750818340166443e-01	-1.116250582173173300e-01	2.075285068700383206e-01	-2.691623720061475655e-01	8.988906698657624095e-02	-1.839363932049499842e-02	7.625644766326770962e-02	-9.245527706373878052e-02	1.167908166094740602e-01	-1.080561985214675974e-01	1.844629056804968081e-02	-6.805088256126003154e-02	7.787237153367659870e-02	-1.224283523761386938e-01	1.109435199703151798e-01
-5.011884881998247138e-02	4.123473196684918074e-02	-4.220744245589051064e-02	3.466245151603854213e-02	-5.273461711711652233e-02	2.885457868126184086e-02	-3.484274578707409475e-02	3.726780323810185286e-02	-4.223217360664045100e-02	5.531740679081028483e-02	-3.543685475547008606e-02	3.622630855017359985e-02	-4.195034901368285135e-02	4.414516755168299000e-02	-4.148119655230619873e-02	3.391436186901500976e-02	-5.748521666555100190e-02	7.294179452613755443e-02	-7.434468218457249145e-02	9.713382210621573920e-02	-3.061821332582696092e-02	7.410732892545487949e-02	-7.993701146675480373e-02	9.038911096788852795e-02	-1.694178479992272668e-01	5.517685380960041935e-02	-5.668110250278921014e-02	9.428204923790149683e-02	-1.061958763404296374e-01	9.999999999999973355e-01	-9.610872612765813949e-02	7.540986875974742265e-02	-1.296761566685759870e-01	1.375588554581614886e-01	-8.838192242308775537e-01	1.706555514837275814e-02	-7.294210645585429142e-02	9.551316907381712795e-02	-1.571742195916246976e-01	2.401782112268320557e-01	-1.737589329026653640e-02	6.334879278136798519e-02	-8.853459007051310559e-02	1.438221490103495370e-01	-2.768321332044390015e-01
6.467168306804857436e-02	-5.426033573263629173e-02	5.513239421301036752e-02	-4.486624751251800519e-02	6.642043047700001146e-02	-4.079884391836040292e-02	4.719785188009670285e-02	-4.971984200118561431e-02	5.479628196991907785e-02	-6.765305872900725936e-02	5.093742446219221010e-02	-4.971800200488552673e-02	5.656536674505299039e-02	-5.357637431018830165e-02	5.072928024730243013e-02	-1.180814063302426109e-01	9.428617465353292260e-02	-9.825146913669868809e-02	8.928752709202716908e-02	-9.022422228222776175e-02	1.035219357240275972e-01	-1.279641078381844876e-01	1.128527157595544672e-01	-1.166813710726179731e-01	1.194853365245289178e-01	-3.665726637017934775e-01	2.700671995526601754e-01	-1.525225515275228927e-01	1.257750818340166443e-01	-9.610872612765813949e-02	9.999999999999973355e-01	-7.270226020772323494e-01	2.444629794166601755e-01	-2.602249892758762839e-01	8.319388287042996100e-02	-5.245513380767848760e-02	2.177159954671561704e-01	-1.951965800482625135e-01	1.571599925216332072e-01	-1.428409021141106294e-01	4.967807916574025484e-02	-2.209524130457447555e-01	1.545502330377399314e-01	-1.959663158138828798e-01	1.376669112113049764e-01
-5.209463899565927592e-02	4.331710727792215804e-02	-4.457341351595679041e-02	3.614167249790392611e-02	-5.378112897122650643e-02	3.247945766623208663e-02	-3.799009561386117173e-02	4.002069835390945074e-02	-4.441348883146542526e-02	5.382539303995353963e-02	-4.075201188097540839e-02	3.985339584357750625e-02	-4.599628342619295485e-02	4.347329279780466627e-02	-4.151433717744343332e-02	8.454644190920708458e-02	-7.965306652294547318e-02	8.035932232481621251e-02	-7.440813641138732670e-02	7.273714555247880187e-02	-7.887423298479612210e-02	1.031765486273890919e-01	-9.925632741138028237e-02	9.658729797992859911e-02	-1.000965070090084480e-01	2.535656510989185985e-01	-3.653960276323317546e-01	1.323604446525997180e-01	-1.116250582173173300e-01	7.540986875974742265e-02	-7.270226020772323494e-01	9.999999999999986677e-01	-3.429203754436431217e-01	2.185050307953440296e-01	-6.758227871851890667e-02	4.065293648341586352e-02	-2.943332946749760981e-01	1.636687435018927828e-01	-1.338114813177931628e-01	1.119168630466817610e-01	-4.030469762982634430e-02	1.922127140143202739e-01	-1.399676929712128925e-01	1.499056139077166450e-01	-1.143323341916401975e-01
6.521100710308289083e-02	-5.483920143879409542e-02	5.651177668458245984e-02	-4.620086223795173697e-02	6.858192226103454470e-02	-3.998312821810234147e-02	4.782393033029627011e-02	-5.139680409119969789e-02	5.673672323400977963e-02	-7.000122137916771348e-02	4.949088830268118938e-02	-5.103561386383127091e-02	5.983362215355705199e-02	-5.864191446413700298e-02	5.536931513092061691e-02	-6.523684530853765540e-02	9.139776992789282184e-02	-1.137986571207246500e-01	1.040608497999628429e-01	-1.018199226044865374e-01	5.899888870419478515e-02	-1.141318083100977265e-01	1.634199509869246059e-01	-1.702929601451570740e-01	1.348265971468257385e-01	-1.450035146114518891e-01	1.491901467819774785e-01	-2.878027528182405259e-01	2.075285068700383206e-01	-1.296761566685759870e-01	2.444629794166601755e-01	-3.429203754436431217e-01	9.999999999999968914e-01	-7.438000416472512200e-01	1.167103597902283546e-01	-3.138964685705332436e-02	1.536213009323306455e-01	-2.003741323321259482e-01	2.244456689921048853e-01	-1.812689838749579063e-01	3.118235166255271112e-02	-1.377796503215269475e-01	1.501898327877521089e-01	-2.339022926998556573e-01	1.660678062913698572e-01
-6.710048987860904590e-02	5.558105732908817653e-02	-5.790627447514785225e-02	4.713645884399545599e-02	-7.076286180810684168e-02	4.036169776834006018e-02	-4.861995903803708469e-02	5.196301720962248627e-02	-5.817327227960706476e-02	7.087470300859967376e-02	-5.022225388518562067e-02	5.118429031311661631e-02	-6.051524150866785523e-02	5.963044491802214908e-02	-5.699347613661287504e-02	6.018934282078133857e-02	-9.061233805076965298e-02	1.108932735485399224e-01	-1.074546078408297883e-01	1.029219602821042495e-01	-5.543544777783013244e-02	1.085975836851578585e-01	-1.652142210673779310e-01	1.697964247534902160e-01	-1.457057814734073753e-01	1.252901415191027545e-01	-1.379478682786170474e-01	2.174565200837625667e-01	-2.691623720061475655e-01	1.375588554581614886e-01	-2.602249892758762839e-01	2.185050307953440296e-01	-7.438000416472512200e-01	9.999999999999966693e-01	-1.456672036533272485e-01	3.070511889667881106e-02	-1.486169078100656460e-01	1.823863653203780244e-01	-3.474427968768546982e-01	1.905786888860134531e-01	-3.108108029000297354e-02	1.248350505623409823e-01	-1.561341257485361900e-01	2.265869731067800541e-01	-1.930348979623932593e-01
