1.000000000000000222e+00	-6.623416785307654209e-01	2.551025587176193876e-01	-1.569851394261298494e-01	1.389611822749915460e-01	-4.968870436077703623e-01	3.150649064210418460e-01	-2.224925878243970423e-01	1.263745671892570477e-01	-1.956325421440297807e-01	2.312186427189006910e-01	-2.197572607729909866e-01	1.758443931282791528e-01	-1.574632125770433766e-01	6.264156157255952595e-02	-1.638981544170609039e-01	1.644265555658851463e-01	-1.470824867966529503e-01	1.532482063394627614e-01	-5.940607019252573673e-02	1.599915716138881339e-01	-6.850674931640166054e-02	6.767562262865052525e-02	-8.031559651580512382e-02	9.214368835759331744e-02	-8.816915526495613942e-02	7.776018841478399279e-02	-7.024048258632403785e-02	7.401316324288763349e-02	-8.813288041633253467e-02	5.123196260010811492e-02	-5.335599191982990513e-02	7.656497471871076543e-02	-6.166511833980966445e-02	5.861378316647222753e-02	-2.915625639616724329e-02	2.162201892848602050e-02	-5.377724410368812241e-02	4.435766323340349648e-02	-4.328951410305689057e-02	3.710289290625429920e-02	-2.222256133141916126e-02	4.591373262533950811e-02	-4.322631453771372256e-02	5.494212479441579894e-02
-6.623416785307654209e-01	9.999999999999997780e-01	-4.515430125270245565e-01	1.571973046455029110e-01	-1.432542897341223809e-01	2.767180623374789761e-01	-4.510060903989517311e-01	2.279493002924324330e-01	-1.201743923789638790e-01	1.672234290341457486e-01	-1.967692161468920786e-01	2.001725930068258552e-01	-1.858495100037263759e-01	1.381864911852275224e-01	-5.434278683965016593e-02	1.315867787131034805e-01	-1.531340903412829746e-01	1.343023231037118181e-01	-1.420105198877187613e-01	5.102276751587725423e-02	-1.386365729615285647e-01	5.899658409320741176e-02	-5.903076855713222659e-02	6.963749192435315927e-02	-7.964217581143040459e-02	7.272584426288469794e-02	-6.561831718989760698e-02	5.833318087239720839e-02	-6.398438173021941955e-02	7.416597592777730841e-02	-4.263219091296821528e-02	4.399738687745156224e-02	-6.436166840356984109e-02	5.154509232347977837e-02	-4.923160132121730259e-02	2.406206895272831187e-02	-1.772888814393857107e-02	4.333245325822955574e-02	-3.668424698203526235e-02	3.566560674281169657e-02	-3.074920873599971613e-02	1.817195863335138717e-02	-3.730088296676994930e-02	3.490039829175167058e-02	-4.463433027398618774e-02
2.551025587176193876e-01	-4.515430125270245565e-01	9.999999999999996669e-01	-3.533191586433878095e-01	2.244386968056532039e-01	-2.033545863776964890e-01	2.545161168107777927e-01	-5.714133408460452257e-01	1.939873004561186720e-01	-2.627612567006702982e-01	1.814024750406801334e-01	-2.583549574936727100e-01	2.670960326894618042e-01	-2.191703841386510587e-01	7.743006082390009592e-02	-1.380042927585158341e-01	1.879403199053531481e-01	-1.907041572316488520e-01	1.943368505233933619e-01	-7.311480211302061327e-02	1.502556621970398687e-01	-7.218721648527344492e-02	7.208675302308584221e-02	-9.311657643616891300e-02	1.057875782175931589e-01	-8.291780857067621024e-02	7.556537640282827428e-02	-6.934079140943938402e-02	8.392590276374205238e-02	-9.794383536452876127e-02	5.005482605003105240e-02	-5.197174067339704190e-02	7.672053633801198536e-02	-6.497365628763740464e-02	6.205468854974322684e-02	-2.844122142738448808e-02	2.125378563370326768e-02	-5.379015418608999732e-02	4.592871826589267625e-02	-4.478101641002485422e-02	3.641619504428050824e-02	-2.179142450085923277e-02	4.629896731712718205e-02	-4.350965561267808313e-02	5.567043626110573795e-02
-1.569851394261298494e-01	1.571973046455029110e-01	-3.533191586433878095e-01	9.999999999999993339e-01	-6.989704568266956741e-01	1.213431860668843232e-01	-1.602551878406237584e-01	1.924541648793665072e-01	-4.366243378383216078e-01	3.099236644511512151e-01	-1.347650637097627391e-01	1.552550349017341180e-01	-1.702545414737539342e-01	2.511195461673843554e-01	-8.419909068455695700e-02	1.015575012052109677e-01	-1.476644281990113494e-01	1.403256816458268441e-01	-2.000279101172631746e-01	7.517143616276769635e-02	-1.205140610779644600e-01	5.735786210817690051e-02	-5.874432484168823354e-02	8.657869064572831785e-02	-1.033230837925827039e-01	6.545229437621075119e-02	-6.144735401983952156e-02	5.634771986124060411e-02	-7.856931580032572304e-02	8.767037698423832404e-02	-4.074102692720388968e-02	4.194169295508765744e-02	-6.382255425977026442e-02	5.612022734445413358e-02	-5.427041735795969796e-02	2.303449332790711082e-02	-1.724393464706248935e-02	4.367995289460713249e-02	-3.913653326756192513e-02	3.793738873580783377e-02	-2.971787709041398898e-02	1.761103356348485416e-02	-3.825546672134227250e-02	3.564155206444277052e-02	-4.629197061698252236e-02
1.389611822749915460e-01	-1.432542897341223809e-01	2.244386968056532039e-01	-6.989704568266956741e-01	1.000000000000000222e+00	-1.165312727029412104e-01	1.478008951831372153e-01	-1.809367394763872205e-01	2.833563565164294862e-01	-5.417807717932174860e-01	1.310638874455244407e-01	-1.547572029103559677e-01	1.530506642830421760e-01	-2.688496185049480403e-01	9.726359253643244995e-02	-1.004960815124632534e-01	1.413098485937623605e-01	-1.376403386111428595e-01	1.852473138101648764e-01	-9.021177024197021832e-02	1.199205316233205865e-01	-5.786431322292893281e-02	5.884900086907178529e-02	-8.952102188928126592e-02	1.075195360166152081e-01	-6.684919277730859422e-02	6.261232004537289897e-02	-5.813931296481130578e-02	8.040942354452705609e-02	-9.473964652769395478e-02	4.196936013258796561e-02	-4.341632488562246345e-02	6.570437410875515361e-02	-5.900576193973608441e-02	5.681434150318837722e-02	-2.385895467615634091e-02	1.801629070504783686e-02	-4.666568957788152366e-02	4.123493943224663949e-02	-4.016590851969302489e-02	3.076307526219207444e-02	-1.842429339999937521e-02	4.063401430609712983e-02	-3.808194077796845517e-02	4.922713346821876862e-02
-4.968870436077703623e-01	2.767180623374789761e-01	-2.033545863776964890e-01	1.213431860668843232e-01	-1.165312727029412104e-01	9.999999999999997780e-01	-5.784507431907364161e-01	1.791972259013594471e-01	-1.056169244648047373e-01	1.575378486905068265e-01	-4.883280377322243848e-01	2.249604042616938082e-01	-1.702019844717482244e-01	1.310873773564255051e-01	-5.463552763778063009e-02	2.089901721665258505e-01	-1.793170702844792408e-01	1.410055290748780943e-01	-1.451937491879334019e-01	5.147109376525635382e-02	-2.035210434173108651e-01	7.118156436158107336e-02	-7.065208135784446786e-02	7.442704015508702642e-02	-8.459289393681923563e-02	9.591708812491470115e-02	-8.494653103349905643e-02	7.204061618438985237e-02	-6.922484241063268928e-02	8.044582915507511589e-02	-5.323915386729290850e-02	5.449650447997540781e-02	-7.881916582840060859e-02	5.889814114393900762e-02	-5.605002185603301379e-02	2.966244246179820798e-02	-2.141521537556347748e-02	4.981171316605108312e-02	-4.190050860852194414e-02	4.064376179128007666e-02	-3.772940485984797865e-02	2.194483641568074211e-02	-4.277338412845663185e-02	3.982083886615429835e-02	-5.074595933366218836e-02
3.150649064210418460e-01	-4.510060903989517311e-01	2.545161168107777927e-01	-1.602551878406237584e-01	1.478008951831372153e-01	-5.784507431907364161e-01	1.000000000000000222e+00	-2.802301422146175058e-01	1.369627991555204538e-01	-2.091948624549314906e-01	2.699836864884115895e-01	-3.658299817370860296e-01	2.243709630971809921e-01	-1.724380832255267559e-01	6.947748080740101528e-02	-1.956047731170507120e-01	2.120302877291578847e-01	-1.812000592463368365e-01	1.792881059990980297e-01	-6.585522365837709335e-02	1.861656386844448841e-01	-8.141946189766417763e-02	8.008798611788366106e-02	-9.212061799580767429e-02	1.043745603126214755e-01	-1.020870061529251249e-01	8.959500885268543990e-02	-8.089498691506728789e-02	8.455626943138919160e-02	-9.987180246889494628e-02	5.872510695177417250e-02	-6.117486448861447768e-02	8.776456483474529002e-02	-7.025967168603038104e-02	6.668519166635024364e-02	-3.334749461832275941e-02	2.464722245932736769e-02	-6.079887100324134902e-02	5.031974144110536173e-02	-4.909162917970508189e-02	4.237857194216636952e-02	-2.533276721282591917e-02	5.187972473420589259e-02	-4.880213972191567440e-02	6.197624791656927701e-02
-2.224925878243970423e-01	2.279493002924324330e-01	-5.714133408460452257e-01	1.924541648793665072e-01	-1.809367394763872205e-01	1.791972259013594471e-01	-2.802301422146175058e-01	1.000000000000000000e+00	-1.693673721378497754e-01	1.982324356440317847e-01	-1.816075037106890111e-01	2.631917395696684037e-01	-6.041704512814957129e-01	1.781678408111348755e-01	-6.719784222499693149e-02	1.351695381583171984e-01	-2.139797768013005919e-01	2.116340735778351190e-01	-2.135333619262865523e-01	6.259250816249627147e-02	-1.487932325138047185e-01	7.162880538716305534e-02	-7.268885953793990939e-02	8.905795173747273197e-02	-9.884899222532529672e-02	7.811564326988258700e-02	-7.187495631413734487e-02	6.485501593524281572e-02	-8.035345829910374438e-02	8.872347813380193626e-02	-4.666337828927465126e-02	4.807815624708146329e-02	-7.200712629606235982e-02	5.977856411690227190e-02	-5.727646677125460689e-02	2.624197886666538790e-02	-1.938160602170031430e-02	4.760252229907685484e-02	-4.173037044924326339e-02	4.048872443583217268e-02	-3.364481020860506100e-02	1.982708425136739394e-02	-4.124915308720566998e-02	3.848368747029130843e-02	-4.946916540804145723e-02
1.263745671892570477e-01	-1.201743923789638790e-01	1.939873004561186720e-01	-4.366243378383216078e-01	2.833563565164294862e-01	-1.056169244648047373e-01	1.369627991555204538e-01	-1.693673721378497754e-01	1.000000000000000666e+00	-4.807033573480000710e-01	1.245725116471752131e-01	-1.470369913746064350e-01	1.533171023447611747e-01	-6.575208041413094229e-01	1.073708443439676252e-01	-9.727010656572941671e-02	1.466874078260657077e-01	-1.539036503345596607e-01	2.321697497384515863e-01	-9.664271993228061575e-02	1.155560095812406124e-01	-5.796890416999108536e-02	5.916758136056488732e-02	-9.696137394209894400e-02	1.122322424602573560e-01	-6.412987165629117914e-02	6.024635604231522168e-02	-5.632902397295704716e-02	8.474021097655348722e-02	-9.540069097700619449e-02	4.015909985924055736e-02	-4.153508860880569115e-02	6.366645895801641142e-02	-5.858907126123391595e-02	5.643118165112181311e-02	-2.272110847427329453e-02	1.711569069184398773e-02	-4.409051381398632757e-02	4.015898191038676235e-02	-3.904641095444084248e-02	2.929569334011155463e-02	-1.748273972821457606e-02	3.855573227128009789e-02	-3.602131027823040482e-02	4.670398897451907838e-02
-1.956325421440297807e-01	1.672234290341457486e-01	-2.627612567006702982e-01	3.099236644511512151e-01	-5.417807717932174860e-01	1.575378486905068265e-01	-2.091948624549314906e-01	1.982324356440317847e-01	-4.807033573480000710e-01	9.999999999999986677e-01	-1.973863116265862083e-01	2.002657831157315660e-01	-2.146705290578229119e-01	2.954667187736191303e-01	-1.755884963023669754e-01	1.478181913541534998e-01	-2.162758693820153733e-01	1.930175698039352794e-01	-3.047836735633437377e-01	1.375805961140860734e-01	-1.860479397276334490e-01	8.621967640337742378e-02	-8.973551381598592058e-02	1.381733579159176439e-01	-1.795119539432436240e-01	1.001703581175855257e-01	-9.599526405166039500e-02	8.743966867475179428e-02	-1.277193618824259413e-01	1.413130855093655269e-01	-6.384757158675627431e-02	6.519238604378725654e-02	-1.009590001399505443e-01	8.934893530704861309e-02	-8.744962377555746957e-02	3.602723460676142408e-02	-2.696662262198623594e-02	6.795905144304714707e-02	-6.247533645660849344e-02	6.022831176780024665e-02	-4.678282953606126282e-02	2.745603856553818778e-02	-6.051571985631726269e-02	5.588364805899306148e-02	-7.368111297265220183e-02
2.312186427189006910e-01	-1.967692161468920786e-01	1.814024750406801334e-01	-1.347650637097627391e-01	1.310638874455244407e-01	-4.883280377322243848e-01	2.699836864884115895e-01	-1.816075037106890111e-01	1.245725116471752131e-01	-1.973863116265862083e-01	9.999999999999983347e-01	-3.108094140345011303e-01	1.877631971421622747e-01	-1.628303312315118601e-01	6.991214369603847290e-02	-5.526223681342327110e-01	2.352776838137591864e-01	-1.846487502707756245e-01	1.772307873979926673e-01	-6.631444124810371987e-02	2.849267360616262734e-01	-1.014460599424490683e-01	9.664170466083309152e-02	-9.829076235534704720e-02	1.109209731517690617e-01	-1.505291161926959331e-01	1.205373809895230741e-01	-1.056827958509640730e-01	9.161216271104216657e-02	-1.093656921137551447e-01	7.647794057421944403e-02	-8.001859911298948858e-02	1.102713393524160507e-01	-8.220707865196666408e-02	7.717069414606779476e-02	-4.299644754054782192e-02	3.098457721769008397e-02	-7.193343536219035106e-02	5.864329658213830732e-02	-5.720787499357985612e-02	5.377921582222291996e-02	-3.193813488590054039e-02	6.087999552728633190e-02	-5.705617031693203944e-02	7.187326431337755228e-02
-2.197572607729909866e-01	2.001725930068258552e-01	-2.583549574936727100e-01	1.552550349017341180e-01	-1.547572029103559677e-01	2.249604042616938082e-01	-3.658299817370860296e-01	2.631917395696684037e-01	-1.470369913746064350e-01	2.002657831157315660e-01	-3.108094140345011303e-01	9.999999999999958922e-01	-4.956798377061469307e-01	1.845727622250231403e-01	-7.499878586728316032e-02	2.199537182324944606e-01	-5.392717638558206517e-01	2.836293303373151331e-01	-2.618032605939117907e-01	7.028508908560630875e-02	-2.244646559644007944e-01	1.077113402208742243e-01	-1.092185857568235274e-01	1.091942609264604652e-01	-1.185725597787055108e-01	1.092393530792100526e-01	-9.964772641576244427e-02	8.764321755740490938e-02	-9.879410976020822077e-02	1.076538852010259922e-01	-6.276923391083516490e-02	6.426247727590081449e-02	-9.629648497623233272e-02	7.541689325971250024e-02	-7.208930812727415427e-02	3.488392894295420238e-02	-2.532380195356534816e-02	5.953732420049766966e-02	-5.237728106072214729e-02	5.067403652266195407e-02	-4.458890879717150590e-02	2.588517858155656853e-02	-5.157845998730789527e-02	4.785575506901701415e-02	-6.141520911734499322e-02
1.758443931282791528e-01	-1.858495100037263759e-01	2.670960326894618042e-01	-1.702545414737539342e-01	1.530506642830421760e-01	-1.702019844717482244e-01	2.243709630971809921e-01	-6.041704512814957129e-01	1.533171023447611747e-01	-2.146705290578229119e-01	1.877631971421622747e-01	-4.956798377061469307e-01	9.999999999999983347e-01	-2.014968628962531538e-01	7.289598802324259719e-02	-1.541999645260048735e-01	2.710846529916136616e-01	-3.842648411075206827e-01	2.361842834315005524e-01	-6.945816203795418531e-02	1.584275252774650089e-01	-8.602533776989033931e-02	8.516804269277918060e-02	-1.017726162282311247e-01	1.074604739007092302e-01	-8.585021044039110871e-02	7.786265391987713669e-02	-7.192598739214411951e-02	8.859862868701783023e-02	-9.997155925480417926e-02	5.078039170940092106e-02	-5.276852902872499612e-02	7.854663798944394593e-02	-6.641689789431751145e-02	6.309922252903797657e-02	-2.864938691317038197e-02	2.125682006467621149e-02	-5.291383252536699389e-02	4.603452243761010226e-02	-4.486580890949559003e-02	3.658233897963550363e-02	-2.178607044924618652e-02	4.550081776039852088e-02	-4.268121385562170106e-02	5.449776361433196492e-02
-1.574632125770433766e-01	1.381864911852275224e-01	-2.191703841386510587e-01	2.511195461673843554e-01	-2.688496185049480403e-01	1.310873773564255051e-01	-1.724380832255267559e-01	1.781678408111348755e-01	-6.575208041413094229e-01	2.954667187736191303e-01	-1.628303312315118601e-01	1.845727622250231403e-01	-2.014968628962531538e-01	1.000000000000000444e+00	-1.510367687307341000e-01	1.281889214391231102e-01	-2.112730847530313871e-01	2.138335729275371022e-01	-4.552086421680020534e-01	1.223039644786698688e-01	-1.536055178863129922e-01	7.809332933060687820e-02	-8.081045893136590275e-02	1.382989824745479157e-01	-1.586769279394784349e-01	8.394802814456402140e-02	-7.944571290587619516e-02	7.419572453169231974e-02	-1.220765706261680988e-01	1.267745704309131416e-01	-5.262186842058721309e-02	5.425996355103519103e-02	-8.432204879405583164e-02	7.838940500251051491e-02	-7.595999581470835871e-02	2.962667460331430691e-02	-2.224487990605233945e-02	5.678859545804126885e-02	-5.319021418474041002e-02	5.146176022524009963e-02	-3.824856084504269643e-02	2.268575330711405241e-02	-5.000707885959082555e-02	4.649062966247263784e-02	-6.062363306753826286e-02
6.264156157255952595e-02	-5.434278683965016593e-02	7.743006082390009592e-02	-8.419909068455695700e-02	9.726359253643244995e-02	-5.463552763778063009e-02	6.947748080740101528e-02	-6.719784222499693149e-02	1.073708443439676252e-01	-1.755884963023669754e-01	6.991214369603847290e-02	-7.499878586728316032e-02	7.289598802324259719e-02	-1.510367687307341000e-01	9.999999999999981126e-01	-5.612008336985271906e-02	7.886803100873221450e-02	-7.932553077899619220e-02	1.228246140137127795e-01	-9.159212277632889920e-01	7.050233743911354933e-02	-4.205460153490108571e-02	4.250772788247678124e-02	-1.367057059945994690e-01	2.038496017046703135e-01	-4.704119577256311163e-02	4.417736756781423524e-02	-4.806913181233592874e-02	1.047276272418335152e-01	-1.772497429730989227e-01	3.085095212727076777e-02	-3.337008227437209679e-02	5.398474152245626850e-02	-7.145873849560692437e-02	6.725059673199801358e-02	-1.753447064391898749e-02	1.399943955641269264e-02	-4.187552081672076681e-02	4.300046582317142846e-02	-4.356862455250771343e-02	2.241137159204707741e-02	-1.433730607016393994e-02	3.571237805346738625e-02	-3.448875248262967680e-02	4.349330637256146326e-02
-1.638981544170609039e-01	1.315867787131034805e-01	-1.380042927585158341e-01	1.015575012052109677e-01	-1.004960815124632534e-01	2.089901721665258505e-01	-1.956047731170507120e-01	1.351695381583171984e-01	-9.727010656572941671e-02	1.478181913541534998e-01	-5.526223681342327110e-01	2.199537182324944606e-01	-1.541999645260048735e-01	1.281889214391231102e-01	-5.612008336985271906e-02	9.999999999999976685e-01	-3.158001948199014586e-01	1.740602488115866875e-01	-1.594072220286484043e-01	5.297961875976720664e-02	-6.399027217456010330e-01	1.085524097394928167e-01	-1.055384092226244463e-01	8.426556085128011908e-02	-9.312683724597965729e-02	1.706314744675530848e-01	-1.446846213757201627e-01	1.060224435818390293e-01	-7.932698508118415925e-02	9.075345607580691254e-02	-8.022882285346430442e-02	7.936096192734674870e-02	-1.139854066440223607e-01	7.328023047726743566e-02	-6.928233196440587716e-02	4.241059861821593058e-02	-2.905854875015219038e-02	5.918116080771615439e-02	-5.087621826627433674e-02	4.896062384855234817e-02	-5.327646685041059066e-02	2.967370484179190221e-02	-5.092330545920477347e-02	4.657066963765411904e-02	-5.916879789712466142e-02
1.644265555658851463e-01	-1.531340903412829746e-01	1.879403199053531481e-01	-1.476644281990113494e-01	1.413098485937623605e-01	-1.793170702844792408e-01	2.120302877291578847e-01	-2.139797768013005919e-01	1.466874078260657077e-01	-2.162758693820153733e-01	2.352776838137591864e-01	-5.392717638558206517e-01	2.710846529916136616e-01	-2.112730847530313871e-01	7.886803100873221450e-02	-3.158001948199014586e-01	9.999999999999986677e-01	-5.676086731111594785e-01	2.724731843932769459e-01	-7.577107889772442817e-02	2.221926564661209080e-01	-1.492102296789702132e-01	1.317689625756037486e-01	-1.210561784702709476e-01	1.221350373771756537e-01	-1.155543446044382527e-01	1.010106560129263448e-01	-9.331476648750224034e-02	1.032810441615794050e-01	-1.161778907747525597e-01	6.383151056285321645e-02	-6.647335896647101061e-02	9.853862383070165210e-02	-7.951356641428505845e-02	7.485671978664168447e-02	-3.561780510657842208e-02	2.600175468763143635e-02	-6.223995530355749123e-02	5.433858862652424238e-02	-5.295263875054084107e-02	4.509764617228039646e-02	-2.666934149510750973e-02	5.327885360506084966e-02	-4.982859642690568025e-02	6.329637436470761380e-02
-1.470824867966529503e-01	1.343023231037118181e-01	-1.907041572316488520e-01	1.403256816458268441e-01	-1.376403386111428595e-01	1.410055290748780943e-01	-1.812000592463368365e-01	2.116340735778351190e-01	-1.539036503345596607e-01	1.930175698039352794e-01	-1.846487502707756245e-01	2.836293303373151331e-01	-3.842648411075206827e-01	2.138335729275371022e-01	-7.932553077899619220e-02	1.740602488115866875e-01	-5.676086731111594785e-01	1.000000000000000444e+00	-5.708114727784633358e-01	7.499688502180941463e-02	-1.776196110330025835e-01	1.150940009718360302e-01	-1.228312373518107709e-01	1.347960281434699703e-01	-1.284316363007435846e-01	9.145879534028711344e-02	-8.420375865213790278e-02	7.887536176585956127e-02	-1.137150166131807444e-01	1.123871483372599206e-01	-5.351965673343826724e-02	5.546190502645350490e-02	-8.551508820435457792e-02	7.389823103807206806e-02	-7.021719037824769583e-02	2.978046050946239406e-02	-2.194535008708195165e-02	5.373066260108156494e-02	-4.935765548764226712e-02	4.788002038158455792e-02	-3.802387926880658464e-02	2.243495676240214037e-02	-4.646997907573711950e-02	4.334780358681575296e-02	-5.553389565516687887e-02
1.532482063394627614e-01	-1.420105198877187613e-01	1.943368505233933619e-01	-2.000279101172631746e-01	1.852473138101648764e-01	-1.451937491879334019e-01	1.792881059990980297e-01	-2.135333619262865523e-01	2.321697497384515863e-01	-3.047836735633437377e-01	1.772307873979926673e-01	-2.618032605939117907e-01	2.361842834315005524e-01	-4.552086421680020534e-01	1.228246140137127795e-01	-1.594072220286484043e-01	2.724731843932769459e-01	-5.708114727784633358e-01	9.999999999999996669e-01	-1.219090703984356955e-01	1.696811737408948362e-01	-1.076609420863155475e-01	1.061077629029844871e-01	-2.588124849713295816e-01	1.874252119753584689e-01	-1.004321228013348583e-01	9.192990203976432462e-02	-9.151445970714065792e-02	1.688413038442574399e-01	-1.716227266446317956e-01	6.139442438360404042e-02	-6.490065819631622712e-02	9.987215515178922420e-02	-1.025592659077443902e-01	9.561498004421653540e-02	-3.474159049516593184e-02	2.643882887853624825e-02	-7.039669841744886081e-02	6.600546781282180808e-02	-6.479809727171741141e-02	4.432740791499752142e-02	-2.709571464983683356e-02	6.038018492144202332e-02	-5.713265736283040797e-02	7.270788505256714496e-02
-5.940607019252573673e-02	5.102276751587725423e-02	-7.311480211302061327e-02	7.517143616276769635e-02	-9.021177024197021832e-02	5.147109376525635382e-02	-6.585522365837709335e-02	6.259250816249627147e-02	-9.664271993228061575e-02	1.375805961140860734e-01	-6.631444124810371987e-02	7.028508908560630875e-02	-6.945816203795418531e-02	1.223039644786698688e-01	-9.159212277632889920e-01	5.297961875976720664e-02	-7.577107889772442817e-02	7.499688502180941463e-02	-1.219090703984356955e-01	9.999999999999971134e-01	-6.683250028605731974e-02	3.926850143556163270e-02	-4.009410924959028177e-02	1.278681958432239529e-01	-2.733496668004133934e-01	4.367691501851288238e-02	-4.130924265209237611e-02	4.433537382008542749e-02	-1.017195440173560284e-01	1.556182418546850355e-01	-2.870587382747091451e-02	3.084135122540284865e-02	-5.028765646197026068e-02	6.496783024383988303e-02	-6.226180576764591551e-02	1.626963236381878328e-02	-1.292139479719819906e-02	3.806708149962627352e-02	-3.961881721166822523e-02	3.970030644241114015e-02	-2.084801834450467420e-02	1.321159471345470515e-02	-3.282024477577177163e-02	3.144328442156668624e-02	-4.008562311239510095e-02
1.599915716138881339e-01	-1.386365729615285647e-01	1.502556621970398687e-01	-1.205140610779644600e-01	1.199205316233205865e-01	-2.035210434173108651e-01	1.861656386844448841e-01	-1.487932325138047185e-01	1.155560095812406124e-01	-1.860479397276334490e-01	2.849267360616262734e-01	-2.244646559644007944e-01	1.584275252774650089e-01	-1.536055178863129922e-01	7.050233743911354933e-02	-6.399027217456010330e-01	2.221926564661209080e-01	-1.776196110330025835e-01	1.696811737408948362e-01	-6.683250028605731974e-02	9.999999999999975575e-01	-1.630911919474656857e-01	1.392647127016120034e-01	-1.066620308609787099e-01	1.190685178624308338e-01	-3.552848918117329502e-01	2.073921772902514171e-01	-1.629645090531023077e-01	1.017989798432553800e-01	-1.214162412157092225e-01	1.182041031150847660e-01	-1.215616934166890428e-01	1.581039958223117992e-01	-1.020605605427140627e-01	9.424965836681895026e-02	-6.319126218639374570e-02	4.271983649658134263e-02	-8.530911103277628860e-02	7.057985023608619179e-02	-6.849649333325348588e-02	7.635324314415270486e-02	-4.404051325480031615e-02	7.203191281796524070e-02	-6.637327151056721108e-02	8.309379437676908675e-02
-6.850674931640166054e-02	5.899658409320741176e-02	-7.218721648527344492e-02	5.735786210817690051e-02	-5.786431322292893281e-02	7.118156436158107336e-02	-8.141946189766417763e-02	7.162880538716305534e-02	-5.796890416999108536e-02	8.621967640337742378e-02	-1.014460599424490683e-01	1.077113402208742243e-01	-8.602533776989033931e-02	7.809332933060687820e-02	-4.205460153490108571e-02	1.085524097394928167e-01	-1.492102296789702132e-01	1.150940009718360302e-01	-1.076609420863155475e-01	3.926850143556163270e-02	-1.630911919474656857e-01	9.999999999999965583e-01	-9.353960724910520552e-01	9.300308772881213382e-02	-8.786249066716871059e-02	1.085534175221735953e-01	-1.204966823894293299e-01	1.387095378897870435e-01	-8.394222100739867631e-02	7.946517908456614265e-02	-6.384265474140504715e-02	6.686765008306126690e-02	-1.291514317809233925e-01	6.944875444984820179e-02	-6.566457434364930679e-02	3.330475426903844322e-02	-2.322997297077661338e-02	4.607833525143324033e-02	-4.468155838009951059e-02	4.218790340943977257e-02	-4.238374314788203451e-02	2.350749154165827220e-02	-4.027637943847181545e-02	3.595004257251552260e-02	-4.620624732369420229e-02
6.767562262865052525e-02	-5.903076855713222659e-02	7.208675302308584221e-02	-5.874432484168823354e-02	5.884900086907178529e-02	-7.065208135784446786e-02	8.008798611788366106e-02	-7.268885953793990939e-02	5.916758136056488732e-02	-8.973551381598592058e-02	9.664170466083309152e-02	-1.092185857568235274e-01	8.516804269277918060e-02	-8.081045893136590275e-02	4.250772788247678124e-02	-1.055384092226244463e-01	1.317689625756037486e-01	-1.228312373518107709e-01	1.061077629029844871e-01	-4.009410924959028177e-02	1.392647127016120034e-01	-9.353960724910520552e-01	9.999999999999973355e-01	-1.026723585334815420e-01	8.759082572287947566e-02	-1.097004858439954711e-01	1.133144201715186317e-01	-1.641416054833843285e-01	8.446458122197915419e-02	-8.221567278366034848e-02	6.230390840194696689e-02	-6.738016660992648954e-02	1.248521701668556388e-01	-7.071744832835673289e-02	6.504588059591577542e-02	-3.290214572720936981e-02	2.315648338617208937e-02	-4.698506397323615885e-02	4.460443822605090342e-02	-4.257283701921021207e-02	4.138393829045534933e-02	-2.356772190441648249e-02	4.045602905550697848e-02	-3.648059481980811536e-02	4.638684758190814161e-02
-8.031559651580512382e-02	6.963749192435315927e-02	-9.311657643616891300e-02	8.657869064572831785e-02	-8.952102188928126592e-02	7.442704015508702642e-02	-9.212061799580767429e-02	8.905795173747273197e-02	-9.696137394209894400e-02	1.381733579159176439e-01	-9.829076235534704720e-02	1.091942609264604652e-01	-1.017726162282311247e-01	1.382989824745479157e-01	-1.367057059945994690e-01	8.426556085128011908e-02	-1.210561784702709476e-01	1.347960281434699703e-01	-2.588124849713295816e-01	1.278681958432239529e-01	-1.066620308609787099e-01	9.300308772881213382e-02	-1.026723585334815420e-01	9.999999999999960032e-01	-5.260849334874451166e-01	8.115990880624655845e-02	-7.846474649181628402e-02	9.564311726036024697e-02	-6.920547048359366737e-01	3.090109746645121058e-01	-5.477914887957942985e-02	6.039900253526913482e-02	-1.097429849097076998e-01	1.749923057438261542e-01	-1.662212954414317712e-01	3.057533228857719707e-02	-2.489214784451913506e-02	7.671167094295673616e-02	-9.623360915529502457e-02	9.194539541332769073e-02	-3.895323180209946112e-02	2.536502921514253994e-02	-6.720044862815131859e-02	6.379071649491965812e-02	-8.244977509771125868e-02
9.214368835759331744e-02	-7.964217581143040459e-02	1.057875782175931589e-01	-1.033230837925827039e-01	1.075195360166152081e-01	-8.459289393681923563e-02	1.043745603126214755e-01	-9.884899222532529672e-02	1.122322424602573560e-01	-1.795119539432436240e-01	1.109209731517690617e-01	-1.185725597787055108e-01	1.074604739007092302e-01	-1.586769279394784349e-01	2.038496017046703135e-01	-9.312683724597965729e-02	1.221350373771756537e-01	-1.284316363007435846e-01	1.874252119753584689e-01	-2.733496668004133934e-01	1.190685178624308338e-01	-8.786249066716871059e-02	8.759082572287947566e-02	-5.260849334874451166e-01	9.999999999999945599e-01	-9.374498853852981928e-02	8.747265787881762511e-02	-1.068985183205643646e-01	3.075707732866950206e-01	-6.214506599961809874e-01	6.270829433203953251e-02	-7.023649016729245631e-02	1.186633958520882104e-01	-1.949302774587707288e-01	1.814500788489779581e-01	-3.559809539993318006e-02	2.938811413031913039e-02	-9.488383576455804158e-02	1.069144609863470902e-01	-1.107286685329684911e-01	4.509242093054026401e-02	-3.013815864486567297e-02	7.993753641415883571e-02	-7.835776926953946786e-02	9.749433593076842208e-02
-8.816915526495613942e-02	7.272584426288469794e-02	-8.291780857067621024e-02	6.545229437621075119e-02	-6.684919277730859422e-02	9.591708812491470115e-02	-1.020870061529251249e-01	7.811564326988258700e-02	-6.412987165629117914e-02	1.001703581175855257e-01	-1.505291161926959331e-01	1.092393530792100526e-01	-8.585021044039110871e-02	8.394802814456402140e-02	-4.704119577256311163e-02	1.706314744675530848e-01	-1.155543446044382527e-01	9.145879534028711344e-02	-1.004321228013348583e-01	4.367691501851288238e-02	-3.552848918117329502e-01	1.085534175221735953e-01	-1.097004858439954711e-01	8.115990880624655845e-02	-9.374498853852981928e-02	9.999999999999972244e-01	-7.335709105996055523e-01	2.609907514293837716e-01	-8.862137730854094397e-02	9.814125901976179789e-02	-2.656950907873719681e-01	2.062501341745384686e-01	-2.858487176297900834e-01	1.158279952339651142e-01	-1.102131767323612510e-01	1.062845569551228025e-01	-6.233598286889654311e-02	7.981627037397376334e-02	-7.564226585135268299e-02	6.993631667054125978e-02	-1.284839515203429761e-01	6.233285936663492816e-02	-7.113140693803191028e-02	6.005975280162428875e-02	-7.705326971966074134e-02
7.776018841478399279e-02	-6.561831718989760698e-02	7.556537640282827428e-02	-6.144735401983952156e-02	6.261232004537289897e-02	-8.494653103349905643e-02	8.959500885268543990e-02	-7.187495631413734487e-02	6.024635604231522168e-02	-9.599526405166039500e-02	1.205373809895230741e-01	-9.964772641576244427e-02	7.786265391987713669e-02	-7.944571290587619516e-02	4.417736756781423524e-02	-1.446846213757201627e-01	1.010106560129263448e-01	-8.420375865213790278e-02	9.192990203976432462e-02	-4.130924265209237611e-02	2.073921772902514171e-01	-1.204966823894293299e-01	1.133144201715186317e-01	-7.846474649181628402e-02	8.747265787881762511e-02	-7.335709105996055523e-01	9.999999999999966693e-01	-4.718131901975173847e-01	8.424347087693125069e-02	-9.527481694123009215e-02	1.805903404875061347e-01	-2.083629574213963220e-01	2.613296751286796615e-01	-1.141494648935762052e-01	1.005477563861692236e-01	-8.689820178771338888e-02	5.572194263027948485e-02	-7.689823727099656669e-02	6.997849188921953512e-02	-6.623539174411340047e-02	1.004189812259909803e-01	-5.713883536932351515e-02	6.580959087365344240e-02	-5.680700685389775823e-02	7.115259132458034985e-02
-7.024048258632403785e-02	5.833318087239720839e-02	-6.934079140943938402e-02	5.634771986124060411e-02	-5.813931296481130578e-02	7.204061618438985237e-02	-8.089498691506728789e-02	6.485501593524281572e-02	-5.632902397295704716e-02	8.743966867475179428e-02	-1.056827958509640730e-01	8.764321755740490938e-02	-7.192598739214411951e-02	7.419572453169231974e-02	-4.806913181233592874e-02	1.060224435818390293e-01	-9.331476648750224034e-02	7.887536176585956127e-02	-9.151445970714065792e-02	4.433537382008542749e-02	-1.629645090531023077e-01	1.387095378897870435e-01	-1.641416054833843285e-01	9.564311726036024697e-02	-1.068985183205643646e-01	2.609907514293837716e-01	-4.718131901975173847e-01	9.999999999999956701e-01	-1.160578773732804936e-01	1.170601108181416189e-01	-1.842362280724492984e-01	1.955627367779672332e-01	-7.219112701038564728e-01	1.753580499593668796e-01	-1.621141818073328911e-01	8.633424360584028567e-02	-5.834259626285180633e-02	9.369674877407059566e-02	-1.012306509898494578e-01	9.125470080830927477e-02	-1.109918134899770398e-01	5.752275040707859055e-02	-8.308397203532044695e-02	6.910563132094102445e-02	-8.962050790450268312e-02
7.401316324288763349e-02	-6.398438173021941955e-02	8.392590276374205238e-02	-7.856931580032572304e-02	8.040942354452705609e-02	-6.922484241063268928e-02	8.455626943138919160e-02	-8.035345829910374438e-02	8.474021097655348722e-02	-1.277193618824259413e-01	9.161216271104216657e-02	-9.879410976020822077e-02	8.859862868701783023e-02	-1.220765706261680988e-01	1.047276272418335152e-01	-7.932698508118415925e-02	1.032810441615794050e-01	-1.137150166131807444e-01	1.688413038442574399e-01	-1.017195440173560284e-01	1.017989798432553800e-01	-8.394222100739867631e-02	8.446458122197915419e-02	-6.920547048359366737e-01	3.075707732866950206e-01	-8.862137730854094397e-02	8.424347087693125069e-02	-1.160578773732804936e-01	9.999999999999945599e-01	-5.168171784845402295e-01	5.999077768568975011e-02	-6.860586502660356856e-02	1.275811212139283113e-01	-2.909728852731244264e-01	2.095933485474626434e-01	-3.341989556406443906e-02	2.769395325536378599e-02	-8.965694815357544423e-02	1.169326372917448703e-01	-1.167094746163774149e-01	4.218982640823817909e-02	-2.828679814782947277e-02	7.641723886175921798e-02	-7.395064509069797232e-02	9.319999645474713601e-02
-8.813288041633253467e-02	7.416597592777730841e-02	-9.794383536452876127e-02	8.767037698423832404e-02	-9.473964652769395478e-02	8.044582915507511589e-02	-9.987180246889494628e-02	8.872347813380193626e-02	-9.540069097700619449e-02	1.413130855093655269e-01	-1.093656921137551447e-01	1.076538852010259922e-01	-9.997155925480417926e-02	1.267745704309131416e-01	-1.772497429730989227e-01	9.075345607580691254e-02	-1.161778907747525597e-01	1.123871483372599206e-01	-1.716227266446317956e-01	1.556182418546850355e-01	-1.214162412157092225e-01	7.946517908456614265e-02	-8.221567278366034848e-02	3.090109746645121058e-01	-6.214506599961809874e-01	9.814125901976179789e-02	-9.527481694123009215e-02	1.170601108181416189e-01	-5.168171784845402295e-01	9.999999999999972244e-01	-6.949483639213804853e-02	7.679883742244664191e-02	-1.417876855534752345e-01	2.394670972765746142e-01	-3.287052589652859069e-01	3.907849907651201465e-02	-3.309968886114642017e-02	1.095705338791064104e-01	-1.493021764998501699e-01	1.447058899774832097e-01	-5.001723870443183784e-02	3.364165480556174231e-02	-9.879133423293115501e-02	9.340417312874831068e-02	-1.247721115217581278e-01
5.123196260010811492e-02	-4.263219091296821528e-02	5.005482605003105240e-02	-4.074102692720388968e-02	4.196936013258796561e-02	-5.323915386729290850e-02	5.872510695177417250e-02	-4.666337828927465126e-02	4.015909985924055736e-02	-6.384757158675627431e-02	7.647794057421944403e-02	-6.276923391083516490e-02	5.078039170940092106e-02	-5.262186842058721309e-02	3.085095212727076777e-02	-8.022882285346430442e-02	6.383151056285321645e-02	-5.351965673343826724e-02	6.139442438360404042e-02	-2.870587382747091451e-02	1.182041031150847660e-01	-6.384265474140504715e-02	6.230390840194696689e-02	-5.477914887957942985e-02	6.270829433203953251e-02	-2.656950907873719681e-01	1.805903404875061347e-01	-1.842362280724492984e-01	5.999077768568975011e-02	-6.949483639213804853e-02	9.999999999999995559e-01	-7.755511984313049334e-01	1.984479663648051617e-01	-8.681646259426184509e-02	7.589634208990833630e-02	-3.827121760307427567e-01	1.384574216112242906e-01	-7.244624318659406703e-02	5.634192819818974879e-02	-5.330908646660589140e-02	2.634991714599891344e-01	-1.440979759297227325e-01	6.398371675151093285e-02	-5.037450641265282802e-02	5.994401463479169523e-02
-5.335599191982990513e-02	4.399738687745156224e-02	-5.197174067339704190e-02	4.194169295508765744e-02	-4.341632488562246345e-02	5.449650447997540781e-02	-6.117486448861447768e-02	4.807815624708146329e-02	-4.153508860880569115e-02	6.519238604378725654e-02	-8.001859911298948858e-02	6.426247727590081449e-02	-5.276852902872499612e-02	5.425996355103519103e-02	-3.337008227437209679e-02	7.936096192734674870e-02	-6.647335896647101061e-02	5.546190502645350490e-02	-6.490065819631622712e-02	3.084135122540284865e-02	-1.215616934166890428e-01	6.686765008306126690e-02	-6.738016660992648954e-02	6.039900253526913482e-02	-7.023649016729245631e-02	2.062501341745384686e-01	-2.083629574213963220e-01	1.955627367779672332e-01	-6.860586502660356856e-02	7.679883742244664191e-02	-7.755511984313049334e-01	9.999999999999962252e-01	-3.111292462784376323e-01	1.036820246554943092e-01	-9.395986163623751275e-02	2.435825065764941344e-01	-1.758918719709041401e-01	7.971085343196444850e-02	-6.668207423124918043e-02	6.162770453857389918e-02	-3.196544754878996031e-01	1.473713308090037755e-01	-7.300463502922786840e-02	5.601048310136370889e-02	-6.837940617507511087e-02
7.656497471871076543e-02	-6.436166840356984109e-02	7.672053633801198536e-02	-6.382255425977026442e-02	6.570437410875515361e-02	-7.881916582840060859e-02	8.776456483474529002e-02	-7.200712629606235982e-02	6.366645895801641142e-02	-1.009590001399505443e-01	1.102713393524160507e-01	-9.629648497623233272e-02	7.854663798944394593e-02	-8.432204879405583164e-02	5.398474152245626850e-02	-1.139854066440223607e-01	9.853862383070165210e-02	-8.551508820435457792e-02	9.987215515178922420e-02	-5.028765646197026068e-02	1.581039958223117992e-01	-1.291514317809233925e-01	1.248521701668556388e-01	-1.097429849097076998e-01	1.186633958520882104e-01	-2.858487176297900834e-01	2.613296751286796615e-01	-7.219112701038564728e-01	1.275811212139283113e-01	-1.417876855534752345e-01	1.984479663648051617e-01	-3.111292462784376323e-01	9.999999999999964473e-01	-2.912528466655908699e-01	1.858640115731260700e-01	-9.750634933150144346e-02	7.037581976246221060e-02	-1.208902720157736393e-01	1.191857771757142831e-01	-1.133913899482682092e-01	1.173053673356563020e-01	-7.122658045482088696e-02	9.769523002887545160e-02	-8.304277063732733166e-02	1.029991975024513451e-01
-6.166511833980966445e-02	5.154509232347977837e-02	-6.497365628763740464e-02	5.612022734445413358e-02	-5.900576193973608441e-02	5.889814114393900762e-02	-7.025967168603038104e-02	5.977856411690227190e-02	-5.858907126123391595e-02	8.934893530704861309e-02	-8.220707865196666408e-02	7.541689325971250024e-02	-6.641689789431751145e-02	7.838940500251051491e-02	-7.145873849560692437e-02	7.328023047726743566e-02	-7.951356641428505845e-02	7.389823103807206806e-02	-1.025592659077443902e-01	6.496783024383988303e-02	-1.020605605427140627e-01	6.944875444984820179e-02	-7.071744832835673289e-02	1.749923057438261542e-01	-1.949302774587707288e-01	1.158279952339651142e-01	-1.141494648935762052e-01	1.753580499593668796e-01	-2.909728852731244264e-01	2.394670972765746142e-01	-8.681646259426184509e-02	1.036820246554943092e-01	-2.912528466655908699e-01	9.999999999999952260e-01	-7.415104601045771071e-01	4.648016254185068086e-02	-4.088826574678778442e-02	1.443278190342433542e-01	-3.108061331603333421e-01	2.487987333595656769e-01	-5.847427391357748472e-02	4.122475085471956346e-02	-1.287567128076114731e-01	1.211289924516414374e-01	-1.591771677646707794e-01
