1.000000000000000000e+00	-6.920593003945731958e-01	2.703358969556288183e-01	-9.168829009887316528e-02	9.547176927402828417e-02	-5.077390306722954216e-01	3.041908457108963848e-01	-3.412669795063586475e-01	8.333390777101236380e-02	-6.578939931580495004e-02	1.907818014714957322e-01	-1.976211768945352609e-01	1.218407775972737833e-01	-8.720553569171440866e-02	7.454401174026027699e-02	-5.011475391201717505e-02	7.243957161674853540e-02	-6.201525168830805679e-02	6.141069011950493761e-02	-5.873161440514206022e-02	5.061087825510631605e-02	-5.251651184951765250e-02	6.273549068961757624e-02	-5.234334062617043010e-02	5.161645631001646195e-02	-2.598158237901534301e-02	5.316665924501328550e-02	-5.631763681172755748e-02	5.009082316484757269e-02	-5.744616926308949989e-02	2.137348805129630699e-02	-3.997870838661376353e-02	4.314956846647974298e-02	-5.246042359701830193e-02	3.796035056976237304e-02	-2.851096081667034779e-02	3.387999188983335797e-02	-4.336377551700135863e-02	3.669977389949045238e-02	-4.856278693793023710e-02	3.632834543496783752e-02	-2.852216386395682590e-02	3.600679054571967463e-02	-2.775799163634795966e-02	3.059996051078851115e-02
-6.920593003945731958e-01	1.000000000000000000e+00	-4.403410456124579042e-01	9.064107961616291176e-02	-9.574797198313093893e-02	2.980342175493668755e-01	-4.387061651554495789e-01	2.868017675835968228e-01	-7.322745147342184235e-02	5.576364787620606556e-02	-1.883247248321534006e-01	1.749434096525890880e-01	-9.958398272710440591e-02	7.169401440111801416e-02	-6.194374357660031166e-02	4.065908970654150134e-02	-5.983108207882169988e-02	4.980700689913755003e-02	-4.973704753172423360e-02	4.730428912163595762e-02	-4.064924465654341790e-02	4.193056719558036632e-02	-5.010135586041322003e-02	4.152773378687398681e-02	-4.123439454400517484e-02	2.022675772054105883e-02	-4.206238822901118418e-02	4.438067842456405732e-02	-3.946659418177564382e-02	4.482073065436518317e-02	-1.665579147592237408e-02	3.119473246015906642e-02	-3.366097771962017760e-02	4.080026039359236495e-02	-2.958310886210725743e-02	2.214048111779476011e-02	-2.638343152651030643e-02	3.364282669343479637e-02	-2.851792582046863353e-02	3.765825444826376156e-02	-2.821222840986924163e-02	2.216098563866465004e-02	-2.798238561988832668e-02	2.150113857431438374e-02	-2.373187864311630119e-02
2.703358969556288183e-01	-4.403410456124579042e-01	1.000000000000000000e+00	-1.950849355210509950e-01	1.614543018500559646e-01	-2.602478877722048667e-01	2.459730845884215700e-01	-7.651002170774474642e-01	1.199487541156620402e-01	-9.029690541443119445e-02	1.470849672276906273e-01	-1.465557092955509788e-01	1.421776501635352019e-01	-1.126221379200844086e-01	9.124442005771747632e-02	-4.715641691995350882e-02	6.845201316493365606e-02	-6.846532599927802887e-02	7.052481678125668840e-02	-6.790408778295607684e-02	4.981299953747374276e-02	-5.198864052117160156e-02	6.723356041873490563e-02	-5.733956518927214169e-02	5.722557666377182245e-02	-2.667386125495003688e-02	5.437997678812270946e-02	-5.877286056210915405e-02	5.329384883585881055e-02	-6.094153747538678251e-02	2.196377933650495509e-02	-4.119725478782961664e-02	4.479332297484246717e-02	-5.504720032734499585e-02	4.000301225705921171e-02	-2.936246719185289095e-02	3.496211872153407590e-02	-4.504795724508350863e-02	3.834568580333526377e-02	-5.091115411902201460e-02	3.743424121102231772e-02	-2.945688831060151724e-02	3.724148614937197038e-02	-2.891223180063452053e-02	3.186026185844800795e-02
-9.168829009887316528e-02	9.064107961616291176e-02	-1.950849355210509950e-01	1.000000000000000000e+00	-8.575380466719614292e-01	8.496544184635705654e-02	-7.484918568247857229e-02	1.554743211900105060e-01	-3.505802870234815405e-01	1.912404903068231909e-01	-5.845193524837895283e-02	5.374450272446232302e-02	-1.472212420316881265e-01	1.838655328943841760e-01	-1.629688094457269198e-01	4.475525514969017765e-02	-6.521661880619586404e-02	8.435226472540663378e-02	-9.986557964766172579e-02	9.822018715747583839e-02	-5.179151365469087526e-02	5.462620953272626090e-02	-8.182002754577014092e-02	7.330987456809986980e-02	-7.646187681116149715e-02	2.947957218371862614e-02	-6.060391050134710661e-02	6.764897410666328992e-02	-6.420926914851174394e-02	7.217803640695298617e-02	-2.435546862699331655e-02	4.600844921711584601e-02	-5.080139101395792639e-02	6.354767208874051443e-02	-4.673616275631439082e-02	3.258191335209680017e-02	-3.910776187792672914e-02	5.080629661222998972e-02	-4.387841424254883271e-02	5.846416066686811741e-02	-4.162414324327713688e-02	3.291551192543410581e-02	-4.177283998267192211e-02	3.273851094309850746e-02	-3.613797638571741855e-02
9.547176927402828417e-02	-9.574797198313093893e-02	1.614543018500559646e-01	-8.575380466719614292e-01	9.999999999999994449e-01	-9.721708036472560821e-02	8.111157689387528402e-02	-1.729681934114208064e-01	2.526387497777582425e-01	-2.329819743277421751e-01	6.549938295445016656e-02	-6.092980894631386257e-02	1.633620081666105894e-01	-2.200046430725414170e-01	1.707650436610519962e-01	-5.400749723256009771e-02	7.784940968389267302e-02	-1.011550179546838318e-01	1.148541066551618667e-01	-1.184109026933541226e-01	6.245239746894791499e-02	-6.639749950749110341e-02	9.716024345224209824e-02	-8.977050244325272821e-02	9.052412477116901501e-02	-3.669331199570517732e-02	7.381821544810013291e-02	-8.319946800046970625e-02	7.849998611728795095e-02	-9.046907893588060356e-02	3.023923249591525808e-02	-5.715093203098093461e-02	6.300621728578253977e-02	-7.971902039667350115e-02	5.834748839064696907e-02	-4.061601155853243605e-02	4.853475898955528223e-02	-6.368921758737376704e-02	5.487839841909484401e-02	-7.368403331653537724e-02	5.171420255161322810e-02	-4.101751511125118627e-02	5.192771956182293258e-02	-4.106986892048541948e-02	4.512395658897203066e-02
-5.077390306722954216e-01	2.980342175493668755e-01	-2.602478877722048667e-01	8.496544184635705654e-02	-9.721708036472560821e-02	9.999999999999996669e-01	-6.336219915151114490e-01	2.463479815881053081e-01	-8.063006959421635533e-02	6.257418743702257424e-02	-3.923123151409869114e-01	2.710488325462012682e-01	-1.232175211830368045e-01	8.259842706325475070e-02	-7.456569582239927496e-02	5.786869945988201702e-02	-8.626923825953326797e-02	6.352005243777426868e-02	-6.196019678463098035e-02	5.821022389316286155e-02	-5.655530883984100088e-02	5.735892915496229594e-02	-6.512490970991641204e-02	5.257234403457365646e-02	-5.209767012983675810e-02	2.643564397771549362e-02	-5.617497387595560276e-02	5.792841889025056312e-02	-5.080886778343089022e-02	5.707251341912868842e-02	-2.179630543712759647e-02	4.074291069109405722e-02	-4.374687970014444482e-02	5.226011619942689396e-02	-3.786505124371587760e-02	2.881292082245146685e-02	-3.441375609849712386e-02	4.336544922425956960e-02	-3.666706846202408276e-02	4.809578517439194734e-02	-3.677019806148158765e-02	2.879409390927719151e-02	-3.636920770843370121e-02	2.762599344074786675e-02	-3.058342662876976925e-02
3.041908457108963848e-01	-4.387061651554495789e-01	2.459730845884215700e-01	-7.484918568247857229e-02	8.111157689387528402e-02	-6.336219915151114490e-01	9.999999999999998890e-01	-3.434373245611397341e-01	6.917658699690953927e-02	-5.356496482828639744e-02	2.793251709644230529e-01	-4.151202101301984526e-01	1.008368970485663957e-01	-7.091076421204506319e-02	6.116801086726128545e-02	-5.187695190067176387e-02	7.575670352204168234e-02	-5.394653497610413240e-02	5.166319021028099173e-02	-4.884978403224786436e-02	4.741839168504480978e-02	-4.935242280048626057e-02	5.397581463174682542e-02	-4.401606052271093972e-02	4.318198138699643612e-02	-2.201582026731552233e-02	4.658777594213749096e-02	-4.867292291762546907e-02	4.226721706534687650e-02	-4.794528903265856540e-02	1.809109577442205227e-02	-3.397040011451963465e-02	3.630801445215615930e-02	-4.377410618015706995e-02	3.164983941503507481e-02	-2.390654211441029658e-02	2.847491223969878665e-02	-3.617794475637126084e-02	3.055075885485615886e-02	-4.031528252417647396e-02	3.029713006227554087e-02	-2.388315503685566055e-02	3.003086574084998239e-02	-2.298126356599405201e-02	2.532298750759459649e-02
-3.412669795063586475e-01	2.868017675835968228e-01	-7.651002170774474642e-01	1.554743211900105060e-01	-1.729681934114208064e-01	2.463479815881053081e-01	-3.434373245611397341e-01	9.999999999999996669e-01	-1.387068085315238397e-01	9.684644517810091224e-02	-1.856153661871395577e-01	1.619742124737750810e-01	-1.882113776383638470e-01	1.235515192252251981e-01	-1.037268770626018910e-01	5.282409477137472303e-02	-7.789479929224801813e-02	7.704017388244327469e-02	-7.946928896582612645e-02	7.497176571986316485e-02	-5.603999648622389612e-02	5.794204610231959429e-02	-7.575189228366092931e-02	6.327750457257831640e-02	-6.380463175777704998e-02	2.924059508497159343e-02	-6.054673340820550254e-02	6.489028438485655581e-02	-5.888086976755768642e-02	6.640950754541237455e-02	-2.412128933633485989e-02	4.521780789066126571e-02	-4.919346050509326718e-02	5.998712021180772208e-02	-4.369020465869940389e-02	3.215055082291221750e-02	-3.839963846980609663e-02	4.912892260909278164e-02	-4.186559565457916715e-02	5.531928999750412163e-02	-4.108694356670696685e-02	3.225989164294309347e-02	-4.085081916108528055e-02	3.150919430563973306e-02	-3.482387267174483214e-02
8.333390777101236380e-02	-7.322745147342184235e-02	1.199487541156620402e-01	-3.505802870234815405e-01	2.526387497777582425e-01	-8.063006959421635533e-02	6.917658699690953927e-02	-1.387068085315238397e-01	1.000000000000000222e+00	-5.763330553761133457e-01	6.307410348830666535e-02	-5.702202758607390065e-02	2.361622860356149545e-01	-5.273235136823792857e-01	2.938886971232126388e-01	-7.280798198126872678e-02	1.052379581532548042e-01	-1.546187677375303882e-01	1.906514570038679857e-01	-1.900290218226431960e-01	8.490701399719345621e-02	-9.093204424256885743e-02	1.413423709336919798e-01	-1.315943603613646262e-01	1.355490479358133216e-01	-4.908339985625215229e-02	1.012031065091130722e-01	-1.157546488953974384e-01	1.105382604280761849e-01	-1.247752153669657721e-01	4.051970758343237389e-02	-7.701959099021356281e-02	8.526046807639130198e-02	-1.082694649489998884e-01	7.979824213429288771e-02	-5.416916989323267845e-02	6.512956721390129877e-02	-8.536809270792011795e-02	7.410107661863046813e-02	-9.937090488450352199e-02	6.892291100127947989e-02	-5.486863673908866368e-02	6.951644628017100702e-02	-5.495480305629470846e-02	6.048727472653508963e-02
-6.578939931580495004e-02	5.576364787620606556e-02	-9.029690541443119445e-02	1.912404903068231909e-01	-2.329819743277421751e-01	6.257418743702257424e-02	-5.356496482828639744e-02	9.684644517810091224e-02	-5.763330553761133457e-01	1.000000000000001332e+00	-5.118345323008525322e-02	4.573104622520210438e-02	-2.012525373988793553e-01	2.638172841410636460e-01	-6.677486215799702807e-01	6.387858109324344447e-02	-9.395223969136667908e-02	1.320765782553287304e-01	-1.739784177019252365e-01	1.901576313148500563e-01	-7.595245288282140295e-02	8.024948246623754555e-02	-1.311258633015011665e-01	1.191947523989000529e-01	-1.392047581225919484e-01	4.238152805362747910e-02	-9.026431970574141928e-02	1.017558062406120761e-01	-1.002614032444489461e-01	1.080952946113857144e-01	-3.515267209831434564e-02	6.679347269368178519e-02	-7.442564168365058130e-02	9.306697591101170675e-02	-6.953710503977990343e-02	4.673426420721266128e-02	-5.666018760515771635e-02	7.321029200704201600e-02	-6.401844479761402418e-02	8.476308295849635521e-02	-5.983774418535049711e-02	4.742550038403466062e-02	-6.040279224675532133e-02	4.716803866442036836e-02	-5.235961753941513475e-02
1.907818014714957322e-01	-1.883247248321534006e-01	1.470849672276906273e-01	-5.845193524837895283e-02	6.549938295445016656e-02	-3.923123151409869114e-01	2.793251709644230529e-01	-1.856153661871395577e-01	6.307410348830666535e-02	-5.118345323008525322e-02	1.000000000000000666e+00	-8.288676248889164100e-01	1.005555210115938736e-01	-7.096802320514723761e-02	6.258856303032934998e-02	-8.650238845245494801e-02	1.177165394406229360e-01	-6.738537736880344242e-02	5.928561825133531887e-02	-5.603500287939430086e-02	6.870838829281393501e-02	-7.347282351899471486e-02	6.733749606758827888e-02	-5.380981067216243641e-02	5.110183857690584613e-02	-2.870547038207198892e-02	6.202904523734764641e-02	-6.421990198286110785e-02	5.292924835286159924e-02	-6.059588133830150214e-02	2.342862031112582025e-02	-4.431323796183275765e-02	4.634138800124074087e-02	-5.566644330101078869e-02	3.992274937022002868e-02	-3.064338177597358132e-02	3.635051991149800682e-02	-4.617043463208131415e-02	3.862236480663330807e-02	-5.114180582301782602e-02	3.822349700858508614e-02	-3.048566735414325740e-02	3.788342382575331235e-02	-2.892516120702137705e-02	3.164637933897618272e-02
-1.976211768945352609e-01	1.749434096525890880e-01	-1.465557092955509788e-01	5.374450272446232302e-02	-6.092980894631386257e-02	2.710488325462012682e-01	-4.151202101301984526e-01	1.619742124737750810e-01	-5.702202758607390065e-02	4.573104622520210438e-02	-8.288676248889164100e-01	1.000000000000000222e+00	-9.121911928523530888e-02	6.318856434869596361e-02	-5.606820058117600869e-02	8.076036950917664381e-02	-1.306403263283505423e-01	6.146149927771490246e-02	-5.362439485124165933e-02	4.983312318411465408e-02	-6.460052361136214838e-02	6.710562343543560737e-02	-6.106928464731067180e-02	4.763847615629950016e-02	-4.547666953001885254e-02	2.517490826545921989e-02	-5.613484446089294505e-02	5.689166032662010264e-02	-4.677010813766176167e-02	5.269266158674851958e-02	-2.060211414827951837e-02	3.892144880031796900e-02	-4.066812713197308360e-02	4.836267628427613763e-02	-3.475634197685002064e-02	2.677457423955251561e-02	-3.190535520937242547e-02	4.012798993188333024e-02	-3.359729936601107275e-02	4.425687058141793140e-02	-3.347528687896848820e-02	2.663157221380346718e-02	-3.314160916817619762e-02	2.509044924542144089e-02	-2.752948422500483411e-02
1.218407775972737833e-01	-9.958398272710440591e-02	1.421776501635352019e-01	-1.472212420316881265e-01	1.633620081666105894e-01	-1.232175211830368045e-01	1.008368970485663957e-01	-1.882113776383638470e-01	2.361622860356149545e-01	-2.012525373988793553e-01	1.005555210115938736e-01	-9.121911928523530888e-02	1.000000000000000000e+00	-4.924719418677449001e-01	2.355704576435713737e-01	-1.247580088763518280e-01	1.765623917014149113e-01	-2.849809548804957404e-01	2.444216352196912356e-01	-2.211899824295130990e-01	1.434162603993338336e-01	-1.549635034522311716e-01	2.252439985276808443e-01	-1.914361950926180556e-01	1.840614338965601837e-01	-8.727283493768632494e-02	1.703604417187568609e-01	-1.942206433967304802e-01	1.746552535359615910e-01	-2.040882096055824935e-01	7.160185673506780368e-02	-1.345693666341818695e-01	1.468920525117360099e-01	-1.841452177224785491e-01	1.332344776294651367e-01	-9.673256982835172491e-02	1.143007287644751124e-01	-1.502186288298907879e-01	1.276630492569509889e-01	-1.712672396577305245e-01	1.228357382469658643e-01	-9.702777973398360456e-02	1.224164774337196115e-01	-9.675872592795507765e-02	1.059194531965227531e-01
-8.720553569171440866e-02	7.169401440111801416e-02	-1.126221379200844086e-01	1.838655328943841760e-01	-2.200046430725414170e-01	8.259842706325475070e-02	-7.091076421204506319e-02	1.235515192252251981e-01	-5.273235136823792857e-01	2.638172841410636460e-01	-7.096802320514723761e-02	6.318856434869596361e-02	-4.924719418677449001e-01	9.999999999999995559e-01	-3.509119122501537236e-01	9.672921462855059438e-02	-1.447442228954964605e-01	2.256438065073447519e-01	-3.940794376505006302e-01	2.332016073524992850e-01	-1.139947267963103278e-01	1.199261059274975422e-01	-2.069511593646020942e-01	1.660968646501068680e-01	-1.830958588851052948e-01	6.083973155076572575e-02	-1.328549994558042568e-01	1.482304986992235285e-01	-1.422830718388753968e-01	1.494716000261574196e-01	-5.052400041070915365e-02	9.583236897690836087e-02	-1.063902163442071169e-01	1.304301826253753960e-01	-9.715748868620438516e-02	6.683769569423732293e-02	-8.116980038677799880e-02	1.035972025913563799e-01	-9.017653742129809469e-02	1.183138949834861842e-01	-8.568497530350269176e-02	6.767562316494606101e-02	-8.619812775321894494e-02	6.648784453186078192e-02	-7.402265535896181137e-02
7.454401174026027699e-02	-6.194374357660031166e-02	9.124442005771747632e-02	-1.629688094457269198e-01	1.707650436610519962e-01	-7.456569582239927496e-02	6.116801086726128545e-02	-1.037268770626018910e-01	2.938886971232126388e-01	-6.677486215799702807e-01	6.258856303032934998e-02	-5.606820058117600869e-02	2.355704576435713737e-01	-3.509119122501537236e-01	9.999999999999997780e-01	-8.852493855526757938e-02	1.271235801015702660e-01	-1.865262983633433624e-01	2.253955683521420283e-01	-3.669049754677532471e-01	1.042514153934892968e-01	-1.127314995214579035e-01	1.766402320261225845e-01	-1.827399202634562847e-01	1.981730704621715577e-01	-6.137493921201593594e-02	1.266951463021483426e-01	-1.477617112069562200e-01	1.450998160090331557e-01	-1.648197549908051451e-01	5.067617754702351957e-02	-9.689735974940089092e-02	1.078396420742306627e-01	-1.395044888706406805e-01	1.035589197378333631e-01	-6.772526892592808934e-02	8.170104309240071305e-02	-1.080208059455241704e-01	9.459418526088782253e-02	-1.276602956127026733e-01	8.598083793827673849e-02	-6.885908737199772367e-02	8.724257817477269750e-02	-6.959248791438676918e-02	7.649664871838596225e-02
-5.011475391201717505e-02	4.065908970654150134e-02	-4.715641691995350882e-02	4.475525514969017765e-02	-5.400749723256009771e-02	5.786869945988201702e-02	-5.187695190067176387e-02	5.282409477137472303e-02	-7.280798198126872678e-02	6.387858109324344447e-02	-8.650238845245494801e-02	8.076036950917664381e-02	-1.247580088763518280e-01	9.672921462855059438e-02	-8.852493855526757938e-02	1.000000000000000666e+00	-6.773951807904562417e-01	1.607984610204972187e-01	-1.196077777546885601e-01	1.033407929248386647e-01	-6.136908295391030332e-01	2.742163909276048583e-01	-1.703862432819591710e-01	1.113336446496174942e-01	-1.011985969660222778e-01	6.657209991056557696e-02	-1.860840705400447770e-01	1.549624718742820539e-01	-1.137574519998981459e-01	1.190726200089363834e-01	-5.461363301553634475e-02	1.013097410316502051e-01	-1.001145464059686463e-01	1.104769757902401006e-01	-7.885305446500293081e-02	6.540041619811959306e-02	-7.919123746161456368e-02	9.303857306452706366e-02	-7.640818091472101337e-02	9.832906806389919707e-02	-8.016195587519216181e-02	6.393345189740770595e-02	-7.816763552511601931e-02	5.563864893660872002e-02	-6.095385121603910661e-02
7.243957161674853540e-02	-5.983108207882169988e-02	6.845201316493365606e-02	-6.521661880619586404e-02	7.784940968389267302e-02	-8.626923825953326797e-02	7.575670352204168234e-02	-7.789479929224801813e-02	1.052379581532548042e-01	-9.395223969136667908e-02	1.177165394406229360e-01	-1.306403263283505423e-01	1.765623917014149113e-01	-1.447442228954964605e-01	1.271235801015702660e-01	-6.773951807904562417e-01	1.000000000000000666e+00	-2.824990750314793075e-01	1.716271762554650859e-01	-1.556233119708588797e-01	3.148465872990444669e-01	-3.928364269654497920e-01	2.252487981895265334e-01	-1.630804740412119258e-01	1.441587118791873290e-01	-9.090425187128015061e-02	2.227081144117372680e-01	-2.253145521368317694e-01	1.612382174048992423e-01	-1.806175667219626080e-01	7.303688620306747481e-02	-1.425870957734817479e-01	1.401848658756199850e-01	-1.652549198878463799e-01	1.170999454295141851e-01	-9.176800128939072154e-02	1.090267410129291820e-01	-1.362032644245290414e-01	1.120903234553680683e-01	-1.485466152412639462e-01	1.097940895096036484e-01	-9.047310248490182671e-02	1.091036631127365736e-01	-8.174340994165188445e-02	8.821377191894527736e-02
-6.201525168830805679e-02	4.980700689913755003e-02	-6.846532599927802887e-02	8.435226472540663378e-02	-1.011550179546838318e-01	6.352005243777426868e-02	-5.394653497610413240e-02	7.704017388244327469e-02	-1.546187677375303882e-01	1.320765782553287304e-01	-6.738537736880344242e-02	6.146149927771490246e-02	-2.849809548804957404e-01	2.256438065073447519e-01	-1.865262983633433624e-01	1.607984610204972187e-01	-2.824990750314793075e-01	9.999999999999994449e-01	-5.571424553618097297e-01	2.515825893461067220e-01	-1.754147551504224578e-01	1.915661105631428218e-01	-5.848265234615277475e-01	2.243966659862290103e-01	-2.295350169065202839e-01	7.391065098277618817e-02	-1.902815768889823123e-01	2.171788433051145828e-01	-1.883030982382389584e-01	1.753619807506479611e-01	-6.158807646801730401e-02	1.188342001781919205e-01	-1.306046882259009889e-01	1.527020772638854607e-01	-1.140596498254763530e-01	7.868073924617874360e-02	-9.736590951466236876e-02	1.205490918497972574e-01	-1.046322728402332286e-01	1.344936259720414806e-01	-9.965306400820421462e-02	7.961022452786428727e-02	-1.005953232080116083e-01	7.517873172145272953e-02	-8.389887007744756264e-02
6.141069011950493761e-02	-4.973704753172423360e-02	7.052481678125668840e-02	-9.986557964766172579e-02	1.148541066551618667e-01	-6.196019678463098035e-02	5.166319021028099173e-02	-7.946928896582612645e-02	1.906514570038679857e-01	-1.739784177019252365e-01	5.928561825133531887e-02	-5.362439485124165933e-02	2.444216352196912356e-01	-3.940794376505006302e-01	2.253955683521420283e-01	-1.196077777546885601e-01	1.716271762554650859e-01	-5.571424553618097297e-01	9.999999999999992228e-01	-5.203035981659767106e-01	1.300971271483667979e-01	-1.470017163182418818e-01	2.734441841186824873e-01	-2.514748385862948798e-01	2.515020789097917597e-01	-6.740017397762929074e-02	1.534817829864567607e-01	-1.887150785354250460e-01	1.778100934511682163e-01	-1.844137297964146549e-01	5.576850965548089956e-02	-1.084203612935177030e-01	1.201916985750830363e-01	-1.531903482364754543e-01	1.145940508813133168e-01	-7.293496062534624014e-02	8.931059910511091049e-02	-1.160243149151586189e-01	1.024332052705834162e-01	-1.362689747471084178e-01	9.189930092232284631e-02	-7.434698250975704803e-02	9.385301366489788577e-02	-7.350730305999345071e-02	8.120844456086161178e-02
-5.873161440514206022e-02	4.730428912163595762e-02	-6.790408778295607684e-02	9.822018715747583839e-02	-1.184109026933541226e-01	5.821022389316286155e-02	-4.884978403224786436e-02	7.497176571986316485e-02	-1.900290218226431960e-01	1.901576313148500563e-01	-5.603500287939430086e-02	4.983312318411465408e-02	-2.211899824295130990e-01	2.332016073524992850e-01	-3.669049754677532471e-01	1.033407929248386647e-01	-1.556233119708588797e-01	2.515825893461067220e-01	-5.203035981659767106e-01	9.999999999999993339e-01	-1.250487791270170346e-01	1.334425065529804277e-01	-2.624303841673463755e-01	2.648581104300915534e-01	-5.697408674013036967e-01	6.501432272511305233e-02	-1.521260311601883297e-01	1.760391629207365694e-01	-1.996346401263519033e-01	1.867542388117967023e-01	-5.443492393174240856e-02	1.049731029332069410e-01	-1.196559267903189866e-01	1.493702902649600983e-01	-1.185815424159457898e-01	7.111034693301941656e-02	-8.844162448494720385e-02	1.123924805198010107e-01	-1.019627262716643751e-01	1.319063316068646019e-01	-9.142457924618960230e-02	7.291623722113091399e-02	-9.364474090103427906e-02	7.234908318576768749e-02	-8.165928484839454771e-02
5.061087825510631605e-02	-4.064924465654341790e-02	4.981299953747374276e-02	-5.179151365469087526e-02	6.245239746894791499e-02	-5.655530883984100088e-02	4.741839168504480978e-02	-5.603999648622389612e-02	8.490701399719345621e-02	-7.595245288282140295e-02	6.870838829281393501e-02	-6.460052361136214838e-02	1.434162603993338336e-01	-1.139947267963103278e-01	1.042514153934892968e-01	-6.136908295391030332e-01	3.148465872990444669e-01	-1.754147551504224578e-01	1.300971271483667979e-01	-1.250487791270170346e-01	9.999999999999993339e-01	-5.824065572378934741e-01	1.945822898069682894e-01	-1.416581403141988493e-01	1.217163265329418570e-01	-9.349457639647135165e-02	2.413934485520534967e-01	-2.193660970563955093e-01	1.465486168044662085e-01	-1.612408564211066930e-01	7.393018949013836771e-02	-1.406563821708181894e-01	1.320383463772873966e-01	-1.497239052626717359e-01	1.052650425473880685e-01	-8.810630484713043165e-02	1.042570553028252106e-01	-1.255484933289743310e-01	1.018036072909663386e-01	-1.333136751786390961e-01	1.041932602787046802e-01	-8.535972938971339574e-02	1.017809617744662443e-01	-7.389938428752204636e-02	7.971403891295286703e-02
-5.251651184951765250e-02	4.193056719558036632e-02	-5.198864052117160156e-02	5.462620953272626090e-02	-6.639749950749110341e-02	5.735892915496229594e-02	-4.935242280048626057e-02	5.794204610231959429e-02	-9.093204424256885743e-02	8.024948246623754555e-02	-7.347282351899471486e-02	6.710562343543560737e-02	-1.549635034522311716e-01	1.199261059274975422e-01	-1.127314995214579035e-01	2.742163909276048583e-01	-3.928364269654497920e-01	1.915661105631428218e-01	-1.470017163182418818e-01	1.334425065529804277e-01	-5.824065572378934741e-01	9.999999999999991118e-01	-2.903488992034128358e-01	1.578637642100231553e-01	-1.372193223251274852e-01	1.016667660997350592e-01	-5.186870634786852063e-01	2.532593952666774562e-01	-1.715180062614722889e-01	1.630882046206767466e-01	-8.506131854336225484e-02	1.638232920991287977e-01	-1.541450941830593557e-01	1.541264694206191110e-01	-1.097615912600005683e-01	9.676317699256881122e-02	-1.234290011242370061e-01	1.329542510469568783e-01	-1.076166453358923941e-01	1.342090758140943307e-01	-1.184796375613281078e-01	9.459043534293419542e-02	-1.153655635903331755e-01	7.725508923012139317e-02	-8.519738564069698206e-02
6.273549068961757624e-02	-5.010135586041322003e-02	6.723356041873490563e-02	-8.182002754577014092e-02	9.716024345224209824e-02	-6.512490970991641204e-02	5.397581463174682542e-02	-7.575189228366092931e-02	1.413423709336919798e-01	-1.311258633015011665e-01	6.733749606758827888e-02	-6.106928464731067180e-02	2.252439985276808443e-01	-2.069511593646020942e-01	1.766402320261225845e-01	-1.703862432819591710e-01	2.252487981895265334e-01	-5.848265234615277475e-01	2.734441841186824873e-01	-2.624303841673463755e-01	1.945822898069682894e-01	-2.903488992034128358e-01	1.000000000000001110e+00	-3.773349121115441296e-01	2.410410358782816287e-01	-9.406562227495643413e-02	2.459777690316572452e-01	-3.945021714758387144e-01	2.532838310560532324e-01	-2.343606573463274667e-01	7.754873436614571902e-02	-1.549735783807281164e-01	1.680541471668181852e-01	-2.027363585365197785e-01	1.474696549209126573e-01	-9.875409609043726833e-02	1.219550163040290097e-01	-1.557479628799451066e-01	1.340993251032418232e-01	-1.750969205481198721e-01	1.221509102940022268e-01	-1.002787072751672864e-01	1.246897503137512631e-01	-9.502607281621919255e-02	1.044703064260974062e-01
-5.234334062617043010e-02	4.152773378687398681e-02	-5.733956518927214169e-02	7.330987456809986980e-02	-8.977050244325272821e-02	5.257234403457365646e-02	-4.401606052271093972e-02	6.327750457257831640e-02	-1.315943603613646262e-01	1.191947523989000529e-01	-5.380981067216243641e-02	4.763847615629950016e-02	-1.914361950926180556e-01	1.660968646501068680e-01	-1.827399202634562847e-01	1.113336446496174942e-01	-1.630804740412119258e-01	2.243966659862290103e-01	-2.514748385862948798e-01	2.648581104300915534e-01	-1.416581403141988493e-01	1.578637642100231553e-01	-3.773349121115441296e-01	9.999999999999987788e-01	-5.932779721572507547e-01	7.716607312960685472e-02	-1.965913994494991324e-01	2.493904966844212034e-01	-5.119027849566953892e-01	2.473150471429807484e-01	-6.517254308614565950e-02	1.283423899329416140e-01	-1.522993246369818698e-01	1.966432807745557287e-01	-1.571738430270676612e-01	8.418798967880759820e-02	-1.073789759275933509e-01	1.363078080064095976e-01	-1.297275407306210659e-01	1.613221393707944817e-01	-1.084593241643123651e-01	8.743159693493407492e-02	-1.131799664917015336e-01	8.775309289285165848e-02	-1.003159884082302500e-01
5.161645631001646195e-02	-4.123439454400517484e-02	5.722557666377182245e-02	-7.646187681116149715e-02	9.052412477116901501e-02	-5.209767012983675810e-02	4.318198138699643612e-02	-6.380463175777704998e-02	1.355490479358133216e-01	-1.392047581225919484e-01	5.110183857690584613e-02	-4.547666953001885254e-02	1.840614338965601837e-01	-1.830958588851052948e-01	1.981730704621715577e-01	-1.011985969660222778e-01	1.441587118791873290e-01	-2.295350169065202839e-01	2.515020789097917597e-01	-5.697408674013036967e-01	1.217163265329418570e-01	-1.372193223251274852e-01	2.410410358782816287e-01	-5.932779721572507547e-01	9.999999999999977796e-01	-7.078903547703770116e-02	1.608536933978832462e-01	-2.101790258963480151e-01	2.566396370957321205e-01	-2.839834192486581643e-01	5.906155505691990798e-02	-1.170155408170863026e-01	1.355340113740140795e-01	-1.899059224418898906e-01	1.524267879702026485e-01	-7.756958056722454420e-02	9.710189569454318048e-02	-1.297891899962757833e-01	1.219300328190144334e-01	-1.653400225986523808e-01	9.846370095314178894e-02	-8.070093006807835256e-02	1.032562442140935732e-01	-8.378815107679471463e-02	9.332485488090908055e-02
-2.598158237901534301e-02	2.022675772054105883e-02	-2.667386125495003688e-02	2.947957218371862614e-02	-3.669331199570517732e-02	2.643564397771549362e-02	-2.201582026731552233e-02	2.924059508497159343e-02	-4.908339985625215229e-02	4.238152805362747910e-02	-2.870547038207198892e-02	2.517490826545921989e-02	-8.727283493768632494e-02	6.083973155076572575e-02	-6.137493921201593594e-02	6.657209991056557696e-02	-9.090425187128015061e-02	7.391065098277618817e-02	-6.740017397762929074e-02	6.501432272511305233e-02	-9.349457639647135165e-02	1.016667660997350592e-01	-9.406562227495643413e-02	7.716607312960685472e-02	-7.078903547703770116e-02	1.000000000000000000e+00	-1.699121765100059522e-01	1.211198940741226998e-01	-9.378277392948763946e-02	1.008261425514156567e-01	-8.436457887949408985e-01	1.914524403341208714e-01	-1.582053328543492066e-01	1.152295810569750750e-01	-7.758742247314104334e-02	2.711961025861054364e-01	-1.992425646188837607e-01	1.311753085222029935e-01	-9.161056021325529597e-02	1.008343535890268150e-01	-3.449299242564019541e-01	1.397783087776037769e-01	-1.555461747270680539e-01	6.831292721389664591e-02	-7.572664866029489572e-02
5.316665924501328550e-02	-4.206238822901118418e-02	5.437997678812270946e-02	-6.060391050134710661e-02	7.381821544810013291e-02	-5.617497387595560276e-02	4.658777594213749096e-02	-6.054673340820550254e-02	1.012031065091130722e-01	-9.026431970574141928e-02	6.202904523734764641e-02	-5.613484446089294505e-02	1.703604417187568609e-01	-1.328549994558042568e-01	1.266951463021483426e-01	-1.860840705400447770e-01	2.227081144117372680e-01	-1.902815768889823123e-01	1.534817829864567607e-01	-1.521260311601883297e-01	2.413934485520534967e-01	-5.186870634786852063e-01	2.459777690316572452e-01	-1.965913994494991324e-01	1.608536933978832462e-01	-1.699121765100059522e-01	9.999999999999996669e-01	-5.537914529808130037e-01	2.354010918609030778e-01	-2.307807586991776072e-01	1.306120631481101912e-01	-3.211409410245860685e-01	2.272287000893043196e-01	-2.215426751516675619e-01	1.523429858196937436e-01	-1.447537905049729179e-01	1.825887982974980228e-01	-1.938782012072025052e-01	1.503749419262040143e-01	-1.881655096898544599e-01	1.650303909011728021e-01	-1.398813398338606406e-01	1.609639925387364445e-01	-1.063215558640874803e-01	1.149919587312365210e-01
-5.631763681172755748e-02	4.438067842456405732e-02	-5.877286056210915405e-02	6.764897410666328992e-02	-8.319946800046970625e-02	5.792841889025056312e-02	-4.867292291762546907e-02	6.489028438485655581e-02	-1.157546488953974384e-01	1.017558062406120761e-01	-6.421990198286110785e-02	5.689166032662010264e-02	-1.942206433967304802e-01	1.482304986992235285e-01	-1.477617112069562200e-01	1.549624718742820539e-01	-2.253145521368317694e-01	2.171788433051145828e-01	-1.887150785354250460e-01	1.760391629207365694e-01	-2.193660970563955093e-01	2.532593952666774562e-01	-3.945021714758387144e-01	2.493904966844212034e-01	-2.101790258963480151e-01	1.211198940741226998e-01	-5.537914529808130037e-01	1.000000000000001776e+00	-4.732238775555178134e-01	2.449711929592430781e-01	-1.042792577881256760e-01	2.129828707280937705e-01	-2.704490194798488401e-01	2.291428762179547052e-01	-1.698929629314951395e-01	1.239372610223876819e-01	-1.651038451511558092e-01	1.888607860534265437e-01	-1.590351377257421817e-01	1.860066322200369382e-01	-1.570955209528216157e-01	1.267876954599359285e-01	-1.604434332102891991e-01	1.084014640468709822e-01	-1.231063050430294681e-01
5.009082316484757269e-02	-3.946659418177564382e-02	5.329384883585881055e-02	-6.420926914851174394e-02	7.849998611728795095e-02	-5.080886778343089022e-02	4.226721706534687650e-02	-5.888086976755768642e-02	1.105382604280761849e-01	-1.002614032444489461e-01	5.292924835286159924e-02	-4.677010813766176167e-02	1.746552535359615910e-01	-1.422830718388753968e-01	1.450998160090331557e-01	-1.137574519998981459e-01	1.612382174048992423e-01	-1.883030982382389584e-01	1.778100934511682163e-01	-1.996346401263519033e-01	1.465486168044662085e-01	-1.715180062614722889e-01	2.532838310560532324e-01	-5.119027849566953892e-01	2.566396370957321205e-01	-9.378277392948763946e-02	2.354010918609030778e-01	-4.732238775555178134e-01	1.000000000000002442e+00	-4.635524046959980105e-01	7.880168768648748712e-02	-1.634009782176659709e-01	1.984815321086920159e-01	-3.401416678607824262e-01	2.297537375837001572e-01	-1.020983505734173596e-01	1.317362787066523322e-01	-1.795276161487860678e-01	1.786654638487017166e-01	-2.306852616777785581e-01	1.291039900131221718e-01	-1.081129624941348927e-01	1.389747113755832597e-01	-1.145639523479532601e-01	1.280263252057546874e-01
-5.744616926308949989e-02	4.482073065436518317e-02	-6.094153747538678251e-02	7.217803640695298617e-02	-9.046907893588060356e-02	5.707251341912868842e-02	-4.794528903265856540e-02	6.640950754541237455e-02	-1.247752153669657721e-01	1.080952946113857144e-01	-6.059588133830150214e-02	5.269266158674851958e-02	-2.040882096055824935e-01	1.494716000261574196e-01	-1.648197549908051451e-01	1.190726200089363834e-01	-1.806175667219626080e-01	1.753619807506479611e-01	-1.844137297964146549e-01	1.867542388117967023e-01	-1.612408564211066930e-01	1.630882046206767466e-01	-2.343606573463274667e-01	2.473150471429807484e-01	-2.839834192486581643e-01	1.008261425514156567e-01	-2.307807586991776072e-01	2.449711929592430781e-01	-4.635524046959980105e-01	1.000000000000002442e+00	-8.719703581441289042e-02	1.702151159290472560e-01	-2.219254064600399978e-01	2.953976617608350952e-01	-5.736946207477061632e-01	1.161101064775321018e-01	-1.541048288515111109e-01	1.973141955052721552e-01	-2.271275190458024729e-01	2.837239565118129248e-01	-1.573444736075178541e-01	1.250303236063292911e-01	-1.718145606829938055e-01	1.402242140213304511e-01	-1.723793533554461299e-01
2.137348805129630699e-02	-1.665579147592237408e-02	2.196377933650495509e-02	-2.435546862699331655e-02	3.023923249591525808e-02	-2.179630543712759647e-02	1.809109577442205227e-02	-2.412128933633485989e-02	4.051970758343237389e-02	-3.515267209831434564e-02	2.342862031112582025e-02	-2.060211414827951837e-02	7.160185673506780368e-02	-5.052400041070915365e-02	5.067617754702351957e-02	-5.461363301553634475e-02	7.303688620306747481e-02	-6.158807646801730401e-02	5.576850965548089956e-02	-5.443492393174240856e-02	7.393018949013836771e-02	-8.506131854336225484e-02	7.754873436614571902e-02	-6.517254308614565950e-02	5.906155505691990798e-02	-8.436457887949408985e-01	1.306120631481101912e-01	-1.042792577881256760e-01	7.880168768648748712e-02	-8.719703581441289042e-02	1.000000000000002220e+00	-2.134250788570256629e-01	1.366427698096000509e-01	-1.011418657376424030e-01	6.683916816475410361e-02	-3.945378669960385443e-01	1.802770232493988711e-01	-1.171541753838413608e-01	7.897692687226846864e-02	-8.805534701141065623e-02	2.569003151403262963e-01	-1.250216211547579559e-01	1.279570197488559824e-01	-5.835226993091469777e-02	6.335505842993553738e-02
-3.997870838661376353e-02	3.119473246015906642e-02	-4.119725478782961664e-02	4.600844921711584601e-02	-5.715093203098093461e-02	4.074291069109405722e-02	-3.397040011451963465e-02	4.521780789066126571e-02	-7.701959099021356281e-02	6.679347269368178519e-02	-4.431323796183275765e-02	3.892144880031796900e-02	-1.345693666341818695e-01	9.583236897690836087e-02	-9.689735974940089092e-02	1.013097410316502051e-01	-1.425870957734817479e-01	1.188342001781919205e-01	-1.084203612935177030e-01	1.049731029332069410e-01	-1.406563821708181894e-01	1.638232920991287977e-01	-1.549735783807281164e-01	1.283423899329416140e-01	-1.170155408170863026e-01	1.914524403341208714e-01	-3.211409410245860685e-01	2.129828707280937705e-01	-1.634009782176659709e-01	1.702151159290472560e-01	-2.134250788570256629e-01	1.000000000000000888e+00	-5.392018920479214605e-01	2.179995776334965885e-01	-1.397285039349201452e-01	2.278915239732496600e-01	-5.466455224769176668e-01	2.636406259917687955e-01	-1.736524053975855297e-01	1.763468643131398950e-01	-2.622784474772676400e-01	2.436207829688227244e-01	-2.857274821599716241e-01	1.198231301975076352e-01	-1.324114827944785633e-01
4.314956846647974298e-02	-3.366097771962017760e-02	4.479332297484246717e-02	-5.080139101395792639e-02	6.300621728578253977e-02	-4.374687970014444482e-02	3.630801445215615930e-02	-4.919346050509326718e-02	8.526046807639130198e-02	-7.442564168365058130e-02	4.634138800124074087e-02	-4.066812713197308360e-02	1.468920525117360099e-01	-1.063902163442071169e-01	1.078396420742306627e-01	-1.001145464059686463e-01	1.401848658756199850e-01	-1.306046882259009889e-01	1.201916985750830363e-01	-1.196559267903189866e-01	1.320383463772873966e-01	-1.541450941830593557e-01	1.680541471668181852e-01	-1.522993246369818698e-01	1.355340113740140795e-01	-1.582053328543492066e-01	2.272287000893043196e-01	-2.704490194798488401e-01	1.984815321086920159e-01	-2.219254064600399978e-01	1.366427698096000509e-01	-5.392018920479214605e-01	1.000000000000000888e+00	-3.910667150242240209e-01	1.940432651924960950e-01	-1.804170807396855980e-01	2.581511338314559367e-01	-5.217186384400267496e-01	2.517344075321232832e-01	-2.519108949324679880e-01	1.997769559796474248e-01	-2.139779131483131869e-01	2.402834964991602817e-01	-1.570897707019719147e-01	1.632857051769262546e-01
-5.246042359701830193e-02	4.080026039359236495e-02	-5.504720032734499585e-02	6.354767208874051443e-02	-7.971902039667350115e-02	5.226011619942689396e-02	-4.377410618015706995e-02	5.998712021180772208e-02	-1.082694649489998884e-01	9.306697591101170675e-02	-5.566644330101078869e-02	4.836267628427613763e-02	-1.841452177224785491e-01	1.304301826253753960e-01	-1.395044888706406805e-01	1.104769757902401006e-01	-1.652549198878463799e-01	1.527020772638854607e-01	-1.531903482364754543e-01	1.493702902649600983e-01	-1.497239052626717359e-01	1.541264694206191110e-01	-2.027363585365197785e-01	1.966432807745557287e-01	-1.899059224418898906e-01	1.152295810569750750e-01	-2.215426751516675619e-01	2.291428762179547052e-01	-3.401416678607824262e-01	2.953976617608350952e-01	-1.011418657376424030e-01	2.179995776334965885e-01	-3.910667150242240209e-01	1.000000000000003109e+00	-4.619114409648070740e-01	1.376694603070977296e-01	-1.951053526020204154e-01	2.835101284078932471e-01	-4.599270976805346356e-01	3.183627501211380162e-01	-1.835090054352156719e-01	1.567142810118730134e-01	-2.190899070139840088e-01	1.988306878284407109e-01	-2.415513219136925793e-01
