1.000000000000000000e+00	-6.600426691797696144e-01	1.054644628625831387e-01	-8.431707836823940094e-02	3.157890436917511201e-02	-6.301072596677547155e-01	2.995459403320286373e-01	-1.124630693008852184e-01	9.184661935932277033e-02	-3.476543362459037778e-02	2.027440911035547633e-01	-2.023046352399850145e-01	8.940957017659165174e-02	-7.784162972179690942e-02	7.214352581109481632e-02	-1.075060946214830976e-01	1.009019645146630867e-01	-8.415604699343978701e-02	6.653955159301937206e-02	-5.104755779043537722e-02	7.155532969865337212e-02	-6.297375843640889981e-02	5.583283649694156803e-02	-5.883399363908864421e-02	4.591195157721926490e-02	-5.751211113868016922e-02	4.561020249569115725e-02	-4.159987984405049549e-02	6.104272544529099065e-02	-4.659417382588214307e-02	3.303710991413944670e-02	-2.917343323274628267e-02	3.525297310026397762e-02	-3.315427702949094724e-02	4.322457052287406037e-02	-2.078035487117712438e-02	1.829415031977045525e-02	-1.921028298579183918e-02	1.889028289241954928e-02	-2.942749813403474843e-02	1.436738007463645751e-02	-1.350458406008961040e-02	1.640271940348176499e-02	-1.647250683778312547e-02	3.554890438816857984e-02
-6.600426691797696144e-01	9.999999999999995559e-01	-1.713893692624814391e-01	1.213252262691151828e-01	-4.439446872197563843e-02	3.129902207286436311e-01	-5.893508319300768683e-01	1.695387984090265254e-01	-1.425371876604522303e-01	4.805972569596739935e-02	-2.057241126885597515e-01	1.869438755261368379e-01	-1.270209602141380567e-01	1.057963303313689402e-01	-8.848498378207522719e-02	1.079306238344082403e-01	-1.084772307407539521e-01	9.492421426426596309e-02	-7.829657772372204672e-02	6.042209459220256734e-02	-7.885688150618523629e-02	6.829995483822647040e-02	-6.435436042471677498e-02	6.795229680291858809e-02	-5.423197769513180000e-02	6.211644578578206372e-02	-5.075163633324783485e-02	4.744697860364566200e-02	-7.134440211702235135e-02	5.421641287014539179e-02	-3.733675515987968513e-02	3.269984051133056208e-02	-4.084895921640439853e-02	3.819848617680446368e-02	-5.105643220455412246e-02	2.339150371275998050e-02	-2.066680928295016803e-02	2.198855361248656243e-02	-2.193264025418080118e-02	3.426841365826782670e-02	-1.636840876118073052e-02	1.534407249184300062e-02	-1.883829744949079912e-02	1.907887324772206822e-02	-4.173697227124350401e-02
1.054644628625831387e-01	-1.713893692624814391e-01	1.000000000000000000e+00	-6.852645789538860388e-01	1.455407050198969099e-01	-1.409669194157753547e-01	1.940106225336671042e-01	-5.488373744105202734e-01	3.118557076849460263e-01	-1.702489498559764391e-01	9.727830570247487929e-02	-1.135255056872674084e-01	2.046369665433206697e-01	-2.129064067769228241e-01	9.750137646417357529e-02	-8.486334503036516153e-02	8.367853395103330705e-02	-9.893312465561100721e-02	7.933800893713663371e-02	-6.665621334684003474e-02	6.467720420422014282e-02	-6.025681441322124771e-02	5.893582272570494635e-02	-7.080699970924055064e-02	5.614605998574766221e-02	-5.424904627694839693e-02	4.473898196815426914e-02	-4.350669850872788263e-02	6.540962507771179435e-02	-5.564712412669866465e-02	3.341356903691120733e-02	-2.949151978413984410e-02	3.802409271143038921e-02	-3.589305470709714535e-02	5.014322924145733079e-02	-2.138344560406644362e-02	1.883259726162022502e-02	-2.082596245482627034e-02	2.102509449684349455e-02	-3.363153410692569512e-02	1.517193137920220397e-02	-1.422360262715412563e-02	1.780162010873514999e-02	-1.830463238672795645e-02	4.046541102138147272e-02
-8.431707836823940094e-02	1.213252262691151828e-01	-6.852645789538860388e-01	1.000000000000000000e+00	-2.253849377835091816e-01	1.060287006840898577e-01	-1.660279246969803557e-01	3.096136240740838819e-01	-5.293735501775852503e-01	1.814936711658993451e-01	-8.433965679962840412e-02	9.411791100231878260e-02	-2.423199935925716142e-01	2.133264486758906509e-01	-1.035273527041085107e-01	7.682659126931101756e-02	-7.908293290482611149e-02	9.715438984019786339e-02	-8.150805457650864283e-02	6.708521819356620675e-02	-6.134970765547295007e-02	5.633551561979344147e-02	-5.753157207103248849e-02	6.938202285861193308e-02	-5.652123890752348140e-02	5.055589925707514726e-02	-4.252887019067250890e-02	4.204416977960042517e-02	-6.416851082902080838e-02	5.436600768937314976e-02	-3.201284265555898179e-02	2.808190026635221104e-02	-3.711156738682360595e-02	3.486551372547743582e-02	-4.981633738728034888e-02	2.038930716213170277e-02	-1.801439565195240775e-02	2.008552246320062865e-02	-2.052275275241412233e-02	3.287298495601088250e-02	-1.458921279597910278e-02	1.365058157236202774e-02	-1.721832526926708046e-02	1.782796708829071514e-02	-3.986778705718432847e-02
3.157890436917511201e-02	-4.439446872197563843e-02	1.455407050198969099e-01	-2.253849377835091816e-01	9.999999999999998890e-01	-4.035811902061865741e-02	5.770418536679378096e-02	-9.237440742495200974e-02	1.180194930418002747e-01	-9.512283208452601002e-01	3.424208721007045847e-02	-3.826020487544678356e-02	7.772442833854441291e-02	-7.366805230919970526e-02	7.171582460998027209e-02	-3.706573368983634431e-02	3.622946836662315623e-02	-4.740048942801614040e-02	4.165272755602774518e-02	-4.556176884293788865e-02	3.019002619704115251e-02	-2.909183731979998744e-02	3.008599354837346307e-02	-4.123239916118320164e-02	3.358251517197859137e-02	-2.597213112997536280e-02	2.189161840722599409e-02	-2.221046126957267053e-02	3.376975684004026451e-02	-3.288015016796060064e-02	1.665377371761192146e-02	-1.473857922154288985e-02	1.991824195438125431e-02	-1.895845853731215752e-02	2.805767181299584009e-02	-1.084664565935114164e-02	9.545678963599146805e-03	-1.106300171860837185e-02	1.137398649833858827e-02	-1.871769032177436273e-02	7.856610112234202817e-03	-7.357311975264565346e-03	9.444242308610633838e-03	-9.904460950699104857e-03	2.221393747063400703e-02
-6.301072596677547155e-01	3.129902207286436311e-01	-1.409669194157753547e-01	1.060287006840898577e-01	-4.035811902061865741e-02	1.000000000000000000e+00	-4.853073117909043610e-01	1.484012466909582495e-01	-1.265116904703018352e-01	4.373852253722455147e-02	-4.185079150221502342e-01	2.537923706165226556e-01	-1.219475806485695729e-01	1.012591328129660712e-01	-9.486593847216977238e-02	1.371117918768999244e-01	-1.360371529535742419e-01	1.074226686860587504e-01	-8.733652542669920193e-02	6.574805689109892992e-02	-9.461027512625719282e-02	7.915283571714101796e-02	-7.217713621421599501e-02	7.474790917376286647e-02	-5.923760051394966197e-02	7.230838576623745129e-02	-5.833131555872516499e-02	5.332584054582213684e-02	-7.913500316602638252e-02	5.918059732979260440e-02	-4.234026319503593483e-02	3.711112654750378659e-02	-4.536781204225745490e-02	4.244076158769380380e-02	-5.570760718418677621e-02	2.638691462667206236e-02	-2.330888616758428414e-02	2.443159787906330760e-02	-2.416831665107655944e-02	3.755109517569715782e-02	-1.831126424448498852e-02	1.718451917313617780e-02	-2.091233840129797308e-02	2.104117959229526852e-02	-4.566259053343947605e-02
2.995459403320286373e-01	-5.893508319300768683e-01	1.940106225336671042e-01	-1.660279246969803557e-01	5.770418536679378096e-02	-4.853073117909043610e-01	1.000000000000000222e+00	-3.171824150205373449e-01	1.819578157530752915e-01	-6.442464205677266020e-02	2.470799553016141126e-01	-3.349127158462794074e-01	1.615343352666369914e-01	-1.489563653742189409e-01	1.110380603656302284e-01	-1.550425077109044147e-01	1.500270206868085654e-01	-1.323464655998813633e-01	1.022141246405485898e-01	-7.935523790160210755e-02	1.041303815951673817e-01	-9.361321665802435632e-02	8.344674747943538196e-02	-9.102061764980821923e-02	7.055363380302953624e-02	-8.522222802307428957e-02	6.764579023527828028e-02	-6.223627170441884543e-02	9.116320518187738531e-02	-7.164552326844628172e-02	4.914666703825460586e-02	-4.351786576497495423e-02	5.288172383260668352e-02	-4.987834262680967273e-02	6.563957882367980889e-02	-3.110269778209758321e-02	2.734853281078188092e-02	-2.898076005630551011e-02	2.855502246996165575e-02	-4.474884768016618858e-02	2.156089716374728557e-02	-2.027073667080283442e-02	2.472381445872657083e-02	-2.491066818776088015e-02	5.385379925324940142e-02
-1.124630693008852184e-01	1.695387984090265254e-01	-5.488373744105202734e-01	3.096136240740838819e-01	-9.237440742495200974e-02	1.484012466909582495e-01	-3.171824150205373449e-01	1.000000000000000666e+00	-5.873356028233790438e-01	9.911169320892058987e-02	-1.087018325058900781e-01	1.250157565128489079e-01	-3.425884552691852436e-01	2.563409288439680855e-01	-1.030553144192366266e-01	8.925692874373170049e-02	-9.306640257569046004e-02	1.114510545699350652e-01	-8.911433823986374125e-02	6.950118639649846553e-02	-6.805752341203243072e-02	6.171823445742494196e-02	-6.112346872611226778e-02	7.346438480636775792e-02	-5.895885507684972549e-02	5.551788174925903485e-02	-4.604244440775093206e-02	4.473132479854418503e-02	-6.726029810660728858e-02	5.657061799054067391e-02	-3.422503237269811788e-02	3.010100176066343725e-02	-3.899501941510573333e-02	3.669159639991614180e-02	-5.166961567066935546e-02	2.175092051095490336e-02	-1.919852071748755912e-02	2.115433244430156220e-02	-2.145252940769036207e-02	3.424094715181377063e-02	-1.544150480742656484e-02	1.446674767100141444e-02	-1.811152545928037053e-02	1.865356016255181187e-02	-4.142164864340565356e-02
9.184661935932277033e-02	-1.425371876604522303e-01	3.118557076849460263e-01	-5.293735501775852503e-01	1.180194930418002747e-01	-1.265116904703018352e-01	1.819578157530752915e-01	-5.873356028233790438e-01	1.000000000000000444e+00	-1.337963171624823033e-01	9.250284922980199498e-02	-1.088122702006133202e-01	2.780435939394818035e-01	-4.360817692434051374e-01	1.033659622293151975e-01	-8.356689497215284701e-02	8.501711757916823042e-02	-1.073933471823551727e-01	8.500134898021516339e-02	-7.011424315495470849e-02	6.381511764727985925e-02	-5.894171333203108987e-02	5.842224404643385494e-02	-7.259847272341059254e-02	5.785698798073567184e-02	-5.293301441176260363e-02	4.385701656188836089e-02	-4.288853177147924911e-02	6.433020873630322656e-02	-5.592040625504476198e-02	3.269311860957327398e-02	-2.883565123810678810e-02	3.749417997375022182e-02	-3.540354739579205934e-02	5.020999803256804422e-02	-2.090724670931292176e-02	1.842908949296498053e-02	-2.048668987401396080e-02	2.079056960114762653e-02	-3.339389537570693761e-02	1.487581736543094196e-02	-1.394198963443016130e-02	1.751854510860369196e-02	-1.809087492985286816e-02	4.017856766325801632e-02
-3.476543362459037778e-02	4.805972569596739935e-02	-1.702489498559764391e-01	1.814936711658993451e-01	-9.512283208452601002e-01	4.373852253722455147e-02	-6.442464205677266020e-02	9.911169320892058987e-02	-1.337963171624823033e-01	1.000000000000000666e+00	-3.773743477168068489e-02	4.174153003830557984e-02	-8.882295128468341294e-02	7.909138615510177828e-02	-8.430970475611777870e-02	4.024395189048895344e-02	-3.984720399228623006e-02	5.169155402393777604e-02	-4.629178284308060887e-02	4.963501002743388180e-02	-3.311749149873680076e-02	3.164266139553516960e-02	-3.307638257460789738e-02	4.470345034895314984e-02	-3.705036046577690756e-02	2.824536565989286402e-02	-2.392639466751983815e-02	2.432712364346615447e-02	-3.721634760412574627e-02	3.564336577285786428e-02	-1.822079029517647067e-02	1.608163391019542740e-02	-2.186870243096553784e-02	2.074917818951330789e-02	-3.086454405086221098e-02	1.182184507875309876e-02	-1.041937904707516439e-02	1.205980542166890795e-02	-1.244657035205780013e-02	2.042959153223938146e-02	-8.576730063837426088e-03	8.025542977393882935e-03	-1.031126894196521433e-02	1.082632328771139865e-02	-2.438167400993263012e-02
2.027440911035547633e-01	-2.057241126885597515e-01	9.727830570247487929e-02	-8.433965679962840412e-02	3.424208721007045847e-02	-4.185079150221502342e-01	2.470799553016141126e-01	-1.087018325058900781e-01	9.250284922980199498e-02	-3.773743477168068489e-02	1.000000000000001998e+00	-7.517191628160160288e-01	1.135297818147522619e-01	-9.866244555435037256e-02	1.124684791511213061e-01	-2.783592001544261674e-01	2.305638440993083293e-01	-1.578683061367309182e-01	1.154723067671215575e-01	-8.300067536951928615e-02	1.392181767428860295e-01	-1.159404938897590220e-01	9.351736399790175347e-02	-9.734416546606292076e-02	7.456088892841833404e-02	-1.068834073207605984e-01	8.116167052337018573e-02	-7.019842951257568298e-02	9.871236641051571448e-02	-7.412937983528782027e-02	5.662866475907703256e-02	-5.031912232810546032e-02	5.755095493916321386e-02	-5.432969079738237533e-02	6.826354758863772965e-02	-3.529534271359626579e-02	3.102514445986116753e-02	-3.149240135287843800e-02	3.035875985855168366e-02	-4.678205732270582229e-02	2.389073365980066629e-02	-2.253455071920888036e-02	2.680774629505083828e-02	-2.653573664751338393e-02	5.616737960422142628e-02
-2.023046352399850145e-01	1.869438755261368379e-01	-1.135255056872674084e-01	9.411791100231878260e-02	-3.826020487544678356e-02	2.537923706165226556e-01	-3.349127158462794074e-01	1.250157565128489079e-01	-1.088122702006133202e-01	4.174153003830557984e-02	-7.517191628160160288e-01	1.000000000000001332e+00	-1.404595147031278690e-01	1.113658796272011253e-01	-1.279948831357572980e-01	2.346077552625791540e-01	-3.548270182697893516e-01	1.731616094510285142e-01	-1.351083495190200379e-01	9.139998624669753990e-02	-1.455469336519222001e-01	1.153610076823102376e-01	-1.000981277709466349e-01	1.042707816470381937e-01	-8.230132457118878586e-02	1.048482066776959543e-01	-8.351286584488666620e-02	7.366941082055901424e-02	-1.062033416667023944e-01	7.905983322149462422e-02	-5.880252119597274146e-02	5.158622797897321338e-02	-6.121550374506180142e-02	5.731777051366151315e-02	-7.417276952520776567e-02	3.625242390831069639e-02	-3.205469270433235207e-02	3.287889783786248493e-02	-3.224400810615154350e-02	4.981918759985015654e-02	-2.486091016871708193e-02	2.336938201776666418e-02	-2.811413366147548845e-02	2.809403897766451358e-02	-6.044844750956819557e-02
8.940957017659165174e-02	-1.270209602141380567e-01	2.046369665433206697e-01	-2.423199935925716142e-01	7.772442833854441291e-02	-1.219475806485695729e-01	1.615343352666369914e-01	-3.425884552691852436e-01	2.780435939394818035e-01	-8.882295128468341294e-02	1.135297818147522619e-01	-1.404595147031278690e-01	1.000000000000001776e+00	-7.897190212857004843e-01	1.512639461698560284e-01	-1.221838081794549696e-01	1.324406252789823712e-01	-2.343258199094112038e-01	1.446295313603607191e-01	-1.100123805615781103e-01	9.068017206913787931e-02	-8.354102638878493914e-02	8.375872276028083208e-02	-1.135240042311422004e-01	8.818102141918202075e-02	-7.451593724190135049e-02	6.181144667315206787e-02	-6.092624610807715474e-02	8.973927999961463231e-02	-8.161656709717145242e-02	4.561325883554721156e-02	-4.031751266343790163e-02	5.271241661854628863e-02	-4.993030016770646368e-02	7.217474605185116021e-02	-2.919190506610497976e-02	2.573907422031222053e-02	-2.879037890543663034e-02	2.935843715107843907e-02	-4.750307971730134693e-02	2.079780528603615217e-02	-1.950059666103715061e-02	2.460467231241846714e-02	-2.554555020147506600e-02	5.694199235813502541e-02
-7.784162972179690942e-02	1.057963303313689402e-01	-2.129064067769228241e-01	2.133264486758906509e-01	-7.366805230919970526e-02	1.012591328129660712e-01	-1.489563653742189409e-01	2.563409288439680855e-01	-4.360817692434051374e-01	7.909138615510177828e-02	-9.866244555435037256e-02	1.113658796272011253e-01	-7.897190212857004843e-01	1.000000000000002220e+00	-1.633192363033925398e-01	1.014244658164081825e-01	-1.137873238243261587e-01	1.624697738746751219e-01	-1.328538869055488902e-01	1.018199399096451074e-01	-8.070584716135240089e-02	7.298773289481798321e-02	-7.611051208108710053e-02	9.976035428044786879e-02	-8.197522101105239600e-02	6.511643407215532420e-02	-5.504383366374920178e-02	5.489969082732399502e-02	-8.262551654006562718e-02	7.416195816696340148e-02	-4.099373829429291127e-02	3.600242792037467582e-02	-4.821524192551062543e-02	4.542277635266525615e-02	-6.697997447477396782e-02	2.611389463050364443e-02	-2.309691022461852344e-02	2.604188433942530162e-02	-2.686265642161593178e-02	4.347257191091583733e-02	-1.876584452449912843e-02	1.755908078620458876e-02	-2.232377921554485126e-02	2.332168850776872651e-02	-5.257631236905875582e-02
7.214352581109481632e-02	-8.848498378207522719e-02	9.750137646417357529e-02	-1.035273527041085107e-01	7.171582460998027209e-02	-9.486593847216977238e-02	1.110380603656302284e-01	-1.030553144192366266e-01	1.033659622293151975e-01	-8.430970475611777870e-02	1.124684791511213061e-01	-1.279948831357572980e-01	1.512639461698560284e-01	-1.633192363033925398e-01	1.000000000000001554e+00	-1.962580666188621092e-01	1.772157835903682421e-01	-2.961669251529497893e-01	2.817015407340592859e-01	-6.595052364013447299e-01	1.562351566398863523e-01	-1.640433622222423893e-01	1.703475668465136428e-01	-3.499676371847766920e-01	2.849334757505960769e-01	-1.448430246212761840e-01	1.210059778874560676e-01	-1.273627654690089039e-01	1.844130054612788949e-01	-2.697829482821360592e-01	9.206689835819768797e-02	-8.283819071105526233e-02	1.167421974409674906e-01	-1.154877086350208082e-01	1.892073402774940849e-01	-6.238819592874496334e-02	5.453832554031715768e-02	-6.908073741726239447e-02	7.205639830119373035e-02	-1.277757952360634996e-01	4.634104233544229789e-02	-4.355165367481020344e-02	5.825729547206036363e-02	-6.318797297779595035e-02	1.419653472227286328e-01
-1.075060946214830976e-01	1.079306238344082403e-01	-8.486334503036516153e-02	7.682659126931101756e-02	-3.706573368983634431e-02	1.371117918768999244e-01	-1.550425077109044147e-01	8.925692874373170049e-02	-8.356689497215284701e-02	4.024395189048895344e-02	-2.783592001544261674e-01	2.346077552625791540e-01	-1.221838081794549696e-01	1.014244658164081825e-01	-1.962580666188621092e-01	1.000000000000001554e+00	-6.389357380008486853e-01	2.491467481921305627e-01	-2.162403917165814926e-01	1.363923763744651074e-01	-4.748791066441515052e-01	2.161838023348822690e-01	-1.759877014009676444e-01	1.558121593303399000e-01	-1.261957548361943848e-01	2.087930740632635840e-01	-1.631143005589842099e-01	1.289258567150988743e-01	-1.821368870912995763e-01	1.190870076349659634e-01	-1.087200663044688848e-01	9.348386089345761540e-02	-1.034174251745328260e-01	9.551157256428426112e-02	-1.150563038072256322e-01	6.347954073461109514e-02	-5.669954358761715441e-02	5.400022916341323115e-02	-5.169417992459276329e-02	7.719106846914287889e-02	-4.240404463284281472e-02	3.987579912541108079e-02	-4.630106339609629806e-02	4.503095434354649484e-02	-9.448090017851079603e-02
1.009019645146630867e-01	-1.084772307407539521e-01	8.367853395103330705e-02	-7.908293290482611149e-02	3.622946836662315623e-02	-1.360371529535742419e-01	1.500270206868085654e-01	-9.306640257569046004e-02	8.501711757916823042e-02	-3.984720399228623006e-02	2.305638440993083293e-01	-3.548270182697893516e-01	1.324406252789823712e-01	-1.137873238243261587e-01	1.772157835903682421e-01	-6.389357380008486853e-01	1.000000000000001110e+00	-4.677289505822814220e-01	2.239672938469750019e-01	-1.430907785256401721e-01	2.357344880318412161e-01	-2.044610317323351800e-01	1.503649848559926727e-01	-1.689267543115149095e-01	1.243893134353613456e-01	-1.783857012194005609e-01	1.337049566066091377e-01	-1.121291505138250072e-01	1.507495221354540893e-01	-1.167669230505405109e-01	8.930989299417199656e-02	-7.982887213784511937e-02	8.886056770135231098e-02	-8.418312825860908843e-02	1.056281116477966603e-01	-5.524910398683340745e-02	4.860320015675425459e-02	-4.848712778109732363e-02	4.647664825251166670e-02	-7.161870067427243691e-02	3.697289678636128674e-02	-3.494948624749454752e-02	4.120806277096472625e-02	-4.066044589621163607e-02	8.550945360309480936e-02
-8.415604699343978701e-02	9.492421426426596309e-02	-9.893312465561100721e-02	9.715438984019786339e-02	-4.740048942801614040e-02	1.074226686860587504e-01	-1.323464655998813633e-01	1.114510545699350652e-01	-1.073933471823551727e-01	5.169155402393777604e-02	-1.578683061367309182e-01	1.731616094510285142e-01	-2.343258199094112038e-01	1.624697738746751219e-01	-2.961669251529497893e-01	2.491467481921305627e-01	-4.677289505822814220e-01	1.000000000000001110e+00	-6.198459497193489209e-01	2.268480721599933636e-01	-1.923423872343415775e-01	1.612896775828447371e-01	-1.809540522196422807e-01	2.405352200194154078e-01	-1.978900128807404568e-01	1.416339869422673370e-01	-1.215458124534292694e-01	1.224621519233901612e-01	-1.760942417507591895e-01	1.536269277862251370e-01	-8.730209904197634707e-02	7.640526826102075897e-02	-1.024587237373795756e-01	9.598582412424834509e-02	-1.437515063939345528e-01	5.454291824535544703e-02	-4.849900142836250511e-02	5.365677848549671447e-02	-5.585495086505277984e-02	8.967306819327300338e-02	-3.896468234505309075e-02	3.644950598652046958e-02	-4.615121671672032383e-02	4.835167566423614893e-02	-1.099254133502687858e-01
6.653955159301937206e-02	-7.829657772372204672e-02	7.933800893713663371e-02	-8.150805457650864283e-02	4.165272755602774518e-02	-8.733652542669920193e-02	1.022141246405485898e-01	-8.911433823986374125e-02	8.500134898021516339e-02	-4.629178284308060887e-02	1.154723067671215575e-01	-1.351083495190200379e-01	1.446295313603607191e-01	-1.328538869055488902e-01	2.817015407340592859e-01	-2.162403917165814926e-01	2.239672938469750019e-01	-6.198459497193489209e-01	1.000000000000001554e+00	-4.136974902062280912e-01	1.511397302324857528e-01	-1.487466761317534913e-01	1.567540102404103575e-01	-4.527700802546543724e-01	2.554138325242471530e-01	-1.300215913959377190e-01	1.078590368373334024e-01	-1.126057003160479131e-01	1.556113688968046860e-01	-1.873567454468116067e-01	7.853746914425574488e-02	-7.031409593296319982e-02	9.591094965790918081e-02	-9.248501807664899488e-02	1.514436362782651257e-01	-5.112856115495786891e-02	4.499792945255882970e-02	-5.269032238485899661e-02	5.542705317321479364e-02	-9.369495516013860714e-02	3.684772901634927184e-02	-3.462187308941777619e-02	4.492786852668417819e-02	-4.818772280299909311e-02	1.101762804300017301e-01
-5.104755779043537722e-02	6.042209459220256734e-02	-6.665621334684003474e-02	6.708521819356620675e-02	-4.556176884293788865e-02	6.574805689109892992e-02	-7.935523790160210755e-02	6.950118639649846553e-02	-7.011424315495470849e-02	4.963501002743388180e-02	-8.300067536951928615e-02	9.139998624669753990e-02	-1.100123805615781103e-01	1.018199399096451074e-01	-6.595052364013447299e-01	1.363923763744651074e-01	-1.430907785256401721e-01	2.268480721599933636e-01	-4.136974902062280912e-01	1.000000000000002220e+00	-1.166225049072089626e-01	1.157783268699120044e-01	-1.336951258732672065e-01	2.991168295490294615e-01	-4.889876598797064933e-01	1.012632792123967507e-01	-8.821514784108616669e-02	9.574484080513845363e-02	-1.411049477076048442e-01	2.131395275161051261e-01	-6.702922315970050171e-02	5.956554257463049507e-02	-9.032166825601893601e-02	8.738248683238007686e-02	-1.722500883836554919e-01	4.417806043721601156e-02	-3.904017436655801698e-02	4.934225075291685803e-02	-5.506542071536991989e-02	9.711619058835031792e-02	-3.307707755813535377e-02	3.097238571504525029e-02	-4.232878544238473373e-02	4.756583693267627672e-02	-1.146034458005335543e-01
7.155532969865337212e-02	-7.885688150618523629e-02	6.467720420422014282e-02	-6.134970765547295007e-02	3.019002619704115251e-02	-9.461027512625719282e-02	1.041303815951673817e-01	-6.805752341203243072e-02	6.381511764727985925e-02	-3.311749149873680076e-02	1.392181767428860295e-01	-1.455469336519222001e-01	9.068017206913787931e-02	-8.070584716135240089e-02	1.562351566398863523e-01	-4.748791066441515052e-01	2.357344880318412161e-01	-1.923423872343415775e-01	1.511397302324857528e-01	-1.166225049072089626e-01	1.000000000000001776e+00	-4.755036920059758643e-01	2.214229659523079818e-01	-1.498569073262212836e-01	1.119878744009367155e-01	-5.439200796976483288e-01	2.798047445166947367e-01	-1.814551077835550585e-01	2.100290700085108431e-01	-1.225621445160419154e-01	1.682289505902746507e-01	-1.537820942033479854e-01	1.272282852897717864e-01	-1.210701713282951730e-01	1.146802515631589053e-01	-9.814441718797105307e-02	8.585291718076130951e-02	-7.077904366050202789e-02	6.002082154774992379e-02	-8.338124328838672494e-02	5.922499149322358464e-02	-5.685070754581713487e-02	5.953172484556380761e-02	-5.312252099858579685e-02	9.830247204420440588e-02
-6.297375843640889981e-02	6.829995483822647040e-02	-6.025681441322124771e-02	5.633551561979344147e-02	-2.909183731979998744e-02	7.915283571714101796e-02	-9.361321665802435632e-02	6.171823445742494196e-02	-5.894171333203108987e-02	3.164266139553516960e-02	-1.159404938897590220e-01	1.153610076823102376e-01	-8.354102638878493914e-02	7.298773289481798321e-02	-1.640433622222423893e-01	2.161838023348822690e-01	-2.044610317323351800e-01	1.612896775828447371e-01	-1.487466761317534913e-01	1.157783268699120044e-01	-4.755036920059758643e-01	1.000000000000002220e+00	-4.326813712098593889e-01	1.526266138343794487e-01	-1.179133725461972010e-01	3.168914112451839959e-01	-5.518057042008881474e-01	2.644534061014762183e-01	-2.993211399057196798e-01	1.273288056267856960e-01	-2.088795617049476194e-01	1.823784598921736888e-01	-1.667858589212302400e-01	1.492959449052302934e-01	-1.261279060177870337e-01	1.091647478913138208e-01	-1.034883609223752055e-01	7.839516863038357986e-02	-6.764424958597600734e-02	8.996911064210341702e-02	-6.875185959349021381e-02	6.460844031547793853e-02	-6.732945462754207078e-02	5.938515323294170367e-02	-1.074774394658146170e-01
5.583283649694156803e-02	-6.435436042471677498e-02	5.893582272570494635e-02	-5.753157207103248849e-02	3.008599354837346307e-02	-7.217713621421599501e-02	8.344674747943538196e-02	-6.112346872611226778e-02	5.842224404643385494e-02	-3.307638257460789738e-02	9.351736399790175347e-02	-1.000981277709466349e-01	8.375872276028083208e-02	-7.611051208108710053e-02	1.703475668465136428e-01	-1.759877014009676444e-01	1.503649848559926727e-01	-1.809540522196422807e-01	1.567540102404103575e-01	-1.336951258732672065e-01	2.214229659523079818e-01	-4.326813712098593889e-01	1.000000000000001998e+00	-2.256186161812515634e-01	1.442617186054033218e-01	-2.522375136629244063e-01	2.626203650552882962e-01	-6.406979571909270366e-01	3.156858160281650338e-01	-1.625008691126439142e-01	1.509210760079289504e-01	-1.472246585901074156e-01	1.967025097786052612e-01	-2.012111586952679554e-01	1.484753329690969570e-01	-9.757473870886959610e-02	8.588838790283974400e-02	-8.524123296447290443e-02	7.809122471419471800e-02	-1.099650459303806449e-01	6.380930062712039663e-02	-6.102189946737951454e-02	7.066639205732203055e-02	-6.947013199849383369e-02	1.251129936123142328e-01
-5.883399363908864421e-02	6.795229680291858809e-02	-7.080699970924055064e-02	6.938202285861193308e-02	-4.123239916118320164e-02	7.474790917376286647e-02	-9.102061764980821923e-02	7.346438480636775792e-02	-7.259847272341059254e-02	4.470345034895314984e-02	-9.734416546606292076e-02	1.042707816470381937e-01	-1.135240042311422004e-01	9.976035428044786879e-02	-3.499676371847766920e-01	1.558121593303399000e-01	-1.689267543115149095e-01	2.405352200194154078e-01	-4.527700802546543724e-01	2.991168295490294615e-01	-1.498569073262212836e-01	1.526266138343794487e-01	-2.256186161812515634e-01	1.000000000000001110e+00	-6.269037094097638096e-01	1.291700569995904158e-01	-1.195513840368446351e-01	1.425035307415672137e-01	-2.039712744163298119e-01	2.562708879320734212e-01	-8.928431014757115536e-02	7.912417401067547984e-02	-1.275167307549915086e-01	1.207631378179581660e-01	-2.454706880358889232e-01	5.802274328091965722e-02	-5.173782404758315440e-02	6.517728129015458449e-02	-7.542331956797397596e-02	1.297535689860064012e-01	-4.388844005690119981e-02	4.093121770411785321e-02	-5.658088687928772287e-02	6.454737341139510365e-02	-1.613437211144908290e-01
4.591195157721926490e-02	-5.423197769513180000e-02	5.614605998574766221e-02	-5.652123890752348140e-02	3.358251517197859137e-02	-5.923760051394966197e-02	7.055363380302953624e-02	-5.895885507684972549e-02	5.785698798073567184e-02	-3.705036046577690756e-02	7.456088892841833404e-02	-8.230132457118878586e-02	8.818102141918202075e-02	-8.197522101105239600e-02	2.849334757505960769e-01	-1.261957548361943848e-01	1.243893134353613456e-01	-1.978900128807404568e-01	2.554138325242471530e-01	-4.889876598797064933e-01	1.119878744009367155e-01	-1.179133725461972010e-01	1.442617186054033218e-01	-6.269037094097638096e-01	1.000000000000001332e+00	-1.012450251397720019e-01	8.994311268407206850e-02	-1.039547368423103108e-01	1.464219836189369073e-01	-4.313507882270132265e-01	6.887522479068759751e-02	-6.170461441411049380e-02	9.997968578042695786e-02	-9.932267816720018183e-02	2.228156199383920510e-01	-4.603136323465887442e-02	4.074439792205158950e-02	-5.417456646680147286e-02	6.320987245159249979e-02	-1.195457155092843615e-01	3.502476983377419972e-02	-3.282882198940059032e-02	4.648416927812350219e-02	-5.455475793724483269e-02	1.340865702030170359e-01
-5.751211113868016922e-02	6.211644578578206372e-02	-5.424904627694839693e-02	5.055589925707514726e-02	-2.597213112997536280e-02	7.230838576623745129e-02	-8.522222802307428957e-02	5.551788174925903485e-02	-5.293301441176260363e-02	2.824536565989286402e-02	-1.068834073207605984e-01	1.048482066776959543e-01	-7.451593724190135049e-02	6.511643407215532420e-02	-1.448430246212761840e-01	2.087930740632635840e-01	-1.783857012194005609e-01	1.416339869422673370e-01	-1.300215913959377190e-01	1.012632792123967507e-01	-5.439200796976483288e-01	3.168914112451839959e-01	-2.522375136629244063e-01	1.291700569995904158e-01	-1.012450251397720019e-01	1.000000000000001998e+00	-5.908420667125733328e-01	2.139939465903424320e-01	-2.559021927350323966e-01	1.117277739902739070e-01	-2.996494735518764330e-01	2.163585635011220365e-01	-1.504124610572076803e-01	1.339751507081019810e-01	-1.113587932189470942e-01	1.248478162276397130e-01	-1.166085131004252345e-01	7.754895460253263817e-02	-6.270034192496964920e-02	8.029811468859672507e-02	-7.266333807304714565e-02	6.893341917921523565e-02	-6.670079996189062777e-02	5.516323462604057204e-02	-9.601619830544080858e-02
4.561020249569115725e-02	-5.075163633324783485e-02	4.473898196815426914e-02	-4.252887019067250890e-02	2.189161840722599409e-02	-5.833131555872516499e-02	6.764579023527828028e-02	-4.604244440775093206e-02	4.385701656188836089e-02	-2.392639466751983815e-02	8.116167052337018573e-02	-8.351286584488666620e-02	6.181144667315206787e-02	-5.504383366374920178e-02	1.210059778874560676e-01	-1.631143005589842099e-01	1.337049566066091377e-01	-1.215458124534292694e-01	1.078590368373334024e-01	-8.821514784108616669e-02	2.798047445166947367e-01	-5.518057042008881474e-01	2.626203650552882962e-01	-1.195513840368446351e-01	8.994311268407206850e-02	-5.908420667125733328e-01	1.000000000000001332e+00	-3.326584503548256633e-01	2.366585039362218701e-01	-1.043184215918820795e-01	2.341904072195566677e-01	-2.958977531226277824e-01	1.504046230541593865e-01	-1.406750331232722306e-01	1.015925847085419886e-01	-1.302953240100835630e-01	1.215786342033969708e-01	-7.657920760102253366e-02	5.974814344307155523e-02	-7.546391937526139571e-02	7.109283065415474001e-02	-6.940310218776758744e-02	6.455714168983520129e-02	-5.310547127018019897e-02	8.794891436845897470e-02
-4.159987984405049549e-02	4.744697860364566200e-02	-4.350669850872788263e-02	4.204416977960042517e-02	-2.221046126957267053e-02	5.332584054582213684e-02	-6.223627170441884543e-02	4.473132479854418503e-02	-4.288853177147924911e-02	2.432712364346615447e-02	-7.019842951257568298e-02	7.366941082055901424e-02	-6.092624610807715474e-02	5.489969082732399502e-02	-1.273627654690089039e-01	1.289258567150988743e-01	-1.121291505138250072e-01	1.224621519233901612e-01	-1.126057003160479131e-01	9.574484080513845363e-02	-1.814551077835550585e-01	2.644534061014762183e-01	-6.406979571909270366e-01	1.425035307415672137e-01	-1.039547368423103108e-01	2.139939465903424320e-01	-3.326584503548256633e-01	1.000000000000001110e+00	-5.507352346472771387e-01	1.219116472229968828e-01	-1.409763456563297435e-01	1.365511863182256036e-01	-2.624352198942334624e-01	2.058647268968492317e-01	-1.197308565261557961e-01	8.429008037495001882e-02	-7.722881735582981522e-02	7.002783939181948802e-02	-6.607540393823843616e-02	8.672404713265498277e-02	-5.425655972972501240e-02	5.173466801064209586e-02	-5.861597298600713934e-02	5.830878189388816191e-02	-9.822927349132842822e-02
6.104272544529099065e-02	-7.134440211702235135e-02	6.540962507771179435e-02	-6.416851082902080838e-02	3.376975684004026451e-02	-7.913500316602638252e-02	9.116320518187738531e-02	-6.726029810660728858e-02	6.433020873630322656e-02	-3.721634760412574627e-02	9.871236641051571448e-02	-1.062033416667023944e-01	8.973927999961463231e-02	-8.262551654006562718e-02	1.844130054612788949e-01	-1.821368870912995763e-01	1.507495221354540893e-01	-1.760942417507591895e-01	1.556113688968046860e-01	-1.411049477076048442e-01	2.100290700085108431e-01	-2.993211399057196798e-01	3.156858160281650338e-01	-2.039712744163298119e-01	1.464219836189369073e-01	-2.559021927350323966e-01	2.366585039362218701e-01	-5.507352346472771387e-01	1.000000000000001110e+00	-1.908945926167971430e-01	1.601114528585100838e-01	-1.566433384895095926e-01	2.424255148947704885e-01	-2.991234029690164609e-01	1.773802205948977195e-01	-1.103351939018843986e-01	9.543358573832465275e-02	-1.063769017251832982e-01	9.960349283297710576e-02	-1.377729997575700416e-01	7.484300195456494720e-02	-7.164199541595282772e-02	8.714085790678656462e-02	-8.918761043796047394e-02	1.540115566143970272e-01
-4.659417382588214307e-02	5.421641287014539179e-02	-5.564712412669866465e-02	5.436600768937314976e-02	-3.288015016796060064e-02	5.918059732979260440e-02	-7.164552326844628172e-02	5.657061799054067391e-02	-5.592040625504476198e-02	3.564336577285786428e-02	-7.412937983528782027e-02	7.905983322149462422e-02	-8.161656709717145242e-02	7.416195816696340148e-02	-2.697829482821360592e-01	1.190870076349659634e-01	-1.167669230505405109e-01	1.536269277862251370e-01	-1.873567454468116067e-01	2.131395275161051261e-01	-1.225621445160419154e-01	1.273288056267856960e-01	-1.625008691126439142e-01	2.562708879320734212e-01	-4.313507882270132265e-01	1.117277739902739070e-01	-1.043184215918820795e-01	1.219116472229968828e-01	-1.908945926167971430e-01	1.000000000000001110e+00	-8.778993270032747764e-02	7.793199989681738604e-02	-1.633957594987662520e-01	1.607107210504101213e-01	-6.793607062429172228e-01	5.976436341618640569e-02	-5.366212207599024148e-02	8.229582888788049277e-02	-1.146211694765756212e-01	2.292344885033910096e-01	-4.908121400016494246e-02	4.587054646664159852e-02	-7.260265592486608854e-02	9.600021460663911432e-02	-2.734759301742630266e-01
3.303710991413944670e-02	-3.733675515987968513e-02	3.341356903691120733e-02	-3.201284265555898179e-02	1.665377371761192146e-02	-4.234026319503593483e-02	4.914666703825460586e-02	-3.422503237269811788e-02	3.269311860957327398e-02	-1.822079029517647067e-02	5.662866475907703256e-02	-5.880252119597274146e-02	4.561325883554721156e-02	-4.099373829429291127e-02	9.206689835819768797e-02	-1.087200663044688848e-01	8.930989299417199656e-02	-8.730209904197634707e-02	7.853746914425574488e-02	-6.702922315970050171e-02	1.682289505902746507e-01	-2.088795617049476194e-01	1.509210760079289504e-01	-8.928431014757115536e-02	6.887522479068759751e-02	-2.996494735518764330e-01	2.341904072195566677e-01	-1.409763456563297435e-01	1.601114528585100838e-01	-8.778993270032747764e-02	9.999999999999996669e-01	-7.663014247476626073e-01	1.504466577977622010e-01	-1.458537156364617671e-01	8.800711180354880980e-02	-3.576962259369151353e-01	2.632349048486886112e-01	-1.214818719758538473e-01	6.887412130006290156e-02	-7.072160585828174417e-02	1.357299879352183714e-01	-1.419529722217612311e-01	9.971435871616052271e-02	-6.268620523593321225e-02	8.166382776117392384e-02
-2.917343323274628267e-02	3.269984051133056208e-02	-2.949151978413984410e-02	2.808190026635221104e-02	-1.473857922154288985e-02	3.711112654750378659e-02	-4.351786576497495423e-02	3.010100176066343725e-02	-2.883565123810678810e-02	1.608163391019542740e-02	-5.031912232810546032e-02	5.158622797897321338e-02	-4.031751266343790163e-02	3.600242792037467582e-02	-8.283819071105526233e-02	9.348386089345761540e-02	-7.982887213784511937e-02	7.640526826102075897e-02	-7.031409593296319982e-02	5.956554257463049507e-02	-1.537820942033479854e-01	1.823784598921736888e-01	-1.472246585901074156e-01	7.912417401067547984e-02	-6.170461441411049380e-02	2.163585635011220365e-01	-2.958977531226277824e-01	1.365511863182256036e-01	-1.566433384895095926e-01	7.793199989681738604e-02	-7.663014247476626073e-01	1.000000000000000666e+00	-1.733187431234033682e-01	1.374545727860747024e-01	-8.028689643551639721e-02	2.652155091350777982e-01	-3.916138429383608233e-01	1.071198648272885107e-01	-6.366561304706694346e-02	6.333221293436175348e-02	-1.332328254595406269e-01	1.293222796863175983e-01	-9.423440884860070921e-02	5.706775609630199142e-02	-7.381183475410836581e-02
3.525297310026397762e-02	-4.084895921640439853e-02	3.802409271143038921e-02	-3.711156738682360595e-02	1.991824195438125431e-02	-4.536781204225745490e-02	5.288172383260668352e-02	-3.899501941510573333e-02	3.749417997375022182e-02	-2.186870243096553784e-02	5.755095493916321386e-02	-6.121550374506180142e-02	5.271241661854628863e-02	-4.821524192551062543e-02	1.167421974409674906e-01	-1.034174251745328260e-01	8.886056770135231098e-02	-1.024587237373795756e-01	9.591094965790918081e-02	-9.032166825601893601e-02	1.272282852897717864e-01	-1.667858589212302400e-01	1.967025097786052612e-01	-1.275167307549915086e-01	9.997968578042695786e-02	-1.504124610572076803e-01	1.504046230541593865e-01	-2.624352198942334624e-01	2.424255148947704885e-01	-1.633957594987662520e-01	1.504466577977622010e-01	-1.733187431234033682e-01	1.000000000000000888e+00	-8.464288913354833799e-01	1.771734869704953974e-01	-9.714865683763775073e-02	8.930654406850192795e-02	-9.697423190974098495e-02	1.143293494949470523e-01	-1.263727727267871526e-01	6.417129830806203583e-02	-6.226463387274248917e-02	7.942834983236844726e-02	-1.023435940209256045e-01	1.254604689154212582e-01
-3.315427702949094724e-02	3.819848617680446368e-02	-3.589305470709714535e-02	3.486551372547743582e-02	-1.895845853731215752e-02	4.244076158769380380e-02	-4.987834262680967273e-02	3.669159639991614180e-02	-3.540354739579205934e-02	2.074917818951330789e-02	-5.432969079738237533e-02	5.731777051366151315e-02	-4.993030016770646368e-02	4.542277635266525615e-02	-1.154877086350208082e-01	9.551157256428426112e-02	-8.418312825860908843e-02	9.598582412424834509e-02	-9.248501807664899488e-02	8.738248683238007686e-02	-1.210701713282951730e-01	1.492959449052302934e-01	-2.012111586952679554e-01	1.207631378179581660e-01	-9.932267816720018183e-02	1.339751507081019810e-01	-1.406750331232722306e-01	2.058647268968492317e-01	-2.991234029690164609e-01	1.607107210504101213e-01	-1.458537156364617671e-01	1.374545727860747024e-01	-8.464288913354833799e-01	1.000000000000000666e+00	-2.321427012132578349e-01	8.604913572873067185e-02	-8.179846526741665902e-02	9.272978776559073766e-02	-1.389150944324131220e-01	1.306414754351350738e-01	-6.120115947475548296e-02	5.810693083017680338e-02	-7.971964583713225805e-02	1.069293750592573838e-01	-1.344914950188529357e-01
