1.000000000000000000e+00	-3.530150217205054175e-01	9.094535745395404547e-02	-5.434314100625147609e-02	3.860363357037424614e-02	-8.961302577145748849e-01	2.405586909332624035e-01	-8.908268147854679631e-02	4.790037693962336668e-02	-3.635012075931783049e-02	7.598793374767434661e-02	-7.060956253000071070e-02	4.405851626132063076e-02	-3.660041085098765523e-02	4.435581101974536700e-02	-2.235266189132698728e-02	4.323068051906259895e-02	-4.402447766440564791e-02	3.955108769998413182e-02	-4.071110199392459494e-02	1.986767173750508819e-02	-3.450167437473547483e-02	3.519343317641994429e-02	-2.198855997804163159e-02	2.476027634215296688e-02	-2.258813133016471936e-02	2.231966530750177646e-02	-2.890701807705541720e-02	2.565202462586942816e-02	-3.512154561023803773e-02	2.207823361560549980e-02	-2.169278854851738533e-02	2.192302745514344842e-02	-1.988709048407517194e-02	1.393162445493340354e-02	-1.833089619907479415e-02	1.565565272313846484e-02	-1.846968661792286817e-02	1.762695919491677823e-02	-1.209906430526905621e-02	1.603258200196829714e-02	-1.370468182887369865e-02	2.322521064118828610e-02	-1.705185616212041150e-02	2.622236073544238766e-02
-3.530150217205054175e-01	1.000000000000000000e+00	-2.393345696931058475e-01	1.014424100937415807e-01	-7.393724166457824043e-02	2.528092736878245761e-01	-8.303814756108510720e-01	1.948588587883164358e-01	-9.103240380378763152e-02	6.711548211171822209e-02	-1.305188927932407761e-01	1.300403607881520929e-01	-8.238104402090917766e-02	6.544125958585855773e-02	-7.629784998324933010e-02	3.690284890772322496e-02	-7.701943474397619782e-02	7.606470144527771593e-02	-7.070603951776109619e-02	6.816298296739836671e-02	-3.319004454942083709e-02	5.802900519188904788e-02	-5.978895650208047169e-02	3.678019847486119903e-02	-4.139790397993445281e-02	3.713475887802547559e-02	-3.704812884006072199e-02	4.779596604867151349e-02	-4.247936790592539424e-02	5.714150383558834478e-02	-3.646682221946172253e-02	3.571383289184339865e-02	-3.612368803923501209e-02	3.273546898194922006e-02	-2.288179971362690537e-02	3.008487369341188850e-02	-2.575992126799220641e-02	3.035027368618678847e-02	-2.898548899352137651e-02	1.986073687129153928e-02	-2.636289777640325044e-02	2.251496627694841990e-02	-3.816752538870123168e-02	2.799131335322821434e-02	-4.297860226081113427e-02
9.094535745395404547e-02	-2.393345696931058475e-01	1.000000000000000000e+00	-3.086894044070668253e-01	1.655864484944024884e-01	-1.052383355535982945e-01	2.000372026094237587e-01	-8.571907676369930895e-01	1.830242546421218808e-01	-1.465999738596290014e-01	9.678510361932238237e-02	-9.287547604794761658e-02	8.452083075121923084e-02	-9.476207986504470160e-02	1.003662304777873243e-01	-3.382991207791429672e-02	6.616020660140314869e-02	-8.279973898364169360e-02	9.608847369538589533e-02	-8.746918972599815323e-02	3.048508329256395880e-02	-5.449014106001186242e-02	5.999344670789121675e-02	-3.992494115258495707e-02	4.508940494033917418e-02	-3.691807578891632968e-02	3.702104763413682775e-02	-4.879553885881109110e-02	4.492535282157818222e-02	-6.123283477543010195e-02	3.651833849128720971e-02	-3.624495646886187472e-02	3.738247414296560350e-02	-3.442842996627554220e-02	2.412062747268700277e-02	-3.076362873228067826e-02	2.635919700104715283e-02	-3.148155275919438389e-02	3.043918284739290797e-02	-2.090738526015089097e-02	2.719742651665645050e-02	-2.321255052538437683e-02	3.985000127011484317e-02	-2.937805663543422569e-02	4.540228523171807584e-02
-5.434314100625147609e-02	1.014424100937415807e-01	-3.086894044070668253e-01	1.000000000000000444e+00	-7.006740373058684135e-01	6.217327301162620806e-02	-1.096715934557987854e-01	2.227145512671308281e-01	-4.098910311773924509e-01	3.044574242345054471e-01	-1.510010377320137598e-01	1.225923034092840508e-01	-1.293107457889574041e-01	1.772551482767421860e-01	-2.156414683613494809e-01	5.530032159001061626e-02	-1.062255142310491174e-01	1.294428202941338424e-01	-1.985811996743705177e-01	1.621697542942948378e-01	-5.042873688058161635e-02	8.850577926577796184e-02	-1.031957257581363890e-01	7.117718552578274072e-02	-8.144055156677582064e-02	6.266892765907668139e-02	-6.329819906136638363e-02	8.323841096969453179e-02	-7.992069373098965868e-02	1.064575095761675083e-01	-6.310326132264812427e-02	6.231766798607062813e-02	-6.588471002608489724e-02	6.078176022832762482e-02	-4.292023582010791316e-02	5.326490058355034390e-02	-4.587329669256576953e-02	5.530029920233096169e-02	-5.407188280098463445e-02	3.706574583506700576e-02	-4.785206677471103009e-02	4.065256396691477314e-02	-7.086863564874693044e-02	5.215936836094010876e-02	-8.150170844362904232e-02
3.860363357037424614e-02	-7.393724166457824043e-02	1.655864484944024884e-01	-7.006740373058684135e-01	1.000000000000000000e+00	-4.613528134414721094e-02	7.593591113999673126e-02	-1.799459342771901615e-01	2.860311448859457761e-01	-5.835156564224970310e-01	1.014437391938951410e-01	-8.861850084307804076e-02	9.117578914522388167e-02	-1.350115719473354570e-01	1.450732063500621005e-01	-3.917937152070969514e-02	7.393584780722538274e-02	-9.482697211550270011e-02	1.333102250812170653e-01	-1.248783904280458962e-01	3.544798555036893228e-02	-6.319680724746096212e-02	7.240087491013028065e-02	-5.086224930339641737e-02	5.780591175512774654e-02	-4.473611369515216596e-02	4.495131447139181363e-02	-5.970643530201164700e-02	5.658285645089167898e-02	-7.797520275200134354e-02	4.457866631827028803e-02	-4.446157537525189524e-02	4.655141985964430379e-02	-4.325743320895374111e-02	3.040123646351630682e-02	-3.797649883653565761e-02	3.256987647360323063e-02	-3.924768961941128842e-02	3.826227308633580598e-02	-2.632210646046123648e-02	3.382218643784853929e-02	-2.883459534554566606e-02	4.995878778375729273e-02	-3.693011477479710841e-02	5.738451804594389694e-02
-8.961302577145748849e-01	2.528092736878245761e-01	-1.052383355535982945e-01	6.217327301162620806e-02	-4.613528134414721094e-02	1.000000000000000222e+00	-3.248112462811377776e-01	9.778865196469622989e-02	-5.774865537655390901e-02	4.287295837661177916e-02	-9.924857805270483058e-02	8.587919552901508713e-02	-5.447599828915195008e-02	4.445322878808311007e-02	-5.481377264985207859e-02	2.769463372949126923e-02	-5.418103612739020442e-02	5.349395672038507327e-02	-4.858379962729474782e-02	4.943763513647586594e-02	-2.474610809018960855e-02	4.244152081799984488e-02	-4.361687958556399736e-02	2.704381442520903747e-02	-3.051896427825268043e-02	2.780359607330809557e-02	-2.752963560493127196e-02	3.549787282483483214e-02	-3.161687787703373193e-02	4.288428556483921128e-02	-2.728532515627502680e-02	2.668670132222945510e-02	-2.704586690598139928e-02	2.447405147564161998e-02	-1.716446791004889658e-02	2.255176484650137786e-02	-1.928922646135075233e-02	2.274865961573702827e-02	-2.172528808357478830e-02	1.489616751087759726e-02	-1.977599266645175755e-02	1.688477865142097578e-02	-2.865881340468082530e-02	2.101077426312941004e-02	-3.235075651877033359e-02
2.405586909332624035e-01	-8.303814756108510720e-01	2.000372026094237587e-01	-1.096715934557987854e-01	7.593591113999673126e-02	-3.248112462811377776e-01	9.999999999999998890e-01	-2.543702162784715060e-01	9.632603615096972660e-02	-7.324178912229159510e-02	1.365868645253218161e-01	-1.754246753141170956e-01	9.276444330516404879e-02	-7.262309153740344192e-02	8.136417852414563889e-02	-4.068136847579782028e-02	8.421569843288195800e-02	-8.756846723374032970e-02	7.645116416292994932e-02	-7.521862305139109806e-02	3.626811348473172464e-02	-6.505520466581128647e-02	6.540306771751636106e-02	-4.040284542599286571e-02	4.522941693908387462e-02	-4.099562309631227947e-02	4.078402013325231612e-02	-5.292349527656401570e-02	4.650398957952801837e-02	-6.331214717322500296e-02	3.995421807249946444e-02	-3.939154428031065719e-02	3.954659616243049597e-02	-3.592933862967227082e-02	2.504508387934151203e-02	-3.312702581135092833e-02	2.829728144445532723e-02	-3.330261701927765550e-02	3.172496400480876583e-02	-2.176742126909226444e-02	2.886979025041530589e-02	-2.470755625716822973e-02	4.170885930096477484e-02	-3.064568774132740356e-02	4.690265281306681133e-02
-8.908268147854679631e-02	1.948588587883164358e-01	-8.571907676369930895e-01	2.227145512671308281e-01	-1.799459342771901615e-01	9.778865196469622989e-02	-2.543702162784715060e-01	1.000000000000000444e+00	-2.450842895419229617e-01	1.502154082480223196e-01	-1.106770169667494197e-01	1.028817719387089130e-01	-1.002383313260424708e-01	1.094900549239607584e-01	-1.151148191288555722e-01	3.776946552806385859e-02	-7.490008068190642798e-02	9.266255061529680981e-02	-1.136890827316933694e-01	9.660089373157436377e-02	-3.415529175756742281e-02	6.076514189398132121e-02	-6.760809332944486827e-02	4.475894224023341250e-02	-5.060832089293080399e-02	4.110520545649219010e-02	-4.134976460929799119e-02	5.435810493638715268e-02	-5.026931227725903867e-02	6.774285306428322329e-02	-4.079575640782424212e-02	4.037780181936171525e-02	-4.175823471312793689e-02	3.840994370513870632e-02	-2.692058546364912985e-02	3.425957988398121296e-02	-2.939764481652497666e-02	3.511279738901352393e-02	-3.398761703808207690e-02	2.331818738671682933e-02	-3.036075253674774821e-02	2.588779360322565615e-02	-4.451477538942628237e-02	3.278367438024358538e-02	-5.071189922650023302e-02
4.790037693962336668e-02	-9.103240380378763152e-02	1.830242546421218808e-01	-4.098910311773924509e-01	2.860311448859457761e-01	-5.774865537655390901e-02	9.632603615096972660e-02	-2.450842895419229617e-01	1.000000000000000444e+00	-6.570513848214856178e-01	1.490907215387027029e-01	-1.432288421866046157e-01	1.602879082373475927e-01	-3.735505321713620819e-01	2.092228922867659657e-01	-5.927490373772816012e-02	1.130033620184181797e-01	-1.662588225141583553e-01	2.361035018097033533e-01	-2.032549888153530049e-01	5.335057123585017907e-02	-9.750664857832261334e-02	1.110152861758151865e-01	-7.934707626450356044e-02	8.864654708142188921e-02	-6.753769319495425694e-02	6.796972243603498220e-02	-9.140466109215607260e-02	8.537236339527594364e-02	-1.186377753010070674e-01	6.666439159965077688e-02	-6.707961748109134148e-02	6.945332887082876494e-02	-6.509117416409290757e-02	4.531800786083838711e-02	-5.701914613953130290e-02	4.878920670820963840e-02	-5.868998041338564786e-02	5.707837965262608365e-02	-3.932506601391617257e-02	5.034935973499074513e-02	-4.306698412798967701e-02	7.410397397223182636e-02	-5.499846474237467253e-02	8.473913392826042112e-02
-3.635012075931783049e-02	6.711548211171822209e-02	-1.465999738596290014e-01	3.044574242345054471e-01	-5.835156564224970310e-01	4.287295837661177916e-02	-7.324178912229159510e-02	1.502154082480223196e-01	-6.570513848214856178e-01	9.999999999999995559e-01	-1.220694301866219744e-01	1.055654736891819823e-01	-1.218333001449104502e-01	1.953731145963191473e-01	-2.023407331468172199e-01	4.636127469447089838e-02	-8.950084459536825077e-02	1.197936834772930087e-01	-1.998366156644310609e-01	1.529981510297183933e-01	-4.207050756821917314e-02	7.538662579558290389e-02	-8.792012682116699673e-02	6.210406805612703196e-02	-7.036888292890546015e-02	5.276019027027271935e-02	-5.333812252879969323e-02	7.098162061654007815e-02	-6.764797926187350596e-02	9.165597763197483316e-02	-5.263292235351565984e-02	5.249745490397297182e-02	-5.499338999470426009e-02	5.126554696172882369e-02	-3.588730627759893765e-02	4.472350681318811721e-02	-3.841435596668739405e-02	4.629373823754315276e-02	-4.521212262034025181e-02	3.106288376472874854e-02	-3.984818758175902309e-02	3.397050991342592807e-02	-5.886829016694128391e-02	4.354198826521561705e-02	-6.750032117788802577e-02
7.598793374767434661e-02	-1.305188927932407761e-01	9.678510361932238237e-02	-1.510010377320137598e-01	1.014437391938951410e-01	-9.924857805270483058e-02	1.365868645253218161e-01	-1.106770169667494197e-01	1.490907215387027029e-01	-1.220694301866219744e-01	9.999999999999994449e-01	-6.367568849787621499e-01	2.630977608853957705e-01	-1.922972149314131352e-01	2.222999706849679846e-01	-2.156508678125890199e-01	2.718423640389827090e-01	-3.160520722710739583e-01	1.989184855058886980e-01	-2.503043811574479083e-01	1.634100976867869648e-01	-2.637249461618336177e-01	2.318426407810957046e-01	-1.481733438468745834e-01	1.623139465561055095e-01	-1.762922294953591096e-01	1.627863215889669701e-01	-2.148594922521011585e-01	1.760231774024731966e-01	-2.666780423535660693e-01	1.611762798506993222e-01	-1.615559679784267788e-01	1.538858229870770922e-01	-1.404366907012402632e-01	9.704449141415064095e-02	-1.361209811633312117e-01	1.137186946405965154e-01	-1.321196327068802079e-01	1.228089944517552073e-01	-8.517160501435987185e-02	1.137169989713936735e-01	-9.867178696320236253e-02	1.610402927723861288e-01	-1.194616942695563844e-01	1.795395491407705268e-01
-7.060956253000071070e-02	1.300403607881520929e-01	-9.287547604794761658e-02	1.225923034092840508e-01	-8.861850084307804076e-02	8.587919552901508713e-02	-1.754246753141170956e-01	1.028817719387089130e-01	-1.432288421866046157e-01	1.055654736891819823e-01	-6.367568849787621499e-01	9.999999999999994449e-01	-4.788517261864098096e-01	1.912019443297552357e-01	-1.957040427244016723e-01	1.346319788213991564e-01	-3.663766932995520809e-01	2.875714422987394880e-01	-2.066881599084015586e-01	1.868750053744040185e-01	-1.203595256186215240e-01	2.191474957741486873e-01	-2.092053435173534537e-01	1.170827436990296150e-01	-1.294067376481538578e-01	1.241045357733509824e-01	-1.249236657215298252e-01	1.589365078788973484e-01	-1.338312378834368432e-01	1.775989757328988727e-01	-1.198278635627714334e-01	1.172049042101066391e-01	-1.145386746323314858e-01	1.029031982927660627e-01	-7.086163689444964497e-02	9.704132193100722947e-02	-8.297711659692567909e-02	9.606293220393989640e-02	-9.029282256493385839e-02	6.174204996369624110e-02	-8.347843828347301098e-02	7.160605748302864559e-02	-1.187696097156946129e-01	8.697260251986901891e-02	-1.311172812700041046e-01
4.405851626132063076e-02	-8.238104402090917766e-02	8.452083075121923084e-02	-1.293107457889574041e-01	9.117578914522388167e-02	-5.447599828915195008e-02	9.276444330516404879e-02	-1.002383313260424708e-01	1.602879082373475927e-01	-1.218333001449104502e-01	2.630977608853957705e-01	-4.788517261864098096e-01	9.999999999999998890e-01	-3.674829925563088961e-01	1.885541050631371340e-01	-9.524029009322045047e-02	2.141638283046142510e-01	-6.747611637341536239e-01	2.636882210835148621e-01	-1.925518237135304955e-01	8.442820501465157779e-02	-1.715197612905070834e-01	1.875516977612830538e-01	-1.082310108918409092e-01	1.142589718276428162e-01	-9.945875823397633264e-02	1.017081419267398118e-01	-1.408102493756940299e-01	1.141922230559225954e-01	-1.534064403449257319e-01	9.488556147897719839e-02	-9.668257733815623090e-02	9.402647776210228125e-02	-8.700809572767917444e-02	5.899355963137151854e-02	-7.957739384803808047e-02	6.782662299960433294e-02	-7.934927304575205287e-02	7.507033073024589609e-02	-5.153183093817590571e-02	6.797427639424855061e-02	-5.865251484092001699e-02	9.728384265642610329e-02	-7.207418447203996215e-02	1.077686677241576629e-01
-3.660041085098765523e-02	6.544125958585855773e-02	-9.476207986504470160e-02	1.772551482767421860e-01	-1.350115719473354570e-01	4.445322878808311007e-02	-7.262309153740344192e-02	1.094900549239607584e-01	-3.735505321713620819e-01	1.953731145963191473e-01	-1.922972149314131352e-01	1.912019443297552357e-01	-3.674829925563088961e-01	1.000000000000001110e+00	-3.106480002825583453e-01	7.248796656488801227e-02	-1.497033562421057895e-01	2.615891214194930869e-01	-7.049014745204134069e-01	2.467116912285733099e-01	-6.551107186557243722e-02	1.229475799871145580e-01	-1.460296159860512699e-01	1.048791426915339220e-01	-1.143138104099537533e-01	8.113255863974237758e-02	-8.291100921780387989e-02	1.125011549739208111e-01	-1.050740221347953585e-01	1.390156517093509847e-01	-7.979735184851804997e-02	8.051705783783846826e-02	-8.265907350448396806e-02	7.812163160607311918e-02	-5.356824493314597119e-02	6.773331338709775995e-02	-5.809055475546708036e-02	6.962152103426251515e-02	-6.775368815363566610e-02	4.650969057608024537e-02	-5.950230543356650054e-02	5.098207433182821990e-02	-8.723886249469973986e-02	6.488321064732724408e-02	-9.890653426923605440e-02
4.435581101974536700e-02	-7.629784998324933010e-02	1.003662304777873243e-01	-2.156414683613494809e-01	1.450732063500621005e-01	-5.481377264985207859e-02	8.136417852414563889e-02	-1.151148191288555722e-01	2.092228922867659657e-01	-2.023407331468172199e-01	2.222999706849679846e-01	-1.957040427244016723e-01	1.885541050631371340e-01	-3.106480002825583453e-01	1.000000000000001110e+00	-1.048053853889908821e-01	1.805580358202848457e-01	-2.221543882743958476e-01	2.688554548808338995e-01	-7.145668349775982087e-01	9.421243420819906678e-02	-1.678086519619291506e-01	1.968683489005804144e-01	-1.604454889268486228e-01	1.887253154661825139e-01	-1.293321258629318016e-01	1.289439490492257645e-01	-1.744659757415607249e-01	1.735564210481258252e-01	-2.692490841249720046e-01	1.285217542251782530e-01	-1.309810761785398237e-01	1.394562111001685645e-01	-1.336951962589825738e-01	9.412380089290398044e-02	-1.133838793827353225e-01	9.679791509299971730e-02	-1.188061693616865588e-01	1.173408279876798216e-01	-8.171202112317604849e-02	1.011553520876003198e-01	-8.652629741001478803e-02	1.514288111820344951e-01	-1.135220593662342320e-01	1.769893930817191541e-01
-2.235266189132698728e-02	3.690284890772322496e-02	-3.382991207791429672e-02	5.530032159001061626e-02	-3.917937152070969514e-02	2.769463372949126923e-02	-4.068136847579782028e-02	3.776946552806385859e-02	-5.927490373772816012e-02	4.636127469447089838e-02	-2.156508678125890199e-01	1.346319788213991564e-01	-9.524029009322045047e-02	7.248796656488801227e-02	-1.048053853889908821e-01	1.000000000000000666e+00	-2.262501934271810566e-01	1.133534145960785888e-01	-8.381756871173114132e-02	1.056506641279092301e-01	-8.762989842530890527e-01	2.047380752644315516e-01	-1.597438722280286050e-01	8.736965910398061808e-02	-9.650105814101372914e-02	2.116912240979968440e-01	-1.481632385764514448e-01	1.423491031539585727e-01	-1.125474598842862717e-01	1.342867928062319860e-01	-2.065864480992215535e-01	1.277279395196709022e-01	-1.134121314685487270e-01	9.024486237213509565e-02	-6.185558646375792502e-02	1.070014653852660036e-01	-9.182912979613165605e-02	9.317579909682574546e-02	-8.097634195163289084e-02	5.411838095429113982e-02	-8.888453258678721824e-02	7.436020790453709561e-02	-1.125881793324539221e-01	7.830563341898416629e-02	-1.139382162552193961e-01
4.323068051906259895e-02	-7.701943474397619782e-02	6.616020660140314869e-02	-1.062255142310491174e-01	7.393584780722538274e-02	-5.418103612739020442e-02	8.421569843288195800e-02	-7.490008068190642798e-02	1.130033620184181797e-01	-8.950084459536825077e-02	2.718423640389827090e-01	-3.663766932995520809e-01	2.141638283046142510e-01	-1.497033562421057895e-01	1.805580358202848457e-01	-2.262501934271810566e-01	1.000000000000002220e+00	-3.082497336821848899e-01	1.660137204726208071e-01	-1.962112892530588348e-01	1.868913180002525765e-01	-6.820706943923433574e-01	2.752539077214346541e-01	-1.503003015698501921e-01	1.561599066596215390e-01	-1.907272093903779886e-01	1.970816221582639971e-01	-2.387197768977500079e-01	1.707336497783618068e-01	-2.303532821714698031e-01	1.690579253138548566e-01	-1.781894346376572125e-01	1.526045589276552594e-01	-1.350060162216236426e-01	8.994262424646427834e-02	-1.381645004505871466e-01	1.166504279858486121e-01	-1.294629479974452324e-01	1.159090286568727063e-01	-7.933083713811635296e-02	1.115979453680498446e-01	-9.776598943720551937e-02	1.521451559726318126e-01	-1.117665322942836686e-01	1.616259599400654279e-01
-4.402447766440564791e-02	7.606470144527771593e-02	-8.279973898364169360e-02	1.294428202941338424e-01	-9.482697211550270011e-02	5.349395672038507327e-02	-8.756846723374032970e-02	9.266255061529680981e-02	-1.662588225141583553e-01	1.197936834772930087e-01	-3.160520722710739583e-01	2.875714422987394880e-01	-6.747611637341536239e-01	2.615891214194930869e-01	-2.221543882743958476e-01	1.133534145960785888e-01	-3.082497336821848899e-01	1.000000000000001332e+00	-3.683454795244610058e-01	2.109770401451049882e-01	-1.037994114714846927e-01	2.104989840128549117e-01	-3.011875917889205168e-01	1.375211612636861591e-01	-1.462550776756303683e-01	1.198869953327412752e-01	-1.273141117842284953e-01	1.741122024431933646e-01	-1.430708759269933850e-01	1.791778512819135472e-01	-1.167364145532676090e-01	1.174104416524772571e-01	-1.157342516610905120e-01	1.062895804211131667e-01	-7.187381183175944876e-02	9.605319885610964781e-02	-8.271229289047672684e-02	9.655295943898394018e-02	-9.181886449368675818e-02	6.257580664831041695e-02	-8.303024401349358430e-02	7.129484498368829359e-02	-1.190041313917154092e-01	8.766161264534214070e-02	-1.310482192980059191e-01
3.955108769998413182e-02	-7.070603951776109619e-02	9.608847369538589533e-02	-1.985811996743705177e-01	1.333102250812170653e-01	-4.858379962729474782e-02	7.645116416292994932e-02	-1.136890827316933694e-01	2.361035018097033533e-01	-1.998366156644310609e-01	1.989184855058886980e-01	-2.066881599084015586e-01	2.636882210835148621e-01	-7.049014745204134069e-01	2.688554548808338995e-01	-8.381756871173114132e-02	1.660137204726208071e-01	-3.683454795244610058e-01	1.000000000000000222e+00	-3.727589584005044920e-01	7.527486837195879188e-02	-1.450511653977016868e-01	1.705585879028673757e-01	-1.394635618575056912e-01	1.411422114129461391e-01	-9.604685251143199598e-02	9.799164289252654259e-02	-1.358830102636522652e-01	1.263021194421226068e-01	-1.691317970586081465e-01	9.368275746203814924e-02	-9.577822122034536367e-02	9.772455790383809127e-02	-9.401405657599777588e-02	6.367411423166734197e-02	-8.040474182973406103e-02	6.876573910179735460e-02	-8.266822327637296519e-02	8.052740041115083458e-02	-5.542440564913435341e-02	7.017906141672158871e-02	-6.033475437693015114e-02	1.028854974538867956e-01	-7.702338530247090920e-02	1.165543156977072586e-01
-4.071110199392459494e-02	6.816298296739836671e-02	-8.746918972599815323e-02	1.621697542942948378e-01	-1.248783904280458962e-01	4.943763513647586594e-02	-7.521862305139109806e-02	9.660089373157436377e-02	-2.032549888153530049e-01	1.529981510297183933e-01	-2.503043811574479083e-01	1.868750053744040185e-01	-1.925518237135304955e-01	2.467116912285733099e-01	-7.145668349775982087e-01	1.056506641279092301e-01	-1.962112892530588348e-01	2.109770401451049882e-01	-3.727589584005044920e-01	1.000000000000001332e+00	-9.777832684840220834e-02	1.706536103232302037e-01	-2.245267363926151671e-01	1.840812355338367901e-01	-2.644848882903493292e-01	1.301120201404794841e-01	-1.344712383586893212e-01	1.774429364523897878e-01	-1.961639267476941728e-01	2.392413556028132604e-01	-1.347285587426814424e-01	1.336480552924066145e-01	-1.492625468651435083e-01	1.416827839431230307e-01	-1.003557775681093445e-01	1.153455684352263921e-01	-1.004948120968097991e-01	1.244316245526367187e-01	-1.261404945050223214e-01	8.589649936046964140e-02	-1.067726918479856568e-01	9.016052744639083127e-02	-1.626703429639368981e-01	1.203954929100509441e-01	-1.910041639419435833e-01
1.986767173750508819e-02	-3.319004454942083709e-02	3.048508329256395880e-02	-5.042873688058161635e-02	3.544798555036893228e-02	-2.474610809018960855e-02	3.626811348473172464e-02	-3.415529175756742281e-02	5.335057123585017907e-02	-4.207050756821917314e-02	1.634100976867869648e-01	-1.203595256186215240e-01	8.442820501465157779e-02	-6.551107186557243722e-02	9.421243420819906678e-02	-8.762989842530890527e-01	1.868913180002525765e-01	-1.037994114714846927e-01	7.527486837195879188e-02	-9.777832684840220834e-02	1.000000000000000444e+00	-2.439878820104113555e-01	1.483671482644177697e-01	-8.169323858241625547e-02	8.844314912659381744e-02	-2.834356427557795377e-01	1.465936181808804861e-01	-1.425422909353339651e-01	1.038153917744141924e-01	-1.273425301325798176e-01	1.857868647983087762e-01	-1.263510802319002813e-01	1.044515762833956446e-01	-8.401139149210187784e-02	5.660226179947022707e-02	-1.029028497173297418e-01	8.638567359371522592e-02	-8.709799700271518563e-02	7.427400466106633126e-02	-4.984406555904339481e-02	8.131868584213568230e-02	-6.946138139526046584e-02	1.021435132963734033e-01	-7.186463338548933211e-02	1.027675753984852169e-01
-3.450167437473547483e-02	5.802900519188904788e-02	-5.449014106001186242e-02	8.850577926577796184e-02	-6.319680724746096212e-02	4.244152081799984488e-02	-6.505520466581128647e-02	6.076514189398132121e-02	-9.750664857832261334e-02	7.538662579558290389e-02	-2.637249461618336177e-01	2.191474957741486873e-01	-1.715197612905070834e-01	1.229475799871145580e-01	-1.678086519619291506e-01	2.047380752644315516e-01	-6.820706943923433574e-01	2.104989840128549117e-01	-1.450511653977016868e-01	1.706536103232302037e-01	-2.439878820104113555e-01	1.000000000000001110e+00	-4.399811827740459091e-01	1.648887403137544727e-01	-1.745260151137842664e-01	1.968952664516753492e-01	-2.744051819656457281e-01	2.518852197349467081e-01	-1.847939479991762002e-01	2.127518555036329029e-01	-1.891034384894512699e-01	1.879233507811705617e-01	-1.657459189701827595e-01	1.391988338441404460e-01	-9.255217229665148315e-02	1.404366906511024526e-01	-1.246445955364695185e-01	1.341996220354769731e-01	-1.206919512613999768e-01	8.091528679618588404e-02	-1.183743569933437267e-01	1.016837703639550256e-01	-1.604208990222124043e-01	1.148746852318523748e-01	-1.661890548189816907e-01
3.519343317641994429e-02	-5.978895650208047169e-02	5.999344670789121675e-02	-1.031957257581363890e-01	7.240087491013028065e-02	-4.361687958556399736e-02	6.540306771751636106e-02	-6.760809332944486827e-02	1.110152861758151865e-01	-8.792012682116699673e-02	2.318426407810957046e-01	-2.092053435173534537e-01	1.875516977612830538e-01	-1.460296159860512699e-01	1.968683489005804144e-01	-1.597438722280286050e-01	2.752539077214346541e-01	-3.011875917889205168e-01	1.705585879028673757e-01	-2.245267363926151671e-01	1.483671482644177697e-01	-4.399811827740459091e-01	1.000000000000002887e+00	-3.592271276281184256e-01	2.518826646840232053e-01	-2.124163948256052037e-01	2.467111600764403390e-01	-5.133953972372858887e-01	2.560347768370488386e-01	-3.103797376825191412e-01	1.921618162736731250e-01	-2.186342579907096517e-01	1.924837832638244262e-01	-1.879059250082357191e-01	1.157355488609549121e-01	-1.651713851386895637e-01	1.413529954277620293e-01	-1.622635694155176722e-01	1.501598625747763149e-01	-1.026266430589321266e-01	1.340441673977803561e-01	-1.183074859520201749e-01	1.867465805921683097e-01	-1.415027969226987647e-01	1.970693351370339519e-01
-2.198855997804163159e-02	3.678019847486119903e-02	-3.992494115258495707e-02	7.117718552578274072e-02	-5.086224930339641737e-02	2.704381442520903747e-02	-4.040284542599286571e-02	4.475894224023341250e-02	-7.934707626450356044e-02	6.210406805612703196e-02	-1.481733438468745834e-01	1.170827436990296150e-01	-1.082310108918409092e-01	1.048791426915339220e-01	-1.604454889268486228e-01	8.736965910398061808e-02	-1.503003015698501921e-01	1.375211612636861591e-01	-1.394635618575056912e-01	1.840812355338367901e-01	-8.169323858241625547e-02	1.648887403137544727e-01	-3.592271276281184256e-01	9.999999999999996669e-01	-7.507484747327417551e-01	1.213997102021716901e-01	-1.364537079582558432e-01	2.139169071933927635e-01	-4.077964737033566989e-01	2.725474771358638026e-01	-1.201127016966835881e-01	1.310187661727910402e-01	-1.446095995798690192e-01	1.846713726515830378e-01	-1.025639795173070717e-01	1.074721105287994721e-01	-9.375333767563967524e-02	1.211223337664138616e-01	-1.345212487445566762e-01	8.893101724157262411e-02	-9.367589088836497657e-02	8.186328293440303661e-02	-1.433521141558715128e-01	1.167142304945732456e-01	-1.600118931066036310e-01
2.476027634215296688e-02	-4.139790397993445281e-02	4.508940494033917418e-02	-8.144055156677582064e-02	5.780591175512774654e-02	-3.051896427825268043e-02	4.522941693908387462e-02	-5.060832089293080399e-02	8.864654708142188921e-02	-7.036888292890546015e-02	1.623139465561055095e-01	-1.294067376481538578e-01	1.142589718276428162e-01	-1.143138104099537533e-01	1.887253154661825139e-01	-9.650105814101372914e-02	1.561599066596215390e-01	-1.462550776756303683e-01	1.411422114129461391e-01	-2.644848882903493292e-01	8.844314912659381744e-02	-1.745260151137842664e-01	2.518826646840232053e-01	-7.507484747327417551e-01	1.000000000000000666e+00	-1.339366158790480654e-01	1.422652022237734515e-01	-2.226418957392674036e-01	2.733044672985102119e-01	-4.131283369205381861e-01	1.303923853456223914e-01	-1.429436271006593040e-01	1.523149078246660015e-01	-1.916671568911052781e-01	1.097340451546791606e-01	-1.191092208298618754e-01	1.022429670955735670e-01	-1.315013103135080075e-01	1.382088113281947361e-01	-9.714339371542200785e-02	1.026707868542344471e-01	-9.000989153163110879e-02	1.554019986807889386e-01	-1.269909542741433917e-01	1.750946854220077342e-01
-2.258813133016471936e-02	3.713475887802547559e-02	-3.691807578891632968e-02	6.266892765907668139e-02	-4.473611369515216596e-02	2.780359607330809557e-02	-4.099562309631227947e-02	4.110520545649219010e-02	-6.753769319495425694e-02	5.276019027027271935e-02	-1.762922294953591096e-01	1.241045357733509824e-01	-9.945875823397633264e-02	8.113255863974237758e-02	-1.293321258629318016e-01	2.116912240979968440e-01	-1.907272093903779886e-01	1.198869953327412752e-01	-9.604685251143199598e-02	1.301120201404794841e-01	-2.834356427557795377e-01	1.968952664516753492e-01	-2.124163948256052037e-01	1.213997102021716901e-01	-1.339366158790480654e-01	1.000000000000001332e+00	-4.253494987914239189e-01	2.409929854590160681e-01	-1.743622394934091768e-01	1.888013710403060041e-01	-7.006818880782414993e-01	2.685546114319501410e-01	-2.037246169257555251e-01	1.442301049460848472e-01	-9.657251822310380929e-02	2.187767623107904347e-01	-1.888332968244210153e-01	1.637349884094915498e-01	-1.304417771275393212e-01	8.517030034388335669e-02	-1.673024889049936070e-01	1.387081042439536338e-01	-1.880993018040970077e-01	1.258338189842513333e-01	-1.739408218796155425e-01
2.231966530750177646e-02	-3.704812884006072199e-02	3.702104763413682775e-02	-6.329819906136638363e-02	4.495131447139181363e-02	-2.752963560493127196e-02	4.078402013325231612e-02	-4.134976460929799119e-02	6.796972243603498220e-02	-5.333812252879969323e-02	1.627863215889669701e-01	-1.249236657215298252e-01	1.017081419267398118e-01	-8.291100921780387989e-02	1.289439490492257645e-01	-1.481632385764514448e-01	1.970816221582639971e-01	-1.273141117842284953e-01	9.799164289252654259e-02	-1.344712383586893212e-01	1.465936181808804861e-01	-2.744051819656457281e-01	2.467111600764403390e-01	-1.364537079582558432e-01	1.422652022237734515e-01	-4.253494987914239189e-01	9.999999999999991118e-01	-5.199104975431965148e-01	1.945420261692449304e-01	-2.030679133680772797e-01	2.801981713464725132e-01	-5.509767928307182094e-01	2.244351224682000212e-01	-1.606899413553019018e-01	9.903827765367874403e-02	-2.214611704086307253e-01	2.039247377412953810e-01	-1.822296417392258450e-01	1.359177944173184938e-01	-8.876713568053851144e-02	1.566672163729991851e-01	-1.457511017888241389e-01	1.862000549131668792e-01	-1.296887214289930423e-01	1.701099759407191103e-01
-2.890701807705541720e-02	4.779596604867151349e-02	-4.879553885881109110e-02	8.323841096969453179e-02	-5.970643530201164700e-02	3.549787282483483214e-02	-5.292349527656401570e-02	5.435810493638715268e-02	-9.140466109215607260e-02	7.098162061654007815e-02	-2.148594922521011585e-01	1.589365078788973484e-01	-1.408102493756940299e-01	1.125011549739208111e-01	-1.744659757415607249e-01	1.423491031539585727e-01	-2.387197768977500079e-01	1.741122024431933646e-01	-1.358830102636522652e-01	1.774429364523897878e-01	-1.425422909353339651e-01	2.518852197349467081e-01	-5.133953972372858887e-01	2.139169071933927635e-01	-2.226418957392674036e-01	2.409929854590160681e-01	-5.199104975431965148e-01	9.999999999999995559e-01	-3.544837628181311540e-01	2.628405855642337863e-01	-2.509736557346584629e-01	2.684021612870964857e-01	-2.591824086418750284e-01	2.101649882621000609e-01	-1.309517309387452644e-01	1.878463892303837146e-01	-1.775631780203605903e-01	1.920598682322791073e-01	-1.761594908463526843e-01	1.137303894680708194e-01	-1.638757268537140988e-01	1.400453834833049749e-01	-2.262258887850296940e-01	1.604087877828621611e-01	-2.225616109997153591e-01
2.565202462586942816e-02	-4.247936790592539424e-02	4.492535282157818222e-02	-7.992069373098965868e-02	5.658285645089167898e-02	-3.161687787703373193e-02	4.650398957952801837e-02	-5.026931227725903867e-02	8.537236339527594364e-02	-6.764797926187350596e-02	1.760231774024731966e-01	-1.338312378834368432e-01	1.141922230559225954e-01	-1.050740221347953585e-01	1.735564210481258252e-01	-1.125474598842862717e-01	1.707336497783618068e-01	-1.430708759269933850e-01	1.263021194421226068e-01	-1.961639267476941728e-01	1.038153917744141924e-01	-1.847939479991762002e-01	2.560347768370488386e-01	-4.077964737033566989e-01	2.733044672985102119e-01	-1.743622394934091768e-01	1.945420261692449304e-01	-3.544837628181311540e-01	1.000000000000000444e+00	-4.494549077102228951e-01	1.702407032105385520e-01	-2.006245031494101327e-01	2.299772525286616631e-01	-5.292264074379174899e-01	1.725057796409495414e-01	-1.642977123131806605e-01	1.425380782199938967e-01	-2.026964885311615672e-01	2.396074159996556263e-01	-1.600542263556593015e-01	1.388907884045492702e-01	-1.250802744112039788e-01	2.189359417498115412e-01	-2.049565430003701949e-01	2.385222342980151400e-01
-3.512154561023803773e-02	5.714150383558834478e-02	-6.123283477543010195e-02	1.064575095761675083e-01	-7.797520275200134354e-02	4.288428556483921128e-02	-6.331214717322500296e-02	6.774285306428322329e-02	-1.186377753010070674e-01	9.165597763197483316e-02	-2.666780423535660693e-01	1.775989757328988727e-01	-1.534064403449257319e-01	1.390156517093509847e-01	-2.692490841249720046e-01	1.342867928062319860e-01	-2.303532821714698031e-01	1.791778512819135472e-01	-1.691317970586081465e-01	2.392413556028132604e-01	-1.273425301325798176e-01	2.127518555036329029e-01	-3.103797376825191412e-01	2.725474771358638026e-01	-4.131283369205381861e-01	1.888013710403060041e-01	-2.030679133680772797e-01	2.628405855642337863e-01	-4.494549077102228951e-01	1.000000000000001554e+00	-2.073303597275697185e-01	2.075095384571662149e-01	-2.651288977133600122e-01	2.685137519662590400e-01	-2.259166027210923466e-01	1.830989476323568454e-01	-1.642832495791649028e-01	2.179039752989890000e-01	-2.510604475534990443e-01	1.761547590239764816e-01	-1.805533863325923249e-01	1.510929522537287628e-01	-2.946140603252243584e-01	2.253546886961522444e-01	-3.692815264744050419e-01
2.207823361560549980e-02	-3.646682221946172253e-02	3.651833849128720971e-02	-6.310326132264812427e-02	4.457866631827028803e-02	-2.728532515627502680e-02	3.995421807249946444e-02	-4.079575640782424212e-02	6.666439159965077688e-02	-5.263292235351565984e-02	1.611762798506993222e-01	-1.198278635627714334e-01	9.488556147897719839e-02	-7.979735184851804997e-02	1.285217542251782530e-01	-2.065864480992215535e-01	1.690579253138548566e-01	-1.167364145532676090e-01	9.368275746203814924e-02	-1.347285587426814424e-01	1.857868647983087762e-01	-1.891034384894512699e-01	1.921618162736731250e-01	-1.201127016966835881e-01	1.303923853456223914e-01	-7.006818880782414993e-01	2.801981713464725132e-01	-2.509736557346584629e-01	1.702407032105385520e-01	-2.073303597275697185e-01	1.000000000000003109e+00	-3.668586995527370331e-01	2.096189459566008551e-01	-1.533837456754427730e-01	9.907059623019937034e-02	-3.608454336067986601e-01	2.253808026695718059e-01	-1.875397578093905560e-01	1.352868844514282798e-01	-8.952701302967742969e-02	1.835412454814175642e-01	-1.659038043526428474e-01	1.928999119649484895e-01	-1.329187712819257239e-01	1.739085218984686154e-01
-2.169278854851738533e-02	3.571383289184339865e-02	-3.624495646886187472e-02	6.231766798607062813e-02	-4.446157537525189524e-02	2.668670132222945510e-02	-3.939154428031065719e-02	4.037780181936171525e-02	-6.707961748109134148e-02	5.249745490397297182e-02	-1.615559679784267788e-01	1.172049042101066391e-01	-9.668257733815623090e-02	8.051705783783846826e-02	-1.309810761785398237e-01	1.277279395196709022e-01	-1.781894346376572125e-01	1.174104416524772571e-01	-9.577822122034536367e-02	1.336480552924066145e-01	-1.263510802319002813e-01	1.879233507811705617e-01	-2.186342579907096517e-01	1.310187661727910402e-01	-1.429436271006593040e-01	2.685546114319501410e-01	-5.509767928307182094e-01	2.684021612870964857e-01	-2.006245031494101327e-01	2.075095384571662149e-01	-3.668586995527370331e-01	1.000000000000003331e+00	-3.983907801885511191e-01	1.834824759119714210e-01	-1.159386422964694546e-01	2.758344449205206717e-01	-4.131219037289817209e-01	2.458264462049591925e-01	-1.658505576749037536e-01	1.036673375665922991e-01	-2.221134815959629749e-01	1.992389403591641461e-01	-2.465785293865415950e-01	1.566404430127419922e-01	-2.007799954510077756e-01
2.192302745514344842e-02	-3.612368803923501209e-02	3.738247414296560350e-02	-6.588471002608489724e-02	4.655141985964430379e-02	-2.704586690598139928e-02	3.954659616243049597e-02	-4.175823471312793689e-02	6.945332887082876494e-02	-5.499338999470426009e-02	1.538858229870770922e-01	-1.145386746323314858e-01	9.402647776210228125e-02	-8.265907350448396806e-02	1.394562111001685645e-01	-1.134121314685487270e-01	1.526045589276552594e-01	-1.157342516610905120e-01	9.772455790383809127e-02	-1.492625468651435083e-01	1.044515762833956446e-01	-1.657459189701827595e-01	1.924837832638244262e-01	-1.446095995798690192e-01	1.523149078246660015e-01	-2.037246169257555251e-01	2.244351224682000212e-01	-2.591824086418750284e-01	2.299772525286616631e-01	-2.651288977133600122e-01	2.096189459566008551e-01	-3.983907801885511191e-01	1.000000000000001776e+00	-3.454449469446134735e-01	1.548258248480645360e-01	-2.511857098701810731e-01	2.357846671123139948e-01	-6.345168428493036528e-01	2.427139068696654300e-01	-1.494181841866278893e-01	1.865139217697411311e-01	-1.856793530008206128e-01	2.902817053542336989e-01	-2.209637552658682558e-01	2.321740737512609232e-01
-1.988709048407517194e-02	3.273546898194922006e-02	-3.442842996627554220e-02	6.078176022832762482e-02	-4.325743320895374111e-02	2.447405147564161998e-02	-3.592933862967227082e-02	3.840994370513870632e-02	-6.509117416409290757e-02	5.126554696172882369e-02	-1.404366907012402632e-01	1.029031982927660627e-01	-8.700809572767917444e-02	7.812163160607311918e-02	-1.336951962589825738e-01	9.024486237213509565e-02	-1.350060162216236426e-01	1.062895804211131667e-01	-9.401405657599777588e-02	1.416827839431230307e-01	-8.401139149210187784e-02	1.391988338441404460e-01	-1.879059250082357191e-01	1.846713726515830378e-01	-1.916671568911052781e-01	1.442301049460848472e-01	-1.606899413553019018e-01	2.101649882621000609e-01	-5.292264074379174899e-01	2.685137519662590400e-01	-1.533837456754427730e-01	1.834824759119714210e-01	-3.454449469446134735e-01	1.000000000000001554e+00	-2.839228225189405208e-01	1.564809885689424362e-01	-1.450202530518640842e-01	2.460099113635773049e-01	-5.330482129409941372e-01	2.225853011186913200e-01	-1.426622273487849757e-01	1.288496154271718541e-01	-2.653060179878189428e-01	2.574880840708881347e-01	-2.938630857610318170e-01
