1.000000000000000000e+00	-5.855567420271028389e-01	2.450468016868600496e-01	-1.086580522595313042e-01	8.572850069895358860e-02	-6.143200917292570562e-01	2.916118606683141823e-01	-2.869880026005010576e-01	1.160457213828173795e-01	-8.743385389717713008e-02	2.586010627509970350e-01	-2.410249359727818785e-01	1.433306412586773382e-01	-1.106655912459576785e-01	1.014458706403866262e-01	-1.715362284228199308e-01	1.486105111386257227e-01	-1.356603967915350484e-01	9.982137194436795091e-02	-8.495000821861795059e-02	1.029191231704894155e-01	-1.028658503959945653e-01	9.963598848913000905e-02	-9.599056761381585812e-02	1.110561245252346535e-01	-8.353682892102992641e-02	8.565204109337064275e-02	-1.079257994511147734e-01	7.703071605733771698e-02	-1.251842182673446047e-01	5.281274458841207775e-02	-6.142177303953354206e-02	6.860224688139598959e-02	-8.498122034446978224e-02	5.564288753603686272e-02	-4.379393504012519395e-02	6.034514395735474102e-02	-5.401104846095326761e-02	4.699881655109037354e-02	-7.263169600023144934e-02	2.314973700635195725e-02	-2.078253588714898403e-02	6.586585296711655602e-02	-3.611183160540632625e-02	7.044168210642190453e-02
-5.855567420271028389e-01	9.999999999999997780e-01	-5.529263256381329317e-01	1.427019220769983332e-01	-1.158147093771062230e-01	2.766235625428262179e-01	-3.559467128782628498e-01	2.962909078271793173e-01	-1.510298827859320181e-01	1.055223099763438893e-01	-2.760882463329316083e-01	2.160527176471002675e-01	-1.555018583469803539e-01	1.198290233068217414e-01	-1.168071445934876079e-01	1.551249949437944475e-01	-1.531775789787038489e-01	1.357828848757432483e-01	-1.108386136855696730e-01	9.306636206157671565e-02	-1.027174245342352410e-01	1.004488266331167168e-01	-1.012155984657175101e-01	9.489907069503737691e-02	-1.177747652015800478e-01	8.110135487522524000e-02	-8.626861555474731047e-02	1.038720724454372663e-01	-7.620799916808497498e-02	1.212681478506567878e-01	-5.294541134115296477e-02	6.095071585252128527e-02	-6.836454249081107271e-02	8.304213387400675994e-02	-5.416786788666175939e-02	4.356799219402511525e-02	-6.069069012897710530e-02	5.385121352614902906e-02	-4.705926841744093037e-02	7.011791843196356344e-02	-2.329261345148899570e-02	2.085624591218216903e-02	-6.639320487774343083e-02	3.609979997875387148e-02	-7.049566650167651827e-02
2.450468016868600496e-01	-5.529263256381329317e-01	1.000000000000000000e+00	-2.502792547485644947e-01	1.491670665261611017e-01	-2.038606583644049508e-01	2.552406010047671425e-01	-6.541436025913701657e-01	1.948171309897556713e-01	-1.399776671206963141e-01	1.944096747086882515e-01	-1.993746027376566698e-01	1.645636639007362900e-01	-1.375722254158152913e-01	1.256253034928778711e-01	-1.432168607611080391e-01	1.376449382947760591e-01	-1.466012668075025172e-01	1.178386720707117613e-01	-1.019473615201373362e-01	9.486700977953006764e-02	-9.632375737657790371e-02	9.812683404991585923e-02	-9.497441582464521970e-02	1.172470057006552019e-01	-7.720250387256472058e-02	8.105503166421283712e-02	-1.044733605302279184e-01	7.559543726272269226e-02	-1.263518366382170022e-01	5.069355532514394080e-02	-5.891808472267773267e-02	6.659789453659328839e-02	-8.271959859587499353e-02	5.535588133831256114e-02	-4.198202311487519989e-02	5.824970122024367841e-02	-5.227545747868044684e-02	4.566033547789088987e-02	-7.212518784225541157e-02	2.243246313237782716e-02	-2.011775502550823200e-02	6.400907208286256422e-02	-3.507472024213663386e-02	6.847263727461186389e-02
-1.086580522595313042e-01	1.427019220769983332e-01	-2.502792547485644947e-01	9.999999999999997780e-01	-6.216498394241343206e-01	8.925714386317840088e-02	-1.209901803363522960e-01	1.890766321108483250e-01	-6.190121402331278944e-01	3.145610603800729210e-01	-1.127868627787811801e-01	1.120741866354145883e-01	-1.253937123569494050e-01	1.752146174496429787e-01	-1.929606754952792880e-01	9.236648818997861277e-02	-9.396028735277067723e-02	1.104823097961140366e-01	-1.480050597613677410e-01	1.346760676051990957e-01	-6.911038414023390475e-02	7.127646998405785805e-02	-7.800649371448491187e-02	7.938979539383693440e-02	-1.183404004190240916e-01	5.693847961616335662e-02	-6.158713349000561471e-02	8.388223675559053349e-02	-6.235347206193054409e-02	1.137505198234236570e-01	-3.982526011994087789e-02	4.635801871120971002e-02	-5.367499718950039661e-02	6.746782046693981794e-02	-4.795698590030528230e-02	3.296707871120427985e-02	-4.623267275291731426e-02	4.184783956233686236e-02	-3.682621363779688822e-02	6.229149617346491086e-02	-1.794479358716472711e-02	1.607149210162894110e-02	-5.149699791661360715e-02	2.829066133127174781e-02	-5.533597460110613320e-02
8.572850069895358860e-02	-1.158147093771062230e-01	1.491670665261611017e-01	-6.216498394241343206e-01	1.000000000000000000e+00	-7.381875028148525419e-02	9.702603458365427480e-02	-1.504517650832741249e-01	3.189999816897337026e-01	-6.533380461581824727e-01	9.583793192753084500e-02	-9.942009576878310662e-02	1.094391344836744967e-01	-1.681574325128528946e-01	2.009300610300156498e-01	-8.500767531640014696e-02	8.462953588908586622e-02	-1.030890234682064199e-01	1.329124466127271087e-01	-1.532007629654032199e-01	6.457101220368911820e-02	-6.766540333529152962e-02	7.412983382701152091e-02	-7.855631866492786275e-02	1.165349291885233035e-01	-5.429036273819027453e-02	5.850442622421667821e-02	-8.380739900227125727e-02	6.164368321232748665e-02	-1.202930528338574390e-01	3.860224326883184703e-02	-4.522688756281872946e-02	5.279394626366466781e-02	-6.752041099002914493e-02	4.960686278810305661e-02	-3.209077198241504225e-02	4.496653767347719849e-02	-4.109686633933669342e-02	3.625869341011070390e-02	-6.487257387490664995e-02	1.752506853138626960e-02	-1.570911117509055793e-02	5.037907250864503972e-02	-2.788406616117510700e-02	5.461272708802367148e-02
-6.143200917292570562e-01	2.766235625428262179e-01	-2.038606583644049508e-01	8.925714386317840088e-02	-7.381875028148525419e-02	1.000000000000000444e+00	-5.271131497678732680e-01	2.276564576177351751e-01	-1.008912460626751051e-01	7.433806251534090526e-02	-4.442500805997910973e-01	2.558683523065160559e-01	-1.383844986931933307e-01	9.930994117792328602e-02	-9.137589097904627589e-02	1.730656976267676006e-01	-1.550550368737850515e-01	1.267164936894813743e-01	-9.161700162447089513e-02	7.597016333780393094e-02	-1.011618093796554235e-01	9.801533416255428510e-02	-9.361647330046689308e-02	8.753431750804402389e-02	-1.004464984449003201e-01	7.866995298525575331e-02	-8.104476079321433490e-02	9.654567249704396059e-02	-6.972746405321567087e-02	1.091368807984365169e-01	-4.850571541740401893e-02	5.613148982336243348e-02	-6.213793565658675550e-02	7.604221267044435073e-02	-4.894235568387448471e-02	3.999265434577693040e-02	-5.510238435848843069e-02	4.874138234864808239e-02	-4.198813844432973397e-02	6.356088148639403579e-02	-2.095054430775740786e-02	1.880013454870731529e-02	-5.946060795675324473e-02	3.225980459028458813e-02	-6.253753874118961331e-02
2.916118606683141823e-01	-3.559467128782628498e-01	2.552406010047671425e-01	-1.209901803363522960e-01	9.702603458365427480e-02	-5.271131497678732680e-01	1.000000000000000444e+00	-4.527604191163920322e-01	1.364483141930690757e-01	-1.007706478228005686e-01	2.981196508137740619e-01	-4.708321784329084214e-01	1.917672124366485431e-01	-1.356743213018574146e-01	1.195973769267503206e-01	-2.068103276399996804e-01	1.991581264196355672e-01	-1.749892090826686286e-01	1.212876212959172195e-01	-1.004391336533460993e-01	1.236074572309815989e-01	-1.248859653494874961e-01	1.196852410652576582e-01	-1.128238961606146257e-01	1.289232919245041353e-01	-9.845314349706540957e-02	1.011943092587884174e-01	-1.240804081665596026e-01	8.932265546652250199e-02	-1.413297415500155974e-01	6.114123694530515518e-02	-7.100812203522859078e-02	7.892717709471973320e-02	-9.731436180842796546e-02	6.304962560336564714e-02	-5.053824057891913302e-02	6.959428206622463031e-02	-6.184191628961398929e-02	5.332589460347109123e-02	-8.199959389206856741e-02	2.652141039238194511e-02	-2.380778306063850713e-02	7.533378926272209231e-02	-4.098268196621061843e-02	7.948147789247407558e-02
-2.869880026005010576e-01	2.962909078271793173e-01	-6.541436025913701657e-01	1.890766321108483250e-01	-1.504517650832741249e-01	2.276564576177351751e-01	-4.527604191163920322e-01	9.999999999999997780e-01	-2.428845952362229388e-01	1.437899929964486789e-01	-2.478027023231521575e-01	2.356694482463746187e-01	-2.465156741893415882e-01	1.594364185635216979e-01	-1.467290595575091172e-01	1.635272744209243512e-01	-1.723232654312222278e-01	1.767379037866872171e-01	-1.421062909374869176e-01	1.160620723765580231e-01	-1.116181786804401888e-01	1.115754083740395919e-01	-1.159496587375805354e-01	1.078654324409913240e-01	-1.361903786803387029e-01	8.829894059126772166e-02	-9.434945365835699371e-02	1.156437329474447745e-01	-8.541986959163552773e-02	1.368618553962579476e-01	-5.791384407539958146e-02	6.683615159388830995e-02	-7.530501385117191471e-02	9.203406211431464090e-02	-6.060339050821067497e-02	4.766291196400961744e-02	-6.642972187167434095e-02	5.900788866187805376e-02	-5.137781735755621304e-02	7.837039928274910916e-02	-2.546719225357041427e-02	2.280773893035235866e-02	-7.262762616698610618e-02	3.943104778464637250e-02	-7.678299904792859620e-02
1.160457213828173795e-01	-1.510298827859320181e-01	1.948171309897556713e-01	-6.190121402331278944e-01	3.189999816897337026e-01	-1.008912460626751051e-01	1.364483141930690757e-01	-2.428845952362229388e-01	1.000000000000000666e+00	-5.305504872965972618e-01	1.298218867625395290e-01	-1.373305928582862212e-01	1.583935659303239984e-01	-3.000770721545424902e-01	2.307848804156241163e-01	-1.145545373830307301e-01	1.152588049840298501e-01	-1.446668072674161809e-01	1.893343479541012564e-01	-1.856463892975093455e-01	8.567186392525799610e-02	-8.980090358138625994e-02	9.794547288414819086e-02	-1.019985980401327819e-01	1.475820386151333874e-01	-7.157794612888254693e-02	7.692434076413481869e-02	-1.086070843215019149e-01	7.986447245584549215e-02	-1.522518810212675489e-01	5.026853009071313022e-02	-5.884770044531913158e-02	6.840261801080085857e-02	-8.717322362137912284e-02	6.324044538619115474e-02	-4.175679444511680438e-02	5.843324941038958303e-02	-5.324458184769322727e-02	4.684964326494066300e-02	-8.262233132124680024e-02	2.271869155289011136e-02	-2.036638391958618677e-02	6.523802629748520765e-02	-3.602597280017760806e-02	7.046452553371784777e-02
-8.743385389717713008e-02	1.055223099763438893e-01	-1.399776671206963141e-01	3.145610603800729210e-01	-6.533380461581824727e-01	7.433806251534090526e-02	-1.007706478228005686e-01	1.437899929964486789e-01	-5.305504872965972618e-01	1.000000000000000222e+00	-1.017907154643408058e-01	1.036140863389246880e-01	-1.244029300916974501e-01	1.965599713518714764e-01	-3.617946656496771052e-01	8.983793392930228272e-02	-9.191009572768477076e-02	1.134223694432169027e-01	-1.697306250773806813e-01	1.856407595646343001e-01	-6.970586980883652917e-02	7.291141123641546595e-02	-8.146391567053386240e-02	8.602825599525001921e-02	-1.383908899589162411e-01	5.805381356994858411e-02	-6.308793591447055260e-02	8.916781676497319287e-02	-6.673318927139802736e-02	1.274441841203021175e-01	-4.138553215457522333e-02	4.835847691925303227e-02	-5.654567351210846443e-02	7.190495013375547417e-02	-5.264784810373575319e-02	3.430977314372373604e-02	-4.820400597913751528e-02	4.387882987569248494e-02	-3.864847427257776108e-02	6.837018339389068500e-02	-1.875261930781060155e-02	1.679748103590163189e-02	-5.392586054261122586e-02	2.970823848918974913e-02	-5.809286640933918056e-02
2.586010627509970350e-01	-2.760882463329316083e-01	1.944096747086882515e-01	-1.127868627787811801e-01	9.583793192753084500e-02	-4.442500805997910973e-01	2.981196508137740619e-01	-2.478027023231521575e-01	1.298218867625395290e-01	-1.017907154643408058e-01	9.999999999999995559e-01	-5.305168878765054163e-01	2.163267037321476016e-01	-1.556320556340063666e-01	1.386309541977552573e-01	-4.344198901947554092e-01	2.764805425679618400e-01	-2.193619861346696731e-01	1.434589697917381390e-01	-1.196627717570277472e-01	1.924186681083838169e-01	-1.865676217093922840e-01	1.657089312855729579e-01	-1.578573584288186504e-01	1.669737654172894215e-01	-1.513541572237684651e-01	1.473351819556415754e-01	-1.765037729932820154e-01	1.246758659271505199e-01	-1.931755359133206229e-01	8.682620861399681367e-02	-1.012360542804442709e-01	1.104971654299732320e-01	-1.367241911421013256e-01	8.691725700652216946e-02	-7.194098824772454659e-02	9.772305667424009690e-02	-8.646058630732597616e-02	7.353731274264960205e-02	-1.133369479830795556e-01	3.688192113581600928e-02	-3.318323521215645056e-02	1.042248652632166150e-01	-5.659359310643490015e-02	1.090537955885359928e-01
-2.410249359727818785e-01	2.160527176471002675e-01	-1.993746027376566698e-01	1.120741866354145883e-01	-9.942009576878310662e-02	2.558683523065160559e-01	-4.708321784329084214e-01	2.356694482463746187e-01	-1.373305928582862212e-01	1.036140863389246880e-01	-5.305168878765054163e-01	1.000000000000000888e+00	-3.413494026561973982e-01	1.709090520471589492e-01	-1.499771341027291982e-01	2.790570866529862304e-01	-4.352575619776186677e-01	2.502782717957759417e-01	-1.637415571653256241e-01	1.245630824713718499e-01	-1.772446493532028600e-01	1.739952644082007338e-01	-1.672672896024553491e-01	1.440286151825712624e-01	-1.639291045767302668e-01	1.301273704553796151e-01	-1.386264095307983280e-01	1.509714905249837091e-01	-1.126703486194712833e-01	1.642087507624718778e-01	-7.894281786631390796e-02	9.063062364313148600e-02	-9.937944221798947209e-02	1.190749429732784748e-01	-7.465505823273264896e-02	6.438868535736823329e-02	-8.907781717144241940e-02	7.726920767477872543e-02	-6.554941007437239953e-02	9.592502683651082940e-02	-3.338886253884491145e-02	2.992501035423148284e-02	-9.449373352561174499e-02	5.034127481505677737e-02	-9.658967852807810728e-02
1.433306412586773382e-01	-1.555018583469803539e-01	1.645636639007362900e-01	-1.253937123569494050e-01	1.094391344836744967e-01	-1.383844986931933307e-01	1.917672124366485431e-01	-2.465156741893415882e-01	1.583935659303239984e-01	-1.244029300916974501e-01	2.163267037321476016e-01	-3.413494026561973982e-01	1.000000000000001776e+00	-3.871949213588039007e-01	1.893947508183590478e-01	-2.335468751285612876e-01	2.633632887472788786e-01	-6.879698868821586544e-01	2.490433189544259962e-01	-1.713756216751201600e-01	1.526170594799693414e-01	-1.705523761256030058e-01	1.842549294889342659e-01	-1.653268874999686555e-01	1.770261903634341993e-01	-1.215018298979145539e-01	1.261601890502083156e-01	-1.632994136564554222e-01	1.198216857614472219e-01	-1.814347145045559495e-01	7.508995184436398351e-02	-8.801424160078785697e-02	9.869289243750632712e-02	-1.238953302251898370e-01	7.992746220102159294e-02	-6.199819594548629936e-02	8.540931027370365913e-02	-7.574883865115357440e-02	6.405745970041126780e-02	-1.032403722601366036e-01	3.225442950382854945e-02	-2.897331474415755503e-02	9.164292259194101176e-02	-4.930023342664310859e-02	9.427595195824826912e-02
-1.106655912459576785e-01	1.198290233068217414e-01	-1.375722254158152913e-01	1.752146174496429787e-01	-1.681574325128528946e-01	9.930994117792328602e-02	-1.356743213018574146e-01	1.594364185635216979e-01	-3.000770721545424902e-01	1.965599713518714764e-01	-1.556320556340063666e-01	1.709090520471589492e-01	-3.871949213588039007e-01	1.000000000000000222e+00	-4.030378121688600324e-01	1.479144226217499192e-01	-1.677397172480415144e-01	2.521186941707657669e-01	-6.552541169797441167e-01	2.841586893301680239e-01	-1.136446305723157052e-01	1.201370148857604375e-01	-1.385374604274537125e-01	1.365337991074419277e-01	-2.137362330770163632e-01	9.157941193013263703e-02	-9.975609405109039929e-02	1.341271997910902236e-01	-1.025773455897249498e-01	1.776011166497900862e-01	-6.283538297333271516e-02	7.319030589733992176e-02	-8.476796301500970354e-02	1.064697751508368734e-01	-7.483279220639277307e-02	5.179811542014838011e-02	-7.265340715275199479e-02	6.521394454585058287e-02	-5.655277825109310957e-02	9.613069192470793944e-02	-2.792324915473221383e-02	2.500820037566555548e-02	-8.004123469472680663e-02	4.346345334569672036e-02	-8.417275958982210760e-02
1.014458706403866262e-01	-1.168071445934876079e-01	1.256253034928778711e-01	-1.929606754952792880e-01	2.009300610300156498e-01	-9.137589097904627589e-02	1.195973769267503206e-01	-1.467290595575091172e-01	2.307848804156241163e-01	-3.617946656496771052e-01	1.386309541977552573e-01	-1.499771341027291982e-01	1.893947508183590478e-01	-4.030378121688600324e-01	9.999999999999995559e-01	-1.401542044665435027e-01	1.408297265069964332e-01	-1.923432117202442948e-01	2.968246914209355380e-01	-6.421528065622775783e-01	1.125636187216223771e-01	-1.216439815287197190e-01	1.370480675303024920e-01	-1.574803288612865448e-01	2.526131078566689059e-01	-9.632115755300134363e-02	1.043680918850343475e-01	-1.595521972686196333e-01	1.183550494844784334e-01	-2.511426780738056919e-01	7.027793847408619898e-02	-8.296105687911589643e-02	9.833970841630368387e-02	-1.286755981831782525e-01	9.920227649132982994e-02	-5.855456523602643737e-02	8.222108773602766763e-02	-7.574584252647771632e-02	6.661939654314150139e-02	-1.296193073275768159e-01	3.207900207749051630e-02	-2.876824935226710706e-02	9.248228376050042499e-02	-5.130796124257284985e-02	1.001471586872597769e-01
-1.715362284228199308e-01	1.551249949437944475e-01	-1.432168607611080391e-01	9.236648818997861277e-02	-8.500767531640014696e-02	1.730656976267676006e-01	-2.068103276399996804e-01	1.635272744209243512e-01	-1.145545373830307301e-01	8.983793392930228272e-02	-4.344198901947554092e-01	2.790570866529862304e-01	-2.335468751285612876e-01	1.479144226217499192e-01	-1.401542044665435027e-01	9.999999999999977796e-01	-5.969927806877072252e-01	2.354005803150420462e-01	-1.517373854830491586e-01	1.189500565869140852e-01	-4.304678105770029517e-01	2.561507085873408474e-01	-2.135076316909709782e-01	1.700775245639395972e-01	-1.749276027323491689e-01	2.035528562872330749e-01	-2.104413899611909944e-01	1.741356136860560122e-01	-1.320937095154184893e-01	1.732097252586947134e-01	-1.034835031366700825e-01	1.164204317984065679e-01	-1.203112412270424536e-01	1.380106595135499603e-01	-8.136419831612944076e-02	8.225559507666158066e-02	-1.121105642764315541e-01	9.231163923809716787e-02	-7.452397478579093903e-02	1.035244418021143004e-01	-3.998975530166984371e-02	3.589571107893301666e-02	-1.113278298503555808e-01	5.731902337467398301e-02	-1.069548193993115487e-01
1.486105111386257227e-01	-1.531775789787038489e-01	1.376449382947760591e-01	-9.396028735277067723e-02	8.462953588908586622e-02	-1.550550368737850515e-01	1.991581264196355672e-01	-1.723232654312222278e-01	1.152588049840298501e-01	-9.191009572768477076e-02	2.764805425679618400e-01	-4.352575619776186677e-01	2.633632887472788786e-01	-1.677397172480415144e-01	1.408297265069964332e-01	-5.969927806877072252e-01	1.000000000000002220e+00	-4.222612104417052259e-01	1.633878250904551854e-01	-1.259177205153564072e-01	2.452756954735628991e-01	-3.053529405551415610e-01	2.108483744566654328e-01	-1.785584673863791494e-01	1.693913769256204516e-01	-1.759659501811433879e-01	1.724214362140930878e-01	-1.782204984083400057e-01	1.308404306539028561e-01	-1.778263064920425907e-01	9.078569717038094400e-02	-1.058194904370041295e-01	1.118264411655455759e-01	-1.355687860367636721e-01	8.165270508889997669e-02	-7.421071000371864956e-02	1.000976858936483971e-01	-8.563819866418695415e-02	6.991251570833120765e-02	-1.047999053309161405e-01	3.653317060647680303e-02	-3.288546022009564140e-02	1.023518210455282018e-01	-5.385735988151229420e-02	1.011578917858293042e-01
-1.356603967915350484e-01	1.357828848757432483e-01	-1.466012668075025172e-01	1.104823097961140366e-01	-1.030890234682064199e-01	1.267164936894813743e-01	-1.749892090826686286e-01	1.767379037866872171e-01	-1.446668072674161809e-01	1.134223694432169027e-01	-2.193619861346696731e-01	2.502782717957759417e-01	-6.879698868821586544e-01	2.521186941707657669e-01	-1.923432117202442948e-01	2.354005803150420462e-01	-4.222612104417052259e-01	1.000000000000000444e+00	-3.085819979261623103e-01	1.705766409848268050e-01	-1.713425498732455698e-01	1.891071311167227542e-01	-2.555160806493710912e-01	1.734849777574324348e-01	-1.874226840040770503e-01	1.262131612826334626e-01	-1.366954660611650330e-01	1.599616740383813795e-01	-1.246540238213933588e-01	1.711339160472883925e-01	-7.727057370130986647e-02	8.968140843169415677e-02	-1.000257334786918417e-01	1.223384056725338870e-01	-7.679860806839718113e-02	6.304592450242757495e-02	-8.743291044505055454e-02	7.607851940186395601e-02	-6.373814716274761594e-02	9.790517020123107317e-02	-3.261803972428267695e-02	2.924908001344145650e-02	-9.253664764409513799e-02	4.899350547538658396e-02	-9.305039317367047591e-02
9.982137194436795091e-02	-1.108386136855696730e-01	1.178386720707117613e-01	-1.480050597613677410e-01	1.329124466127271087e-01	-9.161700162447089513e-02	1.212876212959172195e-01	-1.421062909374869176e-01	1.893343479541012564e-01	-1.697306250773806813e-01	1.434589697917381390e-01	-1.637415571653256241e-01	2.490433189544259962e-01	-6.552541169797441167e-01	2.968246914209355380e-01	-1.517373854830491586e-01	1.633878250904551854e-01	-3.085819979261623103e-01	1.000000000000000888e+00	-5.080725351455441796e-01	1.146852895831331209e-01	-1.254853400426201304e-01	1.424356897945052991e-01	-1.521986597117074569e-01	2.230514897314331557e-01	-9.481838256894203898e-02	1.018827086883988958e-01	-1.462696482828211575e-01	1.100288011446938635e-01	-2.037769899957486419e-01	6.534982819958050360e-02	-7.682200006173831031e-02	8.957837936017143399e-02	-1.152527868654511234e-01	8.328157003712324813e-02	-5.416372292308293396e-02	7.572365600862034085e-02	-6.865790574880266395e-02	5.947354596111222025e-02	-1.077497575848757327e-01	2.917067669209250785e-02	-2.616112544330580214e-02	8.371263103353419888e-02	-4.577586326433373543e-02	8.858093180737564021e-02
-8.495000821861795059e-02	9.306636206157671565e-02	-1.019473615201373362e-01	1.346760676051990957e-01	-1.532007629654032199e-01	7.597016333780393094e-02	-1.004391336533460993e-01	1.160620723765580231e-01	-1.856463892975093455e-01	1.856407595646343001e-01	-1.196627717570277472e-01	1.245630824713718499e-01	-1.713756216751201600e-01	2.841586893301680239e-01	-6.421528065622775783e-01	1.189500565869140852e-01	-1.259177205153564072e-01	1.705766409848268050e-01	-5.080725351455441796e-01	1.000000000000001332e+00	-1.001233294487216680e-01	1.076866375074949783e-01	-1.295557091458151011e-01	1.506264562699231591e-01	-3.983905879427518948e-01	8.349741577717681440e-02	-9.224212872773616956e-02	1.366683252674298910e-01	-1.081434710827255397e-01	2.114717018737138077e-01	-6.106696164754842060e-02	7.162469882615958572e-02	-8.542278615008014331e-02	1.101630009765331153e-01	-8.415610706946799469e-02	5.052635935845350285e-02	-7.138401608884629990e-02	6.508616339710868171e-02	-5.699002462742536190e-02	1.069547135812511929e-01	-2.770049267450977459e-02	2.480058140145102730e-02	-7.993496268394542636e-02	4.382953463867611532e-02	-8.519413510770643128e-02
1.029191231704894155e-01	-1.027174245342352410e-01	9.486700977953006764e-02	-6.911038414023390475e-02	6.457101220368911820e-02	-1.011618093796554235e-01	1.236074572309815989e-01	-1.116181786804401888e-01	8.567186392525799610e-02	-6.970586980883652917e-02	1.924186681083838169e-01	-1.772446493532028600e-01	1.526170594799693414e-01	-1.136446305723157052e-01	1.125636187216223771e-01	-4.304678105770029517e-01	2.452756954735628991e-01	-1.713425498732455698e-01	1.146852895831331209e-01	-1.001233294487216680e-01	1.000000000000001998e+00	-5.611814847762996994e-01	2.492651535417113318e-01	-2.160110759341815068e-01	1.680574363899795809e-01	-4.989238360949467821e-01	2.901547542528802870e-01	-2.130107772622428508e-01	1.533202402865904979e-01	-1.832225101949076507e-01	1.297874568535079542e-01	-1.483904035495411389e-01	1.383090642215867028e-01	-1.607862408277634103e-01	8.815364940030412377e-02	-1.045095862369160855e-01	1.303617626422633735e-01	-1.047938472082289713e-01	7.873918370348235996e-02	-1.121307306899493872e-01	4.434979958191163224e-02	-4.023465939669293445e-02	1.201836303698669145e-01	-6.093321934624673641e-02	1.095775664524985815e-01
-1.028658503959945653e-01	1.004488266331167168e-01	-9.632375737657790371e-02	7.127646998405785805e-02	-6.766540333529152962e-02	9.801533416255428510e-02	-1.248859653494874961e-01	1.115754083740395919e-01	-8.980090358138625994e-02	7.291141123641546595e-02	-1.865676217093922840e-01	1.739952644082007338e-01	-1.705523761256030058e-01	1.201370148857604375e-01	-1.216439815287197190e-01	2.561507085873408474e-01	-3.053529405551415610e-01	1.891071311167227542e-01	-1.254853400426201304e-01	1.076866375074949783e-01	-5.611814847762996994e-01	1.000000000000003109e+00	-5.322939488112752304e-01	2.433392930899754281e-01	-1.906322798487674886e-01	2.653517351254409684e-01	-3.539989309857380917e-01	2.080923799831674026e-01	-1.736309417449326820e-01	1.779317620011605372e-01	-1.233576482674370034e-01	1.451218931509277721e-01	-1.418447600817716314e-01	1.592923056089598499e-01	-8.674015757624838063e-02	9.690163267554353921e-02	-1.315996499687772103e-01	1.040903843609987806e-01	-7.936326870103260767e-02	1.082681733270351304e-01	-4.443675067179665705e-02	4.001624006657381744e-02	-1.224962918043833310e-01	6.114411383425449181e-02	-1.101253494229301189e-01
9.963598848913000905e-02	-1.012155984657175101e-01	9.812683404991585923e-02	-7.800649371448491187e-02	7.412983382701152091e-02	-9.361647330046689308e-02	1.196852410652576582e-01	-1.159496587375805354e-01	9.794547288414819086e-02	-8.146391567053386240e-02	1.657089312855729579e-01	-1.672672896024553491e-01	1.842549294889342659e-01	-1.385374604274537125e-01	1.370480675303024920e-01	-2.135076316909709782e-01	2.108483744566654328e-01	-2.555160806493710912e-01	1.424356897945052991e-01	-1.295557091458151011e-01	2.492651535417113318e-01	-5.322939488112752304e-01	1.000000000000002220e+00	-5.784814322782979579e-01	2.328353227372812473e-01	-1.961062945443123040e-01	2.090164825045088548e-01	-3.094133932841223733e-01	2.443126277871601471e-01	-2.275313442149542176e-01	1.122730228487187898e-01	-1.358871949121374934e-01	1.531414592164008492e-01	-2.011127046892024761e-01	1.075887010187998039e-01	-9.207459569927589627e-02	1.263950273950985304e-01	-1.100154909790276719e-01	8.726195099836837887e-02	-1.345039898210846074e-01	4.595839944380870901e-02	-4.136849654077774663e-02	1.302739849534427785e-01	-6.725410039476742430e-02	1.227405706702549837e-01
-9.599056761381585812e-02	9.489907069503737691e-02	-9.497441582464521970e-02	7.938979539383693440e-02	-7.855631866492786275e-02	8.753431750804402389e-02	-1.128238961606146257e-01	1.078654324409913240e-01	-1.019985980401327819e-01	8.602825599525001921e-02	-1.578573584288186504e-01	1.440286151825712624e-01	-1.653268874999686555e-01	1.365337991074419277e-01	-1.574803288612865448e-01	1.700775245639395972e-01	-1.785584673863791494e-01	1.734849777574324348e-01	-1.521986597117074569e-01	1.506264562699231591e-01	-2.160110759341815068e-01	2.433392930899754281e-01	-5.784814322782979579e-01	1.000000000000001110e+00	-3.935939288707057115e-01	1.603424060469287871e-01	-1.962807586598310505e-01	2.956320042643903467e-01	-4.927485145533889166e-01	2.359484434585053803e-01	-1.167904318075370373e-01	1.363539272005499237e-01	-1.744209369585150438e-01	2.208350719367732362e-01	-1.160059029885970872e-01	9.374753444640747391e-02	-1.355334649100230493e-01	1.177245228784848941e-01	-9.550758153862222433e-02	1.372457622343447869e-01	-4.997055113587835912e-02	4.459016663618990683e-02	-1.446640582698887345e-01	7.301282482893658998e-02	-1.331279696650412292e-01
1.110561245252346535e-01	-1.177747652015800478e-01	1.172470057006552019e-01	-1.183404004190240916e-01	1.165349291885233035e-01	-1.004464984449003201e-01	1.289232919245041353e-01	-1.361903786803387029e-01	1.475820386151333874e-01	-1.383908899589162411e-01	1.669737654172894215e-01	-1.639291045767302668e-01	1.770261903634341993e-01	-2.137362330770163632e-01	2.526131078566689059e-01	-1.749276027323491689e-01	1.693913769256204516e-01	-1.874226840040770503e-01	2.230514897314331557e-01	-3.983905879427518948e-01	1.680574363899795809e-01	-1.906322798487674886e-01	2.328353227372812473e-01	-3.935939288707057115e-01	1.000000000000000666e+00	-1.471831553579934226e-01	1.645345713682025701e-01	-2.825678229664672636e-01	2.251827267797316401e-01	-5.621859432998245198e-01	1.153802179836230513e-01	-1.371741749891478568e-01	1.690013413989478741e-01	-2.295215796850694212e-01	1.924322030648481507e-01	-9.597290204773126221e-02	1.364235040783007002e-01	-1.266656922104119898e-01	1.109862190656759062e-01	-2.440337168699532877e-01	5.328718139496910200e-02	-4.772638545726445858e-02	1.547784853143001071e-01	-8.558074945178459347e-02	1.659090889765772459e-01
-8.353682892102992641e-02	8.110135487522524000e-02	-7.720250387256472058e-02	5.693847961616335662e-02	-5.429036273819027453e-02	7.866995298525575331e-02	-9.845314349706540957e-02	8.829894059126772166e-02	-7.157794612888254693e-02	5.805381356994858411e-02	-1.513541572237684651e-01	1.301273704553796151e-01	-1.215018298979145539e-01	9.157941193013263703e-02	-9.632115755300134363e-02	2.035528562872330749e-01	-1.759659501811433879e-01	1.262131612826334626e-01	-9.481838256894203898e-02	8.349741577717681440e-02	-4.989238360949467821e-01	2.653517351254409684e-01	-1.961062945443123040e-01	1.603424060469287871e-01	-1.471831553579934226e-01	1.000000000000001554e+00	-7.094036807371526532e-01	1.842363023301551994e-01	-1.372826261257596714e-01	1.552741638508306765e-01	-2.171712917232511975e-01	2.084035544636231030e-01	-1.674362273329959294e-01	1.604221515382595331e-01	-8.045459670543327058e-02	1.464456326156488575e-01	-1.820044242402610313e-01	1.239786142742994729e-01	-8.409250215090915970e-02	1.005197066449514259e-01	-5.383147233770906037e-02	4.877613459923622885e-02	-1.391792664736309360e-01	6.510606070645695576e-02	-1.104462598417293856e-01
8.565204109337064275e-02	-8.626861555474731047e-02	8.105503166421283712e-02	-6.158713349000561471e-02	5.850442622421667821e-02	-8.104476079321433490e-02	1.011943092587884174e-01	-9.434945365835699371e-02	7.692434076413481869e-02	-6.308793591447055260e-02	1.473351819556415754e-01	-1.386264095307983280e-01	1.261601890502083156e-01	-9.975609405109039929e-02	1.043680918850343475e-01	-2.104413899611909944e-01	1.724214362140930878e-01	-1.366954660611650330e-01	1.018827086883988958e-01	-9.224212872773616956e-02	2.901547542528802870e-01	-3.539989309857380917e-01	2.090164825045088548e-01	-1.962807586598310505e-01	1.645345713682025701e-01	-7.094036807371526532e-01	1.000000000000000444e+00	-2.467544260834290404e-01	1.648518562071386862e-01	-1.885069759598001216e-01	1.945069295529602282e-01	-3.233420114713082549e-01	1.942875231848117390e-01	-2.004857983543311961e-01	9.744499242261263350e-02	-1.593520845833014676e-01	1.930392508083534908e-01	-1.432480384793658468e-01	9.446728471950043005e-02	-1.228225579116187099e-01	5.816846726105637244e-02	-5.353677411747075759e-02	1.513841023133122021e-01	-7.364025598377117732e-02	1.245990418932578780e-01
-1.079257994511147734e-01	1.038720724454372663e-01	-1.044733605302279184e-01	8.388223675559053349e-02	-8.380739900227125727e-02	9.654567249704396059e-02	-1.240804081665596026e-01	1.156437329474447745e-01	-1.086070843215019149e-01	8.916781676497319287e-02	-1.765037729932820154e-01	1.509714905249837091e-01	-1.632994136564554222e-01	1.341271997910902236e-01	-1.595521972686196333e-01	1.741356136860560122e-01	-1.782204984083400057e-01	1.599616740383813795e-01	-1.462696482828211575e-01	1.366683252674298910e-01	-2.130107772622428508e-01	2.080923799831674026e-01	-3.094133932841223733e-01	2.956320042643903467e-01	-2.825678229664672636e-01	1.842363023301551994e-01	-2.467544260834290404e-01	1.000000000000001110e+00	-6.481346262278359083e-01	2.382588221988981569e-01	-1.708430144706004350e-01	1.936204096290705112e-01	-2.882999301697989347e-01	2.891561097047183893e-01	-1.358403029438207121e-01	1.344876122349151493e-01	-2.044271128025234863e-01	1.766185493447203214e-01	-1.412926070050526672e-01	1.560021181613210628e-01	-7.676064881666026796e-02	6.778045297524773471e-02	-2.273795141155251498e-01	1.072447602583806725e-01	-1.913043042110280090e-01
7.703071605733771698e-02	-7.620799916808497498e-02	7.559543726272269226e-02	-6.235347206193054409e-02	6.164368321232748665e-02	-6.972746405321567087e-02	8.932265546652250199e-02	-8.541986959163552773e-02	7.986447245584549215e-02	-6.673318927139802736e-02	1.246758659271505199e-01	-1.126703486194712833e-01	1.198216857614472219e-01	-1.025773455897249498e-01	1.183550494844784334e-01	-1.320937095154184893e-01	1.308404306539028561e-01	-1.246540238213933588e-01	1.100288011446938635e-01	-1.081434710827255397e-01	1.533202402865904979e-01	-1.736309417449326820e-01	2.443126277871601471e-01	-4.927485145533889166e-01	2.251827267797316401e-01	-1.372826261257596714e-01	1.648518562071386862e-01	-6.481346262278359083e-01	1.000000000000002665e+00	-2.267532683589920939e-01	1.210279949073915090e-01	-1.493873431941347141e-01	2.182397434145281756e-01	-4.178104728299550374e-01	1.302791529622289723e-01	-9.830715527977949841e-02	1.441963340019368212e-01	-1.321954778916461515e-01	1.023837660040240738e-01	-1.469538388594182066e-01	5.329118942111339685e-02	-4.763486800355838657e-02	1.572789861881782880e-01	-7.837332718551298649e-02	1.352098129560786177e-01
-1.251842182673446047e-01	1.212681478506567878e-01	-1.263518366382170022e-01	1.137505198234236570e-01	-1.202930528338574390e-01	1.091368807984365169e-01	-1.413297415500155974e-01	1.368618553962579476e-01	-1.522518810212675489e-01	1.274441841203021175e-01	-1.931755359133206229e-01	1.642087507624718778e-01	-1.814347145045559495e-01	1.776011166497900862e-01	-2.511426780738056919e-01	1.732097252586947134e-01	-1.778263064920425907e-01	1.711339160472883925e-01	-2.037769899957486419e-01	2.114717018737138077e-01	-1.832225101949076507e-01	1.779317620011605372e-01	-2.275313442149542176e-01	2.359484434585053803e-01	-5.621859432998245198e-01	1.552741638508306765e-01	-1.885069759598001216e-01	2.382588221988981569e-01	-2.267532683589920939e-01	9.999999999999995559e-01	-1.446037537479983870e-01	1.606543505953046402e-01	-2.096392259047228923e-01	2.398495045501931322e-01	-3.976632027638861699e-01	1.168210350324501018e-01	-1.754578161695375671e-01	1.597273797068750889e-01	-1.549034598530940887e-01	2.772691321213623938e-01	-7.135108916817754776e-02	6.293269425104917880e-02	-2.117912775417076787e-01	1.177178214272719126e-01	-2.421348942121979153e-01
5.281274458841207775e-02	-5.294541134115296477e-02	5.069355532514394080e-02	-3.982526011994087789e-02	3.860224326883184703e-02	-4.850571541740401893e-02	6.114123694530515518e-02	-5.791384407539958146e-02	5.026853009071313022e-02	-4.138553215457522333e-02	8.682620861399681367e-02	-7.894281786631390796e-02	7.508995184436398351e-02	-6.283538297333271516e-02	7.027793847408619898e-02	-1.034835031366700825e-01	9.078569717038094400e-02	-7.727057370130986647e-02	6.534982819958050360e-02	-6.106696164754842060e-02	1.297874568535079542e-01	-1.233576482674370034e-01	1.122730228487187898e-01	-1.167904318075370373e-01	1.153802179836230513e-01	-2.171712917232511975e-01	1.945069295529602282e-01	-1.708430144706004350e-01	1.210279949073915090e-01	-1.446037537479983870e-01	1.000000000000002220e+00	-4.559744718113762363e-01	2.167108676461728112e-01	-2.063933222528633038e-01	8.508865893067439623e-02	-7.327443708217399321e-01	3.107021420866973305e-01	-1.914892324566981607e-01	9.863071189939358330e-02	-1.067542062732196317e-01	9.085859199776900874e-02	-8.729038260945341798e-02	1.724628462305171084e-01	-7.840144116501329696e-02	1.168922633953913548e-01
-6.142177303953354206e-02	6.095071585252128527e-02	-5.891808472267773267e-02	4.635801871120971002e-02	-4.522688756281872946e-02	5.613148982336243348e-02	-7.100812203522859078e-02	6.683615159388830995e-02	-5.884770044531913158e-02	4.835847691925303227e-02	-1.012360542804442709e-01	9.063062364313148600e-02	-8.801424160078785697e-02	7.319030589733992176e-02	-8.296105687911589643e-02	1.164204317984065679e-01	-1.058194904370041295e-01	8.968140843169415677e-02	-7.682200006173831031e-02	7.162469882615958572e-02	-1.483904035495411389e-01	1.451218931509277721e-01	-1.358871949121374934e-01	1.363539272005499237e-01	-1.371741749891478568e-01	2.084035544636231030e-01	-3.233420114713082549e-01	1.936204096290705112e-01	-1.493873431941347141e-01	1.606543505953046402e-01	-4.559744718113762363e-01	1.000000000000001776e+00	-5.004845513200907314e-01	2.522015956523201985e-01	-1.001498780723921317e-01	2.805733349348321637e-01	-5.119021355423486463e-01	2.382071417673233826e-01	-1.241678323140944090e-01	1.201727551966534080e-01	-9.065588752715496301e-02	8.337002381476124602e-02	-2.304924910653675385e-01	9.624639596512485351e-02	-1.410636153768329570e-01
6.860224688139598959e-02	-6.836454249081107271e-02	6.659789453659328839e-02	-5.367499718950039661e-02	5.279394626366466781e-02	-6.213793565658675550e-02	7.892717709471973320e-02	-7.530501385117191471e-02	6.840261801080085857e-02	-5.654567351210846443e-02	1.104971654299732320e-01	-9.937944221798947209e-02	9.869289243750632712e-02	-8.476796301500970354e-02	9.833970841630368387e-02	-1.203112412270424536e-01	1.118264411655455759e-01	-1.000257334786918417e-01	8.957837936017143399e-02	-8.542278615008014331e-02	1.383090642215867028e-01	-1.418447600817716314e-01	1.531414592164008492e-01	-1.744209369585150438e-01	1.690013413989478741e-01	-1.674362273329959294e-01	1.942875231848117390e-01	-2.882999301697989347e-01	2.182397434145281756e-01	-2.096392259047228923e-01	2.167108676461728112e-01	-5.004845513200907314e-01	1.000000000000000888e+00	-5.898216152410968860e-01	1.518232185620622399e-01	-1.929383657660841966e-01	2.668287665500753136e-01	-3.556894184826617233e-01	1.482942297078879978e-01	-1.792390852104722154e-01	8.347539230773322327e-02	-7.827871332661537340e-02	2.507647225250128620e-01	-1.171798334761365579e-01	1.659851231832245866e-01
-8.498122034446978224e-02	8.304213387400675994e-02	-8.271959859587499353e-02	6.746782046693981794e-02	-6.752041099002914493e-02	7.604221267044435073e-02	-9.731436180842796546e-02	9.203406211431464090e-02	-8.717322362137912284e-02	7.190495013375547417e-02	-1.367241911421013256e-01	1.190749429732784748e-01	-1.238953302251898370e-01	1.064697751508368734e-01	-1.286755981831782525e-01	1.380106595135499603e-01	-1.355687860367636721e-01	1.223384056725338870e-01	-1.152527868654511234e-01	1.101630009765331153e-01	-1.607862408277634103e-01	1.592923056089598499e-01	-2.011127046892024761e-01	2.208350719367732362e-01	-2.295215796850694212e-01	1.604221515382595331e-01	-2.004857983543311961e-01	2.891561097047183893e-01	-4.178104728299550374e-01	2.398495045501931322e-01	-2.063933222528633038e-01	2.522015956523201985e-01	-5.898216152410968860e-01	1.000000000000003109e+00	-2.563906175439999435e-01	1.614389599166236589e-01	-2.544472761271914241e-01	2.324193593063252350e-01	-1.783398737428185665e-01	2.146568536230289981e-01	-9.085186887211468831e-02	8.069005760193589949e-02	-2.813672409068399549e-01	1.307489940806208784e-01	-2.063475625212323195e-01
