1.000000000000000222e+00	-8.986487098795900019e-01	1.327711039813222471e-01	-1.334773029943001621e-01	8.034229078462543083e-02	-3.096042707676827654e-01	1.792653510856136168e-01	-5.142130247955691014e-02	4.353787688805349498e-02	-5.779606106081441874e-02	1.498879448176858864e-01	-1.247414209331706297e-01	8.129438316098965001e-02	-6.504380998051814688e-02	7.827902795184282780e-02	-1.172615459646102476e-01	1.076379560890783627e-01	-8.168935381218124514e-02	6.577669445423477146e-02	-6.238506827591393245e-02	5.972062816771769866e-02	-6.332720535119930327e-02	5.919972231834168958e-02	-6.052223446248620325e-02	5.793823146232220805e-02	-3.633205661002265191e-02	4.977800559268289599e-02	-5.690983786208372863e-02	4.988476821134956579e-02	-4.831903570485079902e-02	4.784139694319614750e-02	-4.748726370802225372e-02	4.676618034026947673e-02	-6.190888640992320974e-02	4.756215540337336428e-02	-5.167380233277497209e-02	3.946240248358604680e-02	-4.003325127435660574e-02	4.817626504624079181e-02	-3.511654501420619773e-02	6.661292160459825196e-02	-3.875957908228499366e-02	3.663477565086317028e-02	-3.776246412236494016e-02	3.213176372773166034e-02
-8.986487098795900019e-01	1.000000000000000444e+00	-1.688622904856438844e-01	1.326608611144239891e-01	-8.586293428701005648e-02	2.255691993700943698e-01	-2.334574676576176289e-01	5.327381230024921116e-02	-4.553048008633089894e-02	6.052459451296225007e-02	-1.628091512543174690e-01	1.324185497574779935e-01	-8.746539488408144880e-02	6.822606272529790905e-02	-8.355960393100288208e-02	1.191756863461546495e-01	-1.190028112584394643e-01	8.599515363173204641e-02	-6.980251548195955114e-02	6.540518695714123143e-02	-6.277003545804356321e-02	6.603689120889182085e-02	-6.225804543637186717e-02	6.321379339419723464e-02	-6.102895363681622859e-02	3.802553158320120391e-02	-5.215237581677010376e-02	5.925906873456127794e-02	-5.211333812586004671e-02	5.040027462509955036e-02	-5.018633477538131382e-02	4.944333869674023135e-02	-4.887722090660102242e-02	6.411728422122335569e-02	-4.987174445836369679e-02	5.368106165932458318e-02	-4.115138736006564157e-02	4.168137847748445979e-02	-5.034017157977049850e-02	3.658846028569974485e-02	-6.964446331880319585e-02	4.033205454245597510e-02	-3.821811279541770245e-02	3.929701720565163120e-02	-3.357385614316062139e-02
1.327711039813222471e-01	-1.688622904856438844e-01	9.999999999999995559e-01	-9.232132848844095685e-01	1.717855385855297234e-01	-1.402004385793959029e-01	9.243245630660634760e-02	-1.055024828289330002e-01	9.047161453558232036e-02	-1.313747598413181894e-01	9.782364868878680453e-02	-7.277988816206347467e-02	9.296023976174161429e-02	-9.145526468579467938e-02	1.165881626412433175e-01	-9.272239791760350514e-02	8.288868308282866526e-02	-8.964162099037401021e-02	8.191730235339673982e-02	-8.863170123353331098e-02	6.552664829634148591e-02	-7.229656340500366374e-02	7.016510621326178809e-02	-7.792953458128884514e-02	7.441234600755733397e-02	-4.100499504381666799e-02	5.731496084479199837e-02	-7.036930566773220985e-02	6.204446424950283562e-02	-6.191894052796275555e-02	5.377023583308437188e-02	-5.631881447121344503e-02	5.500499864478346906e-02	-7.980233285655924380e-02	5.833935189843155594e-02	-6.178977123270848471e-02	4.669247753201989648e-02	-4.805746503806558600e-02	5.815831303830920618e-02	-4.386028777628736552e-02	7.637855712342551950e-02	-4.667356326546165390e-02	4.365507950661887127e-02	-4.673428528946300953e-02	3.919359726682536404e-02
-1.334773029943001621e-01	1.326608611144239891e-01	-9.232132848844095685e-01	1.000000000000000000e+00	-2.244427782077006994e-01	1.226429079552825013e-01	-8.892556274518226278e-02	9.875844372752388967e-02	-9.538876948644577081e-02	1.316442176110162177e-01	-9.476452692552560231e-02	6.838102911585498822e-02	-9.165973964753819370e-02	8.759146722528890483e-02	-1.244218443059867119e-01	8.578611543177666610e-02	-7.950027404830042888e-02	8.463578710178597253e-02	-7.974228784224871025e-02	8.509342050254045664e-02	-6.183225319316291296e-02	6.724455476680467336e-02	-6.648733085975652712e-02	7.336975534896977846e-02	-7.211607361758390344e-02	3.843474472469024517e-02	-5.369755436352888905e-02	6.550720671327305011e-02	-5.826938266648293285e-02	5.817574105172654275e-02	-5.057449963938649706e-02	5.233942625798454484e-02	-5.145956980721799745e-02	7.356819869072232787e-02	-5.542786229589555247e-02	5.716524161862769626e-02	-4.349860260851021176e-02	4.467050491342909602e-02	-5.456759372134972752e-02	4.097052270374722249e-02	-7.138287921201995345e-02	4.331746148902040905e-02	-4.072973475210439620e-02	4.346845953071460517e-02	-3.682537834358726170e-02
8.034229078462543083e-02	-8.586293428701005648e-02	1.717855385855297234e-01	-2.244427782077006994e-01	1.000000000000000444e+00	-1.959851050020514907e-01	1.238964878928396213e-01	-1.878245167727192744e-01	1.561190452258617856e-01	-7.410280212519747556e-01	1.441179359717092157e-01	-1.104567149150852273e-01	1.735598518074344954e-01	-1.884481251809138891e-01	3.014076919903464491e-01	-1.627060107968218705e-01	1.408635518703277578e-01	-1.840521879825229024e-01	1.722445713659475353e-01	-2.241021841086168198e-01	1.280536649759053403e-01	-1.495096778957804851e-01	1.468781488137017865e-01	-1.742400766820172697e-01	1.642672871161407755e-01	-8.186963961071018481e-02	1.174708298566637665e-01	-1.517371206546287710e-01	1.328671871235523327e-01	-1.363427157375340648e-01	1.061883168742298461e-01	-1.163796727147383830e-01	1.123122522681784530e-01	-1.740569996107664275e-01	1.222505230121246067e-01	-1.266168074022239187e-01	9.524714582380688910e-02	-9.905300015613774378e-02	1.200901731439124737e-01	-9.314078803168519827e-02	1.486629752559308904e-01	-9.589617583046466942e-02	8.909073385021550051e-02	-9.824455310093123395e-02	8.153238273319016183e-02
-3.096042707676827654e-01	2.255691993700943698e-01	-1.402004385793959029e-01	1.226429079552825013e-01	-1.959851050020514907e-01	1.000000000000000444e+00	-4.416180038680921349e-01	1.133113531604141300e-01	-9.807168135296838452e-02	1.322990826945027731e-01	-5.716072234914120198e-01	2.648687919058782536e-01	-2.169159629944123757e-01	1.594761681131580677e-01	-2.102953014667602871e-01	2.936175066072626016e-01	-2.949005326361192059e-01	2.046562805125179130e-01	-1.717616158905057311e-01	1.575213994659705741e-01	-1.675344738726887439e-01	1.640296786363149573e-01	-1.553848354203523074e-01	1.542538177443139868e-01	-1.527092275230654828e-01	9.954630073530054690e-02	-1.327190165067363703e-01	1.460557995900121087e-01	-1.303560907638127153e-01	1.255393486749853127e-01	-1.334156735615761036e-01	1.256789683868214935e-01	-1.263487340712493023e-01	1.579965380445134127e-01	-1.278622321905308334e-01	1.379920858093482139e-01	-1.065594020869343461e-01	1.070562857895392267e-01	-1.301496940673387004e-01	9.283491413724345720e-02	-1.896501578003537136e-01	1.042348352505894776e-01	-9.945143758366734033e-02	1.001459131755172566e-01	-8.643319999756865490e-02
1.792653510856136168e-01	-2.334574676576176289e-01	9.243245630660634760e-02	-8.892556274518226278e-02	1.238964878928396213e-01	-4.416180038680921349e-01	9.999999999999995559e-01	-9.972372528082704135e-02	8.170463357617674394e-02	-9.236703703912411967e-02	2.706487789363193341e-01	-7.004210433044932849e-01	1.805990608853183521e-01	-1.429843792178441542e-01	1.403978013721678131e-01	-3.097309174579088165e-01	2.851182551560569878e-01	-2.031528403058553423e-01	1.404180859760250644e-01	-1.263841494304852597e-01	1.180681863806804233e-01	-1.388114878099798721e-01	1.255821934226467596e-01	-1.267326678559559383e-01	1.163604445212790273e-01	-7.290445102109179010e-02	1.035611267748902803e-01	-1.195281310294409455e-01	1.015504195928002978e-01	-9.718648060782020259e-02	9.371449341966958668e-02	-9.679768542341700421e-02	9.322024073517246046e-02	-1.251792076491987649e-01	9.368389599934158485e-02	-1.023154687635364352e-01	7.799620268127195610e-02	-7.938558369217547928e-02	9.433610974664533022e-02	-6.929472045384739431e-02	1.235751647186680013e-01	-7.588834189324694668e-02	7.151434494262559616e-02	-7.432539625929550364e-02	6.292381687075740415e-02
-5.142130247955691014e-02	5.327381230024921116e-02	-1.055024828289330002e-01	9.875844372752388967e-02	-1.878245167727192744e-01	1.133113531604141300e-01	-9.972372528082704135e-02	9.999999999999998890e-01	-8.621212840177813197e-01	1.580062548686084756e-01	-1.027816844446422934e-01	8.973936282173544665e-02	-2.813614650089388824e-01	2.599216839979117677e-01	-1.895529526300519796e-01	1.080683311347291897e-01	-1.139822969653793844e-01	1.564954969511237470e-01	-1.864892080983354961e-01	1.373176184020858392e-01	-8.308456207005289473e-02	9.313724741052711864e-02	-1.067121207657140691e-01	1.164026174971021371e-01	-1.186247430135095593e-01	5.147416431415782062e-02	-7.536718067966056978e-02	9.457885593468819130e-02	-8.575953140517696138e-02	8.417230953396873105e-02	-6.738495470588952430e-02	7.014654949894777447e-02	-6.972087978384743090e-02	9.879583423918689156e-02	-8.108863076389549729e-02	7.343759294008256333e-02	-5.741425270505010059e-02	5.895486447470581898e-02	-7.473812995372088042e-02	5.613694839531177538e-02	-8.845277036144358340e-02	5.616264527085847169e-02	-5.371269319765999140e-02	5.803330226024322469e-02	-5.090371965787575392e-02
4.353787688805349498e-02	-4.553048008633089894e-02	9.047161453558232036e-02	-9.538876948644577081e-02	1.561190452258617856e-01	-9.807168135296838452e-02	8.170463357617674394e-02	-8.621212840177813197e-01	1.000000000000000444e+00	-1.683492608661490419e-01	8.550448934127471978e-02	-7.577679975376475086e-02	2.181785723185980241e-01	-3.689227754512008906e-01	1.594559429043760912e-01	-9.351355017084024557e-02	9.564553316376570025e-02	-1.409184833462763520e-01	1.640645293299865526e-01	-1.256926120824996829e-01	6.978193114997872926e-02	-8.046766308328007211e-02	9.136791371942319662e-02	-1.038316035998655407e-01	1.014667603993447548e-01	-4.359422058978905390e-02	6.433609458856730245e-02	-8.236223834966539814e-02	7.368049172904994615e-02	-7.281754398588524690e-02	5.672409221961137449e-02	-6.008805729076166502e-02	5.920282814508448510e-02	-8.590132776626277500e-02	6.845950187488006322e-02	-6.271556433744457371e-02	4.881601709816436180e-02	-5.028212949249199343e-02	6.331524083455479512e-02	-4.796910757715512619e-02	7.437073228329313390e-02	-4.787039171706367752e-02	4.558401890816470015e-02	-4.958381831397930262e-02	4.313026968203275552e-02
-5.779606106081441874e-02	6.052459451296225007e-02	-1.313747598413181894e-01	1.316442176110162177e-01	-7.410280212519747556e-01	1.322990826945027731e-01	-9.236703703912411967e-02	1.580062548686084756e-01	-1.683492608661490419e-01	9.999999999999984457e-01	-1.051208851985048348e-01	8.198493169726547847e-02	-1.478655396742947215e-01	1.562936606934899886e-01	-5.298598585937217553e-01	1.151142540607524578e-01	-1.066532705281156290e-01	1.410440496924639242e-01	-1.498763856635181302e-01	1.935546091934222390e-01	-9.344091440690167893e-02	1.075266298798059073e-01	-1.131447446663076395e-01	1.338985474127483977e-01	-1.436383359963035455e-01	5.911109205562441182e-02	-8.578775307604037670e-02	1.105697609215067767e-01	-9.954642796516759151e-02	1.029202469624544425e-01	-7.696183822938779118e-02	8.303662991977131536e-02	-8.121022954212216149e-02	1.230779476486555529e-01	-9.425998286396357340e-02	8.885523438485408432e-02	-6.800404947916707799e-02	7.051912620366401763e-02	-8.787060194943917268e-02	6.792731694900702721e-02	-1.051431023955581162e-01	6.782995034961478154e-02	-6.383526931482355615e-02	7.042759774902149217e-02	-6.015858889694024325e-02
1.498879448176858864e-01	-1.628091512543174690e-01	9.782364868878680453e-02	-9.476452692552560231e-02	1.441179359717092157e-01	-5.716072234914120198e-01	2.706487789363193341e-01	-1.027816844446422934e-01	8.550448934127471978e-02	-1.051208851985048348e-01	9.999999999999984457e-01	-3.140276754159909700e-01	1.822968738429166513e-01	-1.455781247206005269e-01	1.617979300021872013e-01	-6.132311783229558166e-01	2.807568266875587470e-01	-2.019293899994897834e-01	1.510080591754771329e-01	-1.398560832866334591e-01	1.464675283401521422e-01	-1.573199679101321968e-01	1.411107819265259855e-01	-1.421908112561703352e-01	1.323970855351264686e-01	-8.960228998297249670e-02	1.209245173304129423e-01	-1.371282490327982162e-01	1.181935569615262804e-01	-1.134086288437668733e-01	1.152883108852325866e-01	-1.159270654915030146e-01	1.122541612886050061e-01	-1.487370853506680690e-01	1.108101022639576966e-01	-1.267336064242483573e-01	9.523308986171859225e-02	-9.673815381929558310e-02	1.138680885924635983e-01	-8.309550250248570746e-02	1.564577551999533633e-01	-9.332069879516124988e-02	8.752531484553260910e-02	-9.003624843323382310e-02	7.572662994189541252e-02
-1.247414209331706297e-01	1.324185497574779935e-01	-7.277988816206347467e-02	6.838102911585498822e-02	-1.104567149150852273e-01	2.648687919058782536e-01	-7.004210433044932849e-01	8.973936282173544665e-02	-7.577679975376475086e-02	8.198493169726547847e-02	-3.140276754159909700e-01	1.000000000000000000e+00	-2.134209662507981498e-01	1.384965553413461115e-01	-1.292976419305661151e-01	2.700028126897541791e-01	-5.085843160936062146e-01	2.036560750928811669e-01	-1.412517214862939741e-01	1.155271411296908413e-01	-1.064215429676963753e-01	1.270692965566383725e-01	-1.195005444785200016e-01	1.152812575353579366e-01	-1.076671701066029413e-01	6.500689235464054971e-02	-9.568938220479378254e-02	1.072144793754514908e-01	-9.143409945350064461e-02	8.638055755015276727e-02	-8.341725855382947641e-02	8.533871850838378736e-02	-8.284602867875394405e-02	1.088263097897889109e-01	-8.385727885771365742e-02	8.863795123711197543e-02	-6.845031590313170600e-02	6.940288916884483628e-02	-8.306431001050613994e-02	6.080146223811243311e-02	-1.060881968725640445e-01	6.587657043973546567e-02	-6.251672823437676163e-02	6.483228144982301766e-02	-5.545018485828298593e-02
8.129438316098965001e-02	-8.746539488408144880e-02	9.296023976174161429e-02	-9.165973964753819370e-02	1.735598518074344954e-01	-2.169159629944123757e-01	1.805990608853183521e-01	-2.813614650089388824e-01	2.181785723185980241e-01	-1.478655396742947215e-01	1.822968738429166513e-01	-2.134209662507981498e-01	1.000000000000001332e+00	-6.224517452060168710e-01	2.189229841185477421e-01	-2.268876147302679447e-01	2.301716462711833056e-01	-4.833982129652093507e-01	2.985280587396483831e-01	-2.279181171405113004e-01	1.376633103910736844e-01	-1.711876436379240751e-01	1.949708329447423505e-01	-2.106794053638545716e-01	1.860402287218025918e-01	-8.704393754965887575e-02	1.317438786247809579e-01	-1.743908136740183745e-01	1.463069136735508924e-01	-1.412553579583657459e-01	1.113237614085526711e-01	-1.213219441916758429e-01	1.170614419405814205e-01	-1.719336126265385012e-01	1.296363812251171976e-01	-1.241069863810665835e-01	9.617954113408690164e-02	-9.919086323495156232e-02	1.222786491079486670e-01	-9.276317732432047547e-02	1.419554980968436020e-01	-9.375764324218092971e-02	8.881295612946057960e-02	-9.648102769446238736e-02	8.277085484445956265e-02
-6.504380998051814688e-02	6.822606272529790905e-02	-9.145526468579467938e-02	8.759146722528890483e-02	-1.884481251809138891e-01	1.594761681131580677e-01	-1.429843792178441542e-01	2.599216839979117677e-01	-3.689227754512008906e-01	1.562936606934899886e-01	-1.455781247206005269e-01	1.384965553413461115e-01	-6.224517452060168710e-01	1.000000000000001110e+00	-2.631316335122341199e-01	1.610746121828178778e-01	-1.790528478418710046e-01	2.810119355011719278e-01	-4.750185356851613916e-01	2.281973140647498011e-01	-1.186808012419485053e-01	1.386185161316570713e-01	-1.702492347755888424e-01	1.899025178891218801e-01	-1.897610769914252760e-01	7.394724451854159386e-02	-1.114240245899682930e-01	1.436913706268001523e-01	-1.299791864379269135e-01	1.259949447832713343e-01	-9.596490572006627362e-02	1.016338994563596027e-01	-1.005352670639178686e-01	1.445166245465398513e-01	-1.190549209459726143e-01	1.044129592237148518e-01	-8.207427779186840522e-02	8.442362607402158214e-02	-1.074199655406034432e-01	8.124096396197855174e-02	-1.227152375344506552e-01	7.985453151708553354e-02	-7.651054296406080424e-02	8.328448478987662829e-02	-7.333890711433008192e-02
7.827902795184282780e-02	-8.355960393100288208e-02	1.165881626412433175e-01	-1.244218443059867119e-01	3.014076919903464491e-01	-2.102953014667602871e-01	1.403978013721678131e-01	-1.895529526300519796e-01	1.594559429043760912e-01	-5.298598585937217553e-01	1.617979300021872013e-01	-1.292976419305661151e-01	2.189229841185477421e-01	-2.631316335122341199e-01	9.999999999999980016e-01	-1.881189453123689181e-01	1.691347262776474181e-01	-2.437522821333444334e-01	2.500884926694361687e-01	-4.780048016500761943e-01	1.503940495234409036e-01	-1.816376353053076598e-01	1.892984085191755095e-01	-2.417087388908854828e-01	2.434263207386098693e-01	-9.652365040937574414e-02	1.425521304455787952e-01	-1.908696758888553391e-01	1.687401838919972696e-01	-1.806086968724384956e-01	1.243599379525584248e-01	-1.383825487700681145e-01	1.335905207302550968e-01	-2.119872318230593133e-01	1.548426978950026012e-01	-1.466374833595525673e-01	1.117909691085509083e-01	-1.166351799121675969e-01	1.444832150245132230e-01	-1.140708517374349751e-01	1.677967486111309747e-01	-1.118796971911100030e-01	1.046749098710000325e-01	-1.175274416330048532e-01	9.912985446068273143e-02
-1.172615459646102476e-01	1.191756863461546495e-01	-9.272239791760350514e-02	8.578611543177666610e-02	-1.627060107968218705e-01	2.936175066072626016e-01	-3.097309174579088165e-01	1.080683311347291897e-01	-9.351355017084024557e-02	1.151142540607524578e-01	-6.132311783229558166e-01	2.700028126897541791e-01	-2.268876147302679447e-01	1.610746121828178778e-01	-1.881189453123689181e-01	9.999999999999978906e-01	-5.345019095575217483e-01	2.349856696965073599e-01	-1.835227067222167663e-01	1.541480003276434751e-01	-1.776853245301324435e-01	1.733240736851374975e-01	-1.627128158679257142e-01	1.546387725481720710e-01	-1.501417082506261713e-01	1.020582774416378957e-01	-1.368540059240884732e-01	1.466970086675230267e-01	-1.283321749942572532e-01	1.211010812356246025e-01	-1.310974758140217855e-01	1.235994830106184050e-01	-1.219395428521130587e-01	1.520467682838555212e-01	-1.214199051488888542e-01	1.320221301445741180e-01	-1.014229748519702157e-01	1.018776730797556068e-01	-1.217835401141185436e-01	8.756240203442433589e-02	-1.610276663774438122e-01	9.701034582760871550e-02	-9.247104444400650047e-02	9.398936018630378586e-02	-8.094648014967735505e-02
1.076379560890783627e-01	-1.190028112584394643e-01	8.288868308282866526e-02	-7.950027404830042888e-02	1.408635518703277578e-01	-2.949005326361192059e-01	2.851182551560569878e-01	-1.139822969653793844e-01	9.564553316376570025e-02	-1.066532705281156290e-01	2.807568266875587470e-01	-5.085843160936062146e-01	2.301716462711833056e-01	-1.790528478418710046e-01	1.691347262776474181e-01	-5.345019095575217483e-01	9.999999999999990008e-01	-4.192142516302421740e-01	2.003830866580502690e-01	-1.641691478423268624e-01	1.482575551610860465e-01	-2.109791909486658512e-01	1.760883149154392202e-01	-1.669867732510074698e-01	1.495744116450874739e-01	-9.165409605887125943e-02	1.403889624003633874e-01	-1.570215173720188595e-01	1.287380318179549010e-01	-1.204596414262587428e-01	1.148246964872286779e-01	-1.215970089868833592e-01	1.154011656176391204e-01	-1.520308838781581073e-01	1.148492397835389756e-01	-1.220886443930742360e-01	9.453496882923631550e-02	-9.593024776172431878e-02	1.134525004687485239e-01	-8.339388086438874470e-02	1.400372273996545458e-01	-9.010439681460374883e-02	8.541275568728953771e-02	-8.878705759000153630e-02	7.566833861564148389e-02
-8.168935381218124514e-02	8.599515363173204641e-02	-8.964162099037401021e-02	8.463578710178597253e-02	-1.840521879825229024e-01	2.046562805125179130e-01	-2.031528403058553423e-01	1.564954969511237470e-01	-1.409184833462763520e-01	1.410440496924639242e-01	-2.019293899994897834e-01	2.036560750928811669e-01	-4.833982129652093507e-01	2.810119355011719278e-01	-2.437522821333444334e-01	2.349856696965073599e-01	-4.192142516302421740e-01	9.999999999999977796e-01	-4.986750100866933488e-01	2.434776412201458129e-01	-1.570711619402600789e-01	1.945222066243786074e-01	-3.199307537582540273e-01	2.403005629275701827e-01	-2.257431925102670045e-01	9.735925404279546780e-02	-1.548383527113573466e-01	2.018358600327784247e-01	-1.704238843213507770e-01	1.546502922197871555e-01	-1.249716757389144062e-01	1.324826944680924656e-01	-1.305124692878917303e-01	1.801591965361903358e-01	-1.475140274215551994e-01	1.319490894472447606e-01	-1.048741260720692514e-01	1.071475499989406749e-01	-1.346016893218276722e-01	1.002767294094161071e-01	-1.524398500211967544e-01	1.002040046062324802e-01	-9.645978855439149569e-02	1.033597777224772307e-01	-9.106861738296587183e-02
6.577669445423477146e-02	-6.980251548195955114e-02	8.191730235339673982e-02	-7.974228784224871025e-02	1.722445713659475353e-01	-1.717616158905057311e-01	1.404180859760250644e-01	-1.864892080983354961e-01	1.640645293299865526e-01	-1.498763856635181302e-01	1.510080591754771329e-01	-1.412517214862939741e-01	2.985280587396483831e-01	-4.750185356851613916e-01	2.500884926694361687e-01	-1.835227067222167663e-01	2.003830866580502690e-01	-4.986750100866933488e-01	1.000000000000001332e+00	-4.814401494067886422e-01	1.332306341688238582e-01	-1.680512680032622275e-01	2.201919972111752444e-01	-3.281327284455712312e-01	2.590722986501078351e-01	-8.435458060531574043e-02	1.321366394097190089e-01	-1.839268751762825060e-01	1.636574651633660726e-01	-1.616526875394195262e-01	1.078942765029685807e-01	-1.187340327568587595e-01	1.159119143573774796e-01	-1.765908692796438750e-01	1.416434269424002856e-01	-1.188478650459411368e-01	9.380915572722747786e-02	-9.713328276812875639e-02	1.241882885136802173e-01	-9.603683928487530275e-02	1.347936145082979653e-01	-9.113376261211789120e-02	8.723388406375946758e-02	-9.690090336742862576e-02	8.521801031685787009e-02
-6.238506827591393245e-02	6.540518695714123143e-02	-8.863170123353331098e-02	8.509342050254045664e-02	-2.241021841086168198e-01	1.575213994659705741e-01	-1.263841494304852597e-01	1.373176184020858392e-01	-1.256926120824996829e-01	1.935546091934222390e-01	-1.398560832866334591e-01	1.155271411296908413e-01	-2.279181171405113004e-01	2.281973140647498011e-01	-4.780048016500761943e-01	1.541480003276434751e-01	-1.641691478423268624e-01	2.434776412201458129e-01	-4.814401494067886422e-01	9.999999999999986677e-01	-1.365804468241280656e-01	1.611696842304220778e-01	-2.091812307144788052e-01	2.736205594834336119e-01	-5.404600648520055950e-01	8.590504634639151149e-02	-1.323086964079551175e-01	1.781510562088869376e-01	-1.754045214179983381e-01	1.940250168003544440e-01	-1.114396269160894404e-01	1.207207470118358827e-01	-1.204808283858506274e-01	1.834910354628667972e-01	-1.736068804820316835e-01	1.228814703023408811e-01	-9.773509624621136427e-02	1.015174399094200819e-01	-1.353962404526971308e-01	1.075563168863877400e-01	-1.421025993522745667e-01	9.579394946912817010e-02	-9.247622800327827408e-02	1.049343855709991141e-01	-9.590913072778158022e-02
5.972062816771769866e-02	-6.277003545804356321e-02	6.552664829634148591e-02	-6.183225319316291296e-02	1.280536649759053403e-01	-1.675344738726887439e-01	1.180681863806804233e-01	-8.308456207005289473e-02	6.978193114997872926e-02	-9.344091440690167893e-02	1.464675283401521422e-01	-1.064215429676963753e-01	1.376633103910736844e-01	-1.186808012419485053e-01	1.503940495234409036e-01	-1.776853245301324435e-01	1.482575551610860465e-01	-1.570711619402600789e-01	1.332306341688238582e-01	-1.365804468241280656e-01	9.999999999999987788e-01	-3.907742581726007525e-01	1.893899270395003331e-01	-1.709295287397612773e-01	1.482189318622423035e-01	-6.061900079816552322e-01	2.562593477514947815e-01	-2.113033642899386777e-01	1.642597296649106198e-01	-1.483539185950057959e-01	3.203773094216340045e-01	-2.587970973975233790e-01	2.064985094548025257e-01	-2.172807034311407259e-01	1.448600129245979362e-01	-3.393644798220037395e-01	1.962223789243068839e-01	-1.928669565094374705e-01	1.712263382530059830e-01	-1.203903315560462817e-01	2.254320862342758247e-01	-1.756630267735961870e-01	1.537174544063030779e-01	-1.413753222644802132e-01	1.100501743768761143e-01
-6.332720535119930327e-02	6.603689120889182085e-02	-7.229656340500366374e-02	6.724455476680467336e-02	-1.495096778957804851e-01	1.640296786363149573e-01	-1.388114878099798721e-01	9.313724741052711864e-02	-8.046766308328007211e-02	1.075266298798059073e-01	-1.573199679101321968e-01	1.270692965566383725e-01	-1.711876436379240751e-01	1.386185161316570713e-01	-1.816376353053076598e-01	1.733240736851374975e-01	-2.109791909486658512e-01	1.945222066243786074e-01	-1.680512680032622275e-01	1.611696842304220778e-01	-3.907742581726007525e-01	1.000000000000004219e+00	-3.741053413450141085e-01	2.171222010405637892e-01	-1.927592435616751476e-01	2.187160201349528377e-01	-6.142357888492397944e-01	2.788649607470327640e-01	-2.095979008940010713e-01	1.674744743988708651e-01	-2.528079424215904369e-01	2.708702991806029581e-01	-2.531272109781019797e-01	2.208807276865171754e-01	-1.686849308775174028e-01	2.171602694370204922e-01	-1.858947896649939535e-01	1.765779388100080505e-01	-1.808143280259218444e-01	1.232197852159944013e-01	-2.074699214908708178e-01	1.527381590453250060e-01	-1.491483278684220259e-01	1.372373528892165684e-01	-1.155354952877271357e-01
5.919972231834168958e-02	-6.225804543637186717e-02	7.016510621326178809e-02	-6.648733085975652712e-02	1.468781488137017865e-01	-1.553848354203523074e-01	1.255821934226467596e-01	-1.067121207657140691e-01	9.136791371942319662e-02	-1.131447446663076395e-01	1.411107819265259855e-01	-1.195005444785200016e-01	1.949708329447423505e-01	-1.702492347755888424e-01	1.892984085191755095e-01	-1.627128158679257142e-01	1.760883149154392202e-01	-3.199307537582540273e-01	2.201919972111752444e-01	-2.091812307144788052e-01	1.893899270395003331e-01	-3.741053413450141085e-01	1.000000000000000444e+00	-5.083821980124821893e-01	2.504510584565095566e-01	-1.256057445350418078e-01	2.448109339083853198e-01	-5.554594410276192384e-01	2.651472853356290349e-01	-2.062706122614912374e-01	1.505583031763599311e-01	-1.852969666862978870e-01	1.696485165180316723e-01	-2.539916671788592928e-01	1.763916080987885104e-01	-1.595637018507038152e-01	1.301155741607012972e-01	-1.340128152214960788e-01	1.630319342755840173e-01	-1.220639636096083613e-01	1.632635777749189832e-01	-1.202351652200778637e-01	1.156668889134350453e-01	-1.253194644189717377e-01	1.082180650098741592e-01
-6.052223446248620325e-02	6.321379339419723464e-02	-7.792953458128884514e-02	7.336975534896977846e-02	-1.742400766820172697e-01	1.542538177443139868e-01	-1.267326678559559383e-01	1.164026174971021371e-01	-1.038316035998655407e-01	1.338985474127483977e-01	-1.421908112561703352e-01	1.152812575353579366e-01	-2.106794053638545716e-01	1.899025178891218801e-01	-2.417087388908854828e-01	1.546387725481720710e-01	-1.669867732510074698e-01	2.403005629275701827e-01	-3.281327284455712312e-01	2.736205594834336119e-01	-1.709295287397612773e-01	2.171222010405637892e-01	-5.083821980124821893e-01	1.000000000000000666e+00	-5.523514909342789325e-01	1.078029945623819041e-01	-1.851006871986113356e-01	2.747020839214462939e-01	-3.290114822783310466e-01	2.365491262812179918e-01	-1.379676659169243869e-01	1.529103984986333320e-01	-1.543065762018448472e-01	2.393175826554705954e-01	-2.119059611078671634e-01	1.459029060741197925e-01	-1.199564019651672281e-01	1.243176648923408067e-01	-1.700933703075876713e-01	1.293596577192441255e-01	-1.625414024056736628e-01	1.142577355150082574e-01	-1.119938591829844482e-01	1.264526925986549921e-01	-1.164587423120470033e-01
5.793823146232220805e-02	-6.102895363681622859e-02	7.441234600755733397e-02	-7.211607361758390344e-02	1.642672871161407755e-01	-1.527092275230654828e-01	1.163604445212790273e-01	-1.186247430135095593e-01	1.014667603993447548e-01	-1.436383359963035455e-01	1.323970855351264686e-01	-1.076671701066029413e-01	1.860402287218025918e-01	-1.897610769914252760e-01	2.434263207386098693e-01	-1.501417082506261713e-01	1.495744116450874739e-01	-2.257431925102670045e-01	2.590722986501078351e-01	-5.404600648520055950e-01	1.482189318622423035e-01	-1.927592435616751476e-01	2.504510584565095566e-01	-5.523514909342789325e-01	9.999999999999992228e-01	-9.580484692609399222e-02	1.545568415287713326e-01	-2.352970810027869286e-01	2.337360871664800055e-01	-3.634139257056113737e-01	1.220024767469725657e-01	-1.407202977361718399e-01	1.381766073625088076e-01	-2.394642089485808367e-01	2.190696655721309227e-01	-1.383919731205323911e-01	1.109490339051301400e-01	-1.170881845145360922e-01	1.596301034282158193e-01	-1.370731728049255360e-01	1.510908740094038250e-01	-1.095162901362695118e-01	1.055422695388731902e-01	-1.266483466107322653e-01	1.152836224089684308e-01
-3.633205661002265191e-02	3.802553158320120391e-02	-4.100499504381666799e-02	3.843474472469024517e-02	-8.186963961071018481e-02	9.954630073530054690e-02	-7.290445102109179010e-02	5.147416431415782062e-02	-4.359422058978905390e-02	5.911109205562441182e-02	-8.960228998297249670e-02	6.500689235464054971e-02	-8.704393754965887575e-02	7.394724451854159386e-02	-9.652365040937574414e-02	1.020582774416378957e-01	-9.165409605887125943e-02	9.735925404279546780e-02	-8.435458060531574043e-02	8.590504634639151149e-02	-6.061900079816552322e-01	2.187160201349528377e-01	-1.256057445350418078e-01	1.078029945623819041e-01	-9.580484692609399222e-02	9.999999999999987788e-01	-2.451342527099655277e-01	1.416723303523276523e-01	-1.091307207963970460e-01	9.488778362787442244e-02	-6.769002158794277246e-01	1.870068446052990663e-01	-1.513166956706984978e-01	1.369912438820554412e-01	-9.485872797214191243e-02	2.296652271033073622e-01	-1.428243867867179662e-01	1.291952811917321531e-01	-1.139410122118941215e-01	7.740965678557805429e-02	-1.517756737861376271e-01	1.152653886428599561e-01	-1.044746528517606354e-01	9.141333006286160578e-02	-7.208820135992199951e-02
4.977800559268289599e-02	-5.215237581677010376e-02	5.731496084479199837e-02	-5.369755436352888905e-02	1.174708298566637665e-01	-1.327190165067363703e-01	1.035611267748902803e-01	-7.536718067966056978e-02	6.433609458856730245e-02	-8.578775307604037670e-02	1.209245173304129423e-01	-9.568938220479378254e-02	1.317438786247809579e-01	-1.114240245899682930e-01	1.425521304455787952e-01	-1.368540059240884732e-01	1.403889624003633874e-01	-1.548383527113573466e-01	1.321366394097190089e-01	-1.323086964079551175e-01	2.562593477514947815e-01	-6.142357888492397944e-01	2.448109339083853198e-01	-1.851006871986113356e-01	1.545568415287713326e-01	-2.451342527099655277e-01	9.999999999999983347e-01	-3.834085243084066064e-01	1.985493868101532999e-01	-1.529548316802052388e-01	2.202373414080204539e-01	-4.884147279678796583e-01	2.475981729121218555e-01	-2.194507032849485062e-01	1.455907887128044254e-01	-2.157618955939172856e-01	1.846048341775846369e-01	-1.806768600982757433e-01	1.621235257245818295e-01	-1.113992659016914966e-01	1.781528375721115331e-01	-1.480053965549971151e-01	1.388576865411248751e-01	-1.267893771600898112e-01	1.026141838704857090e-01
-5.690983786208372863e-02	5.925906873456127794e-02	-7.036930566773220985e-02	6.550720671327305011e-02	-1.517371206546287710e-01	1.460557995900121087e-01	-1.195281310294409455e-01	9.457885593468819130e-02	-8.236223834966539814e-02	1.105697609215067767e-01	-1.371282490327982162e-01	1.072144793754514908e-01	-1.743908136740183745e-01	1.436913706268001523e-01	-1.908696758888553391e-01	1.466970086675230267e-01	-1.570215173720188595e-01	2.018358600327784247e-01	-1.839268751762825060e-01	1.781510562088869376e-01	-2.113033642899386777e-01	2.788649607470327640e-01	-5.554594410276192384e-01	2.747020839214462939e-01	-2.352970810027869286e-01	1.416723303523276523e-01	-3.834085243084066064e-01	9.999999999999972244e-01	-4.972307214402316156e-01	2.234458611757670909e-01	-1.739221474083416930e-01	2.123555564653395455e-01	-2.110606955608646806e-01	2.756293497058311393e-01	-2.107116415565076228e-01	1.730220705833111494e-01	-1.496438214696938218e-01	1.522323879290398418e-01	-1.918500563823842542e-01	1.351650404707509523e-01	-1.811386208018537503e-01	1.331948508427067968e-01	-1.318809030924597558e-01	1.388894152603428189e-01	-1.239062448019296048e-01
4.988476821134956579e-02	-5.211333812586004671e-02	6.204446424950283562e-02	-5.826938266648293285e-02	1.328671871235523327e-01	-1.303560907638127153e-01	1.015504195928002978e-01	-8.575953140517696138e-02	7.368049172904994615e-02	-9.954642796516759151e-02	1.181935569615262804e-01	-9.143409945350064461e-02	1.463069136735508924e-01	-1.299791864379269135e-01	1.687401838919972696e-01	-1.283321749942572532e-01	1.287380318179549010e-01	-1.704238843213507770e-01	1.636574651633660726e-01	-1.754045214179983381e-01	1.642597296649106198e-01	-2.095979008940010713e-01	2.651472853356290349e-01	-3.290114822783310466e-01	2.337360871664800055e-01	-1.091307207963970460e-01	1.985493868101532999e-01	-4.972307214402316156e-01	9.999999999999993339e-01	-4.189040063593353902e-01	1.376745609722239416e-01	-1.735132614843772070e-01	1.773190357356092262e-01	-5.671811638744447270e-01	2.508427805700867985e-01	-1.536497897218856434e-01	1.304389265799827113e-01	-1.416961688689581944e-01	2.106745345858961893e-01	-1.602606762909671301e-01	1.620012768073364195e-01	-1.261348395854359483e-01	1.243967526471980584e-01	-1.540163072233695085e-01	1.362161827682798476e-01
-4.831903570485079902e-02	5.040027462509955036e-02	-6.191894052796275555e-02	5.817574105172654275e-02	-1.363427157375340648e-01	1.255393486749853127e-01	-9.718648060782020259e-02	8.417230953396873105e-02	-7.281754398588524690e-02	1.029202469624544425e-01	-1.134086288437668733e-01	8.638055755015276727e-02	-1.412553579583657459e-01	1.259949447832713343e-01	-1.806086968724384956e-01	1.211010812356246025e-01	-1.204596414262587428e-01	1.546502922197871555e-01	-1.616526875394195262e-01	1.940250168003544440e-01	-1.483539185950057959e-01	1.674744743988708651e-01	-2.062706122614912374e-01	2.365491262812179918e-01	-3.634139257056113737e-01	9.488778362787442244e-02	-1.529548316802052388e-01	2.234458611757670909e-01	-4.189040063593353902e-01	9.999999999999945599e-01	-1.243616826078297183e-01	1.416214272083503867e-01	-1.502607083411942324e-01	2.681004906059362702e-01	-6.684846227978307187e-01	1.409917759103534174e-01	-1.199008142668773619e-01	1.295630683762297730e-01	-2.238818827693387914e-01	2.209843954511389597e-01	-1.570982821373916039e-01	1.212921265992025349e-01	-1.234597593319335662e-01	1.669944830867308716e-01	-1.927110425134826999e-01
4.784139694319614750e-02	-5.018633477538131382e-02	5.377023583308437188e-02	-5.057449963938649706e-02	1.061883168742298461e-01	-1.334156735615761036e-01	9.371449341966958668e-02	-6.738495470588952430e-02	5.672409221961137449e-02	-7.696183822938779118e-02	1.152883108852325866e-01	-8.341725855382947641e-02	1.113237614085526711e-01	-9.596490572006627362e-02	1.243599379525584248e-01	-1.310974758140217855e-01	1.148246964872286779e-01	-1.249716757389144062e-01	1.078942765029685807e-01	-1.114396269160894404e-01	3.203773094216340045e-01	-2.528079424215904369e-01	1.505583031763599311e-01	-1.379676659169243869e-01	1.220024767469725657e-01	-6.769002158794277246e-01	2.202373414080204539e-01	-1.739221474083416930e-01	1.376745609722239416e-01	-1.243616826078297183e-01	1.000000000000001998e+00	-2.675654948111091946e-01	1.975274093261321362e-01	-1.841792741649966036e-01	1.236835944372662172e-01	-4.308972122199777877e-01	2.056309285739691683e-01	-1.876419267273580493e-01	1.533892429933529644e-01	-1.048801622508836739e-01	2.086703069321076132e-01	-1.677575465584664194e-01	1.459361199956372146e-01	-1.263074645978143340e-01	9.715742247083226923e-02
-4.748726370802225372e-02	4.944333869674023135e-02	-5.631881447121344503e-02	5.233942625798454484e-02	-1.163796727147383830e-01	1.256789683868214935e-01	-9.679768542341700421e-02	7.014654949894777447e-02	-6.008805729076166502e-02	8.303662991977131536e-02	-1.159270654915030146e-01	8.533871850838378736e-02	-1.213219441916758429e-01	1.016338994563596027e-01	-1.383825487700681145e-01	1.235994830106184050e-01	-1.215970089868833592e-01	1.324826944680924656e-01	-1.187340327568587595e-01	1.207207470118358827e-01	-2.587970973975233790e-01	2.708702991806029581e-01	-1.852969666862978870e-01	1.529103984986333320e-01	-1.407202977361718399e-01	1.870068446052990663e-01	-4.884147279678796583e-01	2.123555564653395455e-01	-1.735132614843772070e-01	1.416214272083503867e-01	-2.675654948111091946e-01	9.999999999999990008e-01	-5.920796407062348665e-01	2.137171883720659082e-01	-1.483998355643398048e-01	2.560319931392414650e-01	-3.457674315043693936e-01	2.721410721547292688e-01	-1.962886968793009501e-01	1.217511582056765435e-01	-2.173990160367670621e-01	1.991474211362101732e-01	-1.995882054343738887e-01	1.499832281020069269e-01	-1.175458211596328018e-01
4.676618034026947673e-02	-4.887722090660102242e-02	5.500499864478346906e-02	-5.145956980721799745e-02	1.123122522681784530e-01	-1.263487340712493023e-01	9.322024073517246046e-02	-6.972087978384743090e-02	5.920282814508448510e-02	-8.121022954212216149e-02	1.122541612886050061e-01	-8.284602867875394405e-02	1.170614419405814205e-01	-1.005352670639178686e-01	1.335905207302550968e-01	-1.219395428521130587e-01	1.154011656176391204e-01	-1.305124692878917303e-01	1.159119143573774796e-01	-1.204808283858506274e-01	2.064985094548025257e-01	-2.531272109781019797e-01	1.696485165180316723e-01	-1.543065762018448472e-01	1.381766073625088076e-01	-1.513166956706984978e-01	2.475981729121218555e-01	-2.110606955608646806e-01	1.773190357356092262e-01	-1.502607083411942324e-01	1.975274093261321362e-01	-5.920796407062348665e-01	9.999999999999984457e-01	-2.861353854916617867e-01	1.526585687255822554e-01	-2.838198693756374680e-01	2.838919615278720499e-01	-5.281427278233782330e-01	2.173594928554460626e-01	-1.370818572303115768e-01	2.125548297146503951e-01	-2.388311151522629072e-01	2.244879582229741821e-01	-1.776827357998947698e-01	1.280934916343482999e-01
-6.190888640992320974e-02	6.411728422122335569e-02	-7.980233285655924380e-02	7.356819869072232787e-02	-1.740569996107664275e-01	1.579965380445134127e-01	-1.251792076491987649e-01	9.879583423918689156e-02	-8.590132776626277500e-02	1.230779476486555529e-01	-1.487370853506680690e-01	1.088263097897889109e-01	-1.719336126265385012e-01	1.445166245465398513e-01	-2.119872318230593133e-01	1.520467682838555212e-01	-1.520308838781581073e-01	1.801591965361903358e-01	-1.765908692796438750e-01	1.834910354628667972e-01	-2.172807034311407259e-01	2.208807276865171754e-01	-2.539916671788592928e-01	2.393175826554705954e-01	-2.394642089485808367e-01	1.369912438820554412e-01	-2.194507032849485062e-01	2.756293497058311393e-01	-5.671811638744447270e-01	2.681004906059362702e-01	-1.841792741649966036e-01	2.137171883720659082e-01	-2.861353854916617867e-01	9.999999999999958922e-01	-3.083570647315176383e-01	2.019166075255777182e-01	-1.824433089309503431e-01	2.028315135937084068e-01	-4.116143162010055256e-01	2.038188127120461879e-01	-2.303182476533234824e-01	1.739493835862145621e-01	-1.808145434189688538e-01	2.184687008339800951e-01	-1.945890758527084041e-01
