1.000000000000000000e+00	-5.112113605333001853e-01	2.656337906058746090e-01	-1.476584770893720755e-01	1.035256805609332253e-01	-6.778097957871064283e-01	3.025184852409580349e-01	-2.529250036662961110e-01	1.371883934115823156e-01	-1.141438744935685951e-01	2.455751190622597058e-01	-2.561616175524580874e-01	1.992627613184529412e-01	-1.826766933091397427e-01	1.102476494539186835e-01	-1.792024049787419859e-01	1.697617147890413958e-01	-1.768729809696944211e-01	1.340448787848302625e-01	-1.556115623785748192e-01	1.043843612401254006e-01	-1.211950482966264592e-01	1.204102304802886214e-01	-6.210541263224965414e-02	5.555855463369080427e-02	-8.746559921344172761e-02	8.884338147783066297e-02	-8.926413361236366917e-02	7.053235694014839408e-02	-9.045135797583653270e-02	8.699078300654218554e-02	-6.998017035656885210e-02	6.296103506164245356e-02	-8.231959736355048962e-02	6.236718822590496536e-02	-2.608938695462159618e-02	6.946068924248442744e-02	-8.013643430868705453e-02	6.780053115676561160e-02	-4.761902959010393815e-02	2.522221216950092104e-02	-4.333556264727730922e-02	4.672661666555107118e-02	-4.113783030776841515e-02	5.895566964039575253e-02
-5.112113605333001853e-01	1.000000000000000000e+00	-5.409406878921853012e-01	1.598317364030380494e-01	-1.182198745003880253e-01	2.998460077304648252e-01	-5.011417763750807275e-01	2.590398807560417849e-01	-1.512741148252766676e-01	1.174680834142170921e-01	-2.499490404005283439e-01	2.507756747319976887e-01	-2.239794988579988377e-01	1.694449409379291116e-01	-1.063564483955892898e-01	1.610167535107256132e-01	-1.808164752370566841e-01	1.658948287766708884e-01	-1.331061624240753583e-01	1.431248418311849568e-01	-1.045001375885049877e-01	1.181805335575795424e-01	-1.221153089501985228e-01	5.872643947200720249e-02	-5.303473776632513376e-02	8.439150374147656730e-02	-8.816595081694508784e-02	8.628523200922726122e-02	-6.811227225311521083e-02	8.566182733958521700e-02	-8.553279887903192380e-02	6.806875545410705219e-02	-6.080568056303602836e-02	7.842637980053601687e-02	-6.135414554055904079e-02	2.551084251129854749e-02	-6.870340656283151215e-02	7.675502548755740173e-02	-6.657118661060569542e-02	4.638653173766593002e-02	-2.474513983842867998e-02	4.243840331805991822e-02	-4.606637062318756637e-02	4.038727660986299317e-02	-5.820454959008778545e-02
2.656337906058746090e-01	-5.409406878921853012e-01	9.999999999999997780e-01	-3.526113002585546385e-01	1.989510930875240668e-01	-2.596676972740675771e-01	2.739749296315825977e-01	-3.854085589677166412e-01	2.250113150791190897e-01	-2.023619994021634838e-01	2.291726830538896031e-01	-2.715778903772240738e-01	2.579451287753964928e-01	-2.867283967024840119e-01	1.726162517312590794e-01	-1.764786076867179143e-01	1.843646702322889463e-01	-2.568585476031546855e-01	1.940009931697266876e-01	-2.446951320204500402e-01	1.254462374287539095e-01	-1.448226190537702796e-01	1.500560081397843137e-01	-8.782127359663161048e-02	7.852637499547129862e-02	-1.075689292233969752e-01	1.120922941894997860e-01	-1.150816860530233243e-01	9.324963077178449744e-02	-1.212884578119866746e-01	1.195811161203166745e-01	-9.098642095006691244e-02	8.278903788717344170e-02	-1.093667006772505723e-01	8.376391691802795303e-02	-3.490914445776987368e-02	9.066069801310190635e-02	-1.067272647388533557e-01	9.054124141621082422e-02	-6.394465613912815594e-02	3.374752849155644024e-02	-5.746446351616301546e-02	6.197962105367810226e-02	-5.489718098798974932e-02	7.874528815268312665e-02
-1.476584770893720755e-01	1.598317364030380494e-01	-3.526113002585546385e-01	9.999999999999995559e-01	-7.337242511457401362e-01	1.212007165804219189e-01	-1.316419735486283049e-01	1.722884085304450807e-01	-4.013012398314257378e-01	2.961131161186467686e-01	-1.428951946961974362e-01	1.331188114745700812e-01	-1.525223987785091773e-01	1.903157635622333699e-01	-1.445963607143365692e-01	9.765177611429599891e-02	-1.087062673126358708e-01	1.396433867206252621e-01	-1.310028343194470091e-01	1.560900390684073491e-01	-7.687171054648458957e-02	8.374286131724521798e-02	-9.268234223939016136e-02	5.304270107973569487e-02	-4.888392776934897405e-02	6.358477407750169619e-02	-6.898986907222669218e-02	6.815118031374826912e-02	-5.599116345853899501e-02	7.067740832276674101e-02	-7.664432863997162892e-02	5.540009473110932281e-02	-4.956811027453655177e-02	6.412271755580682686e-02	-5.374165130250561223e-02	2.186349893055433355e-02	-5.708318176210564615e-02	6.355274287777526454e-02	-5.745193936311563526e-02	3.998572081208778828e-02	-2.128716161699149151e-02	3.595123698529549550e-02	-3.938091623978783040e-02	3.478162084121029507e-02	-5.063199673342266144e-02
1.035256805609332253e-01	-1.182198745003880253e-01	1.989510930875240668e-01	-7.337242511457401362e-01	9.999999999999993339e-01	-9.119404129240729628e-02	9.745750871255809411e-02	-1.395247826501442023e-01	2.920019140884874687e-01	-5.339908935373595122e-01	1.044636305671068771e-01	-1.035882112178416609e-01	1.190945893123594307e-01	-1.850419934234076857e-01	1.431768427835563018e-01	-7.479238008231246793e-02	8.217205451199485755e-02	-1.224061009680171841e-01	1.121936779298830372e-01	-1.580370657774393117e-01	5.879026877288966862e-02	-6.514769009414066170e-02	7.181812337730079931e-02	-4.590114372055859732e-02	4.215337274170759957e-02	-4.930341265928640110e-02	5.315040768743212185e-02	-5.352723621132952220e-02	4.438451965529655041e-02	-5.680175895144637388e-02	5.801097508508189227e-02	-4.279210061787305092e-02	3.877988630492737454e-02	-5.047647254992064514e-02	4.120099766650593687e-02	-1.674754106834275280e-02	4.371286817899528582e-02	-4.963607643512326500e-02	4.410271461123278780e-02	-3.083696628962215303e-02	1.627333584329397967e-02	-2.759865813553624703e-02	3.011387115340184717e-02	-2.666949413289994644e-02	3.867403384039143355e-02
-6.778097957871064283e-01	2.998460077304648252e-01	-2.596676972740675771e-01	1.212007165804219189e-01	-9.119404129240729628e-02	9.999999999999990008e-01	-4.756649546868855216e-01	2.295852938719556979e-01	-1.252076898278887684e-01	9.701625612997503978e-02	-3.730575749713520572e-01	2.543106175477845565e-01	-2.050223727544296937e-01	1.496287248073594478e-01	-9.324979408581932083e-02	1.879548391996319068e-01	-1.894999521086133676e-01	1.516124206369115768e-01	-1.200394325060857581e-01	1.266488977640287672e-01	-1.044810821763246939e-01	1.183224962101807332e-01	-1.187444139064364884e-01	5.434981217930191788e-02	-4.899316144781108717e-02	8.338872859381725455e-02	-8.538481469754145847e-02	8.295540035221445063e-02	-6.460995041618476653e-02	8.095066691173143092e-02	-7.889450225528012173e-02	6.492253699094119312e-02	-5.775984653556555382e-02	7.424837268864896422e-02	-5.716673829199322293e-02	2.388684109705336081e-02	-6.513301428588007258e-02	7.241735571357417467e-02	-6.228596449383340394e-02	4.334108375490262205e-02	-2.315385733002917404e-02	3.991873318746815696e-02	-4.325042679227700249e-02	3.780592438961526136e-02	-5.436912725970763360e-02
3.025184852409580349e-01	-5.011417763750807275e-01	2.739749296315825977e-01	-1.316419735486283049e-01	9.745750871255809411e-02	-4.756649546868855216e-01	9.999999999999996669e-01	-4.261738492304335546e-01	1.396368043155090666e-01	-1.083567573914915178e-01	2.511979037884148891e-01	-4.635806278872247055e-01	2.621381389061380740e-01	-1.644999082893812692e-01	1.014221842178055083e-01	-1.777044206034299745e-01	1.958540974493529763e-01	-1.707978503151081073e-01	1.310291194784792834e-01	-1.362691379432541261e-01	1.017597153458017628e-01	-1.212982345311661020e-01	1.184260747094686428e-01	-5.570128820576600998e-02	5.024850434477332733e-02	-8.215094048315207953e-02	8.404235923446010115e-02	-8.254773417774814714e-02	6.429579449220269860e-02	-8.079434019159281721e-02	7.770324239114750897e-02	-6.408213502310321219e-02	5.726597199097600843e-02	-7.369933394940612892e-02	5.653032700174319414e-02	-2.355649833489895095e-02	6.410980859881766636e-02	-7.174365734334738065e-02	6.155128076793708880e-02	-4.286748456140882652e-02	2.282564084636282131e-02	-3.937703554566272107e-02	4.264002307887698739e-02	-3.733136737770752223e-02	5.366666366374220343e-02
-2.529250036662961110e-01	2.590398807560417849e-01	-3.854085589677166412e-01	1.722884085304450807e-01	-1.395247826501442023e-01	2.295852938719556979e-01	-4.261738492304335546e-01	9.999999999999986677e-01	-2.530778557378164373e-01	1.587739496385102977e-01	-2.504024588528377948e-01	2.896017587726829601e-01	-6.359924626298982808e-01	2.154807975245211504e-01	-1.390997278703713924e-01	1.663849598937256202e-01	-1.960202597626638232e-01	2.269426426337922409e-01	-1.895862513521530957e-01	1.714072327928101436e-01	-1.126358607783497223e-01	1.283079905474217852e-01	-1.360787257691695451e-01	6.651291750724883101e-02	-6.080908165722317266e-02	9.052208867366205725e-02	-9.559091711464508256e-02	9.355197327805758745e-02	-7.413486214022164955e-02	9.242461010748896644e-02	-9.240670208777619632e-02	7.333348757925260697e-02	-6.567541645815672124e-02	8.409342189845574189e-02	-6.691526452788895685e-02	2.755266750315797653e-02	-7.452570743626378558e-02	8.234889927353332417e-02	-7.240759248867742470e-02	5.025974216731162597e-02	-2.676980655871393291e-02	4.591381317385727356e-02	-5.002001472933285259e-02	4.386083631013741602e-02	-6.341879470562888921e-02
1.371883934115823156e-01	-1.512741148252766676e-01	2.250113150791190897e-01	-4.013012398314257378e-01	2.920019140884874687e-01	-1.252076898278887684e-01	1.396368043155090666e-01	-2.530778557378164373e-01	9.999999999999995559e-01	-6.962077350420741162e-01	1.429868210437415521e-01	-1.482268630399113662e-01	1.846428898877086333e-01	-3.416044749066836639e-01	2.152590360235246414e-01	-1.029858540998664224e-01	1.139944637363088376e-01	-1.789839848707490411e-01	1.671977784174257242e-01	-2.296365201776108256e-01	7.972473194344330272e-02	-8.917164656548209889e-02	9.826139714529688596e-02	-6.399144787736775475e-02	5.899243014181847905e-02	-6.664665970075213386e-02	7.170548848978648693e-02	-7.231433672465475970e-02	5.997511958909899910e-02	-7.665919417110962641e-02	7.621975976888414883e-02	-5.726252018549964073e-02	5.205512413706932934e-02	-6.758027992014190022e-02	5.486551522318049157e-02	-2.223314458241162916e-02	5.843530677459385370e-02	-6.625628776604591819e-02	5.876849352094105222e-02	-4.105850633750202788e-02	2.160091163758032576e-02	-3.676306231989954348e-02	4.010815715803090625e-02	-3.551056057156363327e-02	5.147263951996670917e-02
-1.141438744935685951e-01	1.174680834142170921e-01	-2.023619994021634838e-01	2.961131161186467686e-01	-5.339908935373595122e-01	9.701625612997503978e-02	-1.083567573914915178e-01	1.587739496385102977e-01	-6.962077350420741162e-01	1.000000000000001554e+00	-1.181569432569221367e-01	1.125577207739021091e-01	-1.422268400670085309e-01	2.220181214966471250e-01	-2.394079835219254382e-01	8.160523390796370347e-02	-9.192553207922689318e-02	1.318914636699589082e-01	-1.362477606509569228e-01	1.835642888805213147e-01	-6.486277459789208111e-02	7.111612508605535954e-02	-7.977803138379642445e-02	5.076815061537260504e-02	-4.768776026938118667e-02	5.357836260363344622e-02	-5.831522871823198451e-02	5.794662182426939950e-02	-4.822650664860590047e-02	6.091252642008241486e-02	-6.300786180473676168e-02	4.643547386881406724e-02	-4.191341147014198548e-02	5.405045148160389501e-02	-4.515010407939531317e-02	1.819993997747616082e-02	-4.786496438925209179e-02	5.330506427320151619e-02	-4.821193691002391424e-02	3.353714918902662295e-02	-1.772078320478697941e-02	3.005826242655909586e-02	-3.294167257667331150e-02	2.912984245600601374e-02	-4.240759832580236893e-02
2.455751190622597058e-01	-2.499490404005283439e-01	2.291726830538896031e-01	-1.428951946961974362e-01	1.044636305671068771e-01	-3.730575749713520572e-01	2.511979037884148891e-01	-2.504024588528377948e-01	1.429868210437415521e-01	-1.181569432569221367e-01	9.999999999999986677e-01	-4.303305734599852106e-01	2.308316359768740889e-01	-2.079003335250876328e-01	1.247635186793870504e-01	-5.892535752666255844e-01	3.054475399897565446e-01	-2.174520080651404230e-01	1.590358513448708877e-01	-1.784688211446674999e-01	1.690894873051377589e-01	-1.987440955435454959e-01	1.759993793405685569e-01	-8.014618150772200023e-02	7.133037254088420154e-02	-1.396026432705437526e-01	1.298731462192861397e-01	-1.283057785372516690e-01	9.725368550632987330e-02	-1.236775334695671968e-01	1.111809204467608531e-01	-9.855449780569375262e-02	8.720425035641164724e-02	-1.130686146761794297e-01	8.195176475017466877e-02	-3.474536433442557831e-02	9.555137015436267200e-02	-1.090281398016608172e-01	9.008328882052123177e-02	-6.302667864728038472e-02	3.351278576837590090e-02	-5.844162930981514070e-02	6.263483766341799985e-02	-5.472548270527316516e-02	7.796153058735816321e-02
-2.561616175524580874e-01	2.507756747319976887e-01	-2.715778903772240738e-01	1.331188114745700812e-01	-1.035882112178416609e-01	2.543106175477845565e-01	-4.635806278872247055e-01	2.896017587726829601e-01	-1.482268630399113662e-01	1.125577207739021091e-01	-4.303305734599852106e-01	1.000000000000000888e+00	-4.410873044008811195e-01	1.852969969779973414e-01	-1.165870238256867114e-01	2.680466530991721386e-01	-4.403722377985627712e-01	2.086344029603621197e-01	-1.637037420167661572e-01	1.536169749992965794e-01	-1.502223599320172687e-01	1.817553448976089447e-01	-1.754367982553618199e-01	6.966738780115000473e-02	-6.315700720356427766e-02	1.144698610801395816e-01	-1.177180499946366282e-01	1.119290877845949411e-01	-8.501866292225683519e-02	1.042129587338476021e-01	-9.863183487216808931e-02	8.545507191245527157e-02	-7.580963388819095261e-02	9.574852653977707073e-02	-7.312123766158164229e-02	3.056454579694511953e-02	-8.585172378138687665e-02	9.295494510145012323e-02	-8.008817443362925559e-02	5.529494974239447524e-02	-2.966192303126456709e-02	5.157090831982922424e-02	-5.596730177717777061e-02	4.859221698815215096e-02	-6.989139949669576080e-02
1.992627613184529412e-01	-2.239794988579988377e-01	2.579451287753964928e-01	-1.525223987785091773e-01	1.190945893123594307e-01	-2.050223727544296937e-01	2.621381389061380740e-01	-6.359924626298982808e-01	1.846428898877086333e-01	-1.422268400670085309e-01	2.308316359768740889e-01	-4.410873044008811195e-01	9.999999999999995559e-01	-2.854440403378964985e-01	1.576603682859227529e-01	-1.769486829868760491e-01	2.029226425256512312e-01	-3.756365050644422388e-01	2.233954808087090516e-01	-2.044611120484565725e-01	1.134379307041432083e-01	-1.374468939107757748e-01	1.406094351561403277e-01	-7.239482440746991543e-02	6.580090008619678132e-02	-9.296764792014852730e-02	9.642639729224609935e-02	-9.668856047041259061e-02	7.607875758945795153e-02	-9.571097550072213411e-02	9.032437804252628488e-02	-7.396827131392051669e-02	6.685896963614224031e-02	-8.589970065407437350e-02	6.652944510207962903e-02	-2.736898410402969009e-02	7.427999658965395158e-02	-8.345033426401839149e-02	7.215032912746625893e-02	-5.021247741597710534e-02	2.654081511215329939e-02	-4.578270489451944508e-02	4.969014444518631696e-02	-4.365244484571558642e-02	6.289333990602596902e-02
-1.826766933091397427e-01	1.694449409379291116e-01	-2.867283967024840119e-01	1.903157635622333699e-01	-1.850419934234076857e-01	1.496287248073594478e-01	-1.644999082893812692e-01	2.154807975245211504e-01	-3.416044749066836639e-01	2.220181214966471250e-01	-2.079003335250876328e-01	1.852969969779973414e-01	-2.854440403378964985e-01	1.000000000000001110e+00	-5.939195834178906397e-01	1.389256411357440435e-01	-1.632218922974530695e-01	2.513609243406130789e-01	-3.774473566961643600e-01	3.223807360839648362e-01	-1.147086376779524047e-01	1.242919897110924266e-01	-1.450135716831588151e-01	9.119717067836811963e-02	-8.869292490958044506e-02	9.313028275902131281e-02	-1.029979345967827337e-01	1.009507946647433679e-01	-8.451256387173235185e-02	1.045630513125632988e-01	-1.095634503993934694e-01	8.081536073295038369e-02	-7.279070176104598944e-02	9.261244837449711387e-02	-7.977188984119028270e-02	3.173518774190462605e-02	-8.434204400018036063e-02	9.163732507995871190e-02	-8.488591622091141986e-02	5.864513039389770976e-02	-3.098400325100472696e-02	5.259938725806660026e-02	-5.798773969280406754e-02	5.120612486550540909e-02	-7.493558093836183431e-02
1.102476494539186835e-01	-1.063564483955892898e-01	1.726162517312590794e-01	-1.445963607143365692e-01	1.431768427835563018e-01	-9.324979408581932083e-02	1.014221842178055083e-01	-1.390997278703713924e-01	2.152590360235246414e-01	-2.394079835219254382e-01	1.247635186793870504e-01	-1.165870238256867114e-01	1.576603682859227529e-01	-5.939195834178906397e-01	9.999999999999998890e-01	-8.737390869994375586e-02	1.007060426573783002e-01	-1.903383451083698608e-01	2.372523614907694756e-01	-6.771686210432960040e-01	7.306861405962015998e-02	-8.070829696389494878e-02	9.430577139123544339e-02	-8.666934444180655894e-02	8.377465754491655869e-02	-6.030552494339247449e-02	6.664154980260357519e-02	-6.731771661627228287e-02	5.880576115461286224e-02	-7.516950316630921503e-02	6.871425338371114910e-02	-5.224481158405792913e-02	4.820616435476595546e-02	-6.171013410669314719e-02	5.167679544177326834e-02	-2.027775452948427787e-02	5.412213759500930643e-02	-6.008814228626210840e-02	5.485852764509348278e-02	-3.809737475996927830e-02	1.976379727585605636e-02	-3.379198466920360633e-02	3.714780360198325498e-02	-3.296630792310623059e-02	4.808646153948814561e-02
-1.792024049787419859e-01	1.610167535107256132e-01	-1.764786076867179143e-01	9.765177611429599891e-02	-7.479238008231246793e-02	1.879548391996319068e-01	-1.777044206034299745e-01	1.663849598937256202e-01	-1.029858540998664224e-01	8.160523390796370347e-02	-5.892535752666255844e-01	2.680466530991721386e-01	-1.769486829868760491e-01	1.389256411357440435e-01	-8.737390869994375586e-02	9.999999999999987788e-01	-6.387973774777623293e-01	1.597897997859364372e-01	-1.238001954656559045e-01	1.210373251955835922e-01	-2.320360005649655111e-01	2.249605546264415723e-01	-2.015226973261952104e-01	6.729342607566338175e-02	-6.051644322840746271e-02	1.485741901475393090e-01	-1.392539588754897473e-01	1.252466245746463869e-01	-9.085131118863580546e-02	1.095748519667137100e-01	-9.807679332560692576e-02	9.400858602407426157e-02	-8.153311052742547027e-02	1.015088189992778694e-01	-7.367885139675750539e-02	3.154487855978143490e-02	-9.265631224737902460e-02	9.756265420051109249e-02	-8.192083135946170991e-02	5.622887815079172930e-02	-3.056267554734640873e-02	5.392031110094443191e-02	-5.816796449826828336e-02	4.984239746412665040e-02	-7.118419176495989487e-02
1.697617147890413958e-01	-1.808164752370566841e-01	1.843646702322889463e-01	-1.087062673126358708e-01	8.217205451199485755e-02	-1.894999521086133676e-01	1.958540974493529763e-01	-1.960202597626638232e-01	1.139944637363088376e-01	-9.192553207922689318e-02	3.054475399897565446e-01	-4.403722377985627712e-01	2.029226425256512312e-01	-1.632218922974530695e-01	1.007060426573783002e-01	-6.387973774777623293e-01	9.999999999999964473e-01	-2.083479506825549610e-01	1.436616629794030264e-01	-1.420199563869162795e-01	2.013695115593563401e-01	-3.779645976117652073e-01	2.205807559837845155e-01	-7.593823883405717567e-02	6.754691999851920869e-02	-1.540866354072226718e-01	1.441325925221307314e-01	-1.392027384802881629e-01	9.871261819096428802e-02	-1.212484072030068361e-01	1.023692905317055285e-01	-1.004011818987769894e-01	8.844320888348136678e-02	-1.113440080584914144e-01	7.831609440047093695e-02	-3.333704862976429734e-02	9.666405515435706752e-02	-1.061121810891836048e-01	8.707582790946630236e-02	-6.009973456707235623e-02	3.220167907482745367e-02	-5.704329730642442031e-02	6.119526986671516150e-02	-5.284278849086509328e-02	7.516408164321694563e-02
-1.768729809696944211e-01	1.658948287766708884e-01	-2.568585476031546855e-01	1.396433867206252621e-01	-1.224061009680171841e-01	1.516124206369115768e-01	-1.707978503151081073e-01	2.269426426337922409e-01	-1.789839848707490411e-01	1.318914636699589082e-01	-2.174520080651404230e-01	2.086344029603621197e-01	-3.756365050644422388e-01	2.513609243406130789e-01	-1.903383451083698608e-01	1.597897997859364372e-01	-2.083479506825549610e-01	9.999999999999971134e-01	-7.150039092880227098e-01	2.437676255074187059e-01	-1.281417074217079954e-01	1.523063683859089690e-01	-1.981295308734470906e-01	9.278418799956003604e-02	-8.686216688388644080e-02	1.039056440963914696e-01	-1.126886733450257888e-01	1.152807306519518099e-01	-9.094680240896482748e-02	1.108427510767021201e-01	-1.049953947857159703e-01	8.482480364602990042e-02	-7.838690553050775556e-02	9.840232298922146903e-02	-7.896488469014277534e-02	3.170049045848945257e-02	-8.688918281424687362e-02	9.552330633704271545e-02	-8.517514792246182187e-02	5.870721518873437544e-02	-3.086972361044972718e-02	5.322186937844441967e-02	-5.828862847124788304e-02	5.128141642072506223e-02	-7.444252995964746600e-02
1.340448787848302625e-01	-1.331061624240753583e-01	1.940009931697266876e-01	-1.310028343194470091e-01	1.121936779298830372e-01	-1.200394325060857581e-01	1.310291194784792834e-01	-1.895862513521530957e-01	1.671977784174257242e-01	-1.362477606509569228e-01	1.590358513448708877e-01	-1.637037420167661572e-01	2.233954808087090516e-01	-3.774473566961643600e-01	2.372523614907694756e-01	-1.238001954656559045e-01	1.436616629794030264e-01	-7.150039092880227098e-01	9.999999999999967804e-01	-4.261945811147279661e-01	9.882335099896648323e-02	-1.182876132451958218e-01	1.382951480368712349e-01	-1.071060619201924941e-01	9.544731279520339562e-02	-8.281418357712060085e-02	8.909245669135860968e-02	-9.358544353930274562e-02	7.734473462156687962e-02	-9.811872747020308760e-02	8.461067048510440003e-02	-6.867730156964514665e-02	6.426000300426787382e-02	-8.217291361007419970e-02	6.490859445627995827e-02	-2.573799346429254606e-02	6.979687451177699065e-02	-7.902032375830907174e-02	6.964022085610206692e-02	-4.839842617408843251e-02	2.501130971834510108e-02	-4.323091203158169193e-02	4.720246173815266510e-02	-4.182655570285136182e-02	6.056969565513992126e-02
-1.556115623785748192e-01	1.431248418311849568e-01	-2.446951320204500402e-01	1.560900390684073491e-01	-1.580370657774393117e-01	1.266488977640287672e-01	-1.362691379432541261e-01	1.714072327928101436e-01	-2.296365201776108256e-01	1.835642888805213147e-01	-1.784688211446674999e-01	1.536169749992965794e-01	-2.044611120484565725e-01	3.223807360839648362e-01	-6.771686210432960040e-01	1.210373251955835922e-01	-1.420199563869162795e-01	2.437676255074187059e-01	-4.261945811147279661e-01	9.999999999999972244e-01	-1.046540533315264143e-01	1.133531158764592151e-01	-1.361342097609565538e-01	1.235502757617753383e-01	-1.383273004673419015e-01	8.546906925224852236e-02	-9.574640242763825249e-02	9.544648741205041809e-02	-8.465126873669259755e-02	1.060701785701833738e-01	-9.971959978350036780e-02	7.476937826229240747e-02	-6.876062194262197447e-02	8.731953055470720315e-02	-7.519844067609025851e-02	2.926283562547438849e-02	-7.819807438001359634e-02	8.546410981985785860e-02	-7.950883276654359400e-02	5.501404045547088340e-02	-2.857369912727482364e-02	4.875469505228854916e-02	-5.381260456408603482e-02	4.774327945693299102e-02	-6.991231126233210524e-02
1.043843612401254006e-01	-1.045001375885049877e-01	1.254462374287539095e-01	-7.687171054648458957e-02	5.879026877288966862e-02	-1.044810821763246939e-01	1.017597153458017628e-01	-1.126358607783497223e-01	7.972473194344330272e-02	-6.486277459789208111e-02	1.690894873051377589e-01	-1.502223599320172687e-01	1.134379307041432083e-01	-1.147086376779524047e-01	7.306861405962015998e-02	-2.320360005649655111e-01	2.013695115593563401e-01	-1.281417074217079954e-01	9.882335099896648323e-02	-1.046540533315264143e-01	9.999999999999980016e-01	-4.529197394485745543e-01	2.636715993810391789e-01	-9.381463021973775185e-02	8.180111718634687501e-02	-6.828650628834226355e-01	2.832931982250312952e-01	-2.412742296205891979e-01	1.530899033037899926e-01	-1.911021270412190110e-01	1.470277056085092238e-01	-1.823935201226691560e-01	1.406891595377778303e-01	-1.770376665670516381e-01	1.093344447951639375e-01	-5.021901694577579622e-02	1.544031001856160101e-01	-1.656805190503621850e-01	1.252187105720879434e-01	-8.641032987685827449e-02	4.795446639103265185e-02	-8.742019576808382486e-02	9.090362626806443302e-02	-7.675770548639926361e-02	1.067088929912517470e-01
-1.211950482966264592e-01	1.181805335575795424e-01	-1.448226190537702796e-01	8.374286131724521798e-02	-6.514769009414066170e-02	1.183224962101807332e-01	-1.212982345311661020e-01	1.283079905474217852e-01	-8.917164656548209889e-02	7.111612508605535954e-02	-1.987440955435454959e-01	1.817553448976089447e-01	-1.374468939107757748e-01	1.242919897110924266e-01	-8.070829696389494878e-02	2.249605546264415723e-01	-3.779645976117652073e-01	1.523063683859089690e-01	-1.182876132451958218e-01	1.133531158764592151e-01	-4.529197394485745543e-01	9.999999999999988898e-01	-6.317940473294064718e-01	1.011513593360162944e-01	-9.101584058773390384e-02	2.505158371994901101e-01	-2.756634338345292923e-01	2.345322716911154570e-01	-1.530536844570833388e-01	1.710517275106995250e-01	-1.333144523116890912e-01	1.528657868925339114e-01	-1.366198732862378140e-01	1.597298493397078245e-01	-1.077920535111425021e-01	4.639991247431872468e-02	-1.491957151561846273e-01	1.496386442648714732e-01	-1.224840445568365771e-01	8.241396841943091078e-02	-4.502559854858646099e-02	8.173086755984607099e-02	-8.812158207986790781e-02	7.421123849459845823e-02	-1.053216227205746314e-01
1.204102304802886214e-01	-1.221153089501985228e-01	1.500560081397843137e-01	-9.268234223939016136e-02	7.181812337730079931e-02	-1.187444139064364884e-01	1.184260747094686428e-01	-1.360787257691695451e-01	9.826139714529688596e-02	-7.977803138379642445e-02	1.759993793405685569e-01	-1.754367982553618199e-01	1.406094351561403277e-01	-1.450135716831588151e-01	9.430577139123544339e-02	-2.015226973261952104e-01	2.205807559837845155e-01	-1.981295308734470906e-01	1.382951480368712349e-01	-1.361342097609565538e-01	2.636715993810391789e-01	-6.317940473294064718e-01	9.999999999999957812e-01	-1.579165685652179907e-01	1.280951210555285047e-01	-2.557323628698204288e-01	2.531628446513206621e-01	-4.343038187733164190e-01	2.118568608190110059e-01	-2.563289925656316859e-01	1.472133111220355894e-01	-1.738673806752063511e-01	1.883889835331628571e-01	-2.298446268483114174e-01	1.313355779562441483e-01	-5.308241684458765708e-02	1.596633349367013455e-01	-2.043477426766842353e-01	1.496994683944094517e-01	-1.024791208006949339e-01	5.100728690298995949e-02	-9.398689064246548708e-02	9.981397153803878153e-02	-8.845911547468655878e-02	1.237436052324971669e-01
-6.210541263224965414e-02	5.872643947200720249e-02	-8.782127359663161048e-02	5.304270107973569487e-02	-4.590114372055859732e-02	5.434981217930191788e-02	-5.570128820576600998e-02	6.651291750724883101e-02	-6.399144787736775475e-02	5.076815061537260504e-02	-8.014618150772200023e-02	6.966738780115000473e-02	-7.239482440746991543e-02	9.119717067836811963e-02	-8.666934444180655894e-02	6.729342607566338175e-02	-7.593823883405717567e-02	9.278418799956003604e-02	-1.071060619201924941e-01	1.235502757617753383e-01	-9.381463021973775185e-02	1.011513593360162944e-01	-1.579165685652179907e-01	9.999999999999995559e-01	-9.209533728998177127e-01	8.020359212329220000e-02	-1.025147746032925439e-01	1.184097995014397053e-01	-1.719199111883877862e-01	2.008547424614687271e-01	-7.922601825287468869e-02	7.464054308223827539e-02	-8.472556493303196046e-02	1.050975352120973039e-01	-8.851893277565806017e-02	2.765447391425426837e-02	-7.941184291363398429e-02	9.180227575813221241e-02	-8.844861744886324539e-02	6.175313857580297383e-02	-2.699971063781466535e-02	4.896210173039428071e-02	-5.455288020548090810e-02	5.065068942905727456e-02	-7.437646699262874528e-02
5.555855463369080427e-02	-5.303473776632513376e-02	7.852637499547129862e-02	-4.888392776934897405e-02	4.215337274170759957e-02	-4.899316144781108717e-02	5.024850434477332733e-02	-6.080908165722317266e-02	5.899243014181847905e-02	-4.768776026938118667e-02	7.133037254088420154e-02	-6.315700720356427766e-02	6.580090008619678132e-02	-8.869292490958044506e-02	8.377465754491655869e-02	-6.051644322840746271e-02	6.754691999851920869e-02	-8.686216688388644080e-02	9.544731279520339562e-02	-1.383273004673419015e-01	8.180111718634687501e-02	-9.101584058773390384e-02	1.280951210555285047e-01	-9.209533728998177127e-01	9.999999999999977796e-01	-7.198855680412115376e-02	9.015017190714148809e-02	-1.101093686057935950e-01	1.529774746416489861e-01	-2.575339992784296261e-01	6.925176286173752305e-02	-6.660703328616936203e-02	7.680529593718143921e-02	-9.887279167610785180e-02	7.774166242718941189e-02	-2.431864010707353307e-02	6.955251089323355451e-02	-8.368675724026655716e-02	7.733810695754683717e-02	-5.529151414665739450e-02	2.367270245336549825e-02	-4.307415727950636430e-02	4.766488282949380567e-02	-4.435668189484429091e-02	6.460693859738585176e-02
-8.746559921344172761e-02	8.439150374147656730e-02	-1.075689292233969752e-01	6.358477407750169619e-02	-4.930341265928640110e-02	8.338872859381725455e-02	-8.215094048315207953e-02	9.052208867366205725e-02	-6.664665970075213386e-02	5.357836260363344622e-02	-1.396026432705437526e-01	1.144698610801395816e-01	-9.296764792014852730e-02	9.313028275902131281e-02	-6.030552494339247449e-02	1.485741901475393090e-01	-1.540866354072226718e-01	1.039056440963914696e-01	-8.281418357712060085e-02	8.546906925224852236e-02	-6.828650628834226355e-01	2.505158371994901101e-01	-2.557323628698204288e-01	8.020359212329220000e-02	-7.198855680412115376e-02	9.999999999999983347e-01	-5.368139034349360683e-01	2.255678872265538260e-01	-1.475071095244850639e-01	1.625688290847155659e-01	-1.681373634547338736e-01	1.972618742061918451e-01	-1.360385660686324882e-01	1.575452329735912704e-01	-1.069345388623245685e-01	5.238029173583195336e-02	-1.844705601588384203e-01	1.512954091057122363e-01	-1.241171972651338440e-01	8.279837994184306715e-02	-5.071370904137005586e-02	9.153065921032374486e-02	-9.740939013924500289e-02	7.746553857559597411e-02	-1.089794888950100515e-01
8.884338147783066297e-02	-8.816595081694508784e-02	1.120922941894997860e-01	-6.898986907222669218e-02	5.315040768743212185e-02	-8.538481469754145847e-02	8.404235923446010115e-02	-9.559091711464508256e-02	7.170548848978648693e-02	-5.831522871823198451e-02	1.298731462192861397e-01	-1.177180499946366282e-01	9.642639729224609935e-02	-1.029979345967827337e-01	6.664154980260357519e-02	-1.392539588754897473e-01	1.441325925221307314e-01	-1.126886733450257888e-01	8.909245669135860968e-02	-9.574640242763825249e-02	2.832931982250312952e-01	-2.756634338345292923e-01	2.531628446513206621e-01	-1.025147746032925439e-01	9.015017190714148809e-02	-5.368139034349360683e-01	1.000000000000000000e+00	-4.586193477949869757e-01	2.074929001112618132e-01	-2.379353174922434200e-01	1.651883980373729521e-01	-4.109739036101273113e-01	1.981700486535478978e-01	-2.314357020871270765e-01	1.331933154057046986e-01	-6.597138745452534037e-02	2.428783169700812206e-01	-2.159269341660894626e-01	1.575497594983088778e-01	-1.058214437157717486e-01	6.303464148349186003e-02	-1.219010772066155407e-01	1.230397884602754122e-01	-9.842013874850433219e-02	1.349164937354137006e-01
-8.926413361236366917e-02	8.628523200922726122e-02	-1.150816860530233243e-01	6.815118031374826912e-02	-5.352723621132952220e-02	8.295540035221445063e-02	-8.254773417774814714e-02	9.355197327805758745e-02	-7.231433672465475970e-02	5.794662182426939950e-02	-1.283057785372516690e-01	1.119290877845949411e-01	-9.668856047041259061e-02	1.009507946647433679e-01	-6.731771661627228287e-02	1.252466245746463869e-01	-1.392027384802881629e-01	1.152807306519518099e-01	-9.358544353930274562e-02	9.544648741205041809e-02	-2.412742296205891979e-01	2.345322716911154570e-01	-4.343038187733164190e-01	1.184097995014397053e-01	-1.101093686057935950e-01	2.255678872265538260e-01	-4.586193477949869757e-01	9.999999999999995559e-01	-4.471485615978920691e-01	2.764950743435946046e-01	-1.569792209155095597e-01	2.068779443994327449e-01	-3.920695773991205169e-01	2.860884972472760857e-01	-1.616341557673281470e-01	6.090958686776366815e-02	-2.063762186574177593e-01	2.416540316426658286e-01	-1.915240317268980808e-01	1.207127165173440542e-01	-5.937060831230836500e-02	1.119104293200837014e-01	-1.226104803120781073e-01	1.084339064802412878e-01	-1.539339653262487284e-01
7.053235694014839408e-02	-6.811227225311521083e-02	9.324963077178449744e-02	-5.599116345853899501e-02	4.438451965529655041e-02	-6.460995041618476653e-02	6.429579449220269860e-02	-7.413486214022164955e-02	5.997511958909899910e-02	-4.822650664860590047e-02	9.725368550632987330e-02	-8.501866292225683519e-02	7.607875758945795153e-02	-8.451256387173235185e-02	5.880576115461286224e-02	-9.085131118863580546e-02	9.871261819096428802e-02	-9.094680240896482748e-02	7.734473462156687962e-02	-8.465126873669259755e-02	1.530899033037899926e-01	-1.530536844570833388e-01	2.118568608190110059e-01	-1.719199111883877862e-01	1.529774746416489861e-01	-1.475071095244850639e-01	2.074929001112618132e-01	-4.471485615978920691e-01	9.999999999999995559e-01	-7.038471298556854272e-01	1.267865320491682046e-01	-1.488917075064511708e-01	2.308945599626668066e-01	-3.775422158458325295e-01	1.584259508532064598e-01	-4.912999563808358866e-02	1.473839668097108868e-01	-2.100250993672857502e-01	1.679201384845665501e-01	-1.176135994173250071e-01	4.758932897424805741e-02	-8.996487842712262706e-02	9.844313666062193269e-02	-9.351098583463775260e-02	1.330723927723214683e-01
-9.045135797583653270e-02	8.566182733958521700e-02	-1.212884578119866746e-01	7.067740832276674101e-02	-5.680175895144637388e-02	8.095066691173143092e-02	-8.079434019159281721e-02	9.242461010748896644e-02	-7.665919417110962641e-02	6.091252642008241486e-02	-1.236775334695671968e-01	1.042129587338476021e-01	-9.571097550072213411e-02	1.045630513125632988e-01	-7.516950316630921503e-02	1.095748519667137100e-01	-1.212484072030068361e-01	1.108427510767021201e-01	-9.811872747020308760e-02	1.060701785701833738e-01	-1.911021270412190110e-01	1.710517275106995250e-01	-2.563289925656316859e-01	2.008547424614687271e-01	-2.575339992784296261e-01	1.625688290847155659e-01	-2.379353174922434200e-01	2.764950743435946046e-01	-7.038471298556854272e-01	9.999999999999991118e-01	-1.665416655720286243e-01	1.654370335854701002e-01	-2.116454262368680783e-01	2.539230618357308233e-01	-2.378612050237789710e-01	6.169795099603066907e-02	-1.816812629039019078e-01	2.090348931836791546e-01	-2.138915217135282099e-01	1.545236901519504435e-01	-6.040116123446580276e-02	1.117219738701057674e-01	-1.257858810940474525e-01	1.195672435738769357e-01	-1.765265211043911264e-01
8.699078300654218554e-02	-8.553279887903192380e-02	1.195811161203166745e-01	-7.664432863997162892e-02	5.801097508508189227e-02	-7.889450225528012173e-02	7.770324239114750897e-02	-9.240670208777619632e-02	7.621975976888414883e-02	-6.300786180473676168e-02	1.111809204467608531e-01	-9.863183487216808931e-02	9.032437804252628488e-02	-1.095634503993934694e-01	6.871425338371114910e-02	-9.807679332560692576e-02	1.023692905317055285e-01	-1.049953947857159703e-01	8.461067048510440003e-02	-9.971959978350036780e-02	1.470277056085092238e-01	-1.333144523116890912e-01	1.472133111220355894e-01	-7.922601825287468869e-02	6.925176286173752305e-02	-1.681373634547338736e-01	1.651883980373729521e-01	-1.569792209155095597e-01	1.267865320491682046e-01	-1.665416655720286243e-01	9.999999999999984457e-01	-2.168341135456660074e-01	1.284734043709407081e-01	-1.747688884419811295e-01	1.421786936544461311e-01	-1.277880736089476721e-01	1.810401450993438799e-01	-1.844558223580443634e-01	1.567963538463069129e-01	-1.119872420409237651e-01	1.095847904355977398e-01	-1.258293875074577295e-01	1.272048351584068038e-01	-1.029829726819024294e-01	1.442040810142857787e-01
-6.998017035656885210e-02	6.806875545410705219e-02	-9.098642095006691244e-02	5.540009473110932281e-02	-4.279210061787305092e-02	6.492253699094119312e-02	-6.408213502310321219e-02	7.333348757925260697e-02	-5.726252018549964073e-02	4.643547386881406724e-02	-9.855449780569375262e-02	8.545507191245527157e-02	-7.396827131392051669e-02	8.081536073295038369e-02	-5.224481158405792913e-02	9.400858602407426157e-02	-1.004011818987769894e-01	8.482480364602990042e-02	-6.867730156964514665e-02	7.476937826229240747e-02	-1.823935201226691560e-01	1.528657868925339114e-01	-1.738673806752063511e-01	7.464054308223827539e-02	-6.660703328616936203e-02	1.972618742061918451e-01	-4.109739036101273113e-01	2.068779443994327449e-01	-1.488917075064511708e-01	1.654370335854701002e-01	-2.168341135456660074e-01	9.999999999999986677e-01	-1.772399469588634702e-01	1.843222198524508415e-01	-1.388469045386730438e-01	1.022415558245544503e-01	-7.410168705599772254e-01	2.046611019731472414e-01	-1.765856900849798183e-01	1.120357571660314105e-01	-1.019147595977453746e-01	2.033477789563538363e-01	-2.114946156878649841e-01	1.283326026606291526e-01	-1.749341545108434592e-01
6.296103506164245356e-02	-6.080568056303602836e-02	8.278903788717344170e-02	-4.956811027453655177e-02	3.877988630492737454e-02	-5.775984653556555382e-02	5.726597199097600843e-02	-6.567541645815672124e-02	5.205512413706932934e-02	-4.191341147014198548e-02	8.720425035641164724e-02	-7.580963388819095261e-02	6.685896963614224031e-02	-7.279070176104598944e-02	4.820616435476595546e-02	-8.153311052742547027e-02	8.844320888348136678e-02	-7.838690553050775556e-02	6.426000300426787382e-02	-6.876062194262197447e-02	1.406891595377778303e-01	-1.366198732862378140e-01	1.883889835331628571e-01	-8.472556493303196046e-02	7.680529593718143921e-02	-1.360385660686324882e-01	1.981700486535478978e-01	-3.920695773991205169e-01	2.308945599626668066e-01	-2.116454262368680783e-01	1.284734043709407081e-01	-1.772399469588634702e-01	9.999999999999974465e-01	-6.493122393473389486e-01	1.621207392798706959e-01	-5.437505538490624429e-02	1.712406106188858468e-01	-5.313126432095793827e-01	2.245332835050526110e-01	-1.267607914486864606e-01	5.253703533659349889e-02	-1.041768778234908738e-01	1.139677575178330293e-01	-1.154827224919241502e-01	1.573228227827167258e-01
-8.231959736355048962e-02	7.842637980053601687e-02	-1.093667006772505723e-01	6.412271755580682686e-02	-5.047647254992064514e-02	7.424837268864896422e-02	-7.369933394940612892e-02	8.409342189845574189e-02	-6.758027992014190022e-02	5.405045148160389501e-02	-1.130686146761794297e-01	9.574852653977707073e-02	-8.589970065407437350e-02	9.261244837449711387e-02	-6.171013410669314719e-02	1.015088189992778694e-01	-1.113440080584914144e-01	9.840232298922146903e-02	-8.217291361007419970e-02	8.731953055470720315e-02	-1.770376665670516381e-01	1.597298493397078245e-01	-2.298446268483114174e-01	1.050975352120973039e-01	-9.887279167610785180e-02	1.575452329735912704e-01	-2.314357020871270765e-01	2.860884972472760857e-01	-3.775422158458325295e-01	2.539230618357308233e-01	-1.747688884419811295e-01	1.843222198524508415e-01	-6.493122393473389486e-01	9.999999999999982236e-01	-2.382587448381757733e-01	6.968562069872540066e-02	-2.052626666911799291e-01	3.077799435471662570e-01	-3.036157466800402660e-01	1.687411410274078649e-01	-6.814776408263843732e-02	1.306218805273533790e-01	-1.488710389876250761e-01	1.522358162838781670e-01	-2.221729711682427777e-01
