1.000000000000000222e+00	-3.117330461901308136e-01	1.940383012951649999e-01	-1.431046242357021381e-01	1.537736838591834132e-01	-4.100581869941352098e-01	2.620700279730331372e-01	-3.063848932708665429e-01	1.765184948236659113e-01	-2.293373062955496589e-01	2.256829352005643718e-01	-1.971611895278430060e-01	1.786017402942381149e-01	-1.708281680465791319e-01	1.676270525978486858e-01	-1.539571686119695915e-01	1.888576036030645278e-01	-1.668363165716369445e-01	1.594836935838544190e-01	-1.575669404598492029e-01	1.735421253453100221e-01	-1.510860460749045842e-01	1.537166700847985845e-01	-2.253125670133455383e-01	1.386303235918127374e-01	-2.365560256180735677e-01	1.525613519366537940e-01	-1.417737690825956187e-01	1.801437261724790073e-01	-1.384348271565876143e-01	1.349353924969062812e-01	-1.347736275588394539e-01	1.239741014008800685e-01	-1.488749436432281470e-01	2.024206243019153750e-01	-1.104963903425034144e-01	1.136508205801112226e-01	-8.576345085090400500e-02	1.372415906520630113e-01	-1.012435134578781176e-01	1.460241528642619024e-01	-1.210356793139734655e-01	7.322776798227698114e-02	-1.215628757603152837e-01	1.293719399251997138e-01
-3.117330461901308136e-01	1.000000000000000222e+00	-6.939846842600094767e-01	2.311241149907571901e-01	-2.775256937461872409e-01	2.121880929222056400e-01	-3.092013342867627190e-01	3.022792004872631999e-01	-2.254948401255481294e-01	2.194340166528583047e-01	-2.063093695528288030e-01	1.703637628697292350e-01	-1.791290838206923142e-01	1.583623428991772775e-01	-1.651488895302954396e-01	1.232121824554928968e-01	-1.693173243899086799e-01	1.410165308390658456e-01	-1.417420855362654386e-01	1.348129978978720167e-01	-1.482886726544051792e-01	1.211736514786047741e-01	-1.279578068254925149e-01	1.651339534627918326e-01	-1.212626003616523035e-01	1.496678641420464695e-01	-1.235981423768148929e-01	1.111379251797435658e-01	-1.550072134787289502e-01	1.120829635998625423e-01	-9.332644226717812241e-02	9.084562315726910087e-02	-8.656973552895928792e-02	9.769517124333515490e-02	-1.433589538799402152e-01	7.392810817684265789e-02	-7.783947851701528142e-02	5.666270064661129563e-02	-9.503141854855995385e-02	7.006481586814060358e-02	-1.017038269919914584e-01	7.907410416954144261e-02	-4.901302647228485132e-02	8.035727838583470173e-02	-8.906689457279136357e-02
1.940383012951649999e-01	-6.939846842600094767e-01	1.000000000000000000e+00	-3.647546570001756194e-01	2.532630611366508133e-01	-1.584721756364056433e-01	1.891633931852113315e-01	-4.797275236628301132e-01	2.388848095596582399e-01	-2.387333066941228210e-01	1.421597227250025464e-01	-1.250970139910103918e-01	1.487907047328973775e-01	-1.432221273506612547e-01	1.369995579840331268e-01	-8.914744260742192561e-02	1.206688697773811436e-01	-1.123980302660765318e-01	1.100952985490510766e-01	-1.120989209442343620e-01	1.036564705611057180e-01	-8.943008416980625930e-02	9.404057129216872313e-02	-1.281285967816873372e-01	9.311280543610660210e-02	-1.093729755586323876e-01	8.926899211886014929e-02	-8.201988443120032668e-02	1.132286034732928326e-01	-8.715069818422288561e-02	6.625800948072731178e-02	-6.509677835441553262e-02	6.124863662057187380e-02	-6.965920492938904030e-02	9.799446000612949126e-02	-5.256233842825153851e-02	5.500659644198140769e-02	-4.002416926028243976e-02	6.550694999044513744e-02	-4.832893739710319297e-02	7.085004424367351283e-02	-5.604521906943674137e-02	3.448822018217705815e-02	-5.613226358972443070e-02	6.120955714305208184e-02
-1.431046242357021381e-01	2.311241149907571901e-01	-3.647546570001756194e-01	1.000000000000000222e+00	-7.485253206358478684e-01	1.033356008096415896e-01	-1.209654989211003118e-01	2.530746170937116513e-01	-4.309896484816200246e-01	2.819110140360168715e-01	-1.064666997309209467e-01	9.227914581737324540e-02	-1.312903431033798918e-01	1.372896073717151111e-01	-1.339349245325327231e-01	6.950500867740704025e-02	-9.489069621532772447e-02	9.417000356660963634e-02	-9.457755286058965039e-02	1.008238636862288096e-01	-8.136373293792241446e-02	7.148032901488397817e-02	-7.624623122278244292e-02	1.051869275566739148e-01	-8.060207299700496153e-02	8.575640813616236535e-02	-7.182016800423209058e-02	6.644105146501252945e-02	-9.382413736268394033e-02	7.398267849119193051e-02	-5.213559508656882835e-02	5.133475649308708727e-02	-4.833830161948215326e-02	5.483818313428570623e-02	-7.682768247034058029e-02	4.129436849083671646e-02	-4.325692593049425272e-02	3.141761973345411768e-02	-5.131865209225959512e-02	3.789878424736942142e-02	-5.555533686981297542e-02	4.396947447265819875e-02	-2.706968818934753912e-02	4.400365072783517933e-02	-4.789478242781816664e-02
1.537736838591834132e-01	-2.775256937461872409e-01	2.532630611366508133e-01	-7.485253206358478684e-01	1.000000000000000666e+00	-1.180804249844757681e-01	1.318921734502806475e-01	-2.870450701236780255e-01	2.974720431789756314e-01	-4.403610530134883794e-01	1.171270884603574092e-01	-1.037473560846889076e-01	1.415833602948817771e-01	-1.553661657943431751e-01	1.547770073723653550e-01	-7.859353065470718602e-02	1.059176102558028604e-01	-1.087897504184952430e-01	1.074654348292063688e-01	-1.217745984633198802e-01	9.066537413950488677e-02	-8.154464976113413865e-02	8.653023377988665332e-02	-1.237431562489215986e-01	9.292841324000472580e-02	-9.859013008098016506e-02	8.119410602354229511e-02	-7.601022636840479296e-02	1.061876154432104397e-01	-8.704706107266323156e-02	5.903967658223742421e-02	-5.841275501538898546e-02	5.464238004930339898e-02	-6.236367492617342356e-02	8.557162691184597159e-02	-4.686382240589322817e-02	4.891870732525634841e-02	-3.557918600984558838e-02	5.741805984170326310e-02	-4.242252566140600895e-02	6.243004690589204486e-02	-4.988526763391796376e-02	3.059090886698508094e-02	-4.960491167783422084e-02	5.352783038540136207e-02
-4.100581869941352098e-01	2.121880929222056400e-01	-1.584721756364056433e-01	1.033356008096415896e-01	-1.180804249844757681e-01	1.000000000000000666e+00	-7.302250280968161089e-01	2.124414385902968216e-01	-1.324164897928726825e-01	1.474719611189878044e-01	-3.807666584687215416e-01	2.558197441660997606e-01	-1.538303768957504924e-01	1.319822377072981112e-01	-1.254164473762137688e-01	1.342941696677963093e-01	-1.811128112790162670e-01	1.304625941147563306e-01	-1.226464489951314546e-01	1.118571310264245278e-01	-1.433374767048598286e-01	1.188515975888584791e-01	-1.175475996024704511e-01	1.519092860218891894e-01	-9.865291334756777497e-02	1.443794613913681468e-01	-1.112579162975653596e-01	1.005747441471779857e-01	-1.278092860175331635e-01	9.478763815854852892e-02	-8.350671344237778349e-02	8.199557746331434527e-02	-7.574897452572594558e-02	8.683229657555625869e-02	-1.169951167152808447e-01	6.610241678613065774e-02	-6.853135504342479367e-02	4.972550981818851107e-02	-7.926642549444877506e-02	5.830060895162025858e-02	-8.712195883831394538e-02	7.002936757452866978e-02	-4.269102662921837876e-02	6.872400612977212775e-02	-7.391968819577213190e-02
2.620700279730331372e-01	-3.092013342867627190e-01	1.891633931852113315e-01	-1.209654989211003118e-01	1.318921734502806475e-01	-7.302250280968161089e-01	1.000000000000000444e+00	-2.986790249429696620e-01	1.524296670721592972e-01	-1.704921427248290988e-01	2.790981916678889063e-01	-3.566218282720889365e-01	1.642353403898806907e-01	-1.466678856445028933e-01	1.328001411371190765e-01	-1.378837385047795572e-01	1.839558325660896054e-01	-1.396896701423972487e-01	1.272996562784799168e-01	-1.192776995456347328e-01	1.390316593364254727e-01	-1.244888097097663487e-01	1.198405441835949797e-01	-1.597956817032853138e-01	1.019379424164805481e-01	-1.475831788410277567e-01	1.124320074424911831e-01	-1.032475432654034742e-01	1.294988680806418158e-01	-9.864230497525108832e-02	8.366247825016871753e-02	-8.268207048198047970e-02	7.573257857877097043e-02	-8.722571366560977202e-02	1.146885106303151547e-01	-6.633501656986456885e-02	6.848693256831062115e-02	-4.967374755364009631e-02	7.810394925698274649e-02	-5.745554136464433442e-02	8.636853082380502311e-02	-7.008671261676371889e-02	4.255530474137504682e-02	-6.819359859865628537e-02	7.270140000967532934e-02
-3.063848932708665429e-01	3.022792004872631999e-01	-4.797275236628301132e-01	2.530746170937116513e-01	-2.870450701236780255e-01	2.124414385902968216e-01	-2.986790249429696620e-01	9.999999999999993339e-01	-4.794470588802501321e-01	2.918031087937770218e-01	-2.209439045546910674e-01	1.863328097019804896e-01	-2.709218387733883238e-01	2.186432307604111169e-01	-2.142279351200886417e-01	1.354101214015664689e-01	-1.884516709060593542e-01	1.723033044949780768e-01	-1.725845351159824292e-01	1.655136772719669191e-01	-1.615469155883740293e-01	1.359034219033475044e-01	-1.450290858317723475e-01	1.887843513623594371e-01	-1.434489078542511842e-01	1.624986942852548188e-01	-1.376191727410942811e-01	1.247873386496745340e-01	-1.759330360114047531e-01	1.303929414283094279e-01	-1.007444122570833045e-01	9.840126195262242914e-02	-9.347746341504838130e-02	1.052660520191103233e-01	-1.519895437951454820e-01	7.958994368354002646e-02	-8.374018808527319835e-02	6.074396467130104699e-02	-1.009614895163140624e-01	7.447603959504958682e-02	-1.086276868316828903e-01	8.481858025440068560e-02	-5.249315272187198012e-02	8.565475869276747978e-02	-9.440999967924720848e-02
1.765184948236659113e-01	-2.254948401255481294e-01	2.388848095596582399e-01	-4.309896484816200246e-01	2.974720431789756314e-01	-1.324164897928726825e-01	1.524296670721592972e-01	-4.794470588802501321e-01	9.999999999999987788e-01	-6.186935235017241297e-01	1.392060351737706425e-01	-1.245076904149406138e-01	1.998915965845711462e-01	-2.665512998611599405e-01	2.058264006944973412e-01	-9.251749546552559544e-02	1.267790013872676647e-01	-1.360252503084435072e-01	1.344231849074295215e-01	-1.517874736860855278e-01	1.066530066838944912e-01	-9.648539953003142100e-02	1.031028067883630606e-01	-1.451188800897438846e-01	1.131091573949401657e-01	-1.130397097302942300e-01	9.576263619447922260e-02	-8.956267389926120259e-02	1.265075867817943567e-01	-1.038153277675916558e-01	6.812478675505825865e-02	-6.734550473558208183e-02	6.315175417195711960e-02	-7.167878993927270792e-02	9.876313867276932668e-02	-5.389372827344811323e-02	5.636693444486316762e-02	-4.086098270568058743e-02	6.613543224484141891e-02	-4.887734890254270825e-02	7.190921239901554296e-02	-5.722762365584687511e-02	3.516285304232198011e-02	-5.695450674367484589e-02	6.160703594865701155e-02
-2.293373062955496589e-01	2.194340166528583047e-01	-2.387333066941228210e-01	2.819110140360168715e-01	-4.403610530134883794e-01	1.474719611189878044e-01	-1.704921427248290988e-01	2.918031087937770218e-01	-6.186935235017241297e-01	1.000000000000000444e+00	-1.706571792342106153e-01	1.448117029114480425e-01	-2.235360719243975058e-01	2.301791892503950721e-01	-3.383549892930696745e-01	1.145139100929545850e-01	-1.586051740170793534e-01	1.610801320618232280e-01	-1.707543648619702092e-01	1.937518290676077670e-01	-1.362659226358229059e-01	1.201897521152262976e-01	-1.304312416162003441e-01	1.782503597188996591e-01	-1.528633027126032606e-01	1.407862374832290764e-01	-1.229017006873408396e-01	1.136359111172574737e-01	-1.676706974554786622e-01	1.325028161855101305e-01	-8.688130507410954384e-02	8.549682942755354453e-02	-8.099680827391185500e-02	9.124320680743799872e-02	-1.293614662534612048e-01	6.859045849169848053e-02	-7.211885592964513425e-02	5.224145965078235559e-02	-8.596906116912692020e-02	6.356508558761882199e-02	-9.272598641236838579e-02	7.294709114476960465e-02	-4.507600742483989370e-02	7.336550579398318228e-02	-8.018790530011171702e-02
2.256829352005643718e-01	-2.063093695528288030e-01	1.421597227250025464e-01	-1.064666997309209467e-01	1.171270884603574092e-01	-3.807666584687215416e-01	2.790981916678889063e-01	-2.209439045546910674e-01	1.392060351737706425e-01	-1.706571792342106153e-01	1.000000000000000888e+00	-7.015835568457681193e-01	2.072103745788854146e-01	-1.870016626915741997e-01	1.545611305359957388e-01	-2.495740989369729101e-01	2.709692647471229066e-01	-1.914108166670694111e-01	1.629650427631571530e-01	-1.480025272017564120e-01	1.983119935848506044e-01	-1.802531303975978827e-01	1.603098262651671546e-01	-2.145656800025350364e-01	1.245285172519024486e-01	-2.055187475759544524e-01	1.479844663711344099e-01	-1.374253609008335708e-01	1.595284464279331238e-01	-1.235211617755103686e-01	1.079411034138247072e-01	-1.071075830534960333e-01	9.512012463191382716e-02	-1.100342879606161228e-01	1.323842317691479309e-01	-8.489895037999206640e-02	8.634371557019808463e-02	-6.171291541897886562e-02	9.221419130060086455e-02	-6.760346371697267820e-02	1.057596192544944941e-01	-8.777247619643824272e-02	5.257779058258388316e-02	-8.191478067461654966e-02	8.504874715180005262e-02
-1.971611895278430060e-01	1.703637628697292350e-01	-1.250970139910103918e-01	9.227914581737324540e-02	-1.037473560846889076e-01	2.558197441660997606e-01	-3.566218282720889365e-01	1.863328097019804896e-01	-1.245076904149406138e-01	1.448117029114480425e-01	-7.015835568457681193e-01	9.999999999999973355e-01	-2.629110782181843797e-01	1.778640828544893193e-01	-1.470143175285154313e-01	2.060807995779166402e-01	-4.154877654311581181e-01	1.868736930936895635e-01	-1.609627190218215209e-01	1.342843481926308813e-01	-1.914446351163054116e-01	1.736912352606919951e-01	-1.586798551609636676e-01	1.840759774229720758e-01	-1.135094627350167751e-01	1.661166465370037260e-01	-1.409585555350810204e-01	1.250576422860665560e-01	-1.457583708294817315e-01	1.095448453502015085e-01	-9.152668272251728021e-02	9.027254616377292096e-02	-8.135917810773042602e-02	9.176886241699264146e-02	-1.132164234972937722e-01	7.097454240637474099e-02	-7.305854852196815019e-02	5.161928259417342818e-02	-7.829188240885152916e-02	5.738502117225875027e-02	-8.976516263873782209e-02	7.310558772508954362e-02	-4.415836748371031184e-02	6.863177779364817988e-02	-7.212573970519396693e-02
1.786017402942381149e-01	-1.791290838206923142e-01	1.487907047328973775e-01	-1.312903431033798918e-01	1.415833602948817771e-01	-1.538303768957504924e-01	1.642353403898806907e-01	-2.709218387733883238e-01	1.998915965845711462e-01	-2.235360719243975058e-01	2.072103745788854146e-01	-2.629110782181843797e-01	9.999999999999985567e-01	-6.896027927291724646e-01	2.671014078822859239e-01	-1.440606308823522419e-01	2.054481712012749262e-01	-3.896895381639198241e-01	2.471591513482697400e-01	-2.411524640794089069e-01	1.480755649855961531e-01	-1.547403905552256209e-01	1.631024618684593641e-01	-2.325697523796211030e-01	1.605807711151755190e-01	-1.577393153639897183e-01	1.374356899280937405e-01	-1.337222848045694912e-01	1.734508038923483209e-01	-1.535599660762592966e-01	9.008616608760725009e-02	-9.045426403115208736e-02	8.271496587179799631e-02	-9.407687150951733746e-02	1.184877663832752809e-01	-7.080687502875486483e-02	7.331011650671270807e-02	-5.254072844085885124e-02	8.089490941821043946e-02	-5.976755848759122275e-02	9.055392144795085252e-02	-7.400912032584353040e-02	4.493661096544399741e-02	-7.112715614287169752e-02	7.466603939142349433e-02
-1.708281680465791319e-01	1.583623428991772775e-01	-1.432221273506612547e-01	1.372896073717151111e-01	-1.553661657943431751e-01	1.319822377072981112e-01	-1.466678856445028933e-01	2.186432307604111169e-01	-2.665512998611599405e-01	2.301791892503950721e-01	-1.870016626915741997e-01	1.778640828544893193e-01	-6.896027927291724646e-01	1.000000000000000888e+00	-4.697681976531390968e-01	1.220773832091990169e-01	-1.781206084842880122e-01	2.362877964258171815e-01	-2.435558640262053820e-01	2.397322946804144594e-01	-1.350391184524079857e-01	1.316914590904551818e-01	-1.447962091591721845e-01	1.995173098759104868e-01	-1.683993642172146588e-01	1.381670812922011771e-01	-1.260015306573045724e-01	1.196078516520089480e-01	-1.708970867472286437e-01	1.446786979523106420e-01	-8.167520365995024900e-02	8.148243311142247536e-02	-7.561118398623063730e-02	8.517316033681385234e-02	-1.114671868459286841e-01	6.401318575984844828e-02	-6.679032368312472212e-02	4.784040301564632114e-02	-7.524086097250581862e-02	5.566910476129092317e-02	-8.331372516707852283e-02	6.712897228488326484e-02	-4.105389390735122990e-02	6.545181074079314820e-02	-6.958142076096024420e-02
1.676270525978486858e-01	-1.651488895302954396e-01	1.369995579840331268e-01	-1.339349245325327231e-01	1.547770073723653550e-01	-1.254164473762137688e-01	1.328001411371190765e-01	-2.142279351200886417e-01	2.058264006944973412e-01	-3.383549892930696745e-01	1.545611305359957388e-01	-1.470143175285154313e-01	2.671014078822859239e-01	-4.697681976531390968e-01	9.999999999999978906e-01	-1.197371031696318894e-01	1.636579462240231875e-01	-2.350295934224116146e-01	2.387761374610162246e-01	-6.130578782161255624e-01	1.315629639237110016e-01	-1.371975726580410004e-01	1.491287657925914334e-01	-2.444611743073231702e-01	2.340258363046141266e-01	-1.492031078651489817e-01	1.325609961220472477e-01	-1.328203962265409876e-01	1.937444483747358948e-01	-2.177241647538727121e-01	8.677735723533870627e-02	-8.781561893564651666e-02	8.092643662609758093e-02	-9.263064249624822222e-02	1.182762100921136983e-01	-6.851533853471046542e-02	7.116426398363492889e-02	-5.139691241286609841e-02	7.977164785348424270e-02	-5.948888592698640954e-02	8.793623907968273201e-02	-7.211994558627805862e-02	4.394224980336159520e-02	-7.049972034777435281e-02	7.365692107673763034e-02
-1.539571686119695915e-01	1.232121824554928968e-01	-8.914744260742192561e-02	6.950500867740704025e-02	-7.859353065470718602e-02	1.342941696677963093e-01	-1.378837385047795572e-01	1.354101214015664689e-01	-9.251749546552559544e-02	1.145139100929545850e-01	-2.495740989369729101e-01	2.060807995779166402e-01	-1.440606308823522419e-01	1.220773832091990169e-01	-1.197371031696318894e-01	9.999999999999993339e-01	-4.871524555587139482e-01	1.698377580777520601e-01	-1.505905262775681097e-01	1.161796012714466919e-01	-7.337577343030190491e-01	1.963233040540106056e-01	-1.731340952564461577e-01	1.816647396120440183e-01	-1.060189096122911984e-01	2.238138905546637469e-01	-1.605927973599364234e-01	1.352888272337622877e-01	-1.477550888244348326e-01	1.041561505289701900e-01	-1.163094346982246341e-01	1.047587774469137534e-01	-9.281472324390330209e-02	1.011898653715248564e-01	-1.196887279792241687e-01	8.416972688344498410e-02	-8.597628357775022323e-02	5.770320300066577451e-02	-8.425669109341062113e-02	6.120892085498876728e-02	-1.042494567971599395e-01	8.256078147364004360e-02	-4.954279947249260602e-02	7.334089189218619131e-02	-7.682866771099690351e-02
1.888576036030645278e-01	-1.693173243899086799e-01	1.206688697773811436e-01	-9.489069621532772447e-02	1.059176102558028604e-01	-1.811128112790162670e-01	1.839558325660896054e-01	-1.884516709060593542e-01	1.267790013872676647e-01	-1.586051740170793534e-01	2.709692647471229066e-01	-4.154877654311581181e-01	2.054481712012749262e-01	-1.781206084842880122e-01	1.636579462240231875e-01	-4.871524555587139482e-01	9.999999999999981126e-01	-3.282824786530545436e-01	2.178714114215651310e-01	-1.660441127176402465e-01	2.810839436601698660e-01	-4.091424684550694635e-01	2.482803784360617105e-01	-2.697902565732456237e-01	1.432601108240798282e-01	-2.459466292518590336e-01	2.129398572836093684e-01	-1.926661209465171387e-01	1.921895480643436016e-01	-1.426614566246819094e-01	1.261537044494807913e-01	-1.263936425982683243e-01	1.101086242807674948e-01	-1.236693376159437308e-01	1.404105221718204843e-01	-9.683293641322826550e-02	9.846883397024457085e-02	-6.834484332490392555e-02	9.917391441516128225e-02	-7.238432368628662517e-02	1.173777581189785479e-01	-9.731332507446216473e-02	5.820111803512716120e-02	-8.787405492535227403e-02	9.046227686906128940e-02
-1.668363165716369445e-01	1.410165308390658456e-01	-1.123980302660765318e-01	9.417000356660963634e-02	-1.087897504184952430e-01	1.304625941147563306e-01	-1.396896701423972487e-01	1.723033044949780768e-01	-1.360252503084435072e-01	1.610801320618232280e-01	-1.914108166670694111e-01	1.868736930936895635e-01	-3.896895381639198241e-01	2.362877964258171815e-01	-2.350295934224116146e-01	1.698377580777520601e-01	-3.282824786530545436e-01	9.999999999999975575e-01	-6.860341536904676074e-01	2.332301090666630272e-01	-1.787337977713971682e-01	2.035158819422795973e-01	-2.681758971659768953e-01	2.731857074667798368e-01	-1.774027362239322669e-01	1.666682504860468039e-01	-1.723877337941938370e-01	1.647965235560060748e-01	-2.043381769352267952e-01	1.560102156644448401e-01	-9.722707464156918333e-02	9.767716149139385462e-02	-8.981343354274283486e-02	9.897770684602272273e-02	-1.225784546376592482e-01	7.504041624313333159e-02	-7.830028573145572657e-02	5.498722836354285465e-02	-8.404258174479431465e-02	6.185610159815178866e-02	-9.552679463582754160e-02	7.732637562565042311e-02	-4.712521107837931711e-02	7.326905487727528032e-02	-7.709068708965116645e-02
1.594836935838544190e-01	-1.417420855362654386e-01	1.100952985490510766e-01	-9.457755286058965039e-02	1.074654348292063688e-01	-1.226464489951314546e-01	1.272996562784799168e-01	-1.725845351159824292e-01	1.344231849074295215e-01	-1.707543648619702092e-01	1.629650427631571530e-01	-1.609627190218215209e-01	2.471591513482697400e-01	-2.435558640262053820e-01	2.387761374610162246e-01	-1.505905262775681097e-01	2.178714114215651310e-01	-6.860341536904676074e-01	9.999999999999972244e-01	-3.810615827594067140e-01	1.534902324659206951e-01	-1.843655265961372247e-01	2.093697682268037819e-01	-4.075553690230661052e-01	2.044996544964286234e-01	-1.648951987962609944e-01	1.588233896854479299e-01	-1.602273200367954897e-01	2.104533961578053392e-01	-1.853543394923498067e-01	9.459749074249899914e-02	-9.608818439055093197e-02	8.780804144330879579e-02	-9.863961758118393319e-02	1.207050895812312175e-01	-7.383898761268990751e-02	7.664237225026639122e-02	-5.441602964745859833e-02	8.268041209239271327e-02	-6.115302380099645052e-02	9.330105506313673969e-02	-7.655306863692654118e-02	4.650221707927150450e-02	-7.286736882147383521e-02	7.588269443508678658e-02
-1.575669404598492029e-01	1.348129978978720167e-01	-1.120989209442343620e-01	1.008238636862288096e-01	-1.217745984633198802e-01	1.118571310264245278e-01	-1.192776995456347328e-01	1.655136772719669191e-01	-1.517874736860855278e-01	1.937518290676077670e-01	-1.480025272017564120e-01	1.342843481926308813e-01	-2.411524640794089069e-01	2.397322946804144594e-01	-6.130578782161255624e-01	1.161796012714466919e-01	-1.660441127176402465e-01	2.332301090666630272e-01	-3.810615827594067140e-01	9.999999999999982236e-01	-1.315814004819957639e-01	1.382243245682632793e-01	-1.578846247552997684e-01	2.480334034451987801e-01	-4.669742757704043457e-01	1.426306842121280727e-01	-1.408417788914787805e-01	1.393284578590665290e-01	-2.381109679121276579e-01	2.459137040343554736e-01	-8.548384928819012518e-02	8.653773615562818100e-02	-8.077446177978998831e-02	9.092234638990737139e-02	-1.194117468475026644e-01	6.694121581701287238e-02	-7.009949095361794891e-02	5.029992369339903596e-02	-7.919877893218614517e-02	5.932039509896185753e-02	-8.644488717094833685e-02	7.022673838206150432e-02	-4.311552599598093838e-02	6.934495182119025658e-02	-7.296912488842201283e-02
1.735421253453100221e-01	-1.482886726544051792e-01	1.036564705611057180e-01	-8.136373293792241446e-02	9.066537413950488677e-02	-1.433374767048598286e-01	1.390316593364254727e-01	-1.615469155883740293e-01	1.066530066838944912e-01	-1.362659226358229059e-01	1.983119935848506044e-01	-1.914446351163054116e-01	1.480755649855961531e-01	-1.350391184524079857e-01	1.315629639237110016e-01	-7.337577343030190491e-01	2.810839436601698660e-01	-1.787337977713971682e-01	1.534902324659206951e-01	-1.315814004819957639e-01	1.000000000000001776e+00	-2.184592131740678844e-01	1.769545996344516203e-01	-2.209979511495872850e-01	1.197410482751304350e-01	-3.901113878612451069e-01	1.750128554573736339e-01	-1.564173642149388199e-01	1.657638163422876787e-01	-1.210842278326347832e-01	1.539058807469647072e-01	-1.384009302099618588e-01	1.168150617747197723e-01	-1.315150458035932446e-01	1.450655992863896238e-01	-1.126840899210406061e-01	1.105497447261648142e-01	-7.425814566037972075e-02	1.040255682291147954e-01	-7.542835086331979577e-02	1.309070210918543975e-01	-1.072979817706428141e-01	6.326815868300729451e-02	-9.230048284060776709e-02	9.450413258729625787e-02
-1.510860460749045842e-01	1.211736514786047741e-01	-8.943008416980625930e-02	7.148032901488397817e-02	-8.154464976113413865e-02	1.188515975888584791e-01	-1.244888097097663487e-01	1.359034219033475044e-01	-9.648539953003142100e-02	1.201897521152262976e-01	-1.802531303975978827e-01	1.736912352606919951e-01	-1.547403905552256209e-01	1.316914590904551818e-01	-1.371975726580410004e-01	1.963233040540106056e-01	-4.091424684550694635e-01	2.035158819422795973e-01	-1.843655265961372247e-01	1.382243245682632793e-01	-2.184592131740678844e-01	9.999999999999992228e-01	-6.366059696429244852e-01	2.578720172241429909e-01	-1.390886919010185796e-01	2.008560988342849851e-01	-4.651207193753471025e-01	2.870065661346322683e-01	-2.241992154283759531e-01	1.404559691261161314e-01	-1.213316020547742097e-01	1.291424406752724185e-01	-1.142435620727868945e-01	1.161856338770556885e-01	-1.275655429920160011e-01	8.956920526185538356e-02	-9.509929624167257067e-02	6.298947799015845728e-02	-9.084837531022341151e-02	6.584121505481699277e-02	-1.085790507392515591e-01	8.856381520906880800e-02	-5.390507868093918908e-02	7.886169595520424458e-02	-8.171273539123405372e-02
1.537166700847985845e-01	-1.279578068254925149e-01	9.404057129216872313e-02	-7.624623122278244292e-02	8.653023377988665332e-02	-1.175475996024704511e-01	1.198405441835949797e-01	-1.450290858317723475e-01	1.031028067883630606e-01	-1.304312416162003441e-01	1.603098262651671546e-01	-1.586798551609636676e-01	1.631024618684593641e-01	-1.447962091591721845e-01	1.491287657925914334e-01	-1.731340952564461577e-01	2.482803784360617105e-01	-2.681758971659768953e-01	2.093697682268037819e-01	-1.578846247552997684e-01	1.769545996344516203e-01	-6.366059696429244852e-01	1.000000000000003553e+00	-4.139881836774916279e-01	1.575990728719855738e-01	-2.033876103704209681e-01	3.029100856856575263e-01	-4.400111373893408895e-01	2.452380494762929908e-01	-1.644146518731882389e-01	1.182986683364128655e-01	-1.285192941558804813e-01	1.162307065167046960e-01	-1.224985223424396863e-01	1.305708066951183355e-01	-9.011294054814329713e-02	9.424568961755053209e-02	-6.459276442301099819e-02	9.299122399182194187e-02	-6.772741644769957048e-02	1.087998413047853441e-01	-9.051920523882564518e-02	5.496111256489134844e-02	-8.168588963909254042e-02	8.372385647716663881e-02
-2.253125670133455383e-01	1.651339534627918326e-01	-1.281285967816873372e-01	1.051869275566739148e-01	-1.237431562489215986e-01	1.519092860218891894e-01	-1.597956817032853138e-01	1.887843513623594371e-01	-1.451188800897438846e-01	1.782503597188996591e-01	-2.145656800025350364e-01	1.840759774229720758e-01	-2.325697523796211030e-01	1.995173098759104868e-01	-2.444611743073231702e-01	1.816647396120440183e-01	-2.697902565732456237e-01	2.731857074667798368e-01	-4.075553690230661052e-01	2.480334034451987801e-01	-2.209979511495872850e-01	2.578720172241429909e-01	-4.139881836774916279e-01	1.000000000000000444e+00	-3.300682448086512122e-01	2.226059747286916468e-01	-2.703192381987903903e-01	2.567574466340972195e-01	-4.550032916031491181e-01	2.560974767005885777e-01	-1.405708317827629450e-01	1.418343855291547551e-01	-1.345303044673027415e-01	1.448335656643436609e-01	-1.859306176241313224e-01	1.081351329525636062e-01	-1.148262242793968435e-01	8.031581187066866301e-02	-1.258514702463894019e-01	9.279419719171658198e-02	-1.409652079240830969e-01	1.120487003819817251e-01	-6.916467767848162584e-02	1.081772165348263703e-01	-1.153444739694780147e-01
1.386303235918127374e-01	-1.212626003616523035e-01	9.311280543610660210e-02	-8.060207299700496153e-02	9.292841324000472580e-02	-9.865291334756777497e-02	1.019379424164805481e-01	-1.434489078542511842e-01	1.131091573949401657e-01	-1.528633027126032606e-01	1.245285172519024486e-01	-1.135094627350167751e-01	1.605807711151755190e-01	-1.683993642172146588e-01	2.340258363046141266e-01	-1.060189096122911984e-01	1.432601108240798282e-01	-1.774027362239322669e-01	2.044996544964286234e-01	-4.669742757704043457e-01	1.197410482751304350e-01	-1.390886919010185796e-01	1.575990728719855738e-01	-3.300682448086512122e-01	9.999999999999998890e-01	-1.460092406751450911e-01	1.443031973684767433e-01	-1.602065190737946287e-01	2.803102753501086064e-01	-6.904398160478930624e-01	8.602121760287378960e-02	-8.938747445593975272e-02	8.273363946068677810e-02	-9.538715400347952400e-02	1.217083586083148455e-01	-6.786949939990948033e-02	7.072043917990898654e-02	-5.137306623048148307e-02	7.933408378689577045e-02	-6.133080183247408695e-02	8.557835831257555592e-02	-7.147829992663268239e-02	4.377037527886994128e-02	-7.170265343799267499e-02	7.282409729492683725e-02
-2.365560256180735677e-01	1.496678641420464695e-01	-1.093729755586323876e-01	8.575640813616236535e-02	-9.859013008098016506e-02	1.443794613913681468e-01	-1.475831788410277567e-01	1.624986942852548188e-01	-1.130397097302942300e-01	1.407862374832290764e-01	-2.055187475759544524e-01	1.661166465370037260e-01	-1.577393153639897183e-01	1.381670812922011771e-01	-1.492031078651489817e-01	2.238138905546637469e-01	-2.459466292518590336e-01	1.666682504860468039e-01	-1.648951987962609944e-01	1.426306842121280727e-01	-3.901113878612451069e-01	2.008560988342849851e-01	-2.033876103704209681e-01	2.226059747286916468e-01	-1.460092406751450911e-01	9.999999999999987788e-01	-2.856967661884249887e-01	2.031558494100726975e-01	-2.287007368605808444e-01	1.461450552668096536e-01	-4.832473459897935752e-01	2.606308436830059860e-01	-2.319804529167822926e-01	2.199679955040661772e-01	-2.704072453882172544e-01	2.354966381449301038e-01	-2.410586764728985254e-01	1.374703269607608358e-01	-1.932990407539268429e-01	1.374181564219896790e-01	-2.901192349459081332e-01	2.009105989647411716e-01	-1.209165164464236775e-01	1.598139997840286319e-01	-1.735548072929115893e-01
1.525613519366537940e-01	-1.235981423768148929e-01	8.926899211886014929e-02	-7.182016800423209058e-02	8.119410602354229511e-02	-1.112579162975653596e-01	1.124320074424911831e-01	-1.376191727410942811e-01	9.576263619447922260e-02	-1.229017006873408396e-01	1.479844663711344099e-01	-1.409585555350810204e-01	1.374356899280937405e-01	-1.260015306573045724e-01	1.325609961220472477e-01	-1.605927973599364234e-01	2.129398572836093684e-01	-1.723877337941938370e-01	1.588233896854479299e-01	-1.408417788914787805e-01	1.750128554573736339e-01	-4.651207193753471025e-01	3.029100856856575263e-01	-2.703192381987903903e-01	1.443031973684767433e-01	-2.856967661884249887e-01	1.000000000000002665e+00	-6.688934509564540276e-01	2.543261076416595823e-01	-1.687381241191130699e-01	1.617835904317388440e-01	-2.119416976063896729e-01	1.571066183164052665e-01	-1.551348885214750561e-01	1.461204139264609403e-01	-1.179581552788694088e-01	1.248291224652687686e-01	-7.999469547331301833e-02	1.079530661603518293e-01	-7.757962055480623065e-02	1.326531508833776740e-01	-1.123122301816927848e-01	6.776271593883688438e-02	-9.449222396796953805e-02	9.528375891281778975e-02
-1.417737690825956187e-01	1.111379251797435658e-01	-8.201988443120032668e-02	6.644105146501252945e-02	-7.601022636840479296e-02	1.005747441471779857e-01	-1.032475432654034742e-01	1.247873386496745340e-01	-8.956267389926120259e-02	1.136359111172574737e-01	-1.374253609008335708e-01	1.250576422860665560e-01	-1.337222848045694912e-01	1.196078516520089480e-01	-1.328203962265409876e-01	1.352888272337622877e-01	-1.926661209465171387e-01	1.647965235560060748e-01	-1.602273200367954897e-01	1.393284578590665290e-01	-1.564173642149388199e-01	2.870065661346322683e-01	-4.400111373893408895e-01	2.567574466340972195e-01	-1.602065190737946287e-01	2.031558494100726975e-01	-6.688934509564540276e-01	9.999999999999994449e-01	-4.230032930050349194e-01	1.820073077985457644e-01	-1.355266898370876549e-01	1.552757405797464130e-01	-1.599569764333376998e-01	1.394881040882975654e-01	-1.367180083706114047e-01	9.865967665361401184e-02	-1.073503906159784943e-01	7.055072271036584575e-02	-9.961278100318836370e-02	7.160407518963880780e-02	-1.172791812237750503e-01	9.684046110621476189e-02	-6.020718932965243853e-02	8.559557287980210094e-02	-8.766673527125086463e-02
1.801437261724790073e-01	-1.550072134787289502e-01	1.132286034732928326e-01	-9.382413736268394033e-02	1.061876154432104397e-01	-1.278092860175331635e-01	1.294988680806418158e-01	-1.759330360114047531e-01	1.265075867817943567e-01	-1.676706974554786622e-01	1.595284464279331238e-01	-1.457583708294817315e-01	1.734508038923483209e-01	-1.708970867472286437e-01	1.937444483747358948e-01	-1.477550888244348326e-01	1.921895480643436016e-01	-2.043381769352267952e-01	2.104533961578053392e-01	-2.381109679121276579e-01	1.657638163422876787e-01	-2.241992154283759531e-01	2.452380494762929908e-01	-4.550032916031491181e-01	2.803102753501086064e-01	-2.287007368605808444e-01	2.543261076416595823e-01	-4.230032930050349194e-01	9.999999999999997780e-01	-5.344126055290135957e-01	1.323337869717906568e-01	-1.439177057127040138e-01	1.321680624586535902e-01	-1.520336217778882337e-01	1.632484064861599860e-01	-1.039924294825921303e-01	1.078985739520955112e-01	-7.725796427991143966e-02	1.133036868268130215e-01	-8.484603949168542658e-02	1.264204402828684182e-01	-1.077300703392232856e-01	6.543217002351725542e-02	-1.023355638258810485e-01	1.024187474529157649e-01
-1.384348271565876143e-01	1.120829635998625423e-01	-8.715069818422288561e-02	7.398267849119193051e-02	-8.704706107266323156e-02	9.478763815854852892e-02	-9.864230497525108832e-02	1.303929414283094279e-01	-1.038153277675916558e-01	1.325028161855101305e-01	-1.235211617755103686e-01	1.095448453502015085e-01	-1.535599660762592966e-01	1.446786979523106420e-01	-2.177241647538727121e-01	1.041561505289701900e-01	-1.426614566246819094e-01	1.560102156644448401e-01	-1.853543394923498067e-01	2.459137040343554736e-01	-1.210842278326347832e-01	1.404559691261161314e-01	-1.644146518731882389e-01	2.560974767005885777e-01	-6.904398160478930624e-01	1.461450552668096536e-01	-1.687381241191130699e-01	1.820073077985457644e-01	-5.344126055290135957e-01	9.999999999999997780e-01	-8.966003811910028265e-02	9.373583644169636298e-02	-8.866484705556229584e-02	1.005547893580652635e-01	-1.418079993148167461e-01	7.013923587733493503e-02	-7.391413764547911935e-02	5.363304748745091610e-02	-8.553143518407914370e-02	6.764074719931326141e-02	-8.891427844795321556e-02	7.383743389963287607e-02	-4.581469508909108423e-02	7.651646558834564182e-02	-7.826256965280949107e-02
1.349353924969062812e-01	-9.332644226717812241e-02	6.625800948072731178e-02	-5.213559508656882835e-02	5.903967658223742421e-02	-8.350671344237778349e-02	8.366247825016871753e-02	-1.007444122570833045e-01	6.812478675505825865e-02	-8.688130507410954384e-02	1.079411034138247072e-01	-9.152668272251728021e-02	9.008616608760725009e-02	-8.167520365995024900e-02	8.677735723533870627e-02	-1.163094346982246341e-01	1.261537044494807913e-01	-9.722707464156918333e-02	9.459749074249899914e-02	-8.548384928819012518e-02	1.539058807469647072e-01	-1.213316020547742097e-01	1.182986683364128655e-01	-1.405708317827629450e-01	8.602121760287378960e-02	-4.832473459897935752e-01	1.617835904317388440e-01	-1.355266898370876549e-01	1.323337869717906568e-01	-8.966003811910028265e-02	9.999999999999995559e-01	-5.259478606099550202e-01	2.388757365747726791e-01	-2.486149770135690773e-01	1.772964865412050839e-01	-5.078057988094284436e-01	2.885905966744888307e-01	-1.441856763607729797e-01	1.455318115489042941e-01	-1.013662926699327727e-01	2.539114419965581848e-01	-2.238076716886809314e-01	1.200987347554262064e-01	-1.308134393389410177e-01	1.240162554731568390e-01
-1.347736275588394539e-01	9.084562315726910087e-02	-6.509677835441553262e-02	5.133475649308708727e-02	-5.841275501538898546e-02	8.199557746331434527e-02	-8.268207048198047970e-02	9.840126195262242914e-02	-6.734550473558208183e-02	8.549682942755354453e-02	-1.071075830534960333e-01	9.027254616377292096e-02	-9.045426403115208736e-02	8.148243311142247536e-02	-8.781561893564651666e-02	1.047587774469137534e-01	-1.263936425982683243e-01	9.767716149139385462e-02	-9.608818439055093197e-02	8.653773615562818100e-02	-1.384009302099618588e-01	1.291424406752724185e-01	-1.285192941558804813e-01	1.418343855291547551e-01	-8.938747445593975272e-02	2.606308436830059860e-01	-2.119416976063896729e-01	1.552757405797464130e-01	-1.439177057127040138e-01	9.373583644169636298e-02	-5.259478606099550202e-01	9.999999999999993339e-01	-5.366452446144367450e-01	2.776092747037339770e-01	-2.053260332813434952e-01	2.690526998142987458e-01	-3.969070842122137122e-01	1.529715542883606227e-01	-1.723044825561753646e-01	1.151432441146935520e-01	-2.484372220616628546e-01	2.125552770299100336e-01	-1.323543642873494797e-01	1.393680423954715697e-01	-1.395787586444161010e-01
1.239741014008800685e-01	-8.656973552895928792e-02	6.124863662057187380e-02	-4.833830161948215326e-02	5.464238004930339898e-02	-7.574897452572594558e-02	7.573257857877097043e-02	-9.347746341504838130e-02	6.315175417195711960e-02	-8.099680827391185500e-02	9.512012463191382716e-02	-8.135917810773042602e-02	8.271496587179799631e-02	-7.561118398623063730e-02	8.092643662609758093e-02	-9.281472324390330209e-02	1.101086242807674948e-01	-8.981343354274283486e-02	8.780804144330879579e-02	-8.077446177978998831e-02	1.168150617747197723e-01	-1.142435620727868945e-01	1.162307065167046960e-01	-1.345303044673027415e-01	8.273363946068677810e-02	-2.319804529167822926e-01	1.571066183164052665e-01	-1.599569764333376998e-01	1.321680624586535902e-01	-8.866484705556229584e-02	2.388757365747726791e-01	-5.366452446144367450e-01	9.999999999999994449e-01	-6.711772739741507232e-01	2.021465882632232647e-01	-1.861746507090426273e-01	2.096293494360344789e-01	-1.761758915227905342e-01	1.943367762587380199e-01	-1.294568743070727834e-01	1.907983956696507055e-01	-1.850842486538625820e-01	1.337194694786974503e-01	-1.596654604272569056e-01	1.441952117848790960e-01
-1.488749436432281470e-01	9.769517124333515490e-02	-6.965920492938904030e-02	5.483818313428570623e-02	-6.236367492617342356e-02	8.683229657555625869e-02	-8.722571366560977202e-02	1.052660520191103233e-01	-7.167878993927270792e-02	9.124320680743799872e-02	-1.100342879606161228e-01	9.176886241699264146e-02	-9.407687150951733746e-02	8.517316033681385234e-02	-9.263064249624822222e-02	1.011898653715248564e-01	-1.236693376159437308e-01	9.897770684602272273e-02	-9.863961758118393319e-02	9.092234638990737139e-02	-1.315150458035932446e-01	1.161856338770556885e-01	-1.224985223424396863e-01	1.448335656643436609e-01	-9.538715400347952400e-02	2.199679955040661772e-01	-1.551348885214750561e-01	1.394881040882975654e-01	-1.520336217778882337e-01	1.005547893580652635e-01	-2.486149770135690773e-01	2.776092747037339770e-01	-6.711772739741507232e-01	1.000000000000001554e+00	-3.350189400797968231e-01	1.769718274610240227e-01	-2.161457585793647163e-01	1.575501445627938146e-01	-3.673482267705997506e-01	1.997810905932788927e-01	-2.215449997369064727e-01	1.819923638220269091e-01	-1.382714267101809724e-01	2.115821654693158527e-01	-2.182717302144708271e-01
