1.000000000000000000e+00	-5.409610512660470993e-01	2.448342953866247118e-01	-1.646162777546127109e-01	1.539540052264157799e-01	-3.582956738916237005e-01	3.087110979506363928e-01	-2.855485727157137665e-01	2.129208592495096530e-01	-1.517407801328539974e-01	2.104477734773817499e-01	-2.419716516305952525e-01	1.767695921155872929e-01	-1.911034090526344820e-01	1.456013847745754319e-01	-1.778420854933697726e-01	1.943186716380254087e-01	-1.918061103300916503e-01	1.343276158686815547e-01	-1.560576338407056451e-01	2.123597988331503705e-01	-1.617658517369111870e-01	1.167089078137544533e-01	-1.412157110492482104e-01	1.143161073078414747e-01	-1.879273496119078790e-01	1.309119175494740384e-01	-1.406579987083013683e-01	1.464264212713035362e-01	-1.102093360375330094e-01	9.090608442580973281e-02	-1.206778391548102430e-01	1.271712557518150100e-01	-1.109763438939736641e-01	1.107329840139940486e-01	-8.144606531432428687e-02	1.248616875373880081e-01	-1.076291391577146872e-01	1.022222945848684228e-01	-1.113336350023865218e-01	7.648019264359499914e-02	-6.507310805259575170e-02	1.219586433884506660e-01	-1.120552739004798681e-01	1.524518876287122293e-01
-5.409610512660470993e-01	1.000000000000000000e+00	-3.828842976919786256e-01	1.507168785003120681e-01	-1.369324490072224842e-01	2.151114202993999469e-01	-6.506906891826176320e-01	2.838014105761444972e-01	-1.782091085273123654e-01	1.140400464037411021e-01	-1.513825827373575794e-01	1.620021751100604035e-01	-1.264837178378731553e-01	1.340715495357096554e-01	-1.080022243489634909e-01	1.158883466182179522e-01	-1.350013524887294369e-01	1.259470573463588317e-01	-8.961235528517585980e-02	1.012265954121468053e-01	-1.450407238085617001e-01	9.736133040287679730e-02	-7.182694334030544081e-02	8.845690413859397250e-02	-7.295822953347418094e-02	1.107597202490115812e-01	-7.946480641443144644e-02	8.402624541368194921e-02	-9.133880271412363194e-02	6.812511023101927576e-02	-5.507514318203344389e-02	7.232820332348507963e-02	-7.745978007909624929e-02	6.731845548875023399e-02	-6.822540802627734269e-02	4.874355855714312957e-02	-7.595262570131974811e-02	6.488774735214582201e-02	-6.209681913178777268e-02	6.732460123940625651e-02	-4.644316487915674252e-02	3.925575441889202905e-02	-7.413299533687139897e-02	6.701885727972742290e-02	-9.218970426047341793e-02
2.448342953866247118e-01	-3.828842976919786256e-01	9.999999999999997780e-01	-3.786636884996827934e-01	2.182960119086848616e-01	-1.757729995833542114e-01	2.796011955343178368e-01	-6.989337545008459385e-01	2.525703455012371368e-01	-1.763978164544548477e-01	1.288590701621551149e-01	-1.585013940856031811e-01	1.497310844605833913e-01	-1.803106724907090064e-01	1.461841523255639208e-01	-1.112552566209409066e-01	1.314448067824272870e-01	-1.512857132972688368e-01	1.069959568306916714e-01	-1.240367641995375469e-01	1.401935361293553950e-01	-1.032807879271265827e-01	7.663841408779928366e-02	-1.030799594118095436e-01	8.469018454710254551e-02	-1.153582606891691009e-01	8.355663393080237089e-02	-8.998335674902942227e-02	1.005841495998717611e-01	-7.650728792359628994e-02	5.766817910014963161e-02	-7.678190757463278227e-02	8.283792723947790149e-02	-7.306205606494671490e-02	7.475512156866138958e-02	-5.130379391467852074e-02	8.010751012362769818e-02	-6.955103684589254709e-02	6.703672889346815045e-02	-7.346038271786028973e-02	4.892572148331222198e-02	-4.148813656463545829e-02	7.903260200399295221e-02	-7.203742223811401835e-02	9.826298669193422874e-02
-1.646162777546127109e-01	1.507168785003120681e-01	-3.786636884996827934e-01	9.999999999999997780e-01	-6.597876694863827884e-01	1.183817427338287598e-01	-1.526162294766178207e-01	2.364617134713077051e-01	-5.071899046282225543e-01	2.612302872698265555e-01	-9.544315654869545140e-02	1.225520934792933420e-01	-1.331340768511217187e-01	2.100455823330769356e-01	-2.071424406058895717e-01	8.619701944053903553e-02	-1.060297274680477020e-01	1.351268991242618733e-01	-1.040089160965751436e-01	1.218618682719805751e-01	-1.121788840031493900e-01	8.412108112664949677e-02	-6.379284389156322788e-02	9.390195432264671072e-02	-7.933586143066932717e-02	9.157417513077945048e-02	-6.818534221288491404e-02	7.399267430478301266e-02	-8.815134046291123182e-02	6.766115866877400742e-02	-4.687673801588220640e-02	6.285195901665008300e-02	-6.914430568990177772e-02	6.175608622952911270e-02	-6.461120213797523493e-02	4.161401399859660649e-02	-6.581786070768783081e-02	5.783174569266650439e-02	-5.646971724096217643e-02	6.229283100525744715e-02	-4.011941301333653981e-02	3.398622296853817670e-02	-6.577856939648703272e-02	5.983771104096546889e-02	-8.169897614789253804e-02
1.539540052264157799e-01	-1.369324490072224842e-01	2.182960119086848616e-01	-6.597876694863827884e-01	9.999999999999997780e-01	-1.231394604567980500e-01	1.391701870945258324e-01	-2.193075352817797086e-01	3.012518653938328073e-01	-5.247915245757475144e-01	1.000462855914923677e-01	-1.339828490146154349e-01	1.483037828059090013e-01	-2.597063885846142561e-01	2.456036544208209660e-01	-9.215993210780971945e-02	1.134893983866121503e-01	-1.593446808886919142e-01	1.199383265738965254e-01	-1.482685232110972362e-01	1.180086512805493537e-01	-9.231555764821523791e-02	6.997928836288885845e-02	-1.091096924130473406e-01	9.096475076411882077e-02	-9.912535427011691380e-02	7.381672541898161299e-02	-8.109828880139967333e-02	9.698282446907771637e-02	-7.610759030929177549e-02	5.036459272987690861e-02	-6.821130788406977452e-02	7.506572538223091340e-02	-6.772437057964988960e-02	7.108479768663597542e-02	-4.489218942751119212e-02	7.082447377832544466e-02	-6.281528939634782593e-02	6.154617514760123143e-02	-6.850673335479853798e-02	4.306934914779390194e-02	-3.661177199449829750e-02	7.090654770214335767e-02	-6.495546268192171901e-02	8.765898894383095108e-02
-3.582956738916237005e-01	2.151114202993999469e-01	-1.757729995833542114e-01	1.183817427338287598e-01	-1.231394604567980500e-01	9.999999999999997780e-01	-3.459714910588864156e-01	1.883892507213835166e-01	-1.791158589148810487e-01	1.163791607737693634e-01	-6.775809342517251643e-01	2.824670526757953049e-01	-1.935187090124986242e-01	1.593092889486159291e-01	-1.254488718629817312e-01	2.376465711334221076e-01	-2.659032025304028379e-01	1.711266009115328113e-01	-1.209214811985214466e-01	1.281917128217368029e-01	-2.856471244509852236e-01	1.384566648691121782e-01	-1.031251885544932773e-01	1.144133928283804641e-01	-9.590780202738845295e-02	1.579503575642944024e-01	-1.139474374643272003e-01	1.149878828119032803e-01	-1.231599055204418564e-01	8.969601833867421603e-02	-7.826108097116214746e-02	9.981856162123202425e-02	-1.065942813866387617e-01	9.041559479969127344e-02	-9.159528780865625053e-02	6.790562076065910502e-02	-1.064511382160752140e-01	8.775877919396191107e-02	-8.365173692228215774e-02	8.923654512387756144e-02	-6.481500034235587737e-02	5.432941287596983887e-02	-1.009030784226721267e-01	8.896663210610550321e-02	-1.233640828506039344e-01
3.087110979506363928e-01	-6.506906891826176320e-01	2.796011955343178368e-01	-1.526162294766178207e-01	1.391701870945258324e-01	-3.459714910588864156e-01	1.000000000000000000e+00	-4.418416886031664714e-01	1.900585468450211035e-01	-1.273602678663537657e-01	1.974138752499335070e-01	-2.335589863989676329e-01	1.586185326632158221e-01	-1.604536681843889423e-01	1.229581212604086843e-01	-1.492206008771785886e-01	1.673022925046650511e-01	-1.584283988674231869e-01	1.085080241892721759e-01	-1.227106237845172476e-01	1.720333851087806620e-01	-1.189091638386342992e-01	8.665694151052109884e-02	-1.067365092458930492e-01	8.732484376643892543e-02	-1.348474529027080815e-01	9.532714190390938203e-02	-1.014177087785049641e-01	1.080928688151688993e-01	-8.124358233246584127e-02	6.557134072286452398e-02	-8.660677200520160157e-02	9.206289069220724430e-02	-8.011538402345257104e-02	8.087375350197922863e-02	-5.828531484154673981e-02	9.008559711179174589e-02	-7.707137912461049789e-02	7.361806490045820495e-02	-8.002315233472651057e-02	5.497737473655102403e-02	-4.662052842760635446e-02	8.746526089663207715e-02	-7.940857753360681948e-02	1.081595452296211790e-01
-2.855485727157137665e-01	2.838014105761444972e-01	-6.989337545008459385e-01	2.364617134713077051e-01	-2.193075352817797086e-01	1.883892507213835166e-01	-4.418416886031664714e-01	9.999999999999993339e-01	-3.061885122316903018e-01	1.636446674193309525e-01	-1.474186669647677417e-01	1.706739696709607679e-01	-1.805811685881592021e-01	1.822547142524610642e-01	-1.534039528646934381e-01	1.210812950039865110e-01	-1.476744433015854951e-01	1.569168638440651964e-01	-1.135784697183843811e-01	1.255235005164885842e-01	-1.580462227723698487e-01	1.067362811584614130e-01	-8.035570243503011023e-02	1.051478227722494468e-01	-8.804492621498097304e-02	1.190181260014662040e-01	-8.770794162187868503e-02	9.291108650003850056e-02	-1.062917012876885003e-01	7.931101412809631046e-02	-6.081813528776787436e-02	7.997736280534402387e-02	-8.711925551583940552e-02	7.619270095713076563e-02	-7.850376760613017590e-02	5.360420676408956392e-02	-8.464558646609976478e-02	7.273986317989873662e-02	-7.027000730846853782e-02	7.635688264142803661e-02	-5.173946783435214719e-02	4.361085278811415583e-02	-8.348988685903464824e-02	7.509372138944547803e-02	-1.039701373970298715e-01
2.129208592495096530e-01	-1.782091085273123654e-01	2.525703455012371368e-01	-5.071899046282225543e-01	3.012518653938328073e-01	-1.791158589148810487e-01	1.900585468450211035e-01	-3.061885122316903018e-01	9.999999999999988898e-01	-3.827760974977689190e-01	1.452946653292672974e-01	-1.998886373732843003e-01	2.212600259616225862e-01	-4.512693872558763974e-01	2.704650277219312060e-01	-1.347630089913987861e-01	1.649666176076504676e-01	-2.367554427464874378e-01	1.680411368993864063e-01	-2.025516129466089499e-01	1.705654294322284104e-01	-1.359546543810593588e-01	1.021508632829541269e-01	-1.562417999800394253e-01	1.274189128609748978e-01	-1.463559903209634971e-01	1.080752127721711503e-01	-1.190323270421407287e-01	1.388984751417287056e-01	-1.090278488707286941e-01	7.370915126108390503e-02	-9.998225156222186050e-02	1.092302097420098095e-01	-9.838870598291377112e-02	1.023316003631955656e-01	-6.587277618491221842e-02	1.033759941306776758e-01	-9.162257877588864119e-02	8.938940560158609161e-02	-9.953855102419914558e-02	6.289023027214649120e-02	-5.354796331536162274e-02	1.031618426141286404e-01	-9.485451285583544612e-02	1.274936872495514850e-01
-1.517407801328539974e-01	1.140400464037411021e-01	-1.763978164544548477e-01	2.612302872698265555e-01	-5.247915245757475144e-01	1.163791607737693634e-01	-1.273602678663537657e-01	1.636446674193309525e-01	-3.827760974977689190e-01	1.000000000000000444e+00	-1.008628124680657212e-01	1.330314867391042266e-01	-1.660919588044807993e-01	2.782959221777872583e-01	-6.281413749384452405e-01	9.304412022870744980e-02	-1.188826864214439227e-01	1.606182682468690059e-01	-1.438023547162360360e-01	1.701948512667783020e-01	-1.233271262725346012e-01	9.237020727000921916e-02	-7.188149882248798250e-02	1.151454310039620454e-01	-1.046435491991991318e-01	9.832799907533622263e-02	-7.515830123186158229e-02	8.191044096739279190e-02	-1.052421712455671454e-01	8.123939408315783428e-02	-5.138088338738623639e-02	6.926873862096236123e-02	-7.789038486723799670e-02	7.035778203592001068e-02	-7.587721163527999524e-02	4.547112838935632451e-02	-7.286402993757147561e-02	6.468254331552385217e-02	-6.412018199484234571e-02	7.100792085608653714e-02	-4.427731985598963582e-02	3.745326310306718032e-02	-7.368953976582508225e-02	6.670097449033715598e-02	-9.132758536171722841e-02
2.104477734773817499e-01	-1.513825827373575794e-01	1.288590701621551149e-01	-9.544315654869545140e-02	1.000462855914923677e-01	-6.775809342517251643e-01	1.974138752499335070e-01	-1.474186669647677417e-01	1.452946653292672974e-01	-1.008628124680657212e-01	1.000000000000000222e+00	-4.903211442511609675e-01	1.948042723719807523e-01	-1.544167433509626430e-01	1.109158198713381255e-01	-3.561420541491079339e-01	2.675172842921953453e-01	-1.791099180643481725e-01	1.130699649551704378e-01	-1.214111908951844010e-01	2.379922885769707730e-01	-1.291793056266707929e-01	9.246153284460442712e-02	-1.044017949283890800e-01	8.589223631432006678e-02	-1.443106372429185935e-01	9.949544643400010102e-02	-1.026198068398896518e-01	1.050773280762382078e-01	-7.836119181596820638e-02	6.663059682110321347e-02	-8.678801029640489939e-02	9.108568693996557664e-02	-7.772699685293484040e-02	7.824038114413899014e-02	-5.861633666280707117e-02	8.991500829973114728e-02	-7.473784221373576397e-02	7.108038934445271018e-02	-7.646739472241638469e-02	5.441198084090916043e-02	-4.604470765809252214e-02	8.437872611845870230e-02	-7.524371278694483300e-02	1.017854454889427773e-01
-2.419716516305952525e-01	1.620021751100604035e-01	-1.585013940856031811e-01	1.225520934792933420e-01	-1.339828490146154349e-01	2.824670526757953049e-01	-2.335589863989676329e-01	1.706739696709607679e-01	-1.998886373732843003e-01	1.330314867391042266e-01	-4.903211442511609675e-01	1.000000000000000444e+00	-4.513449736888089925e-01	2.145716407316426988e-01	-1.593235534673572706e-01	2.671661946385679998e-01	-4.818318105054945621e-01	2.522180660168043542e-01	-1.635030612846942455e-01	1.604142222988427791e-01	-2.779089301604322215e-01	1.584649673075922693e-01	-1.179928298382799667e-01	1.342064847333167554e-01	-1.132900146060061702e-01	1.637973275988086896e-01	-1.208368560363491245e-01	1.245583713736025944e-01	-1.348730464111682625e-01	9.952102864667754234e-02	-8.030330745650324231e-02	1.048855414757616095e-01	-1.133652278060700846e-01	9.659287102272705317e-02	-9.912772606955858046e-02	7.009529027106869981e-02	-1.102266206112680891e-01	9.213210062101261089e-02	-8.858202593757041887e-02	9.504521208896618556e-02	-6.665729844876827626e-02	5.611289980675793210e-02	-1.050694710434743329e-01	9.273973877194863213e-02	-1.271764944886380200e-01
1.767695921155872929e-01	-1.264837178378731553e-01	1.497310844605833913e-01	-1.331340768511217187e-01	1.483037828059090013e-01	-1.935187090124986242e-01	1.586185326632158221e-01	-1.805811685881592021e-01	2.212600259616225862e-01	-1.660919588044807993e-01	1.948042723719807523e-01	-4.513449736888089925e-01	9.999999999999998890e-01	-4.504080032412628998e-01	2.126153131121724937e-01	-1.645727384825327322e-01	2.249904914733918682e-01	-5.959713117943585825e-01	2.308872320962674640e-01	-2.305238873207789696e-01	1.802245832219920019e-01	-1.305232164320702382e-01	1.007787941234846024e-01	-1.615182101822804916e-01	1.321932733083537315e-01	-1.308206874951050869e-01	9.890312038117701765e-02	-1.086204091945030953e-01	1.305284048104587424e-01	-1.027068766845001674e-01	6.548016778707040075e-02	-8.875696649931491544e-02	9.850338868835473161e-02	-8.817228236290231003e-02	9.405574428146609711e-02	-5.793202229719694729e-02	9.190245041414456251e-02	-8.062045140198308146e-02	7.953420493933506530e-02	-8.813366156505500482e-02	5.539334548048627932e-02	-4.699474465584419641e-02	9.071143861636801753e-02	-8.179789861815772722e-02	1.100954026204525177e-01
-1.911034090526344820e-01	1.340715495357096554e-01	-1.803106724907090064e-01	2.100455823330769356e-01	-2.597063885846142561e-01	1.593092889486159291e-01	-1.604536681843889423e-01	1.822547142524610642e-01	-4.512693872558763974e-01	2.782959221777872583e-01	-1.544167433509626430e-01	2.145716407316426988e-01	-4.504080032412628998e-01	9.999999999999971134e-01	-5.488612806931951749e-01	1.350963327553465487e-01	-1.835347836710950475e-01	2.581639461027456228e-01	-2.171984500157639053e-01	2.132493283804944850e-01	-1.737304771823856842e-01	1.230422444535845816e-01	-9.635028079862376083e-02	1.503944474492922290e-01	-1.338285574408555612e-01	1.292755056470099861e-01	-9.910565090102760322e-02	1.072226979198439151e-01	-1.364453362343426290e-01	1.043190334275813369e-01	-6.725248587365624531e-02	9.026955362778477099e-02	-1.014376478780252416e-01	9.092240329098362495e-02	-9.789956490893866881e-02	5.929277035747299723e-02	-9.507875658373429739e-02	8.368296403925561122e-02	-8.284936336317844097e-02	9.131580207439890517e-02	-5.766578464060440751e-02	4.870812016069800410e-02	-9.538828493035739209e-02	8.580187601257535657e-02	-1.175695447751813894e-01
1.456013847745754319e-01	-1.080022243489634909e-01	1.461841523255639208e-01	-2.071424406058895717e-01	2.456036544208209660e-01	-1.254488718629817312e-01	1.229581212604086843e-01	-1.534039528646934381e-01	2.704650277219312060e-01	-6.281413749384452405e-01	1.109158198713381255e-01	-1.593235534673572706e-01	2.126153131121724937e-01	-5.488612806931951749e-01	9.999999999999981126e-01	-1.026119008918188469e-01	1.323467860774584504e-01	-2.186056199036377767e-01	1.870278072231998101e-01	-2.801151107375326466e-01	1.298995311310297274e-01	-1.020376257716684998e-01	7.976569266369049060e-02	-1.455812953490854544e-01	1.302870505096398457e-01	-1.052874094665420673e-01	8.067973530500853474e-02	-8.978350226545467327e-02	1.170954443333557249e-01	-9.556174129211092438e-02	5.422607110844976375e-02	-7.432120109529193053e-02	8.382582703394049484e-02	-7.721240477839863559e-02	8.431098930250735535e-02	-4.823144024689120235e-02	7.707135823654727436e-02	-6.944033033170839142e-02	6.945156389413169318e-02	-7.822509362019136603e-02	4.656444718910638519e-02	-3.959486823526726929e-02	7.800291070821281647e-02	-7.126247850890467250e-02	9.561875276645037669e-02
-1.778420854933697726e-01	1.158883466182179522e-01	-1.112552566209409066e-01	8.619701944053903553e-02	-9.215993210780971945e-02	2.376465711334221076e-01	-1.492206008771785886e-01	1.210812950039865110e-01	-1.347630089913987861e-01	9.304412022870744980e-02	-3.561420541491079339e-01	2.671661946385679998e-01	-1.645727384825327322e-01	1.350963327553465487e-01	-1.026119008918188469e-01	9.999999999999967804e-01	-6.136677356155834095e-01	1.675023215476952321e-01	-1.113603117519009061e-01	1.177743973561763968e-01	-5.825870129136760944e-01	1.645124268707440218e-01	-1.156133009564568603e-01	1.079848873784850505e-01	-8.898827986540318313e-02	1.907682050577929889e-01	-1.264688470370261553e-01	1.222694265834119304e-01	-1.148610834573813300e-01	8.430693951902473726e-02	-8.258288058127517817e-02	1.041386950650890625e-01	-1.058020503113510924e-01	8.770713864267430659e-02	-8.629888906697832929e-02	7.138930855480390969e-02	-1.076909730705979257e-01	8.555622325982774334e-02	-8.009072152730847827e-02	8.487102568004778469e-02	-6.464725874769788883e-02	5.458024255254517038e-02	-9.586642795611750867e-02	8.423899298400377988e-02	-1.127578731062532369e-01
1.943186716380254087e-01	-1.350013524887294369e-01	1.314448067824272870e-01	-1.060297274680477020e-01	1.134893983866121503e-01	-2.659032025304028379e-01	1.673022925046650511e-01	-1.476744433015854951e-01	1.649666176076504676e-01	-1.188826864214439227e-01	2.675172842921953453e-01	-4.818318105054945621e-01	2.249904914733918682e-01	-1.835347836710950475e-01	1.323467860774584504e-01	-6.136677356155834095e-01	9.999999999999986677e-01	-2.663290836704522158e-01	1.509012241704406621e-01	-1.618902245591279376e-01	3.012633606055886148e-01	-2.492777934203139201e-01	1.498923955319429180e-01	-1.422784180072173277e-01	1.148738771305932854e-01	-2.109372924385249648e-01	1.454319785678119814e-01	-1.548690724644757877e-01	1.400551127510260563e-01	-1.051661472277863330e-01	9.119168901103254232e-02	-1.230379985104842061e-01	1.267852686156462072e-01	-1.063655703642375772e-01	1.047766393652438122e-01	-8.131424691787822456e-02	1.226115981402098321e-01	-1.017568635894951640e-01	9.592104129617705366e-02	-1.028402678517204294e-01	7.330494763633865762e-02	-6.263975666492690997e-02	1.125638480839801225e-01	-1.004101127961846418e-01	1.323536591914262484e-01
-1.918061103300916503e-01	1.259470573463588317e-01	-1.512857132972688368e-01	1.351268991242618733e-01	-1.593446808886919142e-01	1.711266009115328113e-01	-1.584283988674231869e-01	1.569168638440651964e-01	-2.367554427464874378e-01	1.606182682468690059e-01	-1.791099180643481725e-01	2.522180660168043542e-01	-5.959713117943585825e-01	2.581639461027456228e-01	-2.186056199036377767e-01	1.675023215476952321e-01	-2.663290836704522158e-01	9.999999999999984457e-01	-4.984299893423221328e-01	2.672295803681387083e-01	-2.056724249970415808e-01	1.453397586368101180e-01	-1.216469769190604289e-01	1.911153948512170631e-01	-1.701850153456491710e-01	1.439903187531997308e-01	-1.132822914159055255e-01	1.242610823233988582e-01	-1.615145975970176950e-01	1.226443608243953376e-01	-7.497805061643507407e-02	1.014594530840350201e-01	-1.158362100804853495e-01	1.035516056640928967e-01	-1.136589680567793165e-01	6.588977829701178623e-02	-1.065542566599027852e-01	9.387999014908283979e-02	-9.379256585186562800e-02	1.031630036327204625e-01	-6.416122018725575749e-02	5.417909990275020238e-02	-1.067157779707058329e-01	9.513671667828983713e-02	-1.299714466663255408e-01
1.343276158686815547e-01	-8.961235528517585980e-02	1.069959568306916714e-01	-1.040089160965751436e-01	1.199383265738965254e-01	-1.209214811985214466e-01	1.085080241892721759e-01	-1.135784697183843811e-01	1.680411368993864063e-01	-1.438023547162360360e-01	1.130699649551704378e-01	-1.635030612846942455e-01	2.308872320962674640e-01	-2.171984500157639053e-01	1.870278072231998101e-01	-1.113603117519009061e-01	1.509012241704406621e-01	-4.984299893423221328e-01	9.999999999999981126e-01	-6.739028730120607547e-01	1.394597799114260517e-01	-1.242373968381006860e-01	1.049949455655679459e-01	-3.347522543840295017e-01	2.436877370173437807e-01	-1.162939962417562229e-01	9.427081742083244509e-02	-1.110989022793058834e-01	1.689297571992730840e-01	-1.477904769944658192e-01	6.098039508078301196e-02	-8.706269960080807724e-02	1.026984298945536472e-01	-9.975467794348025219e-02	1.161793812290295436e-01	-5.448767637448986845e-02	8.880483182177570378e-02	-8.372335822246207426e-02	8.721781338868837830e-02	-1.013957524322122022e-01	5.285725787415285204e-02	-4.523649879544174024e-02	9.213654994293524192e-02	-8.481248265858909452e-02	1.108937006482108301e-01
-1.560576338407056451e-01	1.012265954121468053e-01	-1.240367641995375469e-01	1.218618682719805751e-01	-1.482685232110972362e-01	1.281917128217368029e-01	-1.227106237845172476e-01	1.255235005164885842e-01	-2.025516129466089499e-01	1.701948512667783020e-01	-1.214111908951844010e-01	1.604142222988427791e-01	-2.305238873207789696e-01	2.132493283804944850e-01	-2.801151107375326466e-01	1.177743973561763968e-01	-1.618902245591279376e-01	2.672295803681387083e-01	-6.739028730120607547e-01	9.999999999999972244e-01	-1.590713069724849216e-01	1.328830643834965630e-01	-1.135849969924473540e-01	2.811055710251337825e-01	-4.152559795323098046e-01	1.298543441731408177e-01	-1.067973277327815829e-01	1.224352079468336574e-01	-2.086462581982428122e-01	1.781275568874262083e-01	-7.026925484540744171e-02	9.935173686733647647e-02	-1.202389606058870547e-01	1.169523895590328932e-01	-1.455035022895809493e-01	6.244227533350806686e-02	-1.031836831910347696e-01	9.763228854832245451e-02	-1.035302501293388772e-01	1.187531569486568600e-01	-6.151336087757772186e-02	5.239209621164557518e-02	-1.089762297564172006e-01	9.920075184276591629e-02	-1.324473650052193641e-01
2.123597988331503705e-01	-1.450407238085617001e-01	1.401935361293553950e-01	-1.121788840031493900e-01	1.180086512805493537e-01	-2.856471244509852236e-01	1.720333851087806620e-01	-1.580462227723698487e-01	1.705654294322284104e-01	-1.233271262725346012e-01	2.379922885769707730e-01	-2.779089301604322215e-01	1.802245832219920019e-01	-1.737304771823856842e-01	1.298995311310297274e-01	-5.825870129136760944e-01	3.012633606055886148e-01	-2.056724249970415808e-01	1.394597799114260517e-01	-1.590713069724849216e-01	9.999999999999974465e-01	-2.463560078179719559e-01	1.613084671546331506e-01	-1.529600796637968219e-01	1.229160641258185971e-01	-4.152084999973281176e-01	2.013463635838356469e-01	-1.940021288151441148e-01	1.637398605617528535e-01	-1.223057553179027201e-01	1.349748195256364192e-01	-1.683193522660078878e-01	1.586004764157641911e-01	-1.321979323556829733e-01	1.255938879195245828e-01	-1.200391462146069982e-01	1.655010719257310470e-01	-1.302478762654743494e-01	1.193513138080957575e-01	-1.270868017712518394e-01	9.927125753889717852e-02	-8.533862871992525800e-02	1.419346322105516367e-01	-1.271515379721576688e-01	1.642409568309354528e-01
-1.617658517369111870e-01	9.736133040287679730e-02	-1.032807879271265827e-01	8.412108112664949677e-02	-9.231555764821523791e-02	1.384566648691121782e-01	-1.189091638386342992e-01	1.067362811584614130e-01	-1.359546543810593588e-01	9.237020727000921916e-02	-1.291793056266707929e-01	1.584649673075922693e-01	-1.305232164320702382e-01	1.230422444535845816e-01	-1.020376257716684998e-01	1.645124268707440218e-01	-2.492777934203139201e-01	1.453397586368101180e-01	-1.242373968381006860e-01	1.328830643834965630e-01	-2.463560078179719559e-01	9.999999999999972244e-01	-6.858992384998899849e-01	1.728335897418961653e-01	-1.443247944769658897e-01	2.383462079163456149e-01	-3.404066568890141697e-01	3.152398285134991318e-01	-2.181480118747064489e-01	1.458374104826367090e-01	-1.343045243244853637e-01	2.114588989369952099e-01	-2.438797348243500196e-01	1.710854983407221475e-01	-1.620376770347762563e-01	1.168472318209306388e-01	-2.068143759649822000e-01	1.652829876427922007e-01	-1.550154432778370062e-01	1.536622641677890810e-01	-1.167820278240661452e-01	9.857738698557792778e-02	-1.852169001253403113e-01	1.515798055012105017e-01	-2.031356486811503881e-01
1.167089078137544533e-01	-7.182694334030544081e-02	7.663841408779928366e-02	-6.379284389156322788e-02	6.997928836288885845e-02	-1.031251885544932773e-01	8.665694151052109884e-02	-8.035570243503011023e-02	1.021508632829541269e-01	-7.188149882248798250e-02	9.246153284460442712e-02	-1.179928298382799667e-01	1.007787941234846024e-01	-9.635028079862376083e-02	7.976569266369049060e-02	-1.156133009564568603e-01	1.498923955319429180e-01	-1.216469769190604289e-01	1.049949455655679459e-01	-1.135849969924473540e-01	1.613084671546331506e-01	-6.858992384998899849e-01	9.999999999999953371e-01	-1.868452726152203258e-01	1.299573167426687492e-01	-1.962068435484653761e-01	2.349943369022511330e-01	-5.813906482819310995e-01	1.759754092117364610e-01	-1.255692651344129107e-01	1.001829318332975310e-01	-1.775441151174316223e-01	2.066166664764464977e-01	-1.502406689955335106e-01	1.300419244779015271e-01	-9.043382806594810197e-02	1.539131889609497705e-01	-1.371838631661862762e-01	1.247688630847235275e-01	-1.270489187342681014e-01	8.599276839146607898e-02	-7.493083863415538060e-02	1.401884286177506322e-01	-1.205498593827986492e-01	1.491068098493489313e-01
-1.412157110492482104e-01	8.845690413859397250e-02	-1.030799594118095436e-01	9.390195432264671072e-02	-1.091096924130473406e-01	1.144133928283804641e-01	-1.067365092458930492e-01	1.051478227722494468e-01	-1.562417999800394253e-01	1.151454310039620454e-01	-1.044017949283890800e-01	1.342064847333167554e-01	-1.615182101822804916e-01	1.503944474492922290e-01	-1.455812953490854544e-01	1.079848873784850505e-01	-1.422784180072173277e-01	1.911153948512170631e-01	-3.347522543840295017e-01	2.811055710251337825e-01	-1.529600796637968219e-01	1.728335897418961653e-01	-1.868452726152203258e-01	9.999999999999955591e-01	-6.987667366941278102e-01	1.479017896496293560e-01	-1.330717804184225750e-01	1.677186735664380479e-01	-3.876749513472441677e-01	2.698307228681513514e-01	-8.243334753449782504e-02	1.242411654973491486e-01	-1.600827997676617098e-01	1.645974030343421712e-01	-2.124206624329996462e-01	7.411966933049764228e-02	-1.256843015871708102e-01	1.263947142774418941e-01	-1.405717143741549158e-01	1.628214353526239722e-01	-7.345476900345521143e-02	6.325535879994646782e-02	-1.373707821045229704e-01	1.265177623140191776e-01	-1.633171457826092798e-01
1.143161073078414747e-01	-7.295822953347418094e-02	8.469018454710254551e-02	-7.933586143066932717e-02	9.096475076411882077e-02	-9.590780202738845295e-02	8.732484376643892543e-02	-8.804492621498097304e-02	1.274189128609748978e-01	-1.046435491991991318e-01	8.589223631432006678e-02	-1.132900146060061702e-01	1.321932733083537315e-01	-1.338285574408555612e-01	1.302870505096398457e-01	-8.898827986540318313e-02	1.148738771305932854e-01	-1.701850153456491710e-01	2.436877370173437807e-01	-4.152559795323098046e-01	1.229160641258185971e-01	-1.443247944769658897e-01	1.299573167426687492e-01	-6.987667366941278102e-01	9.999999999999984457e-01	-1.251459840117681299e-01	1.086409205015515800e-01	-1.394119617975353997e-01	2.709878714238174169e-01	-4.117057883226807879e-01	6.788894540010279033e-02	-1.047905846536665714e-01	1.326042605823309073e-01	-1.480667107824228668e-01	1.980669962203397139e-01	-6.183358457387200940e-02	1.033843845035933018e-01	-1.086906352428120420e-01	1.224614373784242011e-01	-1.570856114036279227e-01	6.022537502696964640e-02	-5.246277111267895477e-02	1.140613973407447329e-01	-1.094138421651394966e-01	1.347986668219751105e-01
-1.879273496119078790e-01	1.107597202490115812e-01	-1.153582606891691009e-01	9.157417513077945048e-02	-9.912535427011691380e-02	1.579503575642944024e-01	-1.348474529027080815e-01	1.190181260014662040e-01	-1.463559903209634971e-01	9.832799907533622263e-02	-1.443106372429185935e-01	1.637973275988086896e-01	-1.308206874951050869e-01	1.292755056470099861e-01	-1.052874094665420673e-01	1.907682050577929889e-01	-2.109372924385249648e-01	1.439903187531997308e-01	-1.162939962417562229e-01	1.298543441731408177e-01	-4.152084999973281176e-01	2.383462079163456149e-01	-1.962068435484653761e-01	1.479017896496293560e-01	-1.251459840117681299e-01	9.999999999999962252e-01	-5.165275381525921139e-01	2.440018216335063661e-01	-2.065267210299380207e-01	1.419923537955764814e-01	-3.387215858809685676e-01	2.768972519570873092e-01	-2.349910738440484648e-01	1.752632501682951649e-01	-1.623295181162355827e-01	2.237092418037040509e-01	-3.176541737287837397e-01	1.883463926151131007e-01	-1.647079712876903246e-01	1.627565499034865082e-01	-1.852757265976070489e-01	1.496495838307626280e-01	-2.121488371276837592e-01	1.698193288815537383e-01	-2.279307463073503015e-01
1.309119175494740384e-01	-7.946480641443144644e-02	8.355663393080237089e-02	-6.818534221288491404e-02	7.381672541898161299e-02	-1.139474374643272003e-01	9.532714190390938203e-02	-8.770794162187868503e-02	1.080752127721711503e-01	-7.515830123186158229e-02	9.949544643400010102e-02	-1.208368560363491245e-01	9.890312038117701765e-02	-9.910565090102760322e-02	8.067973530500853474e-02	-1.264688470370261553e-01	1.454319785678119814e-01	-1.132822914159055255e-01	9.427081742083244509e-02	-1.067973277327815829e-01	2.013463635838356469e-01	-3.404066568890141697e-01	2.349943369022511330e-01	-1.330717804184225750e-01	1.086409205015515800e-01	-5.165275381525921139e-01	9.999999999999977796e-01	-4.149156285101683883e-01	1.770679552009132851e-01	-1.268247807306274733e-01	1.756471467913926499e-01	-5.431565614792872587e-01	2.460077008915511898e-01	-1.742927044851234897e-01	1.422237141561365770e-01	-1.639602881737749762e-01	2.656957773123562738e-01	-1.770205158176283156e-01	1.481094999703162773e-01	-1.470687977112649092e-01	1.363284177216285420e-01	-1.250885806784323429e-01	1.737791338779323125e-01	-1.468154022352822774e-01	1.755681905434136048e-01
-1.406579987083013683e-01	8.402624541368194921e-02	-8.998335674902942227e-02	7.399267430478301266e-02	-8.109828880139967333e-02	1.149878828119032803e-01	-1.014177087785049641e-01	9.291108650003850056e-02	-1.190323270421407287e-01	8.191044096739279190e-02	-1.026198068398896518e-01	1.245583713736025944e-01	-1.086204091945030953e-01	1.072226979198439151e-01	-8.978350226545467327e-02	1.222694265834119304e-01	-1.548690724644757877e-01	1.242610823233988582e-01	-1.110989022793058834e-01	1.224352079468336574e-01	-1.940021288151441148e-01	3.152398285134991318e-01	-5.813906482819310995e-01	1.677186735664380479e-01	-1.394119617975353997e-01	2.440018216335063661e-01	-4.149156285101683883e-01	9.999999999999952260e-01	-2.514453623733314824e-01	1.596831063132891360e-01	-1.385735739074299144e-01	2.477934386265433497e-01	-4.105519137689008224e-01	2.155014277554561375e-01	-1.822808366603937413e-01	1.225891376646984776e-01	-2.249768209467976898e-01	1.979552426230052065e-01	-1.825269754617321882e-01	1.732194268690916417e-01	-1.216853941195158995e-01	1.046859400666451112e-01	-2.074609708616497461e-01	1.662275996222922214e-01	-2.100478053514356902e-01
1.464264212713035362e-01	-9.133880271412363194e-02	1.005841495998717611e-01	-8.815134046291123182e-02	9.698282446907771637e-02	-1.231599055204418564e-01	1.080928688151688993e-01	-1.062917012876885003e-01	1.388984751417287056e-01	-1.052421712455671454e-01	1.050773280762382078e-01	-1.348730464111682625e-01	1.305284048104587424e-01	-1.364453362343426290e-01	1.170954443333557249e-01	-1.148610834573813300e-01	1.400551127510260563e-01	-1.615145975970176950e-01	1.689297571992730840e-01	-2.086462581982428122e-01	1.637398605617528535e-01	-2.181480118747064489e-01	1.759754092117364610e-01	-3.876749513472441677e-01	2.709878714238174169e-01	-2.065267210299380207e-01	1.770679552009132851e-01	-2.514453623733314824e-01	9.999999999999983347e-01	-5.879856714478458590e-01	1.092434454995918763e-01	-1.838674363630779240e-01	2.359089754870303257e-01	-3.500068400504235955e-01	3.000938219902505866e-01	-1.026464650305386472e-01	1.696253546285935998e-01	-1.976429752744231771e-01	2.250196730641726983e-01	-2.990290637317304379e-01	9.711374154777231704e-02	-8.701034454825395947e-02	1.907303853907136026e-01	-1.972135219189891098e-01	2.157153442562468049e-01
-1.102093360375330094e-01	6.812511023101927576e-02	-7.650728792359628994e-02	6.766115866877400742e-02	-7.610759030929177549e-02	8.969601833867421603e-02	-8.124358233246584127e-02	7.931101412809631046e-02	-1.090278488707286941e-01	8.123939408315783428e-02	-7.836119181596820638e-02	9.952102864667754234e-02	-1.027068766845001674e-01	1.043190334275813369e-01	-9.556174129211092438e-02	8.430693951902473726e-02	-1.051661472277863330e-01	1.226443608243953376e-01	-1.477904769944658192e-01	1.781275568874262083e-01	-1.223057553179027201e-01	1.458374104826367090e-01	-1.255692651344129107e-01	2.698307228681513514e-01	-4.117057883226807879e-01	1.419923537955764814e-01	-1.268247807306274733e-01	1.596831063132891360e-01	-5.879856714478458590e-01	9.999999999999965583e-01	-8.076240860559835699e-02	1.301199051851412436e-01	-1.865116677485845476e-01	2.318895456038185254e-01	-5.418827907389904830e-01	7.437501722136594107e-02	-1.289233425279012746e-01	1.493857637333419197e-01	-1.925529039809606713e-01	2.440243369427494424e-01	-7.362800443407682693e-02	6.475981895621139850e-02	-1.552384508128109575e-01	1.493796125792657137e-01	-1.845712016372184350e-01
9.090608442580973281e-02	-5.507514318203344389e-02	5.766817910014963161e-02	-4.687673801588220640e-02	5.036459272987690861e-02	-7.826108097116214746e-02	6.557134072286452398e-02	-6.081813528776787436e-02	7.370915126108390503e-02	-5.138088338738623639e-02	6.663059682110321347e-02	-8.030330745650324231e-02	6.548016778707040075e-02	-6.725248587365624531e-02	5.422607110844976375e-02	-8.258288058127517817e-02	9.119168901103254232e-02	-7.497805061643507407e-02	6.098039508078301196e-02	-7.026925484540744171e-02	1.349748195256364192e-01	-1.343045243244853637e-01	1.001829318332975310e-01	-8.243334753449782504e-02	6.788894540010279033e-02	-3.387215858809685676e-01	1.756471467913926499e-01	-1.385735739074299144e-01	1.092434454995918763e-01	-8.076240860559835699e-02	9.999999999999966693e-01	-2.110923582148011568e-01	1.346019131172753458e-01	-1.074341786396957876e-01	9.085696847552870992e-02	-8.377833460204157090e-01	2.430890997889563199e-01	-1.276789338878390745e-01	9.819137292654127325e-02	-9.911518309920265557e-02	1.656101357352480763e-01	-1.591584103294631514e-01	1.227636256721705565e-01	-1.047636119949298672e-01	1.201243715957894531e-01
-1.206778391548102430e-01	7.232820332348507963e-02	-7.678190757463278227e-02	6.285195901665008300e-02	-6.821130788406977452e-02	9.981856162123202425e-02	-8.660677200520160157e-02	7.997736280534402387e-02	-9.998225156222186050e-02	6.926873862096236123e-02	-8.678801029640489939e-02	1.048855414757616095e-01	-8.875696649931491544e-02	9.026955362778477099e-02	-7.432120109529193053e-02	1.041386950650890625e-01	-1.230379985104842061e-01	1.014594530840350201e-01	-8.706269960080807724e-02	9.935173686733647647e-02	-1.683193522660078878e-01	2.114588989369952099e-01	-1.775441151174316223e-01	1.242411654973491486e-01	-1.047905846536665714e-01	2.768972519570873092e-01	-5.431565614792872587e-01	2.477934386265433497e-01	-1.838674363630779240e-01	1.301199051851412436e-01	-2.110923582148011568e-01	9.999999999999962252e-01	-3.700342061879726141e-01	1.986584094573662085e-01	-1.571604734016879834e-01	1.895159231357730067e-01	-5.625428099048613850e-01	2.195472923189192294e-01	-1.754508763053397036e-01	1.608236223654017083e-01	-1.959930750480449180e-01	1.723123200416434297e-01	-2.109887448112989228e-01	1.627008964396365054e-01	-1.901138990269912177e-01
1.271712557518150100e-01	-7.745978007909624929e-02	8.283792723947790149e-02	-6.914430568990177772e-02	7.506572538223091340e-02	-1.065942813866387617e-01	9.206289069220724430e-02	-8.711925551583940552e-02	1.092302097420098095e-01	-7.789038486723799670e-02	9.108568693996557664e-02	-1.133652278060700846e-01	9.850338868835473161e-02	-1.014376478780252416e-01	8.382582703394049484e-02	-1.058020503113510924e-01	1.267852686156462072e-01	-1.158362100804853495e-01	1.026984298945536472e-01	-1.202389606058870547e-01	1.586004764157641911e-01	-2.438797348243500196e-01	2.066166664764464977e-01	-1.600827997676617098e-01	1.326042605823309073e-01	-2.349910738440484648e-01	2.460077008915511898e-01	-4.105519137689008224e-01	2.359089754870303257e-01	-1.865116677485845476e-01	1.346019131172753458e-01	-3.700342061879726141e-01	9.999999999999950040e-01	-5.335588118290089943e-01	2.262978818387743618e-01	-1.297936512633498796e-01	2.422988440933098453e-01	-3.965086838147618420e-01	2.696360565281189503e-01	-2.474413343855554059e-01	1.231813058895336183e-01	-1.146710208639891565e-01	2.544780779956006267e-01	-2.254982608494115193e-01	2.223821931281874664e-01
-1.109763438939736641e-01	6.731845548875023399e-02	-7.306205606494671490e-02	6.175608622952911270e-02	-6.772437057964988960e-02	9.041559479969127344e-02	-8.011538402345257104e-02	7.619270095713076563e-02	-9.838870598291377112e-02	7.035778203592001068e-02	-7.772699685293484040e-02	9.659287102272705317e-02	-8.817228236290231003e-02	9.092240329098362495e-02	-7.721240477839863559e-02	8.770713864267430659e-02	-1.063655703642375772e-01	1.035516056640928967e-01	-9.975467794348025219e-02	1.169523895590328932e-01	-1.321979323556829733e-01	1.710854983407221475e-01	-1.502406689955335106e-01	1.645974030343421712e-01	-1.480667107824228668e-01	1.752632501682951649e-01	-1.742927044851234897e-01	2.155014277554561375e-01	-3.500068400504235955e-01	2.318895456038185254e-01	-1.074341786396957876e-01	1.986584094573662085e-01	-5.335588118290089943e-01	1.000000000000001110e+00	-4.078837636731451610e-01	1.001223147340788711e-01	-1.911579098968315960e-01	2.599876683722269766e-01	-5.077702734051542377e-01	2.974031736176088181e-01	-1.010685584249186725e-01	9.028581046789622977e-02	-2.421390133117121424e-01	2.176718931872476392e-01	-2.381799208230804821e-01
