1.000000000000000000e+00	-6.103668890414851722e-01	1.242633191489720124e-01	-9.330700260516673616e-02	6.019777226270284221e-02	-7.102903082371284649e-01	3.133825123488544473e-01	-1.020334331507869868e-01	7.218997027442178305e-02	-5.092487023592883605e-02	7.506877576671198982e-02	-1.051966710677951777e-01	7.991035512812574848e-02	-8.179376258435069880e-02	4.263140328160387738e-02	-7.103768155747663959e-02	8.692724740783594473e-02	-5.980236222377517674e-02	5.844651423401023282e-02	-4.377678245394431289e-02	6.052286259696950527e-02	-4.557263325293776923e-02	5.085592647887719753e-02	-4.464477763979692732e-02	6.398649745669385269e-02	-3.056626851804628009e-02	3.233747386126128998e-02	-4.055162958077775798e-02	3.159215544624982552e-02	-4.281842980583119851e-02	3.138665897429657181e-02	-2.982270010638910299e-02	3.756346682742505577e-02	-3.319300229127889607e-02	2.512515613198552239e-02	-1.497632127174021617e-02	3.111524797027252764e-02	-2.465661493856460829e-02	3.275067795663302167e-02	-2.334165915390201337e-02	1.619849116721230886e-02	-1.706907793076911303e-02	1.739491682864070798e-02	-3.110596753400238224e-02	3.242887230875899501e-02
-6.103668890414851722e-01	1.000000000000000000e+00	-2.314931210013088658e-01	1.411465287321384821e-01	-9.339788980028969345e-02	3.281041521455992926e-01	-6.376526613627808704e-01	1.532614276236549111e-01	-1.115000354251463044e-01	7.734378958478235755e-02	-9.855230721299416963e-02	1.552551518167804290e-01	-1.230019127600991830e-01	1.211313676840295867e-01	-6.511686532944366279e-02	9.160646402646881181e-02	-1.332841099890186565e-01	8.925371444063974480e-02	-8.888143205587945017e-02	6.613535007059145876e-02	-9.064885367970278163e-02	6.768974715744016657e-02	-7.723400974292182752e-02	6.754034006932761736e-02	-9.810309392418130325e-02	4.573624595714147201e-02	-4.858587926733761581e-02	6.093083083433096375e-02	-4.760267568579859554e-02	6.422335749108554204e-02	-4.732633934955014776e-02	4.481488553368808553e-02	-5.674494628764315679e-02	4.992744914168095044e-02	-3.792155937296472906e-02	2.257120799344011428e-02	-4.702941122248763262e-02	3.718608203081295860e-02	-4.946229074329435565e-02	3.514992405663800584e-02	-2.446120544966244245e-02	2.572698674509971833e-02	-2.625979301244747363e-02	4.667529962817033862e-02	-4.896440388765082447e-02
1.242633191489720124e-01	-2.314931210013088658e-01	9.999999999999997780e-01	-6.902133908094748582e-01	2.258149860391962804e-01	-1.445063048313054710e-01	1.891271400004984338e-01	-4.766378283444240305e-01	2.959087843414498487e-01	-2.051974157521947173e-01	1.148669765587302383e-01	-2.020731088332920755e-01	2.003790155461423472e-01	-2.621463515843319714e-01	1.392265018622900752e-01	-1.212099539794861541e-01	1.797930036779959440e-01	-1.594455930278668165e-01	1.553658276304432095e-01	-1.479010821506381024e-01	1.298420816084471241e-01	-1.036144615068746999e-01	1.277944857030910153e-01	-1.178316212857314499e-01	1.646860907442918021e-01	-7.207104432503004532e-02	7.579501247740390302e-02	-1.014806409528277859e-01	7.918329135456109169e-02	-1.093859768129319954e-01	7.412498173746245866e-02	-7.107907235323376871e-02	9.056807473997106894e-02	-8.220180233259520575e-02	6.133108814267675818e-02	-3.573472092076836887e-02	7.447388801801778369e-02	-5.958239572635095488e-02	7.946640136998718573e-02	-5.719889992078420332e-02	3.848732581307579004e-02	-4.116914894122659235e-02	4.183874243825991268e-02	-7.622486379912492283e-02	7.804930172494690954e-02
-9.330700260516673616e-02	1.411465287321384821e-01	-6.902133908094748582e-01	9.999999999999997780e-01	-3.559751106079297456e-01	1.034939296909477280e-01	-1.546224957467091099e-01	3.041049338087026821e-01	-4.632375356052124693e-01	2.321201867286389886e-01	-1.022462878338782077e-01	1.651181352243351608e-01	-1.805750340723245584e-01	2.357949949038428694e-01	-1.545678707923779094e-01	1.037914188775454216e-01	-1.762094874990343674e-01	1.440528573543823354e-01	-1.545696939334725295e-01	1.490228200745492837e-01	-1.256399137851184900e-01	9.775190523651446084e-02	-1.247793734007572181e-01	1.145312367079574373e-01	-1.705674329554429103e-01	6.842779725481186459e-02	-7.268290614567164687e-02	9.628852775783423856e-02	-7.583117806953876272e-02	1.031507036962092672e-01	-7.149249760862404213e-02	6.797938790923814534e-02	-8.748497091036690210e-02	7.819966521228191580e-02	-5.891175049293217308e-02	3.430457017228244476e-02	-7.201574237426322522e-02	5.723176139979919974e-02	-7.653440580687879968e-02	5.454456831283457929e-02	-3.714146065678126940e-02	3.946773189377630886e-02	-4.028465066023927815e-02	7.175550259683592669e-02	-7.487306384699962680e-02
6.019777226270284221e-02	-9.339788980028969345e-02	2.258149860391962804e-01	-3.559751106079297456e-01	1.000000000000000000e+00	-7.764613946742138229e-02	1.051348978350888225e-01	-2.677058087627161576e-01	2.681735188053505081e-01	-7.446842252234969761e-01	9.143164994050752281e-02	-1.567565225067605039e-01	1.572121913213540279e-01	-2.367303693833852918e-01	2.535492988400699366e-01	-9.848494412958447297e-02	1.541067907123680469e-01	-1.470005585103766610e-01	1.452464551599619569e-01	-2.942668328153968393e-01	1.160168203388693975e-01	-9.620916129147483176e-02	1.232549763463789416e-01	-1.228285689001489545e-01	1.804274700648555718e-01	-6.835622114990597131e-02	7.152556996420554591e-02	-1.008840100822812891e-01	7.921866854201180252e-02	-1.129684922661687851e-01	7.007572669655949549e-02	-6.789245681663021170e-02	8.702048243664310678e-02	-8.121369015352097875e-02	5.962401302904550560e-02	-3.399244623862021641e-02	7.106709673082201029e-02	-5.739936012003012122e-02	7.677849498231863190e-02	-5.579851130770434320e-02	3.644434147930349782e-02	-3.956340830308195666e-02	4.008277988059572028e-02	-7.385805839625135538e-02	7.432991763567226018e-02
-7.102903082371284649e-01	3.281041521455992926e-01	-1.445063048313054710e-01	1.034939296909477280e-01	-7.764613946742138229e-02	1.000000000000000000e+00	-5.689540142550335577e-01	1.244971578831848835e-01	-9.138049266807860005e-02	6.395913583051039686e-02	-1.123735699001298660e-01	1.445365148497084473e-01	-1.104162256539906739e-01	1.054362659919517303e-01	-5.605194617770434262e-02	9.705779930754603047e-02	-1.245804713982063827e-01	8.001251278637071251e-02	-7.944381522120327888e-02	5.677350115422070964e-02	-8.540625002945047284e-02	6.306583442114270521e-02	-6.980548866276560516e-02	6.059501237986445604e-02	-8.808372683567425310e-02	4.214826167396286405e-02	-4.476727716742016916e-02	5.537414040187666614e-02	-4.320208041168315666e-02	5.817460934737584549e-02	-4.345761004525516835e-02	4.113608861550608481e-02	-5.184662368533531768e-02	4.544466031427928099e-02	-3.456279018054205648e-02	2.068005914681551871e-02	-4.301593812048948307e-02	3.397777680208252660e-02	-4.512686712055019589e-02	3.203931344731079239e-02	-2.241232028017659320e-02	2.352010247047939262e-02	-2.400475930857239384e-02	4.258441455477125076e-02	-4.472171910792471783e-02
3.133825123488544473e-01	-6.376526613627808704e-01	1.891271400004984338e-01	-1.546224957467091099e-01	1.051348978350888225e-01	-5.689540142550335577e-01	9.999999999999995559e-01	-2.033894661890765232e-01	1.315722609052357994e-01	-9.045811199927866753e-02	1.284516103693432720e-01	-2.590258228242818261e-01	1.598475147739586988e-01	-1.567721260711504583e-01	7.599434951932095006e-02	-1.249132520311363181e-01	1.534759042405653973e-01	-1.123970602428465276e-01	1.071719908875919530e-01	-7.814935809165986236e-02	1.062648783915735168e-01	-8.108731508718944325e-02	9.190239578567023504e-02	-8.081555330574353990e-02	1.135577674983181268e-01	-5.438915327211508999e-02	5.743655977443955923e-02	-7.270261668739110006e-02	5.651800383051210075e-02	-7.669380540332111640e-02	5.568124895063355367e-02	-5.304952976479179044e-02	6.681217483802516510e-02	-5.924591045620280355e-02	4.468206397722680051e-02	-2.658413296909796497e-02	5.520278979185146845e-02	-4.383713852648274401e-02	5.820342511800392915e-02	-4.155604179557877836e-02	2.871396836799668811e-02	-3.033736640040241017e-02	3.088727984896956491e-02	-5.542450820619441998e-02	5.750370003249331841e-02
-1.020334331507869868e-01	1.532614276236549111e-01	-4.766378283444240305e-01	3.041049338087026821e-01	-2.677058087627161576e-01	1.244971578831848835e-01	-2.033894661890765232e-01	9.999999999999995559e-01	-5.717523377060801382e-01	2.178546936789504951e-01	-1.452068901148057256e-01	2.370944470735829868e-01	-3.652821385697220258e-01	3.022076691491635825e-01	-1.662131297661208207e-01	1.391300524910280279e-01	-2.385662412059411097e-01	1.927775602280451250e-01	-2.068288925450436078e-01	1.564653976690727477e-01	-1.653307686280930111e-01	1.261065050570932822e-01	-1.637020910330842238e-01	1.453878736836027308e-01	-2.120162997545365080e-01	8.739284074164983818e-02	-9.335320507237228338e-02	1.218638691211107183e-01	-9.582379452119690888e-02	1.283019894353036316e-01	-9.161102058733010256e-02	8.679257048557592613e-02	-1.118252739576593990e-01	9.861280821039877797e-02	-7.461032101107686887e-02	4.370897714305561205e-02	-9.191405000473960862e-02	7.278313788762905134e-02	-9.720815415838797435e-02	6.886141436925440062e-02	-4.742126792148020076e-02	5.015005618299944734e-02	-5.127575597185200784e-02	9.015227580611527569e-02	-9.485692790464662905e-02
7.218997027442178305e-02	-1.115000354251463044e-01	2.959087843414498487e-01	-4.632375356052124693e-01	2.681735188053505081e-01	-9.138049266807860005e-02	1.315722609052357994e-01	-5.717523377060801382e-01	9.999999999999987788e-01	-3.507103356411027106e-01	1.088831488100677480e-01	-1.931620139457461971e-01	2.331419309320550970e-01	-4.537318684269175950e-01	1.719226987248081429e-01	-1.100162737112233557e-01	1.748926021115726481e-01	-1.666345040390384558e-01	1.764827023129381112e-01	-1.660732767863040693e-01	1.255877204442021888e-01	-9.918578696330862532e-02	1.318601179014347313e-01	-1.241968155397430301e-01	1.725876255392911618e-01	-6.916016739528275947e-02	7.338494857735705645e-02	-9.936457835842150976e-02	7.786918358809158391e-02	-1.059158130447605539e-01	7.183849774293979418e-02	-6.872278391750867577e-02	8.850511298479907252e-02	-7.957088007264315199e-02	5.935873660258638579e-02	-3.440992095615115487e-02	7.228314340321700948e-02	-5.769849134636279714e-02	7.704825107952095742e-02	-5.502148191725735049e-02	3.715712922134104673e-02	-3.971207544642958026e-02	4.046522262147558141e-02	-7.206619186395495091e-02	7.456345633062851086e-02
-5.092487023592883605e-02	7.734378958478235755e-02	-2.051974157521947173e-01	2.321201867286389886e-01	-7.446842252234969761e-01	6.395913583051039686e-02	-9.045811199927866753e-02	2.178546936789504951e-01	-3.507103356411027106e-01	1.000000000000000222e+00	-7.795173275832950610e-02	1.284077072666135744e-01	-1.389137852461292677e-01	2.023186702871000442e-01	-4.018682387616561713e-01	8.144482832524303773e-02	-1.355629906671964313e-01	1.242058170042860260e-01	-1.318407640976360096e-01	2.501608048887030700e-01	-1.011477485752221017e-01	8.196295111694613944e-02	-1.096770117176764231e-01	1.078203204856981734e-01	-1.736203420165909062e-01	5.824937462153952084e-02	-6.154302170886667700e-02	8.572199944479536038e-02	-6.791138537582720736e-02	9.474819719220212155e-02	-6.049760773873790604e-02	5.817110907514878859e-02	-7.523851385466459596e-02	6.894638935728640561e-02	-5.109436843162260683e-02	2.915459050988870524e-02	-6.138179988095151390e-02	4.924951555906296324e-02	-6.600814138470308123e-02	4.744045914413609621e-02	-3.140812086787667101e-02	3.386788341507707134e-02	-3.445829755384592630e-02	6.200717728614379975e-02	-6.353356529366231686e-02
7.506877576671198982e-02	-9.855230721299416963e-02	1.148669765587302383e-01	-1.022462878338782077e-01	9.143164994050752281e-02	-1.123735699001298660e-01	1.284516103693432720e-01	-1.452068901148057256e-01	1.088831488100677480e-01	-7.795173275832950610e-02	9.999999999999987788e-01	-3.884579826637846733e-01	1.890176814532402438e-01	-1.689186267542027164e-01	7.445544384504915181e-02	-8.255049062579540298e-01	2.144342599866594090e-01	-1.326673179438998817e-01	1.209889818459591593e-01	-7.687184829144544373e-02	1.849710313659207184e-01	-1.362437672889364459e-01	1.100899606536885900e-01	-9.410616744485798824e-02	1.276894374188499437e-01	-7.969366926999187084e-02	8.234359686034493919e-02	-9.347777768313494939e-02	7.099682458581615951e-02	-9.679359560050096456e-02	7.561155461202040406e-02	-7.353903904354916476e-02	8.654560670580430104e-02	-7.577463332445696920e-02	5.634845782997411484e-02	-3.522981103949714837e-02	7.126483719794626803e-02	-5.687676466702413364e-02	7.383520266889449790e-02	-5.293193393229084220e-02	3.760866788388577547e-02	-3.953244775140685174e-02	3.985592465467915207e-02	-7.138904870326606700e-02	7.218551474239114085e-02
-1.051966710677951777e-01	1.552551518167804290e-01	-2.020731088332920755e-01	1.651181352243351608e-01	-1.567565225067605039e-01	1.445365148497084473e-01	-2.590258228242818261e-01	2.370944470735829868e-01	-1.931620139457461971e-01	1.284077072666135744e-01	-3.884579826637846733e-01	9.999999999999985567e-01	-6.117920774651735005e-01	2.722617773722796342e-01	-1.251148833831284279e-01	2.502333330813468759e-01	-3.495974559897491729e-01	2.133595271854557829e-01	-2.124371480013300673e-01	1.233667019567862982e-01	-2.097953572844675763e-01	1.529732365926380899e-01	-1.783938790871233138e-01	1.494146245688756924e-01	-2.106271246360279792e-01	1.001664365690471264e-01	-1.071786780361198704e-01	1.321032505287230985e-01	-1.027279570969086703e-01	1.361577281886287016e-01	-1.030888305295787483e-01	9.769556883818947268e-02	-1.233455291760771760e-01	1.067966394651040235e-01	-8.092498810585223301e-02	4.857871343696967825e-02	-1.013258534166192326e-01	8.001457468717833310e-02	-1.059353915442032973e-01	7.481654806414086978e-02	-5.263271416439090772e-02	5.522877411023233152e-02	-5.638549857130632087e-02	9.857578473900177607e-02	-1.034968284503674923e-01
7.991035512812574848e-02	-1.230019127600991830e-01	2.003790155461423472e-01	-1.805750340723245584e-01	1.572121913213540279e-01	-1.104162256539906739e-01	1.598475147739586988e-01	-3.652821385697220258e-01	2.331419309320550970e-01	-1.389137852461292677e-01	1.890176814532402438e-01	-6.117920774651735005e-01	9.999999999999990008e-01	-5.029817215366024774e-01	1.263788888004386823e-01	-1.860458711795844600e-01	2.263563588535334459e-01	-3.109815252684458575e-01	2.310794040306810571e-01	-1.262058717141655018e-01	1.588232901993118229e-01	-1.252490465066978809e-01	1.747364950192782929e-01	-1.513850555036761192e-01	1.888435756562859280e-01	-8.448864185262619508e-02	8.989967621287590915e-02	-1.212156867506130331e-01	9.312541474589311474e-02	-1.237948372853349549e-01	8.684791238866285124e-02	-8.340161699921212757e-02	1.068791840900269602e-01	-9.457812107625128417e-02	7.020229824835186316e-02	-4.116251310411634529e-02	8.633782280686067012e-02	-6.894955659272676562e-02	9.147630620070579255e-02	-6.501980791807722426e-02	4.438689286385228555e-02	-4.736105171386052054e-02	4.822251543636265486e-02	-8.480950181790954112e-02	8.762611940109533981e-02
-8.179376258435069880e-02	1.211313676840295867e-01	-2.621463515843319714e-01	2.357949949038428694e-01	-2.367303693833852918e-01	1.054362659919517303e-01	-1.567721260711504583e-01	3.022076691491635825e-01	-4.537318684269175950e-01	2.023186702871000442e-01	-1.689186267542027164e-01	2.722617773722796342e-01	-5.029817215366024774e-01	1.000000000000000888e+00	-2.083432328479422613e-01	1.575460127006935995e-01	-2.758671116163555204e-01	2.630571059921490984e-01	-3.784407576606190760e-01	1.812755751981692254e-01	-1.936476090946402384e-01	1.490105604677625373e-01	-2.145764034855891789e-01	1.992593248733029176e-01	-2.681752526261630964e-01	1.035892763694879065e-01	-1.112455753898279331e-01	1.493934817555185868e-01	-1.178517966147834412e-01	1.551378107999579203e-01	-1.089665909991705955e-01	1.035684686448263003e-01	-1.348113508887386625e-01	1.186501762875651900e-01	-8.908829475253352004e-02	5.172375867939258548e-02	-1.094954755033910460e-01	8.689719880003583807e-02	-1.161181256965476138e-01	8.192563526235339955e-02	-5.609156295265575742e-02	5.961211920770398409e-02	-6.098480187380606043e-02	1.057527162606921173e-01	-1.111984677295925067e-01
4.263140328160387738e-02	-6.511686532944366279e-02	1.392265018622900752e-01	-1.545678707923779094e-01	2.535492988400699366e-01	-5.605194617770434262e-02	7.599434951932095006e-02	-1.662131297661208207e-01	1.719226987248081429e-01	-4.018682387616561713e-01	7.445544384504915181e-02	-1.251148833831284279e-01	1.263788888004386823e-01	-2.083432328479422613e-01	9.999999999999984457e-01	-8.072214449561086747e-02	1.300111993217050177e-01	-1.351413919033193911e-01	1.377139536612004556e-01	-7.976889082412520482e-01	1.022207400546130962e-01	-8.754950373902350980e-02	1.202055736645300937e-01	-1.338079195385484255e-01	2.164906694603411230e-01	-6.310056579758226147e-02	6.607210547295738756e-02	-9.833780582186436858e-02	7.808097511752545850e-02	-1.138960789113232508e-01	6.469883477008121775e-02	-6.328572795255989203e-02	8.192954455096369826e-02	-7.801049666284323725e-02	5.633773074796945973e-02	-3.135879272296252657e-02	6.611480037182008995e-02	-5.380681683079571731e-02	7.220193624049493775e-02	-5.262274357035579692e-02	3.352841873310451193e-02	-3.687691541778093801e-02	3.731803070177953929e-02	-6.819712861062873777e-02	6.810300200063504339e-02
-7.103768155747663959e-02	9.160646402646881181e-02	-1.212099539794861541e-01	1.037914188775454216e-01	-9.848494412958447297e-02	9.705779930754603047e-02	-1.249132520311363181e-01	1.391300524910280279e-01	-1.100162737112233557e-01	8.144482832524303773e-02	-8.255049062579540298e-01	2.502333330813468759e-01	-1.860458711795844600e-01	1.575460127006935995e-01	-8.072214449561086747e-02	9.999999999999936717e-01	-2.929585992833469987e-01	1.340332875831367621e-01	-1.300654900160518046e-01	8.233729549348765830e-02	-2.765026530966720464e-01	1.595686481070140994e-01	-1.233008103634484209e-01	1.033314979459779431e-01	-1.461411918983228919e-01	9.197202290919649637e-02	-9.721086637045475709e-02	1.050803198270255645e-01	-8.015371395472715987e-02	1.080333763028792221e-01	-8.856968219332174430e-02	8.508596434732026981e-02	-1.002576903554671106e-01	8.594133471321434292e-02	-6.452163226945609176e-02	4.081992666810920628e-02	-8.284261485143303017e-02	6.554759186645492397e-02	-8.495658524621983732e-02	6.034598863549359149e-02	-4.379897288062754163e-02	4.554142110780552005e-02	-4.607432162276962895e-02	8.089570007191591861e-02	-8.296863798761387743e-02
8.692724740783594473e-02	-1.332841099890186565e-01	1.797930036779959440e-01	-1.762094874990343674e-01	1.541067907123680469e-01	-1.245804713982063827e-01	1.534759042405653973e-01	-2.385662412059411097e-01	1.748926021115726481e-01	-1.355629906671964313e-01	2.144342599866594090e-01	-3.495974559897491729e-01	2.263563588535334459e-01	-2.758671116163555204e-01	1.300111993217050177e-01	-2.929585992833469987e-01	1.000000000000000666e+00	-2.321640099708262572e-01	2.036174360540183859e-01	-1.400751722289264312e-01	2.735715572709765953e-01	-2.848402877577693171e-01	1.998167905648647047e-01	-1.731329415211512457e-01	2.319176205766184939e-01	-1.626437340435443191e-01	1.662653633724827662e-01	-1.897381564646301866e-01	1.446773211731849917e-01	-2.038054312429015136e-01	1.536253046131713929e-01	-1.501215814634925538e-01	1.751943397646914258e-01	-1.596743524986332374e-01	1.197700410920995578e-01	-7.410475387017480264e-02	1.473093779690986815e-01	-1.185109608560185462e-01	1.552472664805845670e-01	-1.142990938399446182e-01	7.869611539833169800e-02	-8.328194815545103546e-02	8.356989911247510172e-02	-1.668942170905066968e-01	1.642253979671801090e-01
-5.980236222377517674e-02	8.925371444063974480e-02	-1.594455930278668165e-01	1.440528573543823354e-01	-1.470005585103766610e-01	8.001251278637071251e-02	-1.123970602428465276e-01	1.927775602280451250e-01	-1.666345040390384558e-01	1.242058170042860260e-01	-1.326673179438998817e-01	2.133595271854557829e-01	-3.109815252684458575e-01	2.630571059921490984e-01	-1.351413919033193911e-01	1.340332875831367621e-01	-2.321640099708262572e-01	1.000000000000000222e+00	-6.414014448392637568e-01	1.432326389721521598e-01	-1.953037181954276613e-01	1.656667056919297609e-01	-4.814201956645751679e-01	2.974279309487355971e-01	-2.978291125868647859e-01	1.175557609101494649e-01	-1.295050629243239826e-01	2.013601549505523169e-01	-1.521805939187597656e-01	1.854280179867521250e-01	-1.254246743703761324e-01	1.213668418926721337e-01	-1.668801920926210325e-01	1.421589931884882363e-01	-1.031377238704774130e-01	5.829242493023151228e-02	-1.263951327741985320e-01	1.016597759679031959e-01	-1.350550321139019905e-01	9.399154713466718880e-02	-6.292403160458913403e-02	6.846767457312041838e-02	-7.007300492904437739e-02	1.161017233923274522e-01	-1.201762578608487619e-01
5.844651423401023282e-02	-8.888143205587945017e-02	1.553658276304432095e-01	-1.545696939334725295e-01	1.452464551599619569e-01	-7.944381522120327888e-02	1.071719908875919530e-01	-2.068288925450436078e-01	1.764827023129381112e-01	-1.318407640976360096e-01	1.209889818459591593e-01	-2.124371480013300673e-01	2.310794040306810571e-01	-3.784407576606190760e-01	1.377139536612004556e-01	-1.300654900160518046e-01	2.036174360540183859e-01	-6.414014448392637568e-01	9.999999999999983347e-01	-1.591050487134093860e-01	1.705148188770493622e-01	-1.533080149890974631e-01	3.011845297194412630e-01	-4.659878265452793156e-01	2.740498645884706375e-01	-1.091203730811621947e-01	1.161881371811475383e-01	-1.911095463961978158e-01	1.471735260115051847e-01	-1.921112481128924854e-01	1.121068954066638534e-01	-1.111851221338097384e-01	1.473832627573836151e-01	-1.385408470074846465e-01	9.649216220853587545e-02	-5.334612517180194191e-02	1.138790391550588699e-01	-9.347683586070143491e-02	1.245057977770267221e-01	-8.948108389495849913e-02	5.690698915611148989e-02	-6.320857290668818740e-02	6.397806941636077771e-02	-1.119060792295891449e-01	1.117133707315311336e-01
-4.377678245394431289e-02	6.613535007059145876e-02	-1.479010821506381024e-01	1.490228200745492837e-01	-2.942668328153968393e-01	5.677350115422070964e-02	-7.814935809165986236e-02	1.564653976690727477e-01	-1.660732767863040693e-01	2.501608048887030700e-01	-7.687184829144544373e-02	1.233667019567862982e-01	-1.262058717141655018e-01	1.812755751981692254e-01	-7.976889082412520482e-01	8.233729549348765830e-02	-1.400751722289264312e-01	1.432326389721521598e-01	-1.591050487134093860e-01	9.999999999999990008e-01	-1.116026281158691430e-01	9.417675435254992122e-02	-1.409454944453965852e-01	1.547506225835550697e-01	-3.499243887579348566e-01	6.830087255759483000e-02	-7.231140223463579375e-02	1.071544548901104815e-01	-8.688885658240139143e-02	1.231310685186854104e-01	-7.113156573953076378e-02	6.908879613477783566e-02	-9.076576019268649265e-02	8.483137435856637210e-02	-6.190841159279529549e-02	3.424114812773627892e-02	-7.293601513877125131e-02	5.899051149649697789e-02	-7.952911996478173595e-02	5.719951616361589053e-02	-3.677808048851678724e-02	4.028021027921611930e-02	-4.096055830739530473e-02	7.300487963751092768e-02	-7.416503961297039871e-02
6.052286259696950527e-02	-9.064885367970278163e-02	1.298420816084471241e-01	-1.256399137851184900e-01	1.160168203388693975e-01	-8.540625002945047284e-02	1.062648783915735168e-01	-1.653307686280930111e-01	1.255877204442021888e-01	-1.011477485752221017e-01	1.849710313659207184e-01	-2.097953572844675763e-01	1.588232901993118229e-01	-1.936476090946402384e-01	1.022207400546130962e-01	-2.765026530966720464e-01	2.735715572709765953e-01	-1.953037181954276613e-01	1.705148188770493622e-01	-1.116026281158691430e-01	9.999999999999995559e-01	-6.683752980874512195e-01	1.991277168162237099e-01	-1.638660503265544077e-01	2.033322247176800324e-01	-2.620620675145351464e-01	2.561108819878467613e-01	-2.189565173074360105e-01	1.554808721720005726e-01	-2.171702236069616987e-01	2.018801692515560797e-01	-2.114775725374667403e-01	2.031268847820849321e-01	-1.735379653401213640e-01	1.223795662243601368e-01	-8.798377272730624477e-02	1.647147363625917904e-01	-1.343626122024033365e-01	1.627383340897611275e-01	-1.183796858278863412e-01	9.048136697953575169e-02	-9.432715650839156030e-02	9.218396589087517190e-02	-1.613130293864938059e-01	1.508363089479158314e-01
-4.557263325293776923e-02	6.768974715744016657e-02	-1.036144615068746999e-01	9.775190523651446084e-02	-9.620916129147483176e-02	6.306583442114270521e-02	-8.108731508718944325e-02	1.261065050570932822e-01	-9.918578696330862532e-02	8.196295111694613944e-02	-1.362437672889364459e-01	1.529732365926380899e-01	-1.252490465066978809e-01	1.490105604677625373e-01	-8.754950373902350980e-02	1.595686481070140994e-01	-2.848402877577693171e-01	1.656667056919297609e-01	-1.533080149890974631e-01	9.417675435254992122e-02	-6.683752980874512195e-01	9.999999999999994449e-01	-2.214825895947793166e-01	1.532851399867855846e-01	-1.932517758526205165e-01	2.495961703662195053e-01	-4.668621228235323994e-01	2.073283783725658191e-01	-1.476264311722665645e-01	1.862718194327676602e-01	-2.381834656237319381e-01	2.282596075317490647e-01	-2.287956805916788738e-01	1.611268843795823913e-01	-1.157631383281022136e-01	8.922102035114204410e-02	-1.787345318956422013e-01	1.366539026466099815e-01	-1.611786615874929440e-01	1.086900716957870799e-01	-9.534666109669347189e-02	9.338846878786342953e-02	-9.372139546757908557e-02	1.369434327452289657e-01	-1.357098126323659504e-01
5.085592647887719753e-02	-7.723400974292182752e-02	1.277944857030910153e-01	-1.247793734007572181e-01	1.232549763463789416e-01	-6.980548866276560516e-02	9.190239578567023504e-02	-1.637020910330842238e-01	1.318601179014347313e-01	-1.096770117176764231e-01	1.100899606536885900e-01	-1.783938790871233138e-01	1.747364950192782929e-01	-2.145764034855891789e-01	1.202055736645300937e-01	-1.233008103634484209e-01	1.998167905648647047e-01	-4.814201956645751679e-01	3.011845297194412630e-01	-1.409454944453965852e-01	1.991277168162237099e-01	-2.214825895947793166e-01	9.999999999999978906e-01	-5.785484636022367733e-01	2.916910947286716627e-01	-1.427502847587787393e-01	1.577595823012629406e-01	-3.819946161484119584e-01	2.079405443781188467e-01	-2.523283607222668312e-01	1.441663166329807400e-01	-1.503565368887246345e-01	2.052781740081753847e-01	-1.837134814178180697e-01	1.208016784117416226e-01	-6.649660224182753210e-02	1.440950214161593468e-01	-1.215025456910710649e-01	1.570974504775312364e-01	-1.116427750236048261e-01	7.025556076864039601e-02	-8.006469984480196755e-02	8.061384660271721236e-02	-1.335484949925004883e-01	1.310662483535322831e-01
-4.464477763979692732e-02	6.754034006932761736e-02	-1.178316212857314499e-01	1.145312367079574373e-01	-1.228285689001489545e-01	6.059501237986445604e-02	-8.081555330574353990e-02	1.453878736836027308e-01	-1.241968155397430301e-01	1.078203204856981734e-01	-9.410616744485798824e-02	1.494146245688756924e-01	-1.513850555036761192e-01	1.992593248733029176e-01	-1.338079195385484255e-01	1.033314979459779431e-01	-1.731329415211512457e-01	2.974279309487355971e-01	-4.659878265452793156e-01	1.547506225835550697e-01	-1.638660503265544077e-01	1.532851399867855846e-01	-5.785484636022367733e-01	9.999999999999982236e-01	-5.296061572039474363e-01	1.109294946586327629e-01	-1.224787993705920564e-01	2.202955527617473652e-01	-2.024491804642315484e-01	2.125971280395254071e-01	-1.170998794087137890e-01	1.169104352701132721e-01	-1.649095322508683514e-01	1.523882534916713161e-01	-1.041246341471951248e-01	5.453806317686329952e-02	-1.205607732432635582e-01	9.936312470861825841e-02	-1.346546019094312374e-01	9.393276022363757083e-02	-5.827360561811251172e-02	6.584028564119472071e-02	-6.712841591941766384e-02	1.114492441664345218e-01	-1.122796947959060487e-01
6.398649745669385269e-02	-9.810309392418130325e-02	1.646860907442918021e-01	-1.705674329554429103e-01	1.804274700648555718e-01	-8.808372683567425310e-02	1.135577674983181268e-01	-2.120162997545365080e-01	1.725876255392911618e-01	-1.736203420165909062e-01	1.276894374188499437e-01	-2.106271246360279792e-01	1.888435756562859280e-01	-2.681752526261630964e-01	2.164906694603411230e-01	-1.461411918983228919e-01	2.319176205766184939e-01	-2.978291125868647859e-01	2.740498645884706375e-01	-3.499243887579348566e-01	2.033322247176800324e-01	-1.932517758526205165e-01	2.916910947286716627e-01	-5.296061572039474363e-01	9.999999999999988898e-01	-1.424490622975173315e-01	1.479811486374703333e-01	-2.538978186588859987e-01	2.065460150633864345e-01	-3.341777995682312374e-01	1.436094267043097894e-01	-1.451177980485697794e-01	1.897805226334590145e-01	-1.940390203950358716e-01	1.329963403244910913e-01	-6.993429351262345217e-02	1.489844456345003343e-01	-1.243815367791181459e-01	1.677986999266558310e-01	-1.244414476554957100e-01	7.389640628254971755e-02	-8.422259823401193057e-02	8.461640453239027693e-02	-1.553269742060777725e-01	1.500152225420074148e-01
-3.056626851804628009e-02	4.573624595714147201e-02	-7.207104432503004532e-02	6.842779725481186459e-02	-6.835622114990597131e-02	4.214826167396286405e-02	-5.438915327211508999e-02	8.739284074164983818e-02	-6.916016739528275947e-02	5.824937462153952084e-02	-7.969366926999187084e-02	1.001664365690471264e-01	-8.448864185262619508e-02	1.035892763694879065e-01	-6.310056579758226147e-02	9.197202290919649637e-02	-1.626437340435443191e-01	1.175557609101494649e-01	-1.091203730811621947e-01	6.830087255759483000e-02	-2.620620675145351464e-01	2.495961703662195053e-01	-1.427502847587787393e-01	1.109294946586327629e-01	-1.424490622975173315e-01	9.999999999999995559e-01	-5.655797192071789770e-01	1.951583346748989867e-01	-1.335949077007791419e-01	1.649189193963771505e-01	-6.472799067754522184e-01	3.043121377368306901e-01	-2.424542247377652893e-01	1.527776950195949557e-01	-1.055256747008628676e-01	1.319047405395122052e-01	-1.880557888165839131e-01	1.423033302549125412e-01	-1.523868500053333075e-01	1.003625384945682208e-01	-1.413969089707549365e-01	9.966599867928908896e-02	-9.803611472191782472e-02	1.217822263217499257e-01	-1.175988726076854785e-01
3.233747386126128998e-02	-4.858587926733761581e-02	7.579501247740390302e-02	-7.268290614567164687e-02	7.152556996420554591e-02	-4.476727716742016916e-02	5.743655977443955923e-02	-9.335320507237228338e-02	7.338494857735705645e-02	-6.154302170886667700e-02	8.234359686034493919e-02	-1.071786780361198704e-01	8.989967621287590915e-02	-1.112455753898279331e-01	6.607210547295738756e-02	-9.721086637045475709e-02	1.662653633724827662e-01	-1.295050629243239826e-01	1.161881371811475383e-01	-7.231140223463579375e-02	2.561108819878467613e-01	-4.668621228235323994e-01	1.577595823012629406e-01	-1.224787993705920564e-01	1.479811486374703333e-01	-5.655797192071789770e-01	1.000000000000000444e+00	-2.589025541484447079e-01	1.502018925685562889e-01	-1.869114184981406357e-01	3.090135941471687797e-01	-4.848529317048674292e-01	2.500612527372624849e-01	-1.678758921879206778e-01	1.091455454393286811e-01	-1.001270163833739985e-01	1.846490296433177525e-01	-1.498683701296378290e-01	1.540809539219281377e-01	-1.053455403487041364e-01	1.006739890170280788e-01	-9.978277004954283491e-02	9.521574384400290081e-02	-1.276139338915620591e-01	1.190220211123131644e-01
-4.055162958077775798e-02	6.093083083433096375e-02	-1.014806409528277859e-01	9.628852775783423856e-02	-1.008840100822812891e-01	5.537414040187666614e-02	-7.270261668739110006e-02	1.218638691211107183e-01	-9.936457835842150976e-02	8.572199944479536038e-02	-9.347777768313494939e-02	1.321032505287230985e-01	-1.212156867506130331e-01	1.493934817555185868e-01	-9.833780582186436858e-02	1.050803198270255645e-01	-1.897381564646301866e-01	2.013601549505523169e-01	-1.911095463961978158e-01	1.071544548901104815e-01	-2.189565173074360105e-01	2.073283783725658191e-01	-3.819946161484119584e-01	2.202955527617473652e-01	-2.538978186588859987e-01	1.951583346748989867e-01	-2.589025541484447079e-01	9.999999999999988898e-01	-4.920014496790903191e-01	3.025297573519215022e-01	-2.260537032066722019e-01	2.388306386582796648e-01	-5.035251700593403879e-01	2.717767395721997770e-01	-1.776630419130614535e-01	9.413901078087641427e-02	-2.282136697273813575e-01	1.932369665881162324e-01	-2.434438824427771486e-01	1.538304632364929925e-01	-1.007559753814918496e-01	1.179413030203464857e-01	-1.227371360322229987e-01	1.654200982879153736e-01	-1.694873215931141097e-01
3.159215544624982552e-02	-4.760267568579859554e-02	7.918329135456109169e-02	-7.583117806953876272e-02	7.921866854201180252e-02	-4.320208041168315666e-02	5.651800383051210075e-02	-9.582379452119690888e-02	7.786918358809158391e-02	-6.791138537582720736e-02	7.099682458581615951e-02	-1.027279570969086703e-01	9.312541474589311474e-02	-1.178517966147834412e-01	7.808097511752545850e-02	-8.015371395472715987e-02	1.446773211731849917e-01	-1.521805939187597656e-01	1.471735260115051847e-01	-8.688885658240139143e-02	1.554808721720005726e-01	-1.476264311722665645e-01	2.079405443781188467e-01	-2.024491804642315484e-01	2.065460150633864345e-01	-1.335949077007791419e-01	1.502018925685562889e-01	-4.920014496790903191e-01	9.999999999999983347e-01	-6.307278776557002642e-01	1.468801600237600591e-01	-1.574996795765260804e-01	2.494797784697235232e-01	-4.600569775385829896e-01	1.853634461769771424e-01	-6.918074085939537876e-02	1.709190154509639403e-01	-1.513984957735504400e-01	2.314198294315612803e-01	-1.569888710963730782e-01	7.341390911723538748e-02	-9.233189678782668941e-02	9.497792777750078963e-02	-1.481778396792360064e-01	1.496978135665317511e-01
-4.281842980583119851e-02	6.422335749108554204e-02	-1.093859768129319954e-01	1.031507036962092672e-01	-1.129684922661687851e-01	5.817460934737584549e-02	-7.669380540332111640e-02	1.283019894353036316e-01	-1.059158130447605539e-01	9.474819719220212155e-02	-9.679359560050096456e-02	1.361577281886287016e-01	-1.237948372853349549e-01	1.551378107999579203e-01	-1.138960789113232508e-01	1.080333763028792221e-01	-2.038054312429015136e-01	1.854280179867521250e-01	-1.921112481128924854e-01	1.231310685186854104e-01	-2.171702236069616987e-01	1.862718194327676602e-01	-2.523283607222668312e-01	2.125971280395254071e-01	-3.341777995682312374e-01	1.649189193963771505e-01	-1.869114184981406357e-01	3.025297573519215022e-01	-6.307278776557002642e-01	9.999999999999997780e-01	-1.944244053810424977e-01	1.874135327005839735e-01	-2.909349923040497332e-01	2.973562924347419312e-01	-2.539474460277420520e-01	9.199416272027413632e-02	-2.315754296643177113e-01	1.843951892472789067e-01	-2.933050098871717304e-01	1.919629838739884131e-01	-1.006491401075041009e-01	1.182932131969486600e-01	-1.255232931002529528e-01	1.901264759004135385e-01	-2.142827598397238631e-01
3.138665897429657181e-02	-4.732633934955014776e-02	7.412498173746245866e-02	-7.149249760862404213e-02	7.007572669655949549e-02	-4.345761004525516835e-02	5.568124895063355367e-02	-9.161102058733010256e-02	7.183849774293979418e-02	-6.049760773873790604e-02	7.561155461202040406e-02	-1.030888305295787483e-01	8.684791238866285124e-02	-1.089665909991705955e-01	6.469883477008121775e-02	-8.856968219332174430e-02	1.536253046131713929e-01	-1.254246743703761324e-01	1.121068954066638534e-01	-7.113156573953076378e-02	2.018801692515560797e-01	-2.381834656237319381e-01	1.441663166329807400e-01	-1.170998794087137890e-01	1.436094267043097894e-01	-6.472799067754522184e-01	3.090135941471687797e-01	-2.260537032066722019e-01	1.468801600237600591e-01	-1.944244053810424977e-01	1.000000000000003553e+00	-5.252651384580159233e-01	2.513116166041210464e-01	-1.768087689040674648e-01	1.138411368229204357e-01	-1.995851166101780538e-01	1.983917250152820722e-01	-1.637020598918860759e-01	1.613348236126614377e-01	-1.124736524974933455e-01	1.625380593002967999e-01	-1.160351271027629805e-01	1.074528058225551336e-01	-1.385993973024603754e-01	1.249177987705409748e-01
-2.982270010638910299e-02	4.481488553368808553e-02	-7.107907235323376871e-02	6.797938790923814534e-02	-6.789245681663021170e-02	4.113608861550608481e-02	-5.304952976479179044e-02	8.679257048557592613e-02	-6.872278391750867577e-02	5.817110907514878859e-02	-7.353903904354916476e-02	9.769556883818947268e-02	-8.340161699921212757e-02	1.035684686448263003e-01	-6.328572795255989203e-02	8.508596434732026981e-02	-1.501215814634925538e-01	1.213668418926721337e-01	-1.111851221338097384e-01	6.908879613477783566e-02	-2.114775725374667403e-01	2.282596075317490647e-01	-1.503565368887246345e-01	1.169104352701132721e-01	-1.451177980485697794e-01	3.043121377368306901e-01	-4.848529317048674292e-01	2.388306386582796648e-01	-1.574996795765260804e-01	1.874135327005839735e-01	-5.252651384580159233e-01	9.999999999999983347e-01	-4.901335940149580961e-01	1.904467733963506604e-01	-1.218071765565631459e-01	1.206778686862309269e-01	-3.070388660850925100e-01	2.053986681940762893e-01	-1.860508391017357543e-01	1.173699444981085860e-01	-1.221546707363067447e-01	1.270307264868264507e-01	-1.228731971325003891e-01	1.359219484598344629e-01	-1.265683485455647017e-01
3.756346682742505577e-02	-5.674494628764315679e-02	9.056807473997106894e-02	-8.748497091036690210e-02	8.702048243664310678e-02	-5.184662368533531768e-02	6.681217483802516510e-02	-1.118252739576593990e-01	8.850511298479907252e-02	-7.523851385466459596e-02	8.654560670580430104e-02	-1.233455291760771760e-01	1.068791840900269602e-01	-1.348113508887386625e-01	8.192954455096369826e-02	-1.002576903554671106e-01	1.751943397646914258e-01	-1.668801920926210325e-01	1.473832627573836151e-01	-9.076576019268649265e-02	2.031268847820849321e-01	-2.287956805916788738e-01	2.052781740081753847e-01	-1.649095322508683514e-01	1.897805226334590145e-01	-2.424542247377652893e-01	2.500612527372624849e-01	-5.035251700593403879e-01	2.494797784697235232e-01	-2.909349923040497332e-01	2.513116166041210464e-01	-4.901335940149580961e-01	9.999999999999997780e-01	-3.473854553648462185e-01	1.733114259075289321e-01	-1.111217725039241877e-01	2.686077089074788704e-01	-3.292637424921712186e-01	2.526656410136186581e-01	-1.685465590057524388e-01	1.102899105123562873e-01	-1.552164197315687999e-01	1.502068369475319243e-01	-1.843741175252240072e-01	1.668665592809047415e-01
-3.319300229127889607e-02	4.992744914168095044e-02	-8.220180233259520575e-02	7.819966521228191580e-02	-8.121369015352097875e-02	4.544466031427928099e-02	-5.924591045620280355e-02	9.861280821039877797e-02	-7.957088007264315199e-02	6.894638935728640561e-02	-7.577463332445696920e-02	1.067966394651040235e-01	-9.457812107625128417e-02	1.186501762875651900e-01	-7.801049666284323725e-02	8.594133471321434292e-02	-1.596743524986332374e-01	1.421589931884882363e-01	-1.385408470074846465e-01	8.483137435856637210e-02	-1.735379653401213640e-01	1.611268843795823913e-01	-1.837134814178180697e-01	1.523882534916713161e-01	-1.940390203950358716e-01	1.527776950195949557e-01	-1.678758921879206778e-01	2.717767395721997770e-01	-4.600569775385829896e-01	2.973562924347419312e-01	-1.768087689040674648e-01	1.904467733963506604e-01	-3.473854553648462185e-01	9.999999999999982236e-01	-3.897301616516080092e-01	8.833382810629915316e-02	-2.551355443086295027e-01	2.298486213094586839e-01	-5.313311639129776331e-01	2.606027060324375144e-01	-9.380306673983673793e-02	1.309980340103693297e-01	-1.397607509656576263e-01	2.117598694034861506e-01	-2.213532413780117114e-01
