1.000000000000000000e+00	-4.317921844027922118e-01	2.078945030033045593e-01	-1.827671323772814271e-01	1.424201939112389181e-01	-7.772122410370483347e-01	2.606384389798468426e-01	-1.604920107679792540e-01	1.317498226917418191e-01	-1.236155854042496893e-01	2.214337221254790156e-01	-1.704078591386385955e-01	1.365322676228198917e-01	-9.691549795851667204e-02	1.253019111720619361e-01	-2.266372886553950361e-01	1.061476788796861664e-01	-9.746219479434024835e-02	1.066075545058510071e-01	-5.002814600951959595e-02	6.332713719350457904e-02	-5.379766739174775270e-02	5.221516722042394282e-02	-5.530077299151932996e-02	5.710441939155541657e-02	-5.719881411255590964e-02	5.249065589796907821e-02	-4.392649377606586830e-02	4.451176913585829648e-02	-4.656458418500072222e-02	5.156666201448435738e-02	-4.919284043395847489e-02	4.447744233728836288e-02	-4.016620526995586665e-02	3.370251612023111853e-02	-3.824441434496795439e-02	3.518974741564170200e-02	-3.114213691965927663e-02	3.202005889221775509e-02	-2.606189841681109953e-02	4.682566182411372624e-02	-4.024546510867756804e-02	3.406409544309382809e-02	-3.891549067592246780e-02	2.379037621621087062e-02
-4.317921844027922118e-01	1.000000000000000000e+00	-5.535579026358812271e-01	2.628618880843434646e-01	-2.048479958272094448e-01	2.672652617240406925e-01	-5.364844227642487917e-01	2.183892513018649284e-01	-1.972550027408821183e-01	1.625570161411354075e-01	-1.816255552699773679e-01	2.052730275881897437e-01	-1.804736499238430714e-01	1.147201507329480286e-01	-1.483860683954297821e-01	1.684872600604091775e-01	-1.180311972522316150e-01	1.062883157030697912e-01	-1.245116661249613815e-01	5.635444493184978837e-02	-5.753000394415078850e-02	5.321229241743715560e-02	-5.396498473364475662e-02	5.662004977597116101e-02	-6.468521854719212760e-02	5.115060360535619854e-02	-5.249994712535021452e-02	4.418030089853133835e-02	-4.531149611995329701e-02	4.722731970909540417e-02	-5.012269199499730377e-02	4.786026925355140599e-02	-4.464673102513940645e-02	4.018139494808837392e-02	-3.438029373451018111e-02	3.706718184563860541e-02	-3.453268013540249787e-02	3.094090559746870764e-02	-3.214897272312859655e-02	2.618537751571003644e-02	-4.645665086693476914e-02	3.925165992251413577e-02	-3.405665977139232109e-02	3.876002799092666262e-02	-2.402696939869009007e-02
2.078945030033045593e-01	-5.535579026358812271e-01	1.000000000000000222e+00	-6.273720328062750706e-01	2.224220406440045872e-01	-2.086136150187501148e-01	2.738198138330589226e-01	-2.686904471740158562e-01	2.406884035945716926e-01	-2.090274356383702847e-01	1.565055051577229073e-01	-2.003899061960441041e-01	1.754486351892343421e-01	-1.184079521773988009e-01	1.497039868288584374e-01	-1.679459286707634114e-01	1.145227096452665627e-01	-1.082314136771136831e-01	1.240799872234017581e-01	-5.732038101621040466e-02	5.824169717352701420e-02	-5.450546898539006258e-02	5.522158173297777445e-02	-5.851023647724838683e-02	6.517184517557199352e-02	-5.235296554946358011e-02	5.366250921755321562e-02	-4.592553950216438780e-02	4.694504881638610072e-02	-4.965628068329631939e-02	5.151487235827348354e-02	-4.956375332023670033e-02	4.638583120305670576e-02	-4.203242646409975636e-02	3.592725018329354786e-02	-3.835598750079820957e-02	3.576304472151305147e-02	-3.222846985541297227e-02	3.362292389349309796e-02	-2.752708774026464689e-02	4.802604339849618487e-02	-4.081672017487274207e-02	3.542018893290013737e-02	-4.076273403458016698e-02	2.518689102586828266e-02
-1.827671323772814271e-01	2.628618880843434646e-01	-6.273720328062750706e-01	1.000000000000000000e+00	-3.769521498012712857e-01	1.631334952477095646e-01	-2.861408231228457222e-01	2.618604138925231251e-01	-4.664805935960065764e-01	2.628987423113216537e-01	-1.533967733020515645e-01	1.876618596858602994e-01	-1.962732406911414096e-01	1.282104042584575332e-01	-1.705888072648033271e-01	1.509749611094728938e-01	-1.186200027874714097e-01	1.088978814992408728e-01	-1.367830497147519975e-01	6.142378567600876443e-02	-5.691656995144221687e-02	5.446960295588608447e-02	-5.627483287058529515e-02	5.911511157840277503e-02	-7.076525873251036935e-02	5.056706818553247107e-02	-5.417038091236554137e-02	4.612705878700389117e-02	-4.756035435366959274e-02	4.992661162811406345e-02	-5.152891594259913222e-02	4.928914169789670729e-02	-4.672903653185328521e-02	4.209112642068194715e-02	-3.638214596384364147e-02	3.817563630999041419e-02	-3.574424698139689466e-02	3.228654762594223432e-02	-3.376199614915188774e-02	2.756958588435514876e-02	-4.836666901412530611e-02	4.060114306577403132e-02	-3.563935347274354432e-02	4.063290047057372539e-02	-2.533900774393060829e-02
1.424201939112389181e-01	-2.048479958272094448e-01	2.224220406440045872e-01	-3.769521498012712857e-01	1.000000000000000888e+00	-1.530964604400357754e-01	2.106193628667405449e-01	-2.750501903399927839e-01	2.970830071710529596e-01	-7.187824778016103089e-01	1.572837448263883220e-01	-1.986259432968470462e-01	1.849751159003968082e-01	-1.425192411410004800e-01	1.946227237435779189e-01	-1.786427648559098524e-01	1.281366273303563563e-01	-1.224336287714368199e-01	1.498145173216297033e-01	-7.067535362877368221e-02	6.870718499634416443e-02	-6.571969619723516676e-02	6.715477476624398534e-02	-7.166711462756651663e-02	8.071958668795596592e-02	-6.193327078487081278e-02	6.541791909443399333e-02	-5.733244249525214914e-02	5.877084269230167107e-02	-6.358375473370829478e-02	6.359813542784648055e-02	-6.134999888612430174e-02	5.844186601719542767e-02	-5.323176832942876080e-02	4.585993760372538558e-02	-4.765713703689065939e-02	4.459444940341449060e-02	-4.065961095873577708e-02	4.276667983817864643e-02	-3.523668188289767744e-02	6.040349242938857638e-02	-5.106988208194741113e-02	4.481423721518516812e-02	-5.200610756141431368e-02	3.222129290152364600e-02
-7.772122410370483347e-01	2.672652617240406925e-01	-2.086136150187501148e-01	1.631334952477095646e-01	-1.530964604400357754e-01	1.000000000000000444e+00	-3.441534420692320406e-01	1.623928779343960238e-01	-1.374439175760143184e-01	1.229151178804878536e-01	-3.442445676953354017e-01	1.805245195279720771e-01	-1.500739792870625366e-01	1.019417388643430594e-01	-1.341683859477918184e-01	2.211587643306082152e-01	-1.136312365189640905e-01	1.007684710688087626e-01	-1.141702140229796658e-01	5.249345705233934151e-02	-6.441007836051518276e-02	5.466076733021128786e-02	-5.362233307235481777e-02	5.619895280209440819e-02	-6.043458055474856816e-02	5.691268481039434002e-02	-5.370493089737332637e-02	4.439127573311825448e-02	-4.525263565740943184e-02	4.676850436806984090e-02	-5.241884020730458449e-02	4.952886854795515714e-02	-4.504843332873373352e-02	4.039245246210104723e-02	-3.407469669308173243e-02	3.856633760299005287e-02	-3.555604613282960930e-02	3.140809779890987169e-02	-3.226048792283657540e-02	2.614524401599534892e-02	-4.762561586018752846e-02	4.045768806437609333e-02	-3.447568983808277365e-02	3.894489719746801332e-02	-2.395422928138297991e-02
2.606384389798468426e-01	-5.364844227642487917e-01	2.738198138330589226e-01	-2.861408231228457222e-01	2.106193628667405449e-01	-3.441534420692320406e-01	1.000000000000000666e+00	-4.013722383700980001e-01	2.291079259012692437e-01	-2.044004799775714087e-01	2.175112886809359991e-01	-4.182871453904050130e-01	2.616507466986391361e-01	-1.557939803280981861e-01	1.823438665369325196e-01	-2.235148819173470858e-01	1.617808109515633530e-01	-1.516685839744487674e-01	1.590225302283273801e-01	-7.251352831850656211e-02	7.402165303183633194e-02	-6.978372546805676480e-02	7.045338738748506413e-02	-7.434100595042908433e-02	8.143243314781825615e-02	-6.639746860263821826e-02	6.785729536252896321e-02	-5.735946779848947324e-02	5.846625503295645176e-02	-6.111360656917188411e-02	6.414514966355422398e-02	-6.186830142994873688e-02	5.741941999104843014e-02	-5.196004585978819534e-02	4.420506269836809582e-02	-4.764883844554734099e-02	4.441580036976761070e-02	-3.983786914771039050e-02	4.142979374827601008e-02	-3.383436364716541078e-02	5.927784780302520345e-02	-5.059387905701462351e-02	4.368983298125124481e-02	-5.018678540115441983e-02	3.094899040870627283e-02
-1.604920107679792540e-01	2.183892513018649284e-01	-2.686904471740158562e-01	2.618604138925231251e-01	-2.750501903399927839e-01	1.623928779343960238e-01	-4.013722383700980001e-01	1.000000000000000222e+00	-5.519641490025056774e-01	2.480350516630920599e-01	-1.738049977418085201e-01	2.782245916774097605e-01	-4.924191972113010074e-01	1.777345688891935338e-01	-2.054429263170141351e-01	1.675239278969709311e-01	-1.546748894943016095e-01	1.435295980880169631e-01	-1.746294615277311502e-01	7.398143458617663371e-02	-6.320767858412933149e-02	6.242310059868490940e-02	-6.542121839371493885e-02	6.826898655358801249e-02	-8.372965601015495973e-02	5.598908222491774667e-02	-6.138378306713208887e-02	5.179955522285003416e-02	-5.339065382313496616e-02	5.551996245313534778e-02	-5.681948871377626165e-02	5.470876105564894537e-02	-5.180943859138173457e-02	4.668633904172974497e-02	-4.040338598158454281e-02	4.203590614762891392e-02	-3.948542546181799118e-02	3.564626752905757090e-02	-3.730993219196007682e-02	3.045503461861761435e-02	-5.304116674349072802e-02	4.472437133155213185e-02	-3.926959314655812522e-02	4.484934066103482553e-02	-2.799305152146866482e-02
1.317498226917418191e-01	-1.972550027408821183e-01	2.406884035945716926e-01	-4.664805935960065764e-01	2.970830071710529596e-01	-1.374439175760143184e-01	2.291079259012692437e-01	-5.519641490025056774e-01	1.000000000000000666e+00	-5.192791351529257859e-01	1.364549251527150397e-01	-2.073022297310211093e-01	2.208579934076384255e-01	-1.411140524815369668e-01	1.624643630489173152e-01	-1.437625192051407153e-01	1.157039043725224120e-01	-1.114459020552167196e-01	1.327756656741246599e-01	-5.935330810250805805e-02	5.340269915113185495e-02	-5.189962414713927136e-02	5.369263077759253711e-02	-5.675321674423962348e-02	6.676854280220924365e-02	-4.773717575790548812e-02	5.110041767743140478e-02	-4.380007611233881215e-02	4.497175298852446046e-02	-4.748489783258997426e-02	4.824121175416468121e-02	-4.653285819376808824e-02	4.403611198587677883e-02	-3.987696786637989071e-02	3.439414206215994640e-02	-3.587591153437573455e-02	3.362397413361639664e-02	-3.044113525543502147e-02	3.190040375127262823e-02	-2.613501738955211970e-02	4.521842133132421282e-02	-3.826256805597243182e-02	3.350903736551412437e-02	-3.854540600299443537e-02	2.396125781334401683e-02
-1.236155854042496893e-01	1.625570161411354075e-01	-2.090274356383702847e-01	2.628987423113216537e-01	-7.187824778016103089e-01	1.229151178804878536e-01	-2.044004799775714087e-01	2.480350516630920599e-01	-5.192791351529257859e-01	1.000000000000001554e+00	-1.343348081996839638e-01	1.673355217341920553e-01	-1.855206939470615546e-01	1.312881503904851088e-01	-1.924649654973690782e-01	1.369621812672471295e-01	-1.122203489382946617e-01	1.041551770664646548e-01	-1.371809631750864900e-01	6.168004562671890872e-02	-5.437116254106469371e-02	5.280129324162058380e-02	-5.500582256818566801e-02	5.798379906768594272e-02	-7.099552906703893163e-02	4.835375129783143350e-02	-5.272887583931818584e-02	4.537971533295211135e-02	-4.689024179453210595e-02	4.969356053499829340e-02	-5.025393243856254161e-02	4.816565939174091704e-02	-4.608118533916573389e-02	4.160315734091332707e-02	-3.616471441493736283e-02	3.732285730867675871e-02	-3.502814039370796134e-02	3.181850855828859126e-02	-3.341950909509308620e-02	2.737154777682385826e-02	-4.753855218918811437e-02	3.982136823908261763e-02	-3.516598822141576985e-02	4.024520742863380712e-02	-2.516065410153331405e-02
2.214337221254790156e-01	-1.816255552699773679e-01	1.565055051577229073e-01	-1.533967733020515645e-01	1.572837448263883220e-01	-3.442445676953354017e-01	2.175112886809359991e-01	-1.738049977418085201e-01	1.364549251527150397e-01	-1.343348081996839638e-01	1.000000000000000222e+00	-3.069747012522009988e-01	1.937890248771106660e-01	-1.434188315229058264e-01	1.792703011666438306e-01	-7.562314045214597602e-01	1.894601899469157691e-01	-1.698906230903422243e-01	1.620146704473073851e-01	-7.734329900280212389e-02	1.368217825819920130e-01	-1.005093732663750461e-01	9.092364170052578964e-02	-9.607245060823807470e-02	8.759273195431056813e-02	-1.235666923512813015e-01	9.547831692757804967e-02	-7.655090805976996760e-02	7.640255480363934704e-02	-7.820170162953285486e-02	9.597398617702507240e-02	-9.051399676493392110e-02	7.724924407442894381e-02	-6.938095621475787178e-02	5.654844279303671700e-02	-7.063081327769740736e-02	6.364744542713030029e-02	-5.464746062142294275e-02	5.486278464555079809e-02	-4.423081635284440566e-02	8.308883578136806725e-02	-7.286131039874232940e-02	5.923651421769506042e-02	-6.688811167805429336e-02	4.022315480768962059e-02
-1.704078591386385955e-01	2.052730275881897437e-01	-2.003899061960441041e-01	1.876618596858602994e-01	-1.986259432968470462e-01	1.805245195279720771e-01	-4.182871453904050130e-01	2.782245916774097605e-01	-2.073022297310211093e-01	1.673355217341920553e-01	-3.069747012522009988e-01	9.999999999999994449e-01	-6.372786636702131302e-01	2.133791088369981770e-01	-2.335428833882191302e-01	2.325412334420469407e-01	-3.043499636439239153e-01	2.182857773628282261e-01	-2.251559300326812507e-01	9.236886576026706597e-02	-8.240407612596306608e-02	8.356019709982319410e-02	-8.621422820471538739e-02	8.803007123354771035e-02	-1.040149152537974964e-01	7.211108291753039190e-02	-8.040341762743616338e-02	6.505828442758605779e-02	-6.680960813647016105e-02	6.748787650372775615e-02	-7.131761934447514162e-02	6.881703739009002729e-02	-6.413130451826880296e-02	5.746075721193237562e-02	-4.922244730441640431e-02	5.237504046032157023e-02	-4.923881422254453716e-02	4.396497995882505533e-02	-4.567948108904850563e-02	3.703660093055623215e-02	-6.547178278495377479e-02	5.544020650004256867e-02	-4.829062677261700826e-02	5.473960024930139140e-02	-3.404876889452199129e-02
1.365322676228198917e-01	-1.804736499238430714e-01	1.754486351892343421e-01	-1.962732406911414096e-01	1.849751159003968082e-01	-1.500739792870625366e-01	2.616507466986391361e-01	-4.924191972113010074e-01	2.208579934076384255e-01	-1.855206939470615546e-01	1.937890248771106660e-01	-6.372786636702131302e-01	1.000000000000000888e+00	-3.177172004409208328e-01	2.263594993238383646e-01	-2.014343155613735337e-01	2.077188424926485200e-01	-2.249927699079295185e-01	2.171154238001093695e-01	-9.050007497469436668e-02	7.279896183453452019e-02	-7.485303052386309275e-02	7.889534266099088033e-02	-8.260553119142705070e-02	9.723656196018631848e-02	-6.483118343018277885e-02	7.165153101762154753e-02	-6.047135454215753214e-02	6.184070228409049852e-02	-6.399626700755305098e-02	6.457880223757345162e-02	-6.302635789597069160e-02	5.929110970301306599e-02	-5.371177192638858233e-02	4.620599617328603748e-02	-4.789518036909555521e-02	4.509719824101780794e-02	-4.071540487980842421e-02	4.265018213255498958e-02	-3.487543325797185650e-02	5.982702682911437975e-02	-5.107382561238012209e-02	4.463090121061399906e-02	-5.144743225821173799e-02	3.196089635337658053e-02
-9.691549795851667204e-02	1.147201507329480286e-01	-1.184079521773988009e-01	1.282104042584575332e-01	-1.425192411410004800e-01	1.019417388643430594e-01	-1.557939803280981861e-01	1.777345688891935338e-01	-1.411140524815369668e-01	1.312881503904851088e-01	-1.434188315229058264e-01	2.133791088369981770e-01	-3.177172004409208328e-01	1.000000000000000222e+00	-5.977126999720990819e-01	1.578751810539244516e-01	-1.978531368410196278e-01	2.028063023356051209e-01	-6.013442999488490814e-01	1.582891980697202494e-01	-7.206168289422594520e-02	7.906861055929798043e-02	-9.005233033070618454e-02	9.692670538608845476e-02	-1.682559272948482842e-01	6.388608512125544536e-02	-7.753712115635635893e-02	6.804786533369720780e-02	-7.140085430179674009e-02	7.718790881926065883e-02	-6.879302055992454756e-02	6.774493798089546714e-02	-6.675419154044202885e-02	6.103902281789702622e-02	-5.563053597028656816e-02	5.118572628658255019e-02	-4.886911028380998973e-02	4.523209690872839056e-02	-4.860683685955002886e-02	4.038192545889354723e-02	-6.505081551319139010e-02	5.518164209234052708e-02	-4.981371599351265556e-02	5.825731485857166270e-02	-3.724534219976588512e-02
1.253019111720619361e-01	-1.483860683954297821e-01	1.497039868288584374e-01	-1.705888072648033271e-01	1.946227237435779189e-01	-1.341683859477918184e-01	1.823438665369325196e-01	-2.054429263170141351e-01	1.624643630489173152e-01	-1.924649654973690782e-01	1.792703011666438306e-01	-2.335428833882191302e-01	2.263594993238383646e-01	-5.977126999720990819e-01	1.000000000000001554e+00	-2.165598659763657563e-01	1.875277609919000776e-01	-2.029396234869182414e-01	2.995747043989490099e-01	-1.554027393499228527e-01	9.932149699233369655e-02	-1.038509965483025710e-01	1.097649338188700641e-01	-1.227792890443654555e-01	1.517691350970040987e-01	-9.000763033866102103e-02	1.023639726358906155e-01	-9.471408335834247127e-02	9.701539610220968890e-02	-1.119712162579915710e-01	9.786663057956516976e-02	-9.686740818595827862e-02	9.516666899105935551e-02	-8.878615285032977200e-02	7.849694023689003652e-02	-7.418511805848360119e-02	7.036815320133842089e-02	-6.587520424864060087e-02	7.103579276872998283e-02	-5.984701337286815054e-02	9.457151566473633031e-02	-8.090970825129878419e-02	7.236709747347461197e-02	-8.726137782540188681e-02	5.443073842704143628e-02
-2.266372886553950361e-01	1.684872600604091775e-01	-1.679459286707634114e-01	1.509749611094728938e-01	-1.786427648559098524e-01	2.211587643306082152e-01	-2.235148819173470858e-01	1.675239278969709311e-01	-1.437625192051407153e-01	1.369621812672471295e-01	-7.562314045214597602e-01	2.325412334420469407e-01	-2.014343155613735337e-01	1.578751810539244516e-01	-2.165598659763657563e-01	1.000000000000001332e+00	-2.640052889234285050e-01	1.884872556428739132e-01	-1.986662688220832973e-01	9.108783607797363291e-02	-2.074354203990933787e-01	1.211142369125633306e-01	-1.096277489651798220e-01	1.104205651147763256e-01	-1.065614912039643536e-01	1.465361608339002253e-01	-1.188689332882520433e-01	8.847641221649020504e-02	-8.980884915390656420e-02	8.760314489372894586e-02	-1.207112437107015629e-01	1.063636469768911297e-01	-9.105098468603885220e-02	7.923132047218338359e-02	-6.480087651252124104e-02	8.437765784167215732e-02	-7.593527676007871818e-02	6.380456655179612968e-02	-6.312025493637121731e-02	4.987785944113522218e-02	-1.020961827892982454e-01	8.509671297738613527e-02	-7.003971659876888356e-02	7.524710113403056122e-02	-4.584844423431869154e-02
1.061476788796861664e-01	-1.180311972522316150e-01	1.145227096452665627e-01	-1.186200027874714097e-01	1.281366273303563563e-01	-1.136312365189640905e-01	1.617808109515633530e-01	-1.546748894943016095e-01	1.157039043725224120e-01	-1.122203489382946617e-01	1.894601899469157691e-01	-3.043499636439239153e-01	2.077188424926485200e-01	-1.978531368410196278e-01	1.875277609919000776e-01	-2.640052889234285050e-01	1.000000000000001776e+00	-7.955794940367793000e-01	2.429560766744605360e-01	-1.075890101413404104e-01	1.013221921791543356e-01	-1.447762769985430631e-01	1.357857366224564377e-01	-1.338034031191430717e-01	1.093457951952887114e-01	-8.802749388191219437e-02	1.164801150322595374e-01	-8.803206709151940867e-02	8.753988853895428024e-02	-8.095807349599021263e-02	8.738443508784253522e-02	-8.879999722412573737e-02	8.029270470587908382e-02	-7.177114070906810694e-02	5.854409162276244527e-02	-6.408746028021085339e-02	6.148349432667412490e-02	-5.429705330030473037e-02	5.581989949784679772e-02	-4.460783617860152039e-02	7.875434112409755716e-02	-6.832813858804298590e-02	5.886630683360842553e-02	-6.691920960873531943e-02	4.075524356729595676e-02
-9.746219479434024835e-02	1.062883157030697912e-01	-1.082314136771136831e-01	1.088978814992408728e-01	-1.224336287714368199e-01	1.007684710688087626e-01	-1.516685839744487674e-01	1.435295980880169631e-01	-1.114459020552167196e-01	1.041551770664646548e-01	-1.698906230903422243e-01	2.182857773628282261e-01	-2.249927699079295185e-01	2.028063023356051209e-01	-2.029396234869182414e-01	1.884872556428739132e-01	-7.955794940367793000e-01	1.000000000000002887e+00	-3.762637218868437605e-01	1.188166671121181628e-01	-9.150785391358041976e-02	1.224006727603653699e-01	-1.568471102662637728e-01	1.323912709358855133e-01	-1.266965201779881589e-01	7.788447353474048374e-02	-1.105977864841129754e-01	8.426397315281253242e-02	-8.594032754906538729e-02	7.649817936185165923e-02	-8.137317112449701795e-02	8.148774482550612264e-02	-7.643480296280172337e-02	6.756138124804041134e-02	-5.607258858540000585e-02	5.909616768561623545e-02	-5.714406259910392166e-02	5.082928643671615065e-02	-5.267349834896822847e-02	4.182884339433574211e-02	-7.372380989805277229e-02	6.286680269235253582e-02	-5.546601577248859438e-02	6.229801970642166731e-02	-3.849813102748265992e-02
1.066075545058510071e-01	-1.245116661249613815e-01	1.240799872234017581e-01	-1.367830497147519975e-01	1.498145173216297033e-01	-1.141702140229796658e-01	1.590225302283273801e-01	-1.746294615277311502e-01	1.327756656741246599e-01	-1.371809631750864900e-01	1.620146704473073851e-01	-2.251559300326812507e-01	2.171154238001093695e-01	-6.013442999488490814e-01	2.995747043989490099e-01	-1.986662688220832973e-01	2.429560766744605360e-01	-3.762637218868437605e-01	1.000000000000001776e+00	-3.151392320070829922e-01	9.284614080619263410e-02	-1.064241577271889116e-01	1.236107467253328152e-01	-1.418358334502476392e-01	2.247173512701317599e-01	-8.310982804429607740e-02	1.017295296123934822e-01	-9.255415326808930088e-02	9.628768827108474815e-02	-1.065737650249061474e-01	8.959045490760142449e-02	-8.972093836577554882e-02	8.881793631804153766e-02	-8.232284769482468845e-02	7.497661879739260515e-02	-6.712137752120056478e-02	6.432868250573815783e-02	-6.009659886398133199e-02	6.507789739628568049e-02	-5.453361718355289461e-02	8.482883819982846296e-02	-7.286362160824554068e-02	6.585639578013423312e-02	-7.850648746893613972e-02	5.004085750676445787e-02
-5.002814600951959595e-02	5.635444493184978837e-02	-5.732038101621040466e-02	6.142378567600876443e-02	-7.067535362877368221e-02	5.249345705233934151e-02	-7.251352831850656211e-02	7.398143458617663371e-02	-5.935330810250805805e-02	6.168004562671890872e-02	-7.734329900280212389e-02	9.236886576026706597e-02	-9.050007497469436668e-02	1.582891980697202494e-01	-1.554027393499228527e-01	9.108783607797363291e-02	-1.075890101413404104e-01	1.188166671121181628e-01	-3.151392320070829922e-01	1.000000000000000666e+00	-5.732749960105235076e-02	6.798773450599912560e-02	-9.567948446373228388e-02	1.102697174580582057e-01	-8.923131869651452774e-01	5.011949545848248116e-02	-6.970740496571692368e-02	6.715167311847340670e-02	-7.723094078735377732e-02	1.019909920297340095e-01	-5.985620809849096641e-02	5.939357367251776182e-02	-6.688623073980085043e-02	6.197549927903366063e-02	-7.633076322485871090e-02	4.414071351233819079e-02	-4.342686314694085142e-02	4.275444399436797993e-02	-4.996424880849760497e-02	4.389945115478063181e-02	-5.742699190650436825e-02	4.795786952749779564e-02	-4.793653422790601637e-02	5.640452612129880777e-02	-4.252375443639999641e-02
6.332713719350457904e-02	-5.753000394415078850e-02	5.824169717352701420e-02	-5.691656995144221687e-02	6.870718499634416443e-02	-6.441007836051518276e-02	7.402165303183633194e-02	-6.320767858412933149e-02	5.340269915113185495e-02	-5.437116254106469371e-02	1.368217825819920130e-01	-8.240407612596306608e-02	7.279896183453452019e-02	-7.206168289422594520e-02	9.932149699233369655e-02	-2.074354203990933787e-01	1.013221921791543356e-01	-9.150785391358041976e-02	9.284614080619263410e-02	-5.732749960105235076e-02	1.000000000000001998e+00	-3.125232921842572842e-01	1.504160587239007085e-01	-1.567838583737520275e-01	6.532067269233755857e-02	-7.999453796659180549e-01	2.205278881662580681e-01	-1.311998654637130945e-01	1.207758641105376035e-01	-1.107524646969806625e-01	2.500941773459190998e-01	-2.173023389485924384e-01	1.332414630607520190e-01	-1.147320271610816206e-01	8.033218091784273540e-02	-1.750323928351671388e-01	1.378942336629892518e-01	-9.965398227512994866e-02	8.699608403438457982e-02	-6.645286965798127832e-02	1.613171870619637405e-01	-1.556224131651220421e-01	1.029920165803896170e-01	-1.068428737102952580e-01	5.945518207119145082e-02
-5.379766739174775270e-02	5.321229241743715560e-02	-5.450546898539006258e-02	5.446960295588608447e-02	-6.571969619723516676e-02	5.466076733021128786e-02	-6.978372546805676480e-02	6.242310059868490940e-02	-5.189962414713927136e-02	5.280129324162058380e-02	-1.005093732663750461e-01	8.356019709982319410e-02	-7.485303052386309275e-02	7.906861055929798043e-02	-1.038509965483025710e-01	1.211142369125633306e-01	-1.447762769985430631e-01	1.224006727603653699e-01	-1.064241577271889116e-01	6.798773450599912560e-02	-3.125232921842572842e-01	1.000000000000002665e+00	-4.083274946803645000e-01	2.492149327825817218e-01	-7.795611735748222970e-02	2.098541399702769927e-01	-7.141369797444230283e-01	1.781027342206741304e-01	-1.736459894449939034e-01	1.147131584646479685e-01	-2.141059264975261056e-01	2.325916902672122699e-01	-1.633618606830731235e-01	1.272815931691600733e-01	-8.779419721098366547e-02	1.417305417758721597e-01	-1.482962742745577989e-01	1.067285117599163363e-01	-9.654020462509702027e-02	6.909898705725482648e-02	-1.687591556829779460e-01	1.442500077335792663e-01	-1.145766232392755879e-01	1.100791088584052169e-01	-6.339126612017081941e-02
5.221516722042394282e-02	-5.396498473364475662e-02	5.522158173297777445e-02	-5.627483287058529515e-02	6.715477476624398534e-02	-5.362233307235481777e-02	7.045338738748506413e-02	-6.542121839371493885e-02	5.369263077759253711e-02	-5.500582256818566801e-02	9.092364170052578964e-02	-8.621422820471538739e-02	7.889534266099088033e-02	-9.005233033070618454e-02	1.097649338188700641e-01	-1.096277489651798220e-01	1.357857366224564377e-01	-1.568471102662637728e-01	1.236107467253328152e-01	-9.567948446373228388e-02	1.504160587239007085e-01	-4.083274946803645000e-01	1.000000000000000666e+00	-7.570378537865338764e-01	1.060970115843913320e-01	-1.311085451370523070e-01	2.448957827143637411e-01	-2.753329033767788481e-01	2.409959418003017051e-01	-1.323247526715642386e-01	1.434481513988440926e-01	-1.639241288468225033e-01	1.665337502171349016e-01	-1.471231934183524770e-01	9.855276645305778571e-02	-1.051158979952122458e-01	1.074211566030384007e-01	-1.007993885136466705e-01	1.042404215763569619e-01	-7.643556052519727417e-02	1.269917794050900717e-01	-1.149685312368231016e-01	1.055387656938604340e-01	-1.211851238238279560e-01	6.943124291723982988e-02
-5.530077299151932996e-02	5.662004977597116101e-02	-5.851023647724838683e-02	5.911511157840277503e-02	-7.166711462756651663e-02	5.619895280209440819e-02	-7.434100595042908433e-02	6.826898655358801249e-02	-5.675321674423962348e-02	5.798379906768594272e-02	-9.607245060823807470e-02	8.803007123354771035e-02	-8.260553119142705070e-02	9.692670538608845476e-02	-1.227792890443654555e-01	1.104205651147763256e-01	-1.338034031191430717e-01	1.323912709358855133e-01	-1.418358334502476392e-01	1.102697174580582057e-01	-1.567838583737520275e-01	2.492149327825817218e-01	-7.570378537865338764e-01	1.000000000000001110e+00	-1.400684017297306183e-01	1.275637070516703331e-01	-2.657081588851597509e-01	2.457342516971141588e-01	-3.815774670602497531e-01	1.381635387721809327e-01	-1.598476117646390471e-01	1.639450521898363489e-01	-1.828753821238737753e-01	1.572947987917363843e-01	-1.086457021077270602e-01	1.121260542557766388e-01	-1.151346548562086486e-01	1.072843693137608412e-01	-1.150971479330713115e-01	8.030756568659258576e-02	-1.434151380890969496e-01	1.195482114672506702e-01	-1.166739392087340343e-01	1.251536605703106597e-01	-7.478586728446175169e-02
5.710441939155541657e-02	-6.468521854719212760e-02	6.517184517557199352e-02	-7.076525873251036935e-02	8.071958668795596592e-02	-6.043458055474856816e-02	8.143243314781825615e-02	-8.372965601015495973e-02	6.676854280220924365e-02	-7.099552906703893163e-02	8.759273195431056813e-02	-1.040149152537974964e-01	9.723656196018631848e-02	-1.682559272948482842e-01	1.517691350970040987e-01	-1.065614912039643536e-01	1.093457951952887114e-01	-1.266965201779881589e-01	2.247173512701317599e-01	-8.923131869651452774e-01	6.532067269233755857e-02	-7.795611735748222970e-02	1.060970115843913320e-01	-1.400684017297306183e-01	1.000000000000001554e+00	-5.785439283119959974e-02	7.835989580661519016e-02	-7.842495357240264475e-02	8.817383548167544161e-02	-1.338713114594849984e-01	6.827151531490117942e-02	-6.870751929672619385e-02	7.677813507322611697e-02	-7.296663473845711734e-02	8.768481935791883064e-02	-5.086167778408228618e-02	4.997351266360112315e-02	-4.951681837109360440e-02	5.808522046435850988e-02	-5.193792914649912607e-02	6.564632117693500191e-02	-5.565694960962524335e-02	5.506560308713529667e-02	-6.690098443594871824e-02	4.928681249832392308e-02
-5.719881411255590964e-02	5.115060360535619854e-02	-5.235296554946358011e-02	5.056706818553247107e-02	-6.193327078487081278e-02	5.691268481039434002e-02	-6.639746860263821826e-02	5.598908222491774667e-02	-4.773717575790548812e-02	4.835375129783143350e-02	-1.235666923512813015e-01	7.211108291753039190e-02	-6.483118343018277885e-02	6.388608512125544536e-02	-9.000763033866102103e-02	1.465361608339002253e-01	-8.802749388191219437e-02	7.788447353474048374e-02	-8.310982804429607740e-02	5.011949545848248116e-02	-7.999453796659180549e-01	2.098541399702769927e-01	-1.311085451370523070e-01	1.275637070516703331e-01	-5.785439283119959974e-02	1.000000000000001332e+00	-2.278419856343553151e-01	1.153545554126468586e-01	-1.093767369403744888e-01	9.583897301608290675e-02	-4.029431976650021396e-01	2.018514113310221347e-01	-1.257821161438590907e-01	1.016917048983812105e-01	-7.146427628244003682e-02	1.806936897160383304e-01	-1.401942983968020306e-01	9.343927297919082942e-02	-7.871991117490774459e-02	5.826731079754473436e-02	-1.820425386726304551e-01	1.465318290960461178e-01	-9.939000597310862495e-02	9.350095712493344813e-02	-5.281758395966468927e-02
5.249065589796907821e-02	-5.249994712535021452e-02	5.366250921755321562e-02	-5.417038091236554137e-02	6.541791909443399333e-02	-5.370493089737332637e-02	6.785729536252896321e-02	-6.138378306713208887e-02	5.110041767743140478e-02	-5.272887583931818584e-02	9.547831692757804967e-02	-8.040341762743616338e-02	7.165153101762154753e-02	-7.753712115635635893e-02	1.023639726358906155e-01	-1.188689332882520433e-01	1.164801150322595374e-01	-1.105977864841129754e-01	1.017295296123934822e-01	-6.970740496571692368e-02	2.205278881662580681e-01	-7.141369797444230283e-01	2.448957827143637411e-01	-2.657081588851597509e-01	7.835989580661519016e-02	-2.278419856343553151e-01	1.000000000000002665e+00	-2.211796530859395649e-01	1.804356905686506918e-01	-1.335288541936533457e-01	2.213141166629548628e-01	-4.070398571299294610e-01	1.878993057258265265e-01	-1.504206614337299519e-01	9.949072386606030993e-02	-1.659572562869125745e-01	1.799649946846063331e-01	-1.275951522224478552e-01	1.102760696262903573e-01	-8.041647875963749137e-02	1.790129349616446375e-01	-1.842629010299305370e-01	1.302144045449988019e-01	-1.301559553350284670e-01	7.261698202258884405e-02
-4.392649377606586830e-02	4.418030089853133835e-02	-4.592553950216438780e-02	4.612705878700389117e-02	-5.733244249525214914e-02	4.439127573311825448e-02	-5.735946779848947324e-02	5.179955522285003416e-02	-4.380007611233881215e-02	4.537971533295211135e-02	-7.655090805976996760e-02	6.505828442758605779e-02	-6.047135454215753214e-02	6.804786533369720780e-02	-9.471408335834247127e-02	8.847641221649020504e-02	-8.803206709151940867e-02	8.426397315281253242e-02	-9.255415326808930088e-02	6.715167311847340670e-02	-1.311998654637130945e-01	1.781027342206741304e-01	-2.753329033767788481e-01	2.457342516971141588e-01	-7.842495357240264475e-02	1.153545554126468586e-01	-2.211796530859395649e-01	1.000000000000002887e+00	-6.964166596969515455e-01	1.803746150847324592e-01	-1.676267680587563702e-01	1.931454807566910237e-01	-4.756470183178259648e-01	2.539136271589923499e-01	-1.515414010714619397e-01	1.237918785679758271e-01	-1.378786367138238045e-01	1.702699579988697087e-01	-1.752597525958512481e-01	1.097224279226716726e-01	-1.584884998796648181e-01	1.411928539874541810e-01	-1.823835378066107626e-01	1.761201698597023857e-01	-1.031227445888292793e-01
4.451176913585829648e-02	-4.531149611995329701e-02	4.694504881638610072e-02	-4.756035435366959274e-02	5.877084269230167107e-02	-4.525263565740943184e-02	5.846625503295645176e-02	-5.339065382313496616e-02	4.497175298852446046e-02	-4.689024179453210595e-02	7.640255480363934704e-02	-6.680960813647016105e-02	6.184070228409049852e-02	-7.140085430179674009e-02	9.701539610220968890e-02	-8.980884915390656420e-02	8.753988853895428024e-02	-8.594032754906538729e-02	9.628768827108474815e-02	-7.723094078735377732e-02	1.207758641105376035e-01	-1.736459894449939034e-01	2.409959418003017051e-01	-3.815774670602497531e-01	8.817383548167544161e-02	-1.093767369403744888e-01	1.804356905686506918e-01	-6.964166596969515455e-01	1.000000000000001776e+00	-2.418381661539224514e-01	1.482733115954520120e-01	-1.753789628111337706e-01	2.844258267333197310e-01	-3.489846772369459282e-01	1.746781918624898677e-01	-1.142608629447262464e-01	1.225882492731893147e-01	-1.533396102899158564e-01	1.893142340097709042e-01	-1.315779768671625494e-01	1.423295502329066375e-01	-1.330922490652054480e-01	1.536262155268962593e-01	-2.149449183233428373e-01	1.180132432090298250e-01
-4.656458418500072222e-02	4.722731970909540417e-02	-4.965628068329631939e-02	4.992661162811406345e-02	-6.358375473370829478e-02	4.676850436806984090e-02	-6.111360656917188411e-02	5.551996245313534778e-02	-4.748489783258997426e-02	4.969356053499829340e-02	-7.820170162953285486e-02	6.748787650372775615e-02	-6.399626700755305098e-02	7.718790881926065883e-02	-1.119712162579915710e-01	8.760314489372894586e-02	-8.095807349599021263e-02	7.649817936185165923e-02	-1.065737650249061474e-01	1.019909920297340095e-01	-1.107524646969806625e-01	1.147131584646479685e-01	-1.323247526715642386e-01	1.381635387721809327e-01	-1.338713114594849984e-01	9.583897301608290675e-02	-1.335288541936533457e-01	1.803746150847324592e-01	-2.418381661539224514e-01	1.000000000000001110e+00	-1.491149751198966866e-01	1.455100726671725853e-01	-2.472629178981900488e-01	2.499471946562192293e-01	-7.716636400672882701e-01	1.102283350122878897e-01	-1.152622207974196428e-01	1.406753167669959614e-01	-2.165284404036664778e-01	2.351551918681785147e-01	-1.548057789737507794e-01	1.231932780266030703e-01	-1.681333607354472404e-01	2.097274381170539936e-01	-2.528701517364991824e-01
5.156666201448435738e-02	-5.012269199499730377e-02	5.151487235827348354e-02	-5.152891594259913222e-02	6.359813542784648055e-02	-5.241884020730458449e-02	6.414514966355422398e-02	-5.681948871377626165e-02	4.824121175416468121e-02	-5.025393243856254161e-02	9.597398617702507240e-02	-7.131761934447514162e-02	6.457880223757345162e-02	-6.879302055992454756e-02	9.786663057956516976e-02	-1.207112437107015629e-01	8.738443508784253522e-02	-8.137317112449701795e-02	8.959045490760142449e-02	-5.985620809849096641e-02	2.500941773459190998e-01	-2.141059264975261056e-01	1.434481513988440926e-01	-1.598476117646390471e-01	6.827151531490117942e-02	-4.029431976650021396e-01	2.213141166629548628e-01	-1.676267680587563702e-01	1.482733115954520120e-01	-1.491149751198966866e-01	9.999999999999996669e-01	-4.779603383471632827e-01	1.958111969573572697e-01	-1.628080192318899500e-01	1.080134333958092246e-01	-5.388885483722708480e-01	2.686072281840540810e-01	-1.599315148334594372e-01	1.222188023592884060e-01	-9.157759759750598583e-02	2.915596326679799066e-01	-2.892418679795034087e-01	1.593005109484867954e-01	-1.508878144348903272e-01	8.139429571870555880e-02
-4.919284043395847489e-02	4.786026925355140599e-02	-4.956375332023670033e-02	4.928914169789670729e-02	-6.134999888612430174e-02	4.952886854795515714e-02	-6.186830142994873688e-02	5.470876105564894537e-02	-4.653285819376808824e-02	4.816565939174091704e-02	-9.051399676493392110e-02	6.881703739009002729e-02	-6.302635789597069160e-02	6.774493798089546714e-02	-9.686740818595827862e-02	1.063636469768911297e-01	-8.879999722412573737e-02	8.148774482550612264e-02	-8.972093836577554882e-02	5.939357367251776182e-02	-2.173023389485924384e-01	2.325916902672122699e-01	-1.639241288468225033e-01	1.639450521898363489e-01	-6.870751929672619385e-02	2.018514113310221347e-01	-4.070398571299294610e-01	1.931454807566910237e-01	-1.753789628111337706e-01	1.455100726671725853e-01	-4.779603383471632827e-01	1.000000000000000222e+00	-3.301720184021371685e-01	1.818275613651985645e-01	-1.149389363868152658e-01	2.736938672768753911e-01	-4.825785435570693616e-01	1.903558161785329494e-01	-1.390488514833128353e-01	9.228038816227759900e-02	-3.110131376437493822e-01	2.806135806497972451e-01	-2.010951078226458633e-01	1.521315038682294341e-01	-8.492446242733987793e-02
4.447744233728836288e-02	-4.464673102513940645e-02	4.638583120305670576e-02	-4.672903653185328521e-02	5.844186601719542767e-02	-4.504843332873373352e-02	5.741941999104843014e-02	-5.180943859138173457e-02	4.403611198587677883e-02	-4.608118533916573389e-02	7.724924407442894381e-02	-6.413130451826880296e-02	5.929110970301306599e-02	-6.675419154044202885e-02	9.516666899105935551e-02	-9.105098468603885220e-02	8.029270470587908382e-02	-7.643480296280172337e-02	8.881793631804153766e-02	-6.688623073980085043e-02	1.332414630607520190e-01	-1.633618606830731235e-01	1.665337502171349016e-01	-1.828753821238737753e-01	7.677813507322611697e-02	-1.257821161438590907e-01	1.878993057258265265e-01	-4.756470183178259648e-01	2.844258267333197310e-01	-2.472629178981900488e-01	1.958111969573572697e-01	-3.301720184021371685e-01	1.000000000000001554e+00	-5.038931172300564754e-01	1.941692188011406583e-01	-1.585514644449265986e-01	1.889885555129091066e-01	-3.523974964362945328e-01	2.455581449833515173e-01	-1.567086999800783309e-01	1.863949473406542878e-01	-1.969535087419116981e-01	2.501455917645384330e-01	-2.746580335430356401e-01	1.392623800812727852e-01
-4.016620526995586665e-02	4.018139494808837392e-02	-4.203242646409975636e-02	4.209112642068194715e-02	-5.323176832942876080e-02	4.039245246210104723e-02	-5.196004585978819534e-02	4.668633904172974497e-02	-3.987696786637989071e-02	4.160315734091332707e-02	-6.938095621475787178e-02	5.746075721193237562e-02	-5.371177192638858233e-02	6.103902281789702622e-02	-8.878615285032977200e-02	7.923132047218338359e-02	-7.177114070906810694e-02	6.756138124804041134e-02	-8.232284769482468845e-02	6.197549927903366063e-02	-1.147320271610816206e-01	1.272815931691600733e-01	-1.471231934183524770e-01	1.572947987917363843e-01	-7.296663473845711734e-02	1.016917048983812105e-01	-1.504206614337299519e-01	2.539136271589923499e-01	-3.489846772369459282e-01	2.499471946562192293e-01	-1.628080192318899500e-01	1.818275613651985645e-01	-5.038931172300564754e-01	9.999999999999963363e-01	-3.292527161414636749e-01	1.224287759151653082e-01	-1.389230165925679772e-01	2.011635256276924355e-01	-5.420437965733181374e-01	1.782061945685051718e-01	-1.622454413213977320e-01	1.429514565194204001e-01	-2.154970532735005495e-01	2.891948061328892816e-01	-1.761218220011712410e-01
