1.000000000000000222e+00	-5.960760506215879717e-01	2.563036942353799641e-01	-1.700171918307955554e-01	1.549513441502654021e-01	-5.142350459107850602e-01	3.004251079474865027e-01	-2.752687007359553850e-01	1.692094560126262692e-01	-1.409418046879799824e-01	1.894276890146442960e-01	-2.007172419629989768e-01	1.825864337048622998e-01	-1.605692069533493083e-01	1.182990362402021045e-01	-1.743599730812577242e-01	1.559103038798167473e-01	-1.488787083410904044e-01	1.502929090938483203e-01	-1.329658278349854506e-01	1.035538717030733691e-01	-1.210214100172361529e-01	1.368613649036448110e-01	-1.081743763064141606e-01	1.032280012231431149e-01	-9.144935939343724896e-02	1.051556731560058938e-01	-1.227559479551527249e-01	1.089448865553437479e-01	-1.501270164573435817e-01	1.198628642388043369e-01	-1.005484962123743692e-01	8.915969547977144194e-02	-1.236812298463584592e-01	1.122287185145694199e-01	-7.374967860567982481e-02	8.888491177584487146e-02	-9.104848372263378564e-02	1.245922392104329701e-01	-7.792726438325660310e-02	8.353304813290250708e-02	-6.899939826961246081e-02	6.837690649405459009e-02	-8.740314401052833027e-02	6.069211093927349976e-02
-5.960760506215879717e-01	1.000000000000000666e+00	-5.806969579391327851e-01	1.618867207585019119e-01	-1.596330587869524698e-01	2.365850333435146058e-01	-3.060495450051078925e-01	2.746314497200156857e-01	-1.836586428533656945e-01	1.245697389214529410e-01	-1.564294243148547370e-01	1.634365058709400798e-01	-1.915824654970408880e-01	1.513581304323462495e-01	-1.092789876283135203e-01	1.315990986355918546e-01	-1.358518292168006403e-01	1.364902350296836597e-01	-1.465044109292366337e-01	1.110540732209301107e-01	-8.780984372452227404e-02	9.978436761934850185e-02	-1.233027545119557283e-01	9.355843879370842608e-02	-8.872216742780504595e-02	7.496013323453197541e-02	-8.922728918403677323e-02	1.013849628923067514e-01	-9.387081831383517483e-02	1.199600481928927154e-01	-9.967986399396557007e-02	8.198976251819467542e-02	-7.404421901303939735e-02	1.010671941298187937e-01	-9.399569765891911677e-02	6.036122945901859632e-02	-7.326655449812732868e-02	7.444963591235306821e-02	-1.032519494194902160e-01	6.314790333928113619e-02	-6.880576150791202494e-02	5.603866546901945661e-02	-5.591092846857581566e-02	7.027458644686776501e-02	-4.964579690880133178e-02
2.563036942353799641e-01	-5.806969579391327851e-01	1.000000000000000444e+00	-2.295909691825630816e-01	1.703245583712345856e-01	-1.608335413883814624e-01	1.885168238512427985e-01	-6.308484266061360479e-01	2.216108773306704194e-01	-1.432305449430405220e-01	1.260132379133895308e-01	-1.508636122732109897e-01	2.113798170048397651e-01	-1.809495760689363297e-01	1.196448658505548657e-01	-1.160502194181926849e-01	1.220779133986426013e-01	-1.543934521396888859e-01	1.541921541019979081e-01	-1.234279492999857536e-01	8.146978669121347771e-02	-9.587948220605858884e-02	1.235389947268193678e-01	-9.697590773447704871e-02	9.443366644087911044e-02	-7.130377074135732518e-02	8.455918770896564407e-02	-1.025576074474975341e-01	9.454360232216479920e-02	-1.299809601631285727e-01	9.778826044709280907e-02	-8.228044562450444188e-02	7.381904413819107003e-02	-1.044678143692557015e-01	9.594700134570283145e-02	-6.003961766706947950e-02	7.269075341034607340e-02	-7.454123091200616502e-02	1.023169848898529133e-01	-6.430331741452061101e-02	6.808349081676731696e-02	-5.618188166044460474e-02	5.590674385933252361e-02	-7.125080343694045748e-02	5.018796574742050154e-02
-1.700171918307955554e-01	1.618867207585019119e-01	-2.295909691825630816e-01	1.000000000000000444e+00	-6.084923558888171158e-01	1.093951436095532831e-01	-1.462570034885848635e-01	2.333051041883154875e-01	-5.979600022209724530e-01	2.422591134229899190e-01	-1.158003349946573057e-01	1.338908312979000259e-01	-2.132924349759406646e-01	2.437998240128441407e-01	-1.971707089927177969e-01	1.050583611100085329e-01	-1.197594714090890050e-01	1.594414476681515480e-01	-2.024727282249964844e-01	1.635224040726248329e-01	-8.408502606439968718e-02	9.640452836394375336e-02	-1.388865110385252288e-01	1.080635879834484780e-01	-1.275480091042151543e-01	7.239179632896716732e-02	-8.771332976557007222e-02	1.093788817904602778e-01	-1.070835178490633782e-01	1.540389168361957495e-01	-1.070409088747052290e-01	8.786286848857545462e-02	-8.008315606219948424e-02	1.162524903462628934e-01	-1.128431228269213965e-01	6.528642319419381002e-02	-7.965114400333034306e-02	8.090233043111584588e-02	-1.137876651491453589e-01	7.134685065786672276e-02	-7.474377545518695598e-02	6.113156051837770333e-02	-6.138599524430374960e-02	7.757535695021945676e-02	-5.612294715320485100e-02
1.549513441502654021e-01	-1.596330587869524698e-01	1.703245583712345856e-01	-6.084923558888171158e-01	1.000000000000000666e+00	-1.083630268876609321e-01	1.393446987627703082e-01	-2.109410026032681740e-01	2.864626276909580382e-01	-5.030651554902512146e-01	1.189991543539955648e-01	-1.418213378547674985e-01	1.965396643114989406e-01	-2.493667067752713684e-01	2.554839268606607372e-01	-1.138050501098841344e-01	1.249917336429405695e-01	-1.654923178473356460e-01	1.917363032806898293e-01	-2.454425749666499512e-01	9.404320582784746196e-02	-1.092059182829087233e-01	1.513369468796975925e-01	-1.242747482873023807e-01	1.696958705376488963e-01	-8.302197987554792158e-02	9.861059232997641810e-02	-1.300786296611032289e-01	1.246240208019691320e-01	-2.250016585309371764e-01	1.277253523399960178e-01	-1.063025354772494380e-01	9.551616522171843537e-02	-1.484399728531611007e-01	1.421911102963673845e-01	-7.946534163827601027e-02	9.644608455773116817e-02	-9.866480760782087023e-02	1.380623507623059965e-01	-9.054422441784805431e-02	9.061245438751776293e-02	-7.552949549954972308e-02	7.550959668053046359e-02	-9.785902736111169731e-02	7.021927600661209690e-02
-5.142350459107850602e-01	2.365850333435146058e-01	-1.608335413883814624e-01	1.093951436095532831e-01	-1.083630268876609321e-01	1.000000000000000888e+00	-7.147869593586742010e-01	1.650488389896224428e-01	-1.164403951542043042e-01	9.488029970923020362e-02	-2.951332948661426481e-01	2.165228036853371341e-01	-1.427854571526957494e-01	1.144685587789696507e-01	-8.256676574080946962e-02	1.870299534840528799e-01	-1.641308864201164175e-01	1.133444593910415688e-01	-1.137133655220054079e-01	9.002707219892454316e-02	-9.134496212629750200e-02	1.042229689739378184e-01	-1.053843632202817876e-01	8.051482512250839052e-02	-7.150786931387234646e-02	7.734072526076669896e-02	-9.088013455558308085e-02	9.194915734345125713e-02	-8.127878497183459172e-02	1.013779060391054865e-01	-8.839328510956567797e-02	7.398561962615578247e-02	-6.639185913903124237e-02	8.800511148935485917e-02	-7.999162218431470073e-02	5.350395353383894520e-02	-6.469215598667001077e-02	6.613047532215894642e-02	-9.010883125116815606e-02	5.518485507639068338e-02	-6.056595868630425261e-02	4.953261279246620741e-02	-4.919480084878230519e-02	6.197586887515693643e-02	-4.324171813478935866e-02
3.004251079474865027e-01	-3.060495450051078925e-01	1.885168238512427985e-01	-1.462570034885848635e-01	1.393446987627703082e-01	-7.147869593586742010e-01	1.000000000000000444e+00	-2.318716294460473060e-01	1.504679752716587826e-01	-1.276845217682699152e-01	2.424247034614923912e-01	-3.357219505436713214e-01	1.831028069828511962e-01	-1.521637788983505046e-01	1.091931453440869587e-01	-2.218118163348383187e-01	1.976584489932116939e-01	-1.494763424629334814e-01	1.460113564551906995e-01	-1.223754129768265392e-01	1.130188992206662829e-01	-1.351794723329268755e-01	1.359753856955774332e-01	-1.061808903377409047e-01	9.585457063259424093e-02	-9.903007228095699055e-02	1.145081486337177906e-01	-1.219457877686666580e-01	1.065798582333448430e-01	-1.388961172669364585e-01	1.165593581206633839e-01	-9.858806072073846016e-02	8.770346526194580661e-02	-1.183922702161458868e-01	1.066999869225295494e-01	-7.127022304400444652e-02	8.592512704947286029e-02	-8.821363590259428955e-02	1.196691542042686296e-01	-7.428496183006944031e-02	8.048127292547864464e-02	-6.632603902149486474e-02	6.570368324490419298e-02	-8.353171796953101635e-02	5.795267811883806491e-02
-2.752687007359553850e-01	2.746314497200156857e-01	-6.308484266061360479e-01	2.333051041883154875e-01	-2.109410026032681740e-01	1.650488389896224428e-01	-2.318716294460473060e-01	1.000000000000000888e+00	-3.941767813835135859e-01	1.659697842470409523e-01	-1.500530263279066523e-01	1.781294003961881867e-01	-3.852897965561593585e-01	2.374877700047485773e-01	-1.485103765223493577e-01	1.318515838208420832e-01	-1.499148007977793573e-01	1.991272964391875566e-01	-2.115794912947422390e-01	1.393802588677811871e-01	-9.529747681267798642e-02	1.110897122291767403e-01	-1.545755667744328488e-01	1.161539431721547722e-01	-1.096113075061083825e-01	8.175904936611835816e-02	-9.937922895578529814e-02	1.177059733048125278e-01	-1.121113036206274755e-01	1.420902826237389061e-01	-1.116284643846176539e-01	9.302655667214713986e-02	-8.467759680556222190e-02	1.178476551585820736e-01	-1.096427262868039237e-01	6.776424487588642021e-02	-8.245090011283418008e-02	8.419864327865718423e-02	-1.163037697315233987e-01	7.187973341586326170e-02	-7.709616264292208643e-02	6.301750211589297879e-02	-6.298489880109600647e-02	7.928133011759036508e-02	-5.648328869303170796e-02
1.692094560126262692e-01	-1.836586428533656945e-01	2.216108773306704194e-01	-5.979600022209724530e-01	2.864626276909580382e-01	-1.164403951542043042e-01	1.504679752716587826e-01	-3.941767813835135859e-01	1.000000000000001332e+00	-2.696586741855782066e-01	1.237169354631315193e-01	-1.536101914906483623e-01	2.516905497280036985e-01	-4.608132457846502716e-01	2.048895825003403393e-01	-1.164193195983280332e-01	1.308317790062920871e-01	-1.978226157484744563e-01	2.302644173269489947e-01	-1.841556102836483244e-01	9.023713649559859939e-02	-1.068217826356160360e-01	1.511150174815256153e-01	-1.223172586658187316e-01	1.338658203443527928e-01	-7.912411160702782775e-02	9.522327459077602196e-02	-1.212747841241735569e-01	1.161992757007924842e-01	-1.725501887371211629e-01	1.141011712886636636e-01	-9.624213850189430874e-02	8.701155004300578644e-02	-1.287427489722272889e-01	1.204477922739559670e-01	-7.031963731757528979e-02	8.543818559680664559e-02	-8.773970397483940586e-02	1.211675251341338827e-01	-7.750296255417267466e-02	7.986842655134000768e-02	-6.613033247145093385e-02	6.606976559791434556e-02	-8.450810588695714665e-02	6.045279482748748545e-02
-1.409418046879799824e-01	1.245697389214529410e-01	-1.432305449430405220e-01	2.422591134229899190e-01	-5.030651554902512146e-01	9.488029970923020362e-02	-1.276845217682699152e-01	1.659697842470409523e-01	-2.696586741855782066e-01	1.000000000000000222e+00	-1.088664037621379643e-01	1.249501855048954502e-01	-1.966215357766520344e-01	2.377096723119216659e-01	-6.576086077857326018e-01	9.952472608629853168e-02	-1.150002052126279511e-01	1.536468325100572851e-01	-2.026133057941023885e-01	2.607673402332724155e-01	-8.511566319357352639e-02	9.626939682187987679e-02	-1.449231738543138859e-01	1.138255180055587346e-01	-2.145885980567874829e-01	7.302479701940547963e-02	-8.899814300764792574e-02	1.144580644733751568e-01	-1.165832452896442273e-01	1.912132500280276093e-01	-1.161103184102421082e-01	9.301737621770710118e-02	-8.560389441013421807e-02	1.287572079689456861e-01	-1.377164818434912785e-01	7.074674703993803770e-02	-8.693978240862809681e-02	8.743348289910234106e-02	-1.267275282116090140e-01	8.014119222961837985e-02	-8.187729382673285261e-02	6.651395029249518309e-02	-6.753167865008904980e-02	8.485132595094743713e-02	-6.366015123094284633e-02
1.894276890146442960e-01	-1.564294243148547370e-01	1.260132379133895308e-01	-1.158003349946573057e-01	1.189991543539955648e-01	-2.951332948661426481e-01	2.424247034614923912e-01	-1.500530263279066523e-01	1.237169354631315193e-01	-1.088664037621379643e-01	1.000000000000002442e+00	-4.904628088516656548e-01	1.818109877612958392e-01	-1.407496801526195163e-01	9.667728402160363776e-02	-6.897840744845841199e-01	3.032097893550031453e-01	-1.552499018920840967e-01	1.433467023385842642e-01	-1.070672979823000803e-01	1.509236761609562827e-01	-1.742880771940500395e-01	1.400997426850026373e-01	-1.065613949647643693e-01	8.555448924365466334e-02	-1.297623767095810454e-01	1.421534535041416025e-01	-1.259131709824293233e-01	1.063861251339623393e-01	-1.222535875179398962e-01	1.146940755302253839e-01	-9.879068580014048473e-02	8.862647643823401422e-02	-1.122191175836498717e-01	9.988901118207212104e-02	-6.897462652045552312e-02	8.324619130067521799e-02	-8.589176393950320731e-02	1.141476095576921534e-01	-6.960502491224529464e-02	7.731720487757445803e-02	-6.332389009828674753e-02	6.271259502421647203e-02	-7.861147924076056226e-02	5.454218258175300149e-02
-2.007172419629989768e-01	1.634365058709400798e-01	-1.508636122732109897e-01	1.338908312979000259e-01	-1.418213378547674985e-01	2.165228036853371341e-01	-3.357219505436713214e-01	1.781294003961881867e-01	-1.536101914906483623e-01	1.249501855048954502e-01	-4.904628088516656548e-01	9.999999999999976685e-01	-3.224036039548707211e-01	1.782527508613286071e-01	-1.156713755606194327e-01	3.106593103022561864e-01	-5.849590619352659226e-01	2.047067526532825588e-01	-1.907438189487414004e-01	1.203614225481735439e-01	-1.683078496643528321e-01	2.075693367865776295e-01	-1.759474769536947536e-01	1.264309915781311744e-01	-9.749032421751857580e-02	1.347029740043942103e-01	-1.821077783148126183e-01	1.434609708505870662e-01	-1.256897431748318361e-01	1.334019651691737418e-01	-1.292993786219843733e-01	1.100387381333082781e-01	-1.011257225586220804e-01	1.251176375769170734e-01	-1.127109205753903803e-01	7.651510773767331020e-02	-9.300427199287865376e-02	9.545540812219108218e-02	-1.275490008642983786e-01	7.654305780998293951e-02	-8.608624736246144049e-02	6.978263887766766871e-02	-6.946164479704741712e-02	8.590663185352706566e-02	-6.035436056836199215e-02
1.825864337048622998e-01	-1.915824654970408880e-01	2.113798170048397651e-01	-2.132924349759406646e-01	1.965396643114989406e-01	-1.427854571526957494e-01	1.831028069828511962e-01	-3.852897965561593585e-01	2.516905497280036985e-01	-1.966215357766520344e-01	1.818109877612958392e-01	-3.224036039548707211e-01	1.000000000000000444e+00	-4.693902799417570271e-01	1.839170484338584211e-01	-1.729807968741687296e-01	2.103507359803615806e-01	-5.226211919721924781e-01	3.106525633143045195e-01	-1.808570450371476679e-01	1.193738021556135648e-01	-1.520708129480805026e-01	2.184368861641905746e-01	-1.704298817339353345e-01	1.343114054546855063e-01	-1.051261693179360995e-01	1.296597419641788429e-01	-1.596889974754804320e-01	1.478880218412241543e-01	-1.796141515836631453e-01	1.360022364624108582e-01	-1.199412996060407605e-01	1.087689572308366270e-01	-1.533799077694937840e-01	1.357191622131953268e-01	-8.358016474407377328e-02	1.014143300944167631e-01	-1.057858286783917579e-01	1.411167241662432126e-01	-8.943222033653169811e-02	9.374264562981343696e-02	-7.789530860969839932e-02	7.746610038214367389e-02	-9.854846977860808044e-02	6.969341930406003360e-02
-1.605692069533493083e-01	1.513581304323462495e-01	-1.809495760689363297e-01	2.437998240128441407e-01	-2.493667067752713684e-01	1.144685587789696507e-01	-1.521637788983505046e-01	2.374877700047485773e-01	-4.608132457846502716e-01	2.377096723119216659e-01	-1.407496801526195163e-01	1.782527508613286071e-01	-4.693902799417570271e-01	9.999999999999992228e-01	-3.289697326430394697e-01	1.289909733508925183e-01	-1.581721362303412648e-01	2.818080168503613314e-01	-5.109483490315824827e-01	2.021156284203238229e-01	-1.002956367132886717e-01	1.202391163249977718e-01	-1.915851087403644681e-01	1.505324384390718528e-01	-1.516403167492898774e-01	8.672504327746154151e-02	-1.077546114374867831e-01	1.351242106932258880e-01	-1.367460050736283572e-01	1.732748860877940666e-01	-1.219010586082663050e-01	1.034933668596176720e-01	-9.529101982608773058e-02	1.375374166739546100e-01	-1.295426718379027176e-01	7.437947475358189231e-02	-9.085184315536450061e-02	9.342818571709117503e-02	-1.286035009526313166e-01	8.107308237532812045e-02	-8.443135251271841057e-02	6.943327729044321273e-02	-6.964215515538085821e-02	8.793696139391973809e-02	-6.368311911682641990e-02
1.182990362402021045e-01	-1.092789876283135203e-01	1.196448658505548657e-01	-1.971707089927177969e-01	2.554839268606607372e-01	-8.256676574080946962e-02	1.091931453440869587e-01	-1.485103765223493577e-01	2.048895825003403393e-01	-6.576086077857326018e-01	9.667728402160363776e-02	-1.156713755606194327e-01	1.839170484338584211e-01	-3.289697326430394697e-01	9.999999999999992228e-01	-9.061242469389496623e-02	1.040381422014003965e-01	-1.516165297729190897e-01	1.948136609630846672e-01	-4.977619063758783047e-01	7.669327319368833551e-02	-8.882019438032194569e-02	1.329765723579933445e-01	-1.095427386413425214e-01	2.280689070393227269e-01	-6.676709888373728863e-02	8.116753621097715088e-02	-1.074100659276822078e-01	1.091059833791118566e-01	-2.259240797566793302e-01	1.049412636462750681e-01	-8.633149476177480464e-02	7.904620912409608680e-02	-1.264444584859034937e-01	1.318513801373934757e-01	-6.480552891770027801e-02	7.940210472275001374e-02	-8.077108530134444186e-02	1.153340665046865554e-01	-7.643886227339512229e-02	7.446117108666552853e-02	-6.155840264245090315e-02	6.228846414260534592e-02	-7.993164433368538102e-02	5.972466974980544796e-02
-1.743599730812577242e-01	1.315990986355918546e-01	-1.160502194181926849e-01	1.050583611100085329e-01	-1.138050501098841344e-01	1.870299534840528799e-01	-2.218118163348383187e-01	1.318515838208420832e-01	-1.164193195983280332e-01	9.952472608629853168e-02	-6.897840744845841199e-01	3.106593103022561864e-01	-1.729807968741687296e-01	1.289909733508925183e-01	-9.061242469389496623e-02	9.999999999999984457e-01	-5.236032497805462871e-01	1.524068871885517484e-01	-1.459491961274315963e-01	9.789381368031689623e-02	-2.097391672366050175e-01	2.007576580588249782e-01	-1.484005661320408620e-01	1.070435861457913890e-01	-8.046118529202365977e-02	1.504696611141139451e-01	-1.783751769025995748e-01	1.289569338064165127e-01	-1.092874840991909791e-01	1.121125507955448158e-01	-1.180154924988305459e-01	9.961652629509124002e-02	-9.144818266599878676e-02	1.086688474448793407e-01	-9.765948694640914918e-02	6.903319522351494819e-02	-8.378212924473293910e-02	8.570834817225155000e-02	-1.140777751410879809e-01	6.741116806718894239e-02	-7.757711928126265200e-02	6.247067239012309148e-02	-6.212164061709830876e-02	7.622446676141814148e-02	-5.327996260459987726e-02
1.559103038798167473e-01	-1.358518292168006403e-01	1.220779133986426013e-01	-1.197594714090890050e-01	1.249917336429405695e-01	-1.641308864201164175e-01	1.976584489932116939e-01	-1.499148007977793573e-01	1.308317790062920871e-01	-1.150002052126279511e-01	3.032097893550031453e-01	-5.849590619352659226e-01	2.103507359803615806e-01	-1.581721362303412648e-01	1.040381422014003965e-01	-5.236032497805462871e-01	1.000000000000002887e+00	-2.270698403055840253e-01	1.739556399455676194e-01	-1.143846489938968730e-01	1.855155529945110571e-01	-3.716646863774347720e-01	1.750488781575376407e-01	-1.294226775232509563e-01	9.208155511064944343e-02	-1.631713991732313129e-01	2.134075762181591729e-01	-1.558534783327866768e-01	1.258356348767835087e-01	-1.302045832943557746e-01	1.295338369084678976e-01	-1.158442294037507203e-01	1.051925874986221199e-01	-1.261609051728973252e-01	1.103563408470806112e-01	-7.706317167868363682e-02	9.330195354894897652e-02	-9.732799102382483358e-02	1.259711829825896912e-01	-7.626398079020448029e-02	8.560724345798162438e-02	-7.006263094211279130e-02	6.938248952010903081e-02	-8.611230875601200152e-02	5.988511827616086608e-02
-1.488787083410904044e-01	1.364902350296836597e-01	-1.543934521396888859e-01	1.594414476681515480e-01	-1.654923178473356460e-01	1.133444593910415688e-01	-1.494763424629334814e-01	1.991272964391875566e-01	-1.978226157484744563e-01	1.536468325100572851e-01	-1.552499018920840967e-01	2.047067526532825588e-01	-5.226211919721924781e-01	2.818080168503613314e-01	-1.516165297729190897e-01	1.524068871885517484e-01	-2.270698403055840253e-01	1.000000000000003109e+00	-6.153791206815342196e-01	1.519878446144796447e-01	-1.148674938265163842e-01	1.503035828372172589e-01	-3.733892299755897648e-01	2.058397048587257139e-01	-1.200981551469465225e-01	1.000219713945537658e-01	-1.302999742895376567e-01	1.656520559416845562e-01	-1.676503167828365115e-01	1.548158624130692440e-01	-1.305031293810227921e-01	1.164501531403782653e-01	-1.097787984614984474e-01	1.494487724183722055e-01	-1.293828378411271962e-01	7.914166052808528640e-02	-9.682108051980546637e-02	1.014346809801348753e-01	-1.339309020514335147e-01	8.330425244481261260e-02	-8.852266295283436892e-02	7.311346008277402886e-02	-7.296980160277122263e-02	9.147044004886747959e-02	-6.531939300359405898e-02
1.502929090938483203e-01	-1.465044109292366337e-01	1.541921541019979081e-01	-2.024727282249964844e-01	1.917363032806898293e-01	-1.137133655220054079e-01	1.460113564551906995e-01	-2.115794912947422390e-01	2.302644173269489947e-01	-2.026133057941023885e-01	1.433467023385842642e-01	-1.907438189487414004e-01	3.106525633143045195e-01	-5.109483490315824827e-01	1.948136609630846672e-01	-1.459491961274315963e-01	1.739556399455676194e-01	-6.153791206815342196e-01	1.000000000000001332e+00	-2.122095302090286073e-01	1.129205003760530152e-01	-1.450348918885531746e-01	2.485867059702114579e-01	-2.409799547969987688e-01	1.485938567151596779e-01	-1.012164830208878846e-01	1.253202077987704277e-01	-1.732799316899572839e-01	1.739015555364673005e-01	-1.945597728778294400e-01	1.393860351154715960e-01	-1.255591061767489802e-01	1.149288706327277337e-01	-1.705927454440608337e-01	1.460776662274996529e-01	-8.619415290911994210e-02	1.048612404381079888e-01	-1.104357495547329676e-01	1.461498654097233563e-01	-9.393388002080088617e-02	9.631312396206148652e-02	-8.057562616267514854e-02	8.022889863310110614e-02	-1.024449312289006653e-01	7.301426013320440334e-02
-1.329658278349854506e-01	1.110540732209301107e-01	-1.234279492999857536e-01	1.635224040726248329e-01	-2.454425749666499512e-01	9.002707219892454316e-02	-1.223754129768265392e-01	1.393802588677811871e-01	-1.841556102836483244e-01	2.607673402332724155e-01	-1.070672979823000803e-01	1.203614225481735439e-01	-1.808570450371476679e-01	2.021156284203238229e-01	-4.977619063758783047e-01	9.789381368031689623e-02	-1.143846489938968730e-01	1.519878446144796447e-01	-2.122095302090286073e-01	1.000000000000002665e+00	-8.889180561836292072e-02	9.945833787594221542e-02	-1.583684785085150981e-01	1.281684911277959638e-01	-6.290897643439016251e-01	7.598665478919822136e-02	-9.359480324823080122e-02	1.247036539010641099e-01	-1.354943821733206322e-01	2.853691703001356994e-01	-1.290409846800574800e-01	1.016873214745706439e-01	-9.489315668039551011e-02	1.520714738857657788e-01	-1.864055638855869890e-01	7.882592545045320753e-02	-9.769105395878768805e-02	9.758830611066755811e-02	-1.455283756063883716e-01	9.544751722169519947e-02	-9.209391956587838213e-02	7.471060795755006534e-02	-7.692847386681865574e-02	9.661866687220632688e-02	-7.637895891783262614e-02
1.035538717030733691e-01	-8.780984372452227404e-02	8.146978669121347771e-02	-8.408502606439968718e-02	9.404320582784746196e-02	-9.134496212629750200e-02	1.130188992206662829e-01	-9.529747681267798642e-02	9.023713649559859939e-02	-8.511566319357352639e-02	1.509236761609562827e-01	-1.683078496643528321e-01	1.193738021556135648e-01	-1.002956367132886717e-01	7.669327319368833551e-02	-2.097391672366050175e-01	1.855155529945110571e-01	-1.148674938265163842e-01	1.129205003760530152e-01	-8.889180561836292072e-02	1.000000000000000888e+00	-3.668991415147815349e-01	1.495781712220169146e-01	-1.140697506592217164e-01	7.493492048949348949e-02	-8.059947180367069697e-01	2.880994915691980629e-01	-1.710230045549094857e-01	1.192870061662658770e-01	-1.099206316975561426e-01	1.429777351434317056e-01	-1.294557048672519972e-01	1.139655460306700507e-01	-1.195235712477824702e-01	1.021969952428088413e-01	-8.245217088895243074e-02	9.722127114483415655e-02	-1.025104637166006361e-01	1.259236627301574540e-01	-7.477709781351192520e-02	8.864108028089960623e-02	-7.235932445458601037e-02	7.079516327293335076e-02	-8.673069366911775879e-02	5.883062164631382152e-02
-1.210214100172361529e-01	9.978436761934850185e-02	-9.587948220605858884e-02	9.640452836394375336e-02	-1.092059182829087233e-01	1.042229689739378184e-01	-1.351794723329268755e-01	1.110897122291767403e-01	-1.068217826356160360e-01	9.626939682187987679e-02	-1.742880771940500395e-01	2.075693367865776295e-01	-1.520708129480805026e-01	1.202391163249977718e-01	-8.882019438032194569e-02	2.007576580588249782e-01	-3.716646863774347720e-01	1.503035828372172589e-01	-1.450348918885531746e-01	9.945833787594221542e-02	-3.668991415147815349e-01	1.000000000000000888e+00	-2.396507765356346853e-01	1.493582647562715082e-01	-8.554081773656130316e-02	2.707369773313930139e-01	-7.000061053164964298e-01	2.147048028744043824e-01	-1.587040352032277890e-01	1.209622589530570530e-01	-1.630697846014649288e-01	1.469810930375947122e-01	-1.444572941485801898e-01	1.373453437976254188e-01	-1.192687426189934924e-01	9.097472718667247438e-02	-1.117487991814865161e-01	1.159990791355971634e-01	-1.448545745800180196e-01	8.269608217938974326e-02	-1.001476384000481445e-01	7.997213863535829192e-02	-7.949141778013907311e-02	9.448015232948075992e-02	-6.581970486366937878e-02
1.368613649036448110e-01	-1.233027545119557283e-01	1.235389947268193678e-01	-1.388865110385252288e-01	1.513369468796975925e-01	-1.053843632202817876e-01	1.359753856955774332e-01	-1.545755667744328488e-01	1.511150174815256153e-01	-1.449231738543138859e-01	1.400997426850026373e-01	-1.759474769536947536e-01	2.184368861641905746e-01	-1.915851087403644681e-01	1.329765723579933445e-01	-1.484005661320408620e-01	1.750488781575376407e-01	-3.733892299755897648e-01	2.485867059702114579e-01	-1.583684785085150981e-01	1.495781712220169146e-01	-2.396507765356346853e-01	9.999999999999985567e-01	-6.025885694370846091e-01	1.358469436927334795e-01	-1.405860836267066594e-01	1.894419274990010726e-01	-3.578019086926967907e-01	3.002534742355161823e-01	-1.960060865341765324e-01	1.914582210603755774e-01	-1.980082685816417221e-01	1.875954452095268954e-01	-2.566818463618921187e-01	1.861887175003344164e-01	-1.186232888224044990e-01	1.449929013577644088e-01	-1.612715270301755266e-01	1.934471428704969687e-01	-1.230090286641793706e-01	1.282257277050374844e-01	-1.090045458014601704e-01	1.076856421180182044e-01	-1.358422622562575344e-01	9.522120181420452856e-02
-1.081743763064141606e-01	9.355843879370842608e-02	-9.697590773447704871e-02	1.080635879834484780e-01	-1.242747482873023807e-01	8.051482512250839052e-02	-1.061808903377409047e-01	1.161539431721547722e-01	-1.223172586658187316e-01	1.138255180055587346e-01	-1.065613949647643693e-01	1.264309915781311744e-01	-1.704298817339353345e-01	1.505324384390718528e-01	-1.095427386413425214e-01	1.070435861457913890e-01	-1.294226775232509563e-01	2.058397048587257139e-01	-2.409799547969987688e-01	1.281684911277959638e-01	-1.140697506592217164e-01	1.493582647562715082e-01	-6.025885694370846091e-01	1.000000000000001998e+00	-1.261784268983651147e-01	1.021128090953417333e-01	-1.428364086668114374e-01	2.464682379385637612e-01	-6.272909918469464774e-01	1.619921722262279429e-01	-1.583991375820019143e-01	1.472265947301648892e-01	-1.538837837906298078e-01	2.324204056319105482e-01	-1.843638466123201647e-01	9.527402209024941893e-02	-1.193066981087883699e-01	1.272635564195006563e-01	-1.676586459045946442e-01	1.036485202542273137e-01	-1.057940441318005742e-01	8.780433233380552371e-02	-8.870744603185960753e-02	1.096474601392126436e-01	-8.197555899286897152e-02
1.032280012231431149e-01	-8.872216742780504595e-02	9.443366644087911044e-02	-1.275480091042151543e-01	1.696958705376488963e-01	-7.150786931387234646e-02	9.585457063259424093e-02	-1.096113075061083825e-01	1.338658203443527928e-01	-2.145885980567874829e-01	8.555448924365466334e-02	-9.749032421751857580e-02	1.343114054546855063e-01	-1.516403167492898774e-01	2.280689070393227269e-01	-8.046118529202365977e-02	9.208155511064944343e-02	-1.200981551469465225e-01	1.485938567151596779e-01	-6.290897643439016251e-01	7.493492048949348949e-02	-8.554081773656130316e-02	1.358469436927334795e-01	-1.261784268983651147e-01	9.999999999999992228e-01	-6.540233772453478422e-02	8.027464462400175915e-02	-1.145492021236261121e-01	1.278734956823198987e-01	-6.208138110858371084e-01	1.129958914297607281e-01	-9.237871843042558262e-02	8.583022532385869985e-02	-1.644041048445171460e-01	1.939801803932972857e-01	-7.094091137063776586e-02	8.764167143465484422e-02	-8.912825530513183991e-02	1.309333617129483651e-01	-9.724535048284754790e-02	8.213606212761161152e-02	-6.903381674258979306e-02	7.088374364910865477e-02	-9.356020537938757042e-02	7.408441838284299252e-02
-9.144935939343724896e-02	7.496013323453197541e-02	-7.130377074135732518e-02	7.239179632896716732e-02	-8.302197987554792158e-02	7.734072526076669896e-02	-9.903007228095699055e-02	8.175904936611835816e-02	-7.912411160702782775e-02	7.302479701940547963e-02	-1.297623767095810454e-01	1.347029740043942103e-01	-1.051261693179360995e-01	8.672504327746154151e-02	-6.676709888373728863e-02	1.504696611141139451e-01	-1.631713991732313129e-01	1.000219713945537658e-01	-1.012164830208878846e-01	7.598665478919822136e-02	-8.059947180367069697e-01	2.707369773313930139e-01	-1.405860836267066594e-01	1.021128090953417333e-01	-6.540233772453478422e-02	1.000000000000002887e+00	-4.460912864333448358e-01	1.609019348678577266e-01	-1.133926887214120049e-01	9.405112008113772348e-02	-1.461065581163890070e-01	1.204186973195706806e-01	-1.122036424431119145e-01	1.057711104600884411e-01	-9.249524966304474571e-02	7.741478808441255854e-02	-9.182325373201041807e-02	9.442678190821736373e-02	-1.174083992238065532e-01	6.677635751150759469e-02	-8.372313146116294735e-02	6.624217977790164413e-02	-6.526824266079815640e-02	7.749898332417939906e-02	-5.313387357126227173e-02
1.051556731560058938e-01	-8.922728918403677323e-02	8.455918770896564407e-02	-8.771332976557007222e-02	9.861059232997641810e-02	-9.088013455558308085e-02	1.145081486337177906e-01	-9.937922895578529814e-02	9.522327459077602196e-02	-8.899814300764792574e-02	1.421534535041416025e-01	-1.821077783148126183e-01	1.296597419641788429e-01	-1.077546114374867831e-01	8.116753621097715088e-02	-1.783751769025995748e-01	2.134075762181591729e-01	-1.302999742895376567e-01	1.253202077987704277e-01	-9.359480324823080122e-02	2.880994915691980629e-01	-7.000061053164964298e-01	1.894419274990010726e-01	-1.428364086668114374e-01	8.027464462400175915e-02	-4.460912864333448358e-01	9.999999999999997780e-01	-3.086567463710852555e-01	1.540495851770248559e-01	-1.166200094652981578e-01	1.627680939944306238e-01	-1.749354097653364470e-01	1.608381050550932445e-01	-1.375684557182687007e-01	1.146802150923482144e-01	-9.219497232162057743e-02	1.127247119440378809e-01	-1.226150900425232032e-01	1.413528412374422671e-01	-8.177075534568295501e-02	9.869793076597137282e-02	-8.043779829435485085e-02	7.923556273857276788e-02	-9.443779801736196244e-02	6.470229281963857382e-02
-1.227559479551527249e-01	1.013849628923067514e-01	-1.025576074474975341e-01	1.093788817904602778e-01	-1.300786296611032289e-01	9.194915734345125713e-02	-1.219457877686666580e-01	1.177059733048125278e-01	-1.212747841241735569e-01	1.144580644733751568e-01	-1.259131709824293233e-01	1.434609708505870662e-01	-1.596889974754804320e-01	1.351242106932258880e-01	-1.074100659276822078e-01	1.289569338064165127e-01	-1.558534783327866768e-01	1.656520559416845562e-01	-1.732799316899572839e-01	1.247036539010641099e-01	-1.710230045549094857e-01	2.147048028744043824e-01	-3.578019086926967907e-01	2.464682379385637612e-01	-1.145492021236261121e-01	1.609019348678577266e-01	-3.086567463710852555e-01	1.000000000000001332e+00	-4.064472497583810351e-01	1.641711202057992702e-01	-2.930676882583739817e-01	2.818274065844261767e-01	-5.396661238275073380e-01	2.312943310753293735e-01	-1.934800753888641645e-01	1.564723548211019166e-01	-2.086847875591591461e-01	2.253726271494218281e-01	-2.502635889605357988e-01	1.316320059219869554e-01	-1.699019039240938778e-01	1.351683055261627686e-01	-1.367682759127505088e-01	1.517609365710496649e-01	-1.062558149733181800e-01
1.089448865553437479e-01	-9.387081831383517483e-02	9.454360232216479920e-02	-1.070835178490633782e-01	1.246240208019691320e-01	-8.127878497183459172e-02	1.065798582333448430e-01	-1.121113036206274755e-01	1.161992757007924842e-01	-1.165832452896442273e-01	1.063861251339623393e-01	-1.256897431748318361e-01	1.478880218412241543e-01	-1.367460050736283572e-01	1.091059833791118566e-01	-1.092874840991909791e-01	1.258356348767835087e-01	-1.676503167828365115e-01	1.739015555364673005e-01	-1.354943821733206322e-01	1.192870061662658770e-01	-1.587040352032277890e-01	3.002534742355161823e-01	-6.272909918469464774e-01	1.278734956823198987e-01	-1.133926887214120049e-01	1.540495851770248559e-01	-4.064472497583810351e-01	9.999999999999995559e-01	-1.963046743997026722e-01	1.833276841444381189e-01	-1.904559345498211265e-01	1.946212917056781011e-01	-4.391933657352762310e-01	2.252273569808160569e-01	-1.133480064766733686e-01	1.412476536289636875e-01	-1.586737368840151485e-01	1.964929233622705607e-01	-1.283681463705086678e-01	1.232149169745043044e-01	-1.052532384265165849e-01	1.055383768296064978e-01	-1.336079053948361905e-01	9.869949136483513463e-02
-1.501270164573435817e-01	1.199600481928927154e-01	-1.299809601631285727e-01	1.540389168361957495e-01	-2.250016585309371764e-01	1.013779060391054865e-01	-1.388961172669364585e-01	1.420902826237389061e-01	-1.725501887371211629e-01	1.912132500280276093e-01	-1.222535875179398962e-01	1.334019651691737418e-01	-1.796141515836631453e-01	1.732748860877940666e-01	-2.259240797566793302e-01	1.121125507955448158e-01	-1.302045832943557746e-01	1.548158624130692440e-01	-1.945597728778294400e-01	2.853691703001356994e-01	-1.099206316975561426e-01	1.209622589530570530e-01	-1.960060865341765324e-01	1.619921722262279429e-01	-6.208138110858371084e-01	9.405112008113772348e-02	-1.166200094652981578e-01	1.641711202057992702e-01	-1.963046743997026722e-01	9.999999999999991118e-01	-1.749708128581685396e-01	1.357672279625142531e-01	-1.288298540845021212e-01	2.402171883994402846e-01	-4.262829012714369203e-01	1.084612026903962051e-01	-1.358717318326213008e-01	1.350565158048572523e-01	-2.097560763686298069e-01	1.541280395928809888e-01	-1.281733862107930222e-01	1.050240348522793882e-01	-1.105375934233588653e-01	1.409496081186658312e-01	-1.232462459785152037e-01
1.198628642388043369e-01	-9.967986399396557007e-02	9.778826044709280907e-02	-1.070409088747052290e-01	1.277253523399960178e-01	-8.839328510956567797e-02	1.165593581206633839e-01	-1.116284643846176539e-01	1.141011712886636636e-01	-1.161103184102421082e-01	1.146940755302253839e-01	-1.292993786219843733e-01	1.360022364624108582e-01	-1.219010586082663050e-01	1.049412636462750681e-01	-1.180154924988305459e-01	1.295338369084678976e-01	-1.305031293810227921e-01	1.393860351154715960e-01	-1.290409846800574800e-01	1.429777351434317056e-01	-1.630697846014649288e-01	1.914582210603755774e-01	-1.583991375820019143e-01	1.129958914297607281e-01	-1.461065581163890070e-01	1.627680939944306238e-01	-2.930676882583739817e-01	1.833276841444381189e-01	-1.749708128581685396e-01	1.000000000000001332e+00	-5.569567639405834658e-01	2.723186986225281658e-01	-2.157196293024017109e-01	1.804134670570338161e-01	-4.103024762915526980e-01	2.637681088321574552e-01	-2.744362312446864682e-01	2.600244509602400167e-01	-1.651073221025227133e-01	2.593009040895080108e-01	-2.048515653326397623e-01	1.773370802413149760e-01	-2.132492772232190137e-01	1.291944524776387770e-01
-1.005484962123743692e-01	8.198976251819467542e-02	-8.228044562450444188e-02	8.786286848857545462e-02	-1.063025354772494380e-01	7.398561962615578247e-02	-9.858806072073846016e-02	9.302655667214713986e-02	-9.624213850189430874e-02	9.301737621770710118e-02	-9.879068580014048473e-02	1.100387381333082781e-01	-1.199412996060407605e-01	1.034933668596176720e-01	-8.633149476177480464e-02	9.961652629509124002e-02	-1.158442294037507203e-01	1.164501531403782653e-01	-1.255591061767489802e-01	1.016873214745706439e-01	-1.294557048672519972e-01	1.469810930375947122e-01	-1.980082685816417221e-01	1.472265947301648892e-01	-9.237871843042558262e-02	1.204186973195706806e-01	-1.749354097653364470e-01	2.818274065844261767e-01	-1.904559345498211265e-01	1.357672279625142531e-01	-5.569567639405834658e-01	1.000000000000004219e+00	-6.124943988425449737e-01	1.797706386494890285e-01	-1.581490022576370058e-01	2.052690408782525955e-01	-2.633364919176240382e-01	2.511002981228079856e-01	-2.479962621655702748e-01	1.266965115813114273e-01	-2.018124846954236495e-01	1.531651059977616192e-01	-1.484528297720069945e-01	1.565776033749441687e-01	-1.030349204195354085e-01
8.915969547977144194e-02	-7.404421901303939735e-02	7.381904413819107003e-02	-8.008315606219948424e-02	9.551616522171843537e-02	-6.639185913903124237e-02	8.770346526194580661e-02	-8.467759680556222190e-02	8.701155004300578644e-02	-8.560389441013421807e-02	8.862647643823401422e-02	-1.011257225586220804e-01	1.087689572308366270e-01	-9.529101982608773058e-02	7.904620912409608680e-02	-9.144818266599878676e-02	1.051925874986221199e-01	-1.097787984614984474e-01	1.149288706327277337e-01	-9.489315668039551011e-02	1.139655460306700507e-01	-1.444572941485801898e-01	1.875954452095268954e-01	-1.538837837906298078e-01	8.583022532385869985e-02	-1.122036424431119145e-01	1.608381050550932445e-01	-5.396661238275073380e-01	1.946212917056781011e-01	-1.288298540845021212e-01	2.723186986225281658e-01	-6.124943988425449737e-01	9.999999999999992228e-01	-1.951402915446273922e-01	1.490492336959642061e-01	-1.616553609070409403e-01	2.210257075653550562e-01	-3.730496062551934000e-01	2.253140073902635543e-01	-1.182591439588572962e-01	1.570489643416013437e-01	-1.370917899133589080e-01	1.347907822817192569e-01	-1.452127899608180728e-01	9.439400959929823698e-02
-1.236812298463584592e-01	1.010671941298187937e-01	-1.044678143692557015e-01	1.162524903462628934e-01	-1.484399728531611007e-01	8.800511148935485917e-02	-1.183922702161458868e-01	1.178476551585820736e-01	-1.287427489722272889e-01	1.287572079689456861e-01	-1.122191175836498717e-01	1.251176375769170734e-01	-1.533799077694937840e-01	1.375374166739546100e-01	-1.264444584859034937e-01	1.086688474448793407e-01	-1.261609051728973252e-01	1.494487724183722055e-01	-1.705927454440608337e-01	1.520714738857657788e-01	-1.195235712477824702e-01	1.373453437976254188e-01	-2.566818463618921187e-01	2.324204056319105482e-01	-1.644041048445171460e-01	1.057711104600884411e-01	-1.375684557182687007e-01	2.312943310753293735e-01	-4.391933657352762310e-01	2.402171883994402846e-01	-2.157196293024017109e-01	1.797706386494890285e-01	-1.951402915446273922e-01	9.999999999999997780e-01	-6.336345321887197901e-01	1.363337436035060302e-01	-1.756721403310382013e-01	1.837170053464598218e-01	-3.187144152127580621e-01	2.052665051215351866e-01	-1.574993280293303932e-01	1.336341438524681347e-01	-1.417922958564754032e-01	1.822080311302650135e-01	-1.647925130724138543e-01
