1.000000000000000000e+00	-3.537399876438634960e-01	1.663078141550958233e-01	-1.681768979806627651e-01	1.231168811592012191e-01	-8.384178853520922736e-01	2.706185982321277494e-01	-1.973654392201364405e-01	1.280299550704117884e-01	-9.106416127962861651e-02	7.815043740166355279e-02	-2.058665705035737925e-01	1.539075902353375380e-01	-1.254936670812077937e-01	8.948003817254809866e-02	-7.211359566040913271e-02	1.252135328172419848e-01	-1.080703027743596389e-01	1.156328687934935484e-01	-9.008344522584509073e-02	7.555054862989588060e-02	-5.563819196439710735e-02	9.142275536195636210e-02	-7.512254707166345080e-02	1.038764847867918312e-01	-4.193564779128644560e-02	4.186925926678671667e-02	-8.216409011008277141e-02	5.763669974099999010e-02	-5.503376675222043657e-02	3.555306818676644276e-02	-4.194168439916711594e-02	5.825660677161433737e-02	-4.635682786894446822e-02	4.699282149202120562e-02	-3.548588764348466207e-02	3.521013270631653813e-02	-4.130438228187254673e-02	3.702389248084503315e-02	-3.228522546594342346e-02	5.764530525992186266e-02	-2.785158377018440504e-02	2.721888425898962363e-02	-6.421049616905155633e-02	3.434366113695092732e-02
-3.537399876438634960e-01	9.999999999999996669e-01	-5.236450074077376726e-01	2.935444186468966210e-01	-2.761444575126574263e-01	2.413459925356080393e-01	-4.467041345625854531e-01	2.910509713314636815e-01	-2.690782255242962773e-01	1.785147528991504196e-01	-1.222260314494707234e-01	2.560670431840310624e-01	-2.634906560398249109e-01	2.147156241713219227e-01	-1.693891879474754836e-01	1.061417488923186575e-01	-2.175693121957182896e-01	1.719621433246947828e-01	-2.150458853577800755e-01	1.582796877854076301e-01	-1.280302650162961908e-01	9.224792971644446560e-02	-1.676026760040732477e-01	1.356861626254919906e-01	-1.956366940391562614e-01	6.965153024800735393e-02	-7.046212341909703636e-02	1.382906134049750324e-01	-1.027882526269691815e-01	9.606445738130874046e-02	-5.971454250615888804e-02	6.982088683460459244e-02	-1.002657821226664442e-01	7.908057970406427717e-02	-8.143436319043138860e-02	5.932857093719268865e-02	-5.902320657975333729e-02	6.883694015891193840e-02	-6.215019802288691830e-02	5.457393143326242507e-02	-9.769662467932391237e-02	4.638333095455610122e-02	-4.556388600882142759e-02	1.053547041006750173e-01	-5.834346793311010609e-02
1.663078141550958233e-01	-5.236450074077376726e-01	9.999999999999995559e-01	-5.950256597738026176e-01	2.200571335661168360e-01	-1.481146064967740206e-01	2.447046921697447475e-01	-4.655074775347095017e-01	2.082393935806297058e-01	-1.522893536120683289e-01	8.170624565016457175e-02	-2.096140206962200381e-01	2.302290228551467921e-01	-1.770551784041937693e-01	1.259883572369644711e-01	-7.353608621031862413e-02	1.496379123320617788e-01	-1.295465316529370026e-01	1.515619278728048969e-01	-1.215842763739110877e-01	8.549680661331690579e-02	-6.339397774427903143e-02	1.125088648639189642e-01	-9.428796475559204915e-02	1.314710324478789716e-01	-4.785521321125656841e-02	4.816609919645387788e-02	-9.684787856490471858e-02	7.046534681398475275e-02	-6.673637423632824972e-02	4.079139576614395496e-02	-4.818197992716507366e-02	6.838614695407958799e-02	-5.463970536318805971e-02	5.571005738472539770e-02	-4.065024083276060074e-02	4.053500382644693867e-02	-4.771654114767754501e-02	4.290905174077754014e-02	-3.770013372509080363e-02	6.620591638339899665e-02	-3.202405527051672973e-02	3.135130391765032776e-02	-7.373529564843907258e-02	4.008953283295024761e-02
-1.681768979806627651e-01	2.935444186468966210e-01	-5.950256597738026176e-01	9.999999999999994449e-01	-4.664767212114580008e-01	1.399342936571137119e-01	-2.308189303686063731e-01	2.593160126007029165e-01	-3.678971782579888994e-01	2.461316983533737290e-01	-1.022492036920213260e-01	1.984742107878424977e-01	-2.288371894382295324e-01	2.252138615606812944e-01	-1.828368276475960119e-01	8.999181673509669410e-02	-1.853916867521580580e-01	1.540601445065619413e-01	-2.040572696830532107e-01	1.665983634373186806e-01	-1.129332849677252698e-01	8.310499112816181755e-02	-1.532659227455817619e-01	1.270855951764877367e-01	-1.823394335488540130e-01	6.299444621743180428e-02	-6.361542837248258808e-02	1.281682127397093252e-01	-9.508588576871175591e-02	8.936072292338574641e-02	-5.396906282121358839e-02	6.361641005642801328e-02	-9.136352860816895904e-02	7.273943085631141836e-02	-7.458799005817162708e-02	5.372299230337899967e-02	-5.365352153881332992e-02	6.306889370436338793e-02	-5.685939584978830924e-02	5.006752666282487940e-02	-8.797703503544064552e-02	4.231418682090837963e-02	-4.149897181959787823e-02	9.699507347132149682e-02	-5.334474473908162873e-02
1.231168811592012191e-01	-2.761444575126574263e-01	2.200571335661168360e-01	-4.664767212114580008e-01	9.999999999999994449e-01	-1.177566637513604575e-01	1.681653368410851723e-01	-2.076090802595844387e-01	3.097595932017729314e-01	-6.674582316761649148e-01	8.559616909476973345e-02	-1.767257722948870902e-01	1.711470845105068916e-01	-2.485466044637841265e-01	2.128546253811317013e-01	-7.945720265420815054e-02	1.499778129570683849e-01	-1.420724604200187258e-01	1.787872150975554908e-01	-2.202244036136307981e-01	1.029508116413778845e-01	-7.935653530455871740e-02	1.355619830706469020e-01	-1.184033182073532253e-01	1.632453572379793105e-01	-6.078738302822229295e-02	6.050815320038153977e-02	-1.274056895015402424e-01	8.840010506034705340e-02	-8.620586403945854070e-02	5.172877952147093145e-02	-6.227127239981748719e-02	8.691873484786535875e-02	-7.069883258408143911e-02	7.092255405444425342e-02	-5.186471649897113345e-02	5.206014116598144115e-02	-6.229114838036028251e-02	5.567999049589037602e-02	-4.890414891225674382e-02	8.350852783950568625e-02	-4.155754761100793893e-02	4.048305166242099906e-02	-9.787101006410182935e-02	5.162409797936410444e-02
-8.384178853520922736e-01	2.413459925356080393e-01	-1.481146064967740206e-01	1.399342936571137119e-01	-1.177566637513604575e-01	9.999999999999998890e-01	-4.057597983137526398e-01	1.751098525478864687e-01	-1.232908886199303722e-01	8.448803137064336832e-02	-7.755683518611465599e-02	1.879634588440580734e-01	-1.515932035160767466e-01	1.156780279010900386e-01	-8.473406609475028772e-02	6.816277718732169366e-02	-1.248366177146001399e-01	1.006359536970170832e-01	-1.120903145633639214e-01	8.300864740553433319e-02	-7.063822535322210328e-02	5.132283528538868905e-02	-8.713921799532346746e-02	7.119856281027953093e-02	-9.957519744949502871e-02	3.853501906953293171e-02	-3.869944166999948754e-02	7.542283613358227723e-02	-5.423258215261768378e-02	5.127382260798154373e-02	-3.273222208983765646e-02	3.840585155184071675e-02	-5.394840891177463127e-02	4.276683031807035351e-02	-4.363321196201992713e-02	3.259223626125580531e-02	-3.232114349081604415e-02	3.776854332006433779e-02	-3.394640653429195631e-02	2.967367709435160886e-02	-5.315222454021643894e-02	2.547655879307739873e-02	-2.494711723403539305e-02	5.831079629437563305e-02	-3.162761500524231828e-02
2.706185982321277494e-01	-4.467041345625854531e-01	2.447046921697447475e-01	-2.308189303686063731e-01	1.681653368410851723e-01	-4.057597983137526398e-01	9.999999999999994449e-01	-4.372213923747446107e-01	1.812637148760816164e-01	-1.268905186110393657e-01	1.066312449323425643e-01	-5.223319949818500119e-01	2.860456561597882752e-01	-1.898077380055772645e-01	1.263454781019734408e-01	-9.906969964639777970e-02	1.984594687039132332e-01	-1.701609506588211695e-01	1.682856965364145085e-01	-1.260456431266430144e-01	9.786284245135241922e-02	-7.306070579021738121e-02	1.229532780167656714e-01	-1.039564409327198014e-01	1.404831964891408436e-01	-5.455787181874281744e-02	5.474700461773608640e-02	-1.087436620860083442e-01	7.761412220815869234e-02	-7.397033517632313482e-02	4.610688903948795964e-02	-5.444090457460942778e-02	7.610065342663384358e-02	-6.097270959069285567e-02	6.182157690271133932e-02	-4.597251625155040350e-02	4.566662092711695764e-02	-5.371365631702677140e-02	4.816618603739482307e-02	-4.219195459296262024e-02	7.431702529587011496e-02	-3.609906279270286289e-02	3.527376135381310451e-02	-8.333211130746576156e-02	4.478306801414102395e-02
-1.973654392201364405e-01	2.910509713314636815e-01	-4.655074775347095017e-01	2.593160126007029165e-01	-2.076090802595844387e-01	1.751098525478864687e-01	-4.372213923747446107e-01	9.999999999999992228e-01	-2.384963233042822484e-01	1.501500217391248115e-01	-1.004968214119408287e-01	2.970870476234159230e-01	-5.790525501969585598e-01	2.195977315288875076e-01	-1.463197313624179374e-01	8.962405408007338703e-02	-1.991569835885965423e-01	1.670055465109102633e-01	-1.903174310956022297e-01	1.365970789544716235e-01	-9.758027329481498702e-02	7.258919851933195999e-02	-1.309767073901904333e-01	1.111644904523774180e-01	-1.524028843066522199e-01	5.437284349596721578e-02	-5.492902956541478171e-02	1.104594101020953678e-01	-8.170834781840577432e-02	7.687502673929179353e-02	-4.620134836604233852e-02	5.450537428035289594e-02	-7.757911047538883220e-02	6.216659372720951399e-02	-6.347093089360851537e-02	4.599046757795210300e-02	-4.583481621403807937e-02	5.395575178496359731e-02	-4.853838625612331981e-02	4.274529168018705028e-02	-7.465708453547639789e-02	3.616699514124233072e-02	-3.540809186541703235e-02	8.320999632366542220e-02	-4.541278441724485443e-02
1.280299550704117884e-01	-2.690782255242962773e-01	2.082393935806297058e-01	-3.678971782579888994e-01	3.097595932017729314e-01	-1.232908886199303722e-01	1.812637148760816164e-01	-2.384963233042822484e-01	1.000000000000000444e+00	-5.670929187933492210e-01	9.516354850796279741e-02	-2.032471613223943707e-01	2.083084300187724169e-01	-4.883628048912593833e-01	2.408690351897462834e-01	-8.890872678219860492e-02	1.755204775165251641e-01	-1.736383420778984388e-01	2.307904202017750095e-01	-2.376356992830481185e-01	1.126986503226371367e-01	-8.792752798010348980e-02	1.543979316048268158e-01	-1.410472851206973910e-01	1.849440832911351529e-01	-6.704835015153289002e-02	6.692799285283916599e-02	-1.430685026056700559e-01	1.011566796789727801e-01	-9.838589885611065400e-02	5.692924367741283159e-02	-6.863539028592366420e-02	9.636714151806961837e-02	-7.894724152864056321e-02	7.917658465549645697e-02	-5.705076592560689996e-02	5.733937241845366711e-02	-6.879492073384363415e-02	6.151433067328187371e-02	-5.426380590472960896e-02	9.149786507165118266e-02	-4.575482701841375455e-02	4.456581851882224221e-02	-1.078980700931856246e-01	5.715043224432915514e-02
-9.106416127962861651e-02	1.785147528991504196e-01	-1.522893536120683289e-01	2.461316983533737290e-01	-6.674582316761649148e-01	8.448803137064336832e-02	-1.268905186110393657e-01	1.501500217391248115e-01	-5.670929187933492210e-01	1.000000000000002220e+00	-6.926131411216156220e-02	1.348979215716587521e-01	-1.413692726176550840e-01	2.384653718678584056e-01	-2.980311527664643023e-01	6.349354227172969434e-02	-1.294894328554683782e-01	1.195983983486955810e-01	-1.711668118791882243e-01	2.070061874835357474e-01	-8.230366223592462671e-02	6.390375187186188299e-02	-1.176775616425228960e-01	1.052690136095888462e-01	-1.491311126968206113e-01	4.871305360462552247e-02	-4.885428100725452971e-02	1.045105099748123850e-01	-7.603866823825573829e-02	7.311913426378918723e-02	-4.147225195809065706e-02	4.989858858534038100e-02	-7.095962645772052602e-02	5.800546915410847992e-02	-5.860075265195754252e-02	4.150065428420506713e-02	-4.176559286822267847e-02	5.006164395042311116e-02	-4.488123245552666507e-02	3.972726728551861236e-02	-6.674286974330807809e-02	3.325709130087628473e-02	-3.244421534039792360e-02	7.811536598660490105e-02	-4.190345406191071931e-02
7.815043740166355279e-02	-1.222260314494707234e-01	8.170624565016457175e-02	-1.022492036920213260e-01	8.559616909476973345e-02	-7.755683518611465599e-02	1.066312449323425643e-01	-1.004968214119408287e-01	9.516354850796279741e-02	-6.926131411216156220e-02	1.000000000000000666e+00	-1.515525905278186924e-01	1.063559877583242497e-01	-1.109515587568349615e-01	7.977963661618256430e-02	-9.033453752251205948e-01	1.705106923480887715e-01	-1.398836825087127755e-01	1.178698690603972310e-01	-8.629437981821724835e-02	1.999767047446025237e-01	-1.299422907975600061e-01	1.110591928425958969e-01	-8.591190504271750683e-02	1.147551345738512529e-01	-8.759389418108483316e-02	8.258523200316025825e-02	-1.158664789807647422e-01	7.142780245808613704e-02	-6.938587602354027994e-02	6.609116436131083627e-02	-7.350598550651334107e-02	8.508209543670018637e-02	-6.559065797202481840e-02	6.520173575521803766e-02	-6.587232110728444279e-02	6.026546512438257786e-02	-6.545440039218997086e-02	5.750397685817766613e-02	-4.778224161697910283e-02	9.928342801680842267e-02	-4.622689990497881596e-02	4.470401155777437713e-02	-1.011914498369996807e-01	5.091482355325276793e-02
-2.058665705035737925e-01	2.560670431840310624e-01	-2.096140206962200381e-01	1.984742107878424977e-01	-1.767257722948870902e-01	1.879634588440580734e-01	-5.223319949818500119e-01	2.970870476234159230e-01	-2.032471613223943707e-01	1.348979215716587521e-01	-1.515525905278186924e-01	1.000000000000002220e+00	-5.705621372682466719e-01	2.256465727593790493e-01	-1.493412355501484712e-01	1.292306344165192467e-01	-3.673025833205748603e-01	2.275709802159602280e-01	-2.223005764584904953e-01	1.433535996849740479e-01	-1.132481154585155969e-01	8.420684788811319543e-02	-1.459453077629861428e-01	1.250520864619513173e-01	-1.664988440165205974e-01	6.176819364617579244e-02	-6.264945740092359161e-02	1.231780596595818678e-01	-9.097729064149298606e-02	8.550674700177199328e-02	-5.195515213926366060e-02	6.097790539014433936e-02	-8.588390011582131001e-02	6.896244752445672421e-02	-7.025980485594669755e-02	5.162192496330883507e-02	-5.117386834705166948e-02	6.002083392305492676e-02	-5.390894220560973893e-02	4.741496374144361925e-02	-8.315574635054946706e-02	4.029363425884897182e-02	-3.940776349366117981e-02	9.253432352106770453e-02	-5.030349794807440628e-02
1.539075902353375380e-01	-2.634906560398249109e-01	2.302290228551467921e-01	-2.288371894382295324e-01	1.711470845105068916e-01	-1.515932035160767466e-01	2.860456561597882752e-01	-5.790525501969585598e-01	2.083084300187724169e-01	-1.413692726176550840e-01	1.063559877583242497e-01	-5.705621372682466719e-01	1.000000000000002887e+00	-3.367376197162026963e-01	1.531684324801221297e-01	-9.917432144384415171e-02	2.261680637141827432e-01	-2.285066131659119759e-01	2.091535807177963835e-01	-1.490020676528691634e-01	9.778226466704914577e-02	-7.458209836198888276e-02	1.312527419885234081e-01	-1.171720128551366619e-01	1.513910686155169882e-01	-5.544285794572401116e-02	5.589034882492749379e-02	-1.141969711105306345e-01	8.343963623899688931e-02	-7.936222090496536374e-02	4.676383346129996121e-02	-5.548820003109490584e-02	7.821697194978910472e-02	-6.343220343692049235e-02	6.422594078076629409e-02	-4.661905686695726886e-02	4.647492572191534721e-02	-5.503271958712251111e-02	4.935035525843499415e-02	-4.351521142134930076e-02	7.488836510681841363e-02	-3.677683557989640944e-02	3.591118378420339596e-02	-8.535335964729189040e-02	4.600392390281598382e-02
-1.254936670812077937e-01	2.147156241713219227e-01	-1.770551784041937693e-01	2.252138615606812944e-01	-2.485466044637841265e-01	1.156780279010900386e-01	-1.898077380055772645e-01	2.195977315288875076e-01	-4.883628048912593833e-01	2.384653718678584056e-01	-1.109515587568349615e-01	2.256465727593790493e-01	-3.367376197162026963e-01	1.000000000000000444e+00	-3.802846920133279851e-01	1.011909146148802369e-01	-2.473848045984660127e-01	2.302260414472690198e-01	-4.937483557487474806e-01	2.632143775870603997e-01	-1.231149978628171271e-01	9.713517067316716769e-02	-2.015988655974665644e-01	1.936443205451814364e-01	-2.458610318391195038e-01	7.302709253295196212e-02	-7.412535146903025118e-02	1.617383980897602880e-01	-1.284175673447697508e-01	1.186061979586710141e-01	-6.198644741086083848e-02	7.445119375022121733e-02	-1.081914391483092264e-01	8.933015515765599379e-02	-9.102713710556256665e-02	6.182624786031677006e-02	-6.235021081703463058e-02	7.489821577581444456e-02	-6.737060540671807596e-02	6.029119253181745852e-02	-9.890845653703776719e-02	4.946272877838948229e-02	-4.831771763132507169e-02	1.158341979193308613e-01	-6.343065857796549578e-02
8.948003817254809866e-02	-1.693891879474754836e-01	1.259883572369644711e-01	-1.828368276475960119e-01	2.128546253811317013e-01	-8.473406609475028772e-02	1.263454781019734408e-01	-1.463197313624179374e-01	2.408690351897462834e-01	-2.980311527664643023e-01	7.977963661618256430e-02	-1.493412355501484712e-01	1.531684324801221297e-01	-3.802846920133279851e-01	1.000000000000003331e+00	-7.429523199218396323e-02	1.509231133559158222e-01	-1.507301050528667141e-01	2.276020914227912806e-01	-7.704628681537007973e-01	1.024710247099522575e-01	-8.331426748902426294e-02	1.547609286824055963e-01	-1.541932708533075569e-01	2.227443277200085447e-01	-6.380530912154991352e-02	6.384354493241112261e-02	-1.457516249639539407e-01	1.050856616399277882e-01	-1.049019930734881312e-01	5.411587262738824095e-02	-6.621816599950711146e-02	9.429360755272334083e-02	-7.934863881255954654e-02	7.915485432773740337e-02	-5.432739349306977411e-02	5.512325120492152924e-02	-6.723779498563184354e-02	6.007350245475054362e-02	-5.369504452922783250e-02	8.609364824044797582e-02	-4.418111892457062678e-02	4.295060794332414972e-02	-1.056491644102940664e-01	5.604286753538910426e-02
-7.211359566040913271e-02	1.061417488923186575e-01	-7.353608621031862413e-02	8.999181673509669410e-02	-7.945720265420815054e-02	6.816277718732169366e-02	-9.906969964639777970e-02	8.962405408007338703e-02	-8.890872678219860492e-02	6.349354227172969434e-02	-9.033453752251205948e-01	1.292306344165192467e-01	-9.917432144384415171e-02	1.011909146148802369e-01	-7.429523199218396323e-02	1.000000000000001554e+00	-2.048196098778218011e-01	1.333268046352042435e-01	-1.154990570277781153e-01	7.890830092886824687e-02	-2.527608883039274001e-01	1.203944302567167557e-01	-1.047685919868876214e-01	8.061341458189694165e-02	-1.081171643183404529e-01	7.967724415246488223e-02	-7.784571977621061734e-02	1.041183504308010183e-01	-6.604854547047223079e-02	6.340812170071735698e-02	-6.056695809460345414e-02	6.563045819371726708e-02	-7.695749790083547537e-02	5.901128056986735398e-02	-5.908348682652832945e-02	5.940543550011671142e-02	-5.419096291164456070e-02	5.816405514784176584e-02	-5.126976394750761001e-02	4.267900062693767010e-02	-9.057533124987308948e-02	4.120766391475555457e-02	-3.999889056610703847e-02	8.881286298620442998e-02	-4.556918972984361216e-02
1.252135328172419848e-01	-2.175693121957182896e-01	1.496379123320617788e-01	-1.853916867521580580e-01	1.499778129570683849e-01	-1.248366177146001399e-01	1.984594687039132332e-01	-1.991569835885965423e-01	1.755204775165251641e-01	-1.294894328554683782e-01	1.705106923480887715e-01	-3.673025833205748603e-01	2.261680637141827432e-01	-2.473848045984660127e-01	1.509231133559158222e-01	-2.048196098778218011e-01	1.000000000000001776e+00	-7.257981569449176718e-01	2.762251236408879151e-01	-1.720650892694641498e-01	1.382645742006014533e-01	-1.130288817062933965e-01	1.675813686840783856e-01	-1.582274886114588275e-01	1.809601897847686325e-01	-7.806829206532953092e-02	7.991682756961793199e-02	-1.567929225918744396e-01	1.089663282197487482e-01	-1.062381147699936468e-01	6.435317439856819144e-02	-7.577799607595307740e-02	1.035260252973994599e-01	-8.491426764478215983e-02	8.465089218337207289e-02	-6.389613307285031685e-02	6.307923981902642530e-02	-7.448583546727333138e-02	6.636680896423989562e-02	-5.828092800953139224e-02	1.006571579716344922e-01	-4.985653330809640404e-02	4.848867254302228341e-02	-1.161508222760592318e-01	6.122289007923933241e-02
-1.080703027743596389e-01	1.719621433246947828e-01	-1.295465316529370026e-01	1.540601445065619413e-01	-1.420724604200187258e-01	1.006359536970170832e-01	-1.701609506588211695e-01	1.670055465109102633e-01	-1.736383420778984388e-01	1.195983983486955810e-01	-1.398836825087127755e-01	2.275709802159602280e-01	-2.285066131659119759e-01	2.302260414472690198e-01	-1.507301050528667141e-01	1.333268046352042435e-01	-7.257981569449176718e-01	1.000000000000003109e+00	-4.867354459846687798e-01	1.606025152955292690e-01	-1.194369866197576291e-01	9.460951483217037994e-02	-1.843232328168606660e-01	1.737798398957357549e-01	-1.924652976430596685e-01	6.769581957600391553e-02	-6.996686592502131263e-02	1.441429315425152569e-01	-1.126968772516360046e-01	1.035907464369829195e-01	-5.656678097012900197e-02	6.687249768225693447e-02	-9.525729696495133236e-02	7.849742712838361780e-02	-7.961876618599450506e-02	5.607350000215786251e-02	-5.590133093410427217e-02	6.642373783119820407e-02	-5.958709338706496411e-02	5.305590121224617456e-02	-8.893281295053541424e-02	4.410644046215474179e-02	-4.304163424781989183e-02	1.025158884932298176e-01	-5.576532116865341726e-02
1.156328687934935484e-01	-2.150458853577800755e-01	1.515619278728048969e-01	-2.040572696830532107e-01	1.787872150975554908e-01	-1.120903145633639214e-01	1.682856965364145085e-01	-1.903174310956022297e-01	2.307904202017750095e-01	-1.711668118791882243e-01	1.178698690603972310e-01	-2.223005764584904953e-01	2.091535807177963835e-01	-4.937483557487474806e-01	2.276020914227912806e-01	-1.154990570277781153e-01	2.762251236408879151e-01	-4.867354459846687798e-01	1.000000000000003331e+00	-2.896516501061407456e-01	1.418536758042815149e-01	-1.188189524098324235e-01	2.428568447016928866e-01	-3.772232979584150270e-01	2.669153634403292896e-01	-8.892226467068686802e-02	8.994272063026395592e-02	-2.121671979698113997e-01	1.682782381390785509e-01	-1.621629373996663626e-01	7.479907535971427879e-02	-9.125683338367503172e-02	1.319007317342393293e-01	-1.131744193770905516e-01	1.127961193455615380e-01	-7.486907565399789077e-02	7.590870791716815280e-02	-9.269478529505119357e-02	8.295871063881109231e-02	-7.502446399165088597e-02	1.177210322335512094e-01	-6.057753933233928079e-02	5.892554976375033449e-02	-1.443389883420659325e-01	7.778635008105329318e-02
-9.008344522584509073e-02	1.582796877854076301e-01	-1.215842763739110877e-01	1.665983634373186806e-01	-2.202244036136307981e-01	8.300864740553433319e-02	-1.260456431266430144e-01	1.365970789544716235e-01	-2.376356992830481185e-01	2.070061874835357474e-01	-8.629437981821724835e-02	1.433535996849740479e-01	-1.490020676528691634e-01	2.632143775870603997e-01	-7.704628681537007973e-01	7.890830092886824687e-02	-1.720650892694641498e-01	1.606025152955292690e-01	-2.896516501061407456e-01	1.000000000000002665e+00	-1.101036628922127253e-01	8.920513375785765753e-02	-1.874186401542212999e-01	1.841730488812209632e-01	-3.512433519839083806e-01	6.798635366710345518e-02	-6.876011656113607817e-02	1.570323376994949560e-01	-1.236613138907869530e-01	1.187453542470287976e-01	-5.787891375129085303e-02	7.045705765230252104e-02	-1.032443465256423221e-01	8.663876072426249242e-02	-8.814871411263001943e-02	5.790203290365271427e-02	-5.887949224743915799e-02	7.164569517235837293e-02	-6.441769333151495247e-02	5.810607047673644471e-02	-9.212155766700805271e-02	4.693949031354896495e-02	-4.578917346456293225e-02	1.112461193680963079e-01	-6.082328842313773631e-02
7.555054862989588060e-02	-1.280302650162961908e-01	8.549680661331690579e-02	-1.129332849677252698e-01	1.029508116413778845e-01	-7.063822535322210328e-02	9.786284245135241922e-02	-9.758027329481498702e-02	1.126986503226371367e-01	-8.230366223592462671e-02	1.999767047446025237e-01	-1.132481154585155969e-01	9.778226466704914577e-02	-1.231149978628171271e-01	1.024710247099522575e-01	-2.527608883039274001e-01	1.382645742006014533e-01	-1.194369866197576291e-01	1.418536758042815149e-01	-1.101036628922127253e-01	1.000000000000003553e+00	-5.437641191750955949e-01	2.066141539632920798e-01	-1.391079467489912402e-01	1.924683074655176018e-01	-2.935410678236871074e-01	2.616378210768494639e-01	-2.484545371892479815e-01	1.325817740450232207e-01	-1.295408093508695346e-01	1.888921184670671882e-01	-1.957518470354807361e-01	1.897416621558776217e-01	-1.399001338119436333e-01	1.373043542423038887e-01	-1.866570225855076481e-01	1.563039126453596439e-01	-1.549731887217088711e-01	1.336333898454384050e-01	-1.058777787061664644e-01	2.528304639367900397e-01	-1.143747740019195325e-01	1.095616072683027048e-01	-2.327245514002186377e-01	1.132954903829938159e-01
-5.563819196439710735e-02	9.224792971644446560e-02	-6.339397774427903143e-02	8.310499112816181755e-02	-7.935653530455871740e-02	5.132283528538868905e-02	-7.306070579021738121e-02	7.258919851933195999e-02	-8.792752798010348980e-02	6.390375187186188299e-02	-1.299422907975600061e-01	8.420684788811319543e-02	-7.458209836198888276e-02	9.713517067316716769e-02	-8.331426748902426294e-02	1.203944302567167557e-01	-1.130288817062933965e-01	9.460951483217037994e-02	-1.188189524098324235e-01	8.920513375785765753e-02	-5.437641191750955949e-01	1.000000000000005551e+00	-2.162178234252822295e-01	1.262331358687860394e-01	-1.715554585144061783e-01	2.810598977352569694e-01	-6.231737258760415843e-01	2.125879099305196529e-01	-1.171406271661908916e-01	1.096141234067649212e-01	-2.167988677419817878e-01	1.636821907441041446e-01	-1.676119770657265862e-01	1.152835087436493017e-01	-1.161618745883325338e-01	1.726392176676570522e-01	-1.432098322954935832e-01	1.236195003231070205e-01	-1.087954266542348197e-01	8.424863264468339386e-02	-2.705089200524660731e-01	9.630691877204122786e-02	-9.546052467660426366e-02	1.678781856155256436e-01	-9.144068360659921013e-02
9.142275536195636210e-02	-1.676026760040732477e-01	1.125088648639189642e-01	-1.532659227455817619e-01	1.355619830706469020e-01	-8.713921799532346746e-02	1.229532780167656714e-01	-1.309767073901904333e-01	1.543979316048268158e-01	-1.176775616425228960e-01	1.110591928425958969e-01	-1.459453077629861428e-01	1.312527419885234081e-01	-2.015988655974665644e-01	1.547609286824055963e-01	-1.047685919868876214e-01	1.675813686840783856e-01	-1.843232328168606660e-01	2.428568447016928866e-01	-1.874186401542212999e-01	2.066141539632920798e-01	-2.162178234252822295e-01	1.000000000000003331e+00	-5.609054450712300799e-01	3.138170127528702169e-01	-1.490959997646697233e-01	1.581159160549290288e-01	-5.058735470849067273e-01	2.515224327433814855e-01	-2.544040890122675203e-01	1.222114454618326573e-01	-1.495868863463963860e-01	2.246021730948490058e-01	-1.871650662992048186e-01	1.783296338088633526e-01	-1.213502331614495361e-01	1.233139060160638317e-01	-1.519095694869295188e-01	1.342945899458271308e-01	-1.206084296964675673e-01	1.853208380512667286e-01	-9.795763386126739303e-02	9.492135154114370033e-02	-2.335420017219063116e-01	1.238860756583156364e-01
-7.512254707166345080e-02	1.356861626254919906e-01	-9.428796475559204915e-02	1.270855951764877367e-01	-1.184033182073532253e-01	7.119856281027953093e-02	-1.039564409327198014e-01	1.111644904523774180e-01	-1.410472851206973910e-01	1.052690136095888462e-01	-8.591190504271750683e-02	1.250520864619513173e-01	-1.171720128551366619e-01	1.936443205451814364e-01	-1.541932708533075569e-01	8.061341458189694165e-02	-1.582274886114588275e-01	1.737798398957357549e-01	-3.772232979584150270e-01	1.841730488812209632e-01	-1.391079467489912402e-01	1.262331358687860394e-01	-5.609054450712300799e-01	1.000000000000004663e+00	-5.369406134877684478e-01	9.445135799236767382e-02	-9.872364763987313829e-02	2.645699721864286369e-01	-3.714556217032804475e-01	2.418195901331513797e-01	-8.009771677715318838e-02	9.923302807689918237e-02	-1.568243312429503655e-01	1.401621836544004185e-01	-1.457631592526032749e-01	7.985971427856747296e-02	-8.274110816923507805e-02	1.034208010997671873e-01	-9.375944264174257414e-02	8.852163934114114230e-02	-1.243032886362262363e-01	6.580796174721276204e-02	-6.425441591760092108e-02	1.577471096995341771e-01	-9.072340643114862324e-02
1.038764847867918312e-01	-1.956366940391562614e-01	1.314710324478789716e-01	-1.823394335488540130e-01	1.632453572379793105e-01	-9.957519744949502871e-02	1.404831964891408436e-01	-1.524028843066522199e-01	1.849440832911351529e-01	-1.491311126968206113e-01	1.147551345738512529e-01	-1.664988440165205974e-01	1.513910686155169882e-01	-2.458610318391195038e-01	2.227443277200085447e-01	-1.081171643183404529e-01	1.809601897847686325e-01	-1.924652976430596685e-01	2.669153634403292896e-01	-3.512433519839083806e-01	1.924683074655176018e-01	-1.715554585144061783e-01	3.138170127528702169e-01	-5.369406134877684478e-01	1.000000000000002665e+00	-1.331585835796523787e-01	1.325470452053771064e-01	-3.492519816791318510e-01	2.550568768339215309e-01	-2.967087781510550082e-01	1.123177535599572258e-01	-1.421627575654612063e-01	2.038549364561464405e-01	-1.848521030510960339e-01	1.798891988196847924e-01	-1.135289700740309687e-01	1.171856534057550969e-01	-1.480360316367010376e-01	1.315432306307027788e-01	-1.210000819280646484e-01	1.752089033939928653e-01	-9.504727550064008545e-02	9.184293904874313297e-02	-2.346714508715523062e-01	1.228617316081049987e-01
-4.193564779128644560e-02	6.965153024800735393e-02	-4.785521321125656841e-02	6.299444621743180428e-02	-6.078738302822229295e-02	3.853501906953293171e-02	-5.455787181874281744e-02	5.437284349596721578e-02	-6.704835015153289002e-02	4.871305360462552247e-02	-8.759389418108483316e-02	6.176819364617579244e-02	-5.544285794572401116e-02	7.302709253295196212e-02	-6.380530912154991352e-02	7.967724415246488223e-02	-7.806829206532953092e-02	6.769581957600391553e-02	-8.892226467068686802e-02	6.798635366710345518e-02	-2.935410678236871074e-01	2.810598977352569694e-01	-1.490959997646697233e-01	9.445135799236767382e-02	-1.331585835796523787e-01	1.000000000000003553e+00	-5.971391435614854526e-01	1.796520150562909146e-01	-9.590654477365455344e-02	9.077103657837432005e-02	-5.299918726043361117e-01	2.048900730234657352e-01	-1.599337026390025840e-01	1.056408393822194786e-01	-1.052745077299130499e-01	2.551828516920725543e-01	-1.852736988918408101e-01	1.272610344115086278e-01	-1.100391439696142976e-01	7.922568100763276167e-02	-3.198472841087325880e-01	1.055152350892078067e-01	-1.042682270294283675e-01	1.572553563386004938e-01	-8.619743620138925477e-02
4.186925926678671667e-02	-7.046212341909703636e-02	4.816609919645387788e-02	-6.361542837248258808e-02	6.050815320038153977e-02	-3.869944166999948754e-02	5.474700461773608640e-02	-5.492902956541478171e-02	6.692799285283916599e-02	-4.885428100725452971e-02	8.258523200316025825e-02	-6.264945740092359161e-02	5.589034882492749379e-02	-7.412535146903025118e-02	6.384354493241112261e-02	-7.784571977621061734e-02	7.991682756961793199e-02	-6.996686592502131263e-02	8.994272063026395592e-02	-6.876011656113607817e-02	2.616378210768494639e-01	-6.231737258760415843e-01	1.581159160549290288e-01	-9.872364763987313829e-02	1.325470452053771064e-01	-5.971391435614854526e-01	1.000000000000004441e+00	-2.368274848072824679e-01	9.902322974076066542e-02	-9.316561622236117779e-02	2.302584768039943330e-01	-1.747916486454923479e-01	1.494433156343535907e-01	-1.017509080702385243e-01	9.992021148434399036e-02	-1.957761404034619734e-01	1.393194281044835281e-01	-1.136875042577591977e-01	9.717123423848761377e-02	-7.399215335561312723e-02	2.163759231811910877e-01	-8.795658954032289922e-02	8.476247643952530830e-02	-1.495105373503882173e-01	7.946850861514073716e-02
-8.216409011008277141e-02	1.382906134049750324e-01	-9.684787856490471858e-02	1.281682127397093252e-01	-1.274056895015402424e-01	7.542283613358227723e-02	-1.087436620860083442e-01	1.104594101020953678e-01	-1.430685026056700559e-01	1.045105099748123850e-01	-1.158664789807647422e-01	1.231780596595818678e-01	-1.141969711105306345e-01	1.617383980897602880e-01	-1.457516249639539407e-01	1.041183504308010183e-01	-1.567929225918744396e-01	1.441429315425152569e-01	-2.121671979698113997e-01	1.570323376994949560e-01	-2.484545371892479815e-01	2.125879099305196529e-01	-5.058735470849067273e-01	2.645699721864286369e-01	-3.492519816791318510e-01	1.796520150562909146e-01	-2.368274848072824679e-01	1.000000000000004219e+00	-3.298697442936978086e-01	2.435166495556028987e-01	-1.575784419368999323e-01	1.820543151724602071e-01	-4.555100660987470573e-01	2.371153785630324695e-01	-2.452001843386526214e-01	1.490470212027717178e-01	-1.567275088495287960e-01	1.826762236849087673e-01	-1.673024348396864314e-01	1.457637200020856505e-01	-2.403375553456703895e-01	1.156022926785105487e-01	-1.163346307845406630e-01	2.425647270966633240e-01	-1.587452889100113840e-01
5.763669974099999010e-02	-1.027882526269691815e-01	7.046534681398475275e-02	-9.508588576871175591e-02	8.840010506034705340e-02	-5.423258215261768378e-02	7.761412220815869234e-02	-8.170834781840577432e-02	1.011566796789727801e-01	-7.603866823825573829e-02	7.142780245808613704e-02	-9.097729064149298606e-02	8.343963623899688931e-02	-1.284175673447697508e-01	1.050856616399277882e-01	-6.604854547047223079e-02	1.089663282197487482e-01	-1.126968772516360046e-01	1.682782381390785509e-01	-1.236613138907869530e-01	1.325817740450232207e-01	-1.171406271661908916e-01	2.515224327433814855e-01	-3.714556217032804475e-01	2.550568768339215309e-01	-9.590654477365455344e-02	9.902322974076066542e-02	-3.298697442936978086e-01	1.000000000000005773e+00	-7.541097747111308314e-01	8.384536318265403687e-02	-1.097905646249841688e-01	1.945793167248297262e-01	-2.272580081566091259e-01	2.323646836804853788e-01	-8.442300190347924727e-02	9.199703473420908773e-02	-1.231552089789783033e-01	1.153385604013359989e-01	-1.240830407107722105e-01	1.299704153675897422e-01	-7.357697756976284975e-02	7.234821464766658106e-02	-1.825369347756530258e-01	1.187183470188996753e-01
-5.503376675222043657e-02	9.606445738130874046e-02	-6.673637423632824972e-02	8.936072292338574641e-02	-8.620586403945854070e-02	5.127382260798154373e-02	-7.397033517632313482e-02	7.687502673929179353e-02	-9.838589885611065400e-02	7.311913426378918723e-02	-6.938587602354027994e-02	8.550674700177199328e-02	-7.936222090496536374e-02	1.186061979586710141e-01	-1.049019930734881312e-01	6.340812170071735698e-02	-1.062381147699936468e-01	1.035907464369829195e-01	-1.621629373996663626e-01	1.187453542470287976e-01	-1.295408093508695346e-01	1.096141234067649212e-01	-2.544040890122675203e-01	2.418195901331513797e-01	-2.967087781510550082e-01	9.077103657837432005e-02	-9.316561622236117779e-02	2.435166495556028987e-01	-7.541097747111308314e-01	1.000000000000005329e+00	-8.195268800096112971e-02	1.074014115237930111e-01	-2.081653039818987805e-01	2.233494473225863253e-01	-3.842326592214321268e-01	8.248529215457385544e-02	-9.177058115077593725e-02	1.231917238090121797e-01	-1.211753832000513759e-01	1.401555624012417733e-01	-1.294948413016228650e-01	7.257778202314482674e-02	-7.244426217319160921e-02	1.773190381874084065e-01	-1.404181351934154498e-01
3.555306818676644276e-02	-5.971454250615888804e-02	4.079139576614395496e-02	-5.396906282121358839e-02	5.172877952147093145e-02	-3.273222208983765646e-02	4.610688903948795964e-02	-4.620134836604233852e-02	5.692924367741283159e-02	-4.147225195809065706e-02	6.609116436131083627e-02	-5.195515213926366060e-02	4.676383346129996121e-02	-6.198644741086083848e-02	5.411587262738824095e-02	-6.056695809460345414e-02	6.435317439856819144e-02	-5.656678097012900197e-02	7.479907535971427879e-02	-5.787891375129085303e-02	1.888921184670671882e-01	-2.167988677419817878e-01	1.222114454618326573e-01	-8.009771677715318838e-02	1.123177535599572258e-01	-5.299918726043361117e-01	2.302584768039943330e-01	-1.575784419368999323e-01	8.384536318265403687e-02	-8.195268800096112971e-02	1.000000000000004885e+00	-3.554359486313951044e-01	1.531514475312762136e-01	-1.038543500640103090e-01	9.931990968234773176e-02	-6.164101172215287194e-01	2.494503795423310410e-01	-1.460429972449309444e-01	1.180698230210427829e-01	-8.017984134372203864e-02	2.872110501385018999e-01	-1.220710198440487504e-01	1.135138940312274553e-01	-1.650337497358747851e-01	8.580004266444385408e-02
-4.194168439916711594e-02	6.982088683460459244e-02	-4.818197992716507366e-02	6.361641005642801328e-02	-6.227127239981748719e-02	3.840585155184071675e-02	-5.444090457460942778e-02	5.450537428035289594e-02	-6.863539028592366420e-02	4.989858858534038100e-02	-7.350598550651334107e-02	6.097790539014433936e-02	-5.548820003109490584e-02	7.445119375022121733e-02	-6.621816599950711146e-02	6.563045819371726708e-02	-7.577799607595307740e-02	6.687249768225693447e-02	-9.125683338367503172e-02	7.045705765230252104e-02	-1.957518470354807361e-01	1.636821907441041446e-01	-1.495868863463963860e-01	9.923302807689918237e-02	-1.421627575654612063e-01	2.048900730234657352e-01	-1.747916486454923479e-01	1.820543151724602071e-01	-1.097905646249841688e-01	1.074014115237930111e-01	-3.554359486313951044e-01	1.000000000000005995e+00	-2.827028892604880328e-01	1.556527456887721594e-01	-1.482756816948340994e-01	2.852441227888671826e-01	-7.121344272527777575e-01	2.302802903100271970e-01	-2.005547130012568513e-01	1.169939313988911378e-01	-3.236662208744860436e-01	1.894787905539177253e-01	-1.981005127559813395e-01	2.107011724440718270e-01	-1.279612794964222755e-01
5.825660677161433737e-02	-1.002657821226664442e-01	6.838614695407958799e-02	-9.136352860816895904e-02	8.691873484786535875e-02	-5.394840891177463127e-02	7.610065342663384358e-02	-7.757911047538883220e-02	9.636714151806961837e-02	-7.095962645772052602e-02	8.508209543670018637e-02	-8.588390011582131001e-02	7.821697194978910472e-02	-1.081914391483092264e-01	9.429360755272334083e-02	-7.695749790083547537e-02	1.035260252973994599e-01	-9.525729696495133236e-02	1.319007317342393293e-01	-1.032443465256423221e-01	1.897416621558776217e-01	-1.676119770657265862e-01	2.246021730948490058e-01	-1.568243312429503655e-01	2.038549364561464405e-01	-1.599337026390025840e-01	1.494433156343535907e-01	-4.555100660987470573e-01	1.945793167248297262e-01	-2.081653039818987805e-01	1.531514475312762136e-01	-2.827028892604880328e-01	1.000000000000005107e+00	-5.449259831270358845e-01	2.800855492382465783e-01	-1.595829105823249883e-01	2.017776329461908602e-01	-3.215409990728370082e-01	2.358090761887888520e-01	-1.940822486227676835e-01	2.190161126769656352e-01	-1.529755894402150540e-01	1.471464904574851795e-01	-3.414532226622097322e-01	1.882689003239324532e-01
-4.635682786894446822e-02	7.908057970406427717e-02	-5.463970536318805971e-02	7.273943085631141836e-02	-7.069883258408143911e-02	4.276683031807035351e-02	-6.097270959069285567e-02	6.216659372720951399e-02	-7.894724152864056321e-02	5.800546915410847992e-02	-6.559065797202481840e-02	6.896244752445672421e-02	-6.343220343692049235e-02	8.933015515765599379e-02	-7.934863881255954654e-02	5.901128056986735398e-02	-8.491426764478215983e-02	7.849742712838361780e-02	-1.131744193770905516e-01	8.663876072426249242e-02	-1.399001338119436333e-01	1.152835087436493017e-01	-1.871650662992048186e-01	1.401621836544004185e-01	-1.848521030510960339e-01	1.056408393822194786e-01	-1.017509080702385243e-01	2.371153785630324695e-01	-2.272580081566091259e-01	2.233494473225863253e-01	-1.038543500640103090e-01	1.556527456887721594e-01	-5.449259831270358845e-01	1.000000000000006439e+00	-6.494409132904633841e-01	1.069200749024063757e-01	-1.355782405845971927e-01	2.006388282213141527e-01	-2.305864918893308635e-01	2.158421128815756485e-01	-1.620680145283529827e-01	1.026649017230684274e-01	-1.053337467606693667e-01	2.415644499786531452e-01	-2.266000396077893220e-01
