1.000000000000000000e+00	-6.030500268501950423e-01	2.011355909559046640e-01	-1.358926039163947941e-01	1.078377203441038823e-01	-6.737558275723257717e-01	3.139370652836984688e-01	-2.319552831474279153e-01	1.191279761280699540e-01	-9.250431281749565970e-02	1.243966526558767660e-01	-1.362262213843583869e-01	8.924058683960302274e-02	-6.070055159559035324e-02	6.709197998667439100e-02	-8.902604676620679003e-02	9.972492775089078498e-02	-7.565595760375869172e-02	7.304911279086336029e-02	-6.796087206095172140e-02	5.976113050134701510e-02	-6.020917184597687766e-02	5.570898038873045577e-02	-4.381356736593344792e-02	3.254306294709822384e-02	-4.566834410351857526e-02	4.465582641952010184e-02	-5.735916466780651563e-02	3.575620553213949143e-02	-3.553207212563556233e-02	3.419003567356376089e-02	-3.368267416764996608e-02	3.048576772916928093e-02	-2.671899630252798016e-02	2.379905228562121874e-02	-2.841780664884228924e-02	3.116405603233504684e-02	-2.772299629122179990e-02	2.560284618347651725e-02	-2.655817424112128997e-02	2.064216089428581868e-02	-1.842309646672634152e-02	4.121461376828067930e-02	-2.190589717108983037e-02	2.676403592281609983e-02
-6.030500268501950423e-01	1.000000000000000000e+00	-4.064038428326673391e-01	1.805737979316999753e-01	-1.529608473130547874e-01	3.120647355458440186e-01	-5.248570348804459940e-01	2.660738495188781916e-01	-1.658930594835614503e-01	1.187354728575310270e-01	-1.494460546139790569e-01	1.613916004508537949e-01	-1.122432533837659785e-01	7.754169350778246372e-02	-8.651410137956759561e-02	1.015892384963240913e-01	-1.275854522012464243e-01	9.165658994665845660e-02	-9.189921808532411363e-02	8.245528520191380828e-02	-7.170415530063775633e-02	7.111400314186190619e-02	-6.726624601731739928e-02	5.271305783811230938e-02	-3.927790132274105311e-02	5.392773255131542293e-02	-5.344027431397235101e-02	6.796808064487858125e-02	-4.281968490864400401e-02	4.231076431792527709e-02	-4.097495015962456660e-02	4.007114424159401861e-02	-3.641622411362526596e-02	3.187817702572712242e-02	-2.844025625468781307e-02	3.388422446782862751e-02	-3.734411186788220982e-02	3.313320619365923980e-02	-3.063409747470973582e-02	3.165324281765214548e-02	-2.475577701830276867e-02	2.206200389318805147e-02	-4.953118048554118469e-02	2.623947672900590194e-02	-3.211640735857956147e-02
2.011355909559046640e-01	-4.064038428326673391e-01	1.000000000000000000e+00	-5.078522568104785195e-01	2.356550179817363533e-01	-1.843723066715592107e-01	2.315276962819707574e-01	-6.296788607885620559e-01	2.551706189668381808e-01	-1.930048794866249529e-01	1.180792689247424504e-01	-1.297281941560929630e-01	1.252377822293362919e-01	-1.046811158620662568e-01	1.136216993850087259e-01	-8.918111921700756783e-02	1.019969701842575321e-01	-1.022876362328372785e-01	1.128900929872136139e-01	-1.050435170687768344e-01	7.106227479578629269e-02	-7.413687138098412621e-02	7.158891783407150822e-02	-6.466587667661988226e-02	4.773587581056775581e-02	-5.636910652247131837e-02	5.632574800170023210e-02	-7.411021851086205259e-02	4.797035696313942110e-02	-4.798022364019711300e-02	4.485448890196715166e-02	-4.395870927790155452e-02	3.994242106605965653e-02	-3.559595004022434589e-02	3.196700778582275970e-02	-3.721291975916769801e-02	4.135598401928434337e-02	-3.669745517468585988e-02	3.416639524413521423e-02	-3.557255602529607597e-02	2.750610067556052626e-02	-2.449047466900369091e-02	5.538019371028465171e-02	-2.934818606198763558e-02	3.596656790256386182e-02
-1.358926039163947941e-01	1.805737979316999753e-01	-5.078522568104785195e-01	1.000000000000000444e+00	-5.411287470956633872e-01	1.186409024713597771e-01	-1.586151670658031143e-01	2.948694901737466401e-01	-5.261165020788107771e-01	2.885366385799649214e-01	-1.018752507900608228e-01	1.035518033670776994e-01	-1.141744575290495889e-01	1.383132840076049808e-01	-1.525439000907136688e-01	7.725445494241256483e-02	-8.608776943902662904e-02	9.225874157883331983e-02	-1.342800278177668782e-01	1.202111647031386815e-01	-6.618626397310325982e-02	6.908766989242363932e-02	-6.801137446355989824e-02	7.090349911341005396e-02	-5.222814027038848866e-02	5.323752475771545423e-02	-5.394407560090029585e-02	7.083544575703422386e-02	-4.821605926104393508e-02	4.841396232346800027e-02	-4.451109720344553072e-02	4.311968324894729226e-02	-3.933189266409324591e-02	3.561514941110858340e-02	-3.221600942224797648e-02	3.679005904867971299e-02	-4.135552783152781492e-02	3.655051231396175271e-02	-3.428557741214454530e-02	3.572120171990316589e-02	-2.763188898832007884e-02	2.453559090875463006e-02	-5.605686480320896947e-02	2.957789757459242455e-02	-3.637273364967556766e-02
1.078377203441038823e-01	-1.529608473130547874e-01	2.356550179817363533e-01	-5.411287470956633872e-01	1.000000000000000444e+00	-1.102807299311685668e-01	1.343437915390333637e-01	-3.078934997654817485e-01	3.231252899966984837e-01	-6.601069621146007371e-01	1.052271521790585779e-01	-1.092260776496117858e-01	1.227248149996259530e-01	-1.584154270097134776e-01	1.781193352492891069e-01	-8.395531629002486729e-02	8.974279502712732837e-02	-1.039689511634746960e-01	1.537694648264228414e-01	-1.570222309616522982e-01	7.468975850899696456e-02	-7.957676078696425404e-02	7.779939837169493055e-02	-9.102654279052152519e-02	6.627514102322350220e-02	-6.171787222485457247e-02	6.242505704453413240e-02	-8.318132930015743887e-02	5.790644621273000753e-02	-5.882310706077985285e-02	5.268200286850154707e-02	-5.118254293896292578e-02	4.657920368589420212e-02	-4.277842712749078957e-02	3.884549782226658782e-02	-4.372630735872175961e-02	4.928594976040830133e-02	-4.360242206676467891e-02	4.109121871849035629e-02	-4.311643690484342345e-02	3.299660731687645288e-02	-2.930211317781987804e-02	6.714283927626937820e-02	-3.549837304574222224e-02	4.364911829548989708e-02
-6.737558275723257717e-01	3.120647355458440186e-01	-1.843723066715592107e-01	1.186409024713597771e-01	-1.102807299311685668e-01	9.999999999999994449e-01	-5.940106137579530543e-01	2.001210264868026056e-01	-1.225262645279344420e-01	9.042420974187988236e-02	-1.784919434046108033e-01	1.711033703290302244e-01	-1.049028854501634356e-01	6.537884419900867605e-02	-7.305464797026282875e-02	1.117766290047536304e-01	-1.335695301779397104e-01	8.732251673266799852e-02	-8.101983151588396104e-02	7.294672293305895505e-02	-7.214965757162626614e-02	7.064333887069788875e-02	-6.529122111223056857e-02	4.780598851489085976e-02	-3.573434639512139410e-02	5.349189477547350996e-02	-5.233722179348775094e-02	6.597904573727808586e-02	-4.074459663210922011e-02	4.016953566883749160e-02	-3.934761892812632667e-02	3.863781686998268849e-02	-3.502600676709993061e-02	3.041812214291411340e-02	-2.703233995956445465e-02	3.259544014867502004e-02	-3.566221802400549451e-02	3.169749062312127164e-02	-2.918917590687196417e-02	3.013720377249275856e-02	-2.358658868188990426e-02	2.105105718877023357e-02	-4.697784102979477017e-02	2.494371081771256521e-02	-3.047318622066234189e-02
3.139370652836984688e-01	-5.248570348804459940e-01	2.315276962819707574e-01	-1.586151670658031143e-01	1.343437915390333637e-01	-5.940106137579530543e-01	1.000000000000000222e+00	-3.457104692238266996e-01	1.516222120865846346e-01	-1.165759155906600647e-01	1.832851262234706791e-01	-3.046833959989807550e-01	1.351434503203993165e-01	-8.282703976426197823e-02	9.093182634993886293e-02	-1.367620263857518836e-01	1.699514885612261605e-01	-1.157961261222483357e-01	1.003564227409856485e-01	-9.284991534282736880e-02	8.880860316241181995e-02	-8.908869707956595940e-02	8.228712725641006143e-02	-6.077043528796726574e-02	4.522836016499620637e-02	-6.686307516894662850e-02	6.516050681225070418e-02	-8.367037672924568237e-02	5.117006822001776700e-02	-5.071161291193573839e-02	4.887507320689582491e-02	-4.841829696808572919e-02	4.379343534667104465e-02	-3.809206176324254900e-02	3.388181372756444293e-02	-4.066292393458605797e-02	4.439035200518978014e-02	-3.956805296317875836e-02	3.644394536236682247e-02	-3.783538907009306729e-02	2.932349885634100845e-02	-2.620684125479653959e-02	5.832941972241174888e-02	-3.109380449114776054e-02	3.792367940048010921e-02
-2.319552831474279153e-01	2.660738495188781916e-01	-6.296788607885620559e-01	2.948694901737466401e-01	-3.078934997654817485e-01	2.001210264868026056e-01	-3.457104692238266996e-01	1.000000000000000666e+00	-3.827453129815397426e-01	2.220968935311171122e-01	-1.715082465833178971e-01	1.723684363290377553e-01	-2.093183912503528976e-01	1.458611531195715960e-01	-1.635405588482583272e-01	1.232794864522075012e-01	-1.474270115293933314e-01	1.465456969559137124e-01	-1.644946354181322234e-01	1.394811855577459403e-01	-1.010551065890123446e-01	1.030455889422081245e-01	-1.023359384057917626e-01	8.641529073696566088e-02	-6.443872200035867526e-02	7.831106645398744348e-02	-7.942102045399171417e-02	1.025730006866605176e-01	-6.653880581756252410e-02	6.570521750696137198e-02	-6.290552751701920797e-02	6.094929245474217661e-02	-5.571220101183185086e-02	4.924055501846184152e-02	-4.419568526238239897e-02	5.175771056085630428e-02	-5.778696205960631715e-02	5.107354813204603022e-02	-4.749441529660587691e-02	4.900420440887294504e-02	-3.844883974451324821e-02	3.416522996975108334e-02	-7.750561063120445238e-02	4.084157440009214546e-02	-5.017268835856979192e-02
1.191279761280699540e-01	-1.658930594835614503e-01	2.551706189668381808e-01	-5.261165020788107771e-01	3.231252899966984837e-01	-1.225262645279344420e-01	1.516222120865846346e-01	-3.827453129815397426e-01	1.000000000000000444e+00	-5.557954597624796822e-01	1.218963002536836288e-01	-1.276235625791045658e-01	1.530646678349639189e-01	-2.728214469213893212e-01	2.295068465482680564e-01	-9.834961481973394926e-02	1.055587939128133645e-01	-1.293709610305928681e-01	1.932029086478136704e-01	-1.924089848830811966e-01	8.811137376750319272e-02	-9.473175930330464400e-02	9.325420098354289533e-02	-1.106371302098618503e-01	8.052686160317493180e-02	-7.304249650253955006e-02	7.390096879264831942e-02	-9.947313135470971235e-02	6.917199984346121544e-02	-7.044018036493261692e-02	6.203997754696116695e-02	-6.063436514454607212e-02	5.514731685846746556e-02	-5.072465454082595443e-02	4.618164154168293706e-02	-5.160996269047756629e-02	5.812741973056016059e-02	-5.152539943914813403e-02	4.861983749568369456e-02	-5.126145668895048385e-02	3.886703128855086703e-02	-3.454872732321202788e-02	7.901863316420885963e-02	-4.192533101624286440e-02	5.149314855789928480e-02
-9.250431281749565970e-02	1.187354728575310270e-01	-1.930048794866249529e-01	2.885366385799649214e-01	-6.601069621146007371e-01	9.042420974187988236e-02	-1.165759155906600647e-01	2.220968935311171122e-01	-5.557954597624796822e-01	9.999999999999996669e-01	-1.035695902517875244e-01	1.020286244862151498e-01	-1.314583187770985706e-01	2.073603590433725496e-01	-3.018259848063815642e-01	8.118740449297907891e-02	-8.770772514095934169e-02	1.060571807786415688e-01	-1.944397385478918439e-01	1.649819563649572440e-01	-7.481063903466768361e-02	7.890684456693379534e-02	-7.909889426302649240e-02	9.344358465060802199e-02	-6.890842476882207135e-02	6.124726012252030422e-02	-6.274906636405579163e-02	8.292577074479778876e-02	-5.885780054704837366e-02	5.934736683495712983e-02	-5.332338451680373320e-02	5.127890840348019175e-02	-4.693509250483535872e-02	4.310449011621345083e-02	-3.929880207569937112e-02	4.396387811220017761e-02	-4.991799304871723242e-02	4.400218581522810646e-02	-4.156778164765249917e-02	4.342491816084013273e-02	-3.346497124359236464e-02	2.965527589797598354e-02	-6.831766610643674742e-02	3.596322200289703286e-02	-4.433884230603757359e-02
1.243966526558767660e-01	-1.494460546139790569e-01	1.180792689247424504e-01	-1.018752507900608228e-01	1.052271521790585779e-01	-1.784919434046108033e-01	1.832851262234706791e-01	-1.715082465833178971e-01	1.218963002536836288e-01	-1.035695902517875244e-01	9.999999999999996669e-01	-4.654754053753242804e-01	1.997197739687973095e-01	-1.039337602325918347e-01	1.144069458452141308e-01	-6.664828721632982678e-01	3.093662159863462269e-01	-2.004229182345631244e-01	1.474258682457935121e-01	-1.497596598549224001e-01	2.382007686021901938e-01	-2.338324805892258718e-01	1.736656855327505522e-01	-1.088114022435556910e-01	8.127527087442440457e-02	-1.785750184402804253e-01	1.542966205050379513e-01	-1.952775066568443185e-01	1.084989465193733210e-01	-1.096116124158909716e-01	1.071801312085038371e-01	-1.103795151768625915e-01	9.712516149432136314e-02	-8.276400355427487865e-02	7.224009122525902604e-02	-9.162158721252160187e-02	9.499315915950994060e-02	-8.611551581836014713e-02	7.782700371178453980e-02	-8.199210245679507125e-02	6.205784734336756980e-02	-5.612056185339012182e-02	1.201184361141187928e-01	-6.553734182830725508e-02	7.875285760491276821e-02
-1.362262213843583869e-01	1.613916004508537949e-01	-1.297281941560929630e-01	1.035518033670776994e-01	-1.092260776496117858e-01	1.711033703290302244e-01	-3.046833959989807550e-01	1.723684363290377553e-01	-1.276235625791045658e-01	1.020286244862151498e-01	-4.654754053753242804e-01	9.999999999999995559e-01	-2.924166387754567609e-01	1.115578574793615746e-01	-1.215860134520980324e-01	2.942303209501130334e-01	-6.627497398057414779e-01	2.309110703656544472e-01	-1.429777016089802955e-01	1.252631770155617774e-01	-1.781848426819502007e-01	1.662638906141254702e-01	-1.564597148599581322e-01	8.695580427939872403e-02	-6.570956359443744232e-02	1.203131428647094686e-01	-1.179879135045629468e-01	1.457115358607697919e-01	-8.424464270809357835e-02	8.153646899415649407e-02	-8.084391751911958190e-02	8.060263240950489572e-02	-7.323904115953593086e-02	6.136823445781459940e-02	-5.435364420071946145e-02	6.679236101136153125e-02	-7.202250229073704768e-02	6.438549854940170403e-02	-5.866449971467461999e-02	6.056814754222539232e-02	-4.708752896024248624e-02	4.221213180578337748e-02	-9.240743127816529456e-02	4.954381202051130750e-02	-6.016944568447915587e-02
8.924058683960302274e-02	-1.122432533837659785e-01	1.252377822293362919e-01	-1.141744575290495889e-01	1.227248149996259530e-01	-1.049028854501634356e-01	1.351434503203993165e-01	-2.093183912503528976e-01	1.530646678349639189e-01	-1.314583187770985706e-01	1.997197739687973095e-01	-2.924166387754567609e-01	9.999999999999998890e-01	-2.502441593001732412e-01	1.915384472684283079e-01	-1.969453480801597045e-01	2.415266507540222429e-01	-7.397848444398064105e-01	2.005257099484668015e-01	-1.867633355998555011e-01	1.732447266066382829e-01	-2.247210378220441118e-01	2.422389592617414933e-01	-1.280847588764545686e-01	9.527479412537030734e-02	-1.444462113539758952e-01	1.427822817060401261e-01	-2.317390737301752712e-01	1.169085462922396373e-01	-1.169287386083270180e-01	9.621978624955063175e-02	-1.056262286370609066e-01	9.550212039208999526e-02	-7.986762536103300669e-02	7.214168131378188853e-02	-8.202192319219964167e-02	8.867428337552556161e-02	-8.151205277810451288e-02	7.452962565837674414e-02	-8.099566190052645553e-02	5.705634486414830342e-02	-5.169620148478722144e-02	1.112828853193065237e-01	-6.185282228743410604e-02	7.417147070268879927e-02
-6.070055159559035324e-02	7.754169350778246372e-02	-1.046811158620662568e-01	1.383132840076049808e-01	-1.584154270097134776e-01	6.537884419900867605e-02	-8.282703976426197823e-02	1.458611531195715960e-01	-2.728214469213893212e-01	2.073603590433725496e-01	-1.039337602325918347e-01	1.115578574793615746e-01	-2.502441593001732412e-01	1.000000000000000222e+00	-7.703599728288940129e-01	8.943847540672153484e-02	-9.955859352488488634e-02	1.648225374731216164e-01	-4.152322997609890209e-01	2.438841328553182919e-01	-8.680214305620286008e-02	9.735052895100519688e-02	-1.027434647835921838e-01	1.297532065272690160e-01	-9.709757057109759393e-02	7.237885799405717469e-02	-7.422962072175952331e-02	1.043221179111295249e-01	-7.366541136308372983e-02	7.507317328317496263e-02	-6.042337605848532162e-02	6.025010463783466580e-02	-5.512278792448847831e-02	5.095890294113410157e-02	-4.740913566781036065e-02	5.038235786803321736e-02	-5.712102863275462378e-02	5.093509552614348262e-02	-4.854996800950789337e-02	5.224501624520559717e-02	-3.797987615999049577e-02	3.383827285822658959e-02	-7.721299387711628992e-02	4.151658131490928300e-02	-5.086819846371418846e-02
6.709197998667439100e-02	-8.651410137956759561e-02	1.136216993850087259e-01	-1.525439000907136688e-01	1.781193352492891069e-01	-7.305464797026282875e-02	9.093182634993886293e-02	-1.635405588482583272e-01	2.295068465482680564e-01	-3.018259848063815642e-01	1.144069458452141308e-01	-1.215860134520980324e-01	1.915384472684283079e-01	-7.703599728288940129e-01	1.000000000000000000e+00	-9.912946253716156675e-02	1.052521482007959669e-01	-1.674591717240981048e-01	2.841560874128610803e-01	-3.319085955961029177e-01	9.700143350323908731e-02	-1.091000136138255139e-01	1.107599204364700107e-01	-1.674422275756003997e-01	1.231235609821998145e-01	-8.259649202582615424e-02	8.433805560643535537e-02	-1.185772442290225631e-01	8.728676456070587342e-02	-9.028955088334440771e-02	7.063735383830088699e-02	-7.027804507737119011e-02	6.409115066891422907e-02	-6.049438712328365081e-02	5.659122932936058031e-02	-5.909927126332702868e-02	6.722016961516366629e-02	-5.993354001659692565e-02	5.752689426452686078e-02	-6.238823092933139941e-02	4.484688540117745537e-02	-3.994214588545498545e-02	9.155488803102088124e-02	-4.930799104199708183e-02	6.044363845492578546e-02
-8.902604676620679003e-02	1.015892384963240913e-01	-8.918111921700756783e-02	7.725445494241256483e-02	-8.395531629002486729e-02	1.117766290047536304e-01	-1.367620263857518836e-01	1.232794864522075012e-01	-9.834961481973394926e-02	8.118740449297907891e-02	-6.664828721632982678e-01	2.942303209501130334e-01	-1.969453480801597045e-01	8.943847540672153484e-02	-9.912946253716156675e-02	9.999999999999992228e-01	-5.023692073582423090e-01	1.882286966453500521e-01	-1.260792254093428821e-01	1.164263674575650442e-01	-3.612939311749457927e-01	2.146847615890442873e-01	-1.673718250142997577e-01	8.547712390972224406e-02	-6.494772137132596990e-02	1.661523347583597765e-01	-1.514068684780598140e-01	1.633928096269117169e-01	-9.129131663989431544e-02	8.802185919608607190e-02	-9.323068207694248932e-02	9.196238949035542842e-02	-8.256108137140681646e-02	6.719062826692344392e-02	-5.876555984093606577e-02	7.652674768874052902e-02	-7.967161787513545035e-02	7.136956662044610655e-02	-6.401467218195980302e-02	6.571129322614473189e-02	-5.170099105325849653e-02	4.656178721538412751e-02	-9.937588177751105478e-02	5.361567619149276015e-02	-6.467430946237610889e-02
9.972492775089078498e-02	-1.275854522012464243e-01	1.019969701842575321e-01	-8.608776943902662904e-02	8.974279502712732837e-02	-1.335695301779397104e-01	1.699514885612261605e-01	-1.474270115293933314e-01	1.055587939128133645e-01	-8.770772514095934169e-02	3.093662159863462269e-01	-6.627497398057414779e-01	2.415266507540222429e-01	-9.955859352488488634e-02	1.052521482007959669e-01	-5.023692073582423090e-01	9.999999999999991118e-01	-3.315596241929064103e-01	1.281740636209069972e-01	-1.189212039592657810e-01	1.926576182003582882e-01	-1.992277950619091298e-01	1.691486310709732210e-01	-8.533201252308166007e-02	6.419972794401503091e-02	-1.314781917116364385e-01	1.222247569946119522e-01	-1.592141934779871815e-01	8.528068538289895750e-02	-8.347090683786258236e-02	7.941809045406962586e-02	-8.213374069064212357e-02	7.392600721219987070e-02	-6.109691889935401493e-02	5.409669272164337878e-02	-6.659882576268325027e-02	7.044799985009324306e-02	-6.379334844938026883e-02	5.771782054667724815e-02	-6.062895214302244790e-02	4.563012037232556939e-02	-4.119290205452448561e-02	8.840305755306476776e-02	-4.823407210388756111e-02	5.807336454929858116e-02
-7.565595760375869172e-02	9.165658994665845660e-02	-1.022876362328372785e-01	9.225874157883331983e-02	-1.039689511634746960e-01	8.732251673266799852e-02	-1.157961261222483357e-01	1.465456969559137124e-01	-1.293709610305928681e-01	1.060571807786415688e-01	-2.004229182345631244e-01	2.309110703656544472e-01	-7.397848444398064105e-01	1.648225374731216164e-01	-1.674591717240981048e-01	1.882286966453500521e-01	-3.315596241929064103e-01	1.000000000000000666e+00	-1.957534768763760091e-01	1.539824247678905356e-01	-1.791826973768876341e-01	2.127265039154108694e-01	-3.769434432678337998e-01	1.093159889785333960e-01	-8.329420497173177507e-02	1.326291081115930359e-01	-1.407003012256990426e-01	2.121795029510177011e-01	-1.101876408951991404e-01	1.027725952645210383e-01	-8.854658646738904071e-02	9.503081259322655738e-02	-8.882686786546173385e-02	7.106549769368691871e-02	-6.456404219370028008e-02	7.374929999639609490e-02	-8.098038427976830822e-02	7.370604783615374023e-02	-6.718866490732897101e-02	7.127348206274194964e-02	-5.181082930412443666e-02	4.674834742477588373e-02	-1.010622425853078543e-01	5.552863508256010439e-02	-6.692783244162599232e-02
7.304911279086336029e-02	-9.189921808532411363e-02	1.128900929872136139e-01	-1.342800278177668782e-01	1.537694648264228414e-01	-8.101983151588396104e-02	1.003564227409856485e-01	-1.644946354181322234e-01	1.932029086478136704e-01	-1.944397385478918439e-01	1.474258682457935121e-01	-1.429777016089802955e-01	2.005257099484668015e-01	-4.152322997609890209e-01	2.841560874128610803e-01	-1.260792254093428821e-01	1.281740636209069972e-01	-1.957534768763760091e-01	9.999999999999998890e-01	-6.573099871307025444e-01	1.319484705835292093e-01	-1.447616680122769395e-01	1.478829291971212878e-01	-3.193285455501886916e-01	2.280786598712538360e-01	-1.137415775855552258e-01	1.182629497292513598e-01	-1.627919837672608949e-01	1.377325960127113169e-01	-1.450468298540578960e-01	1.051911696643578059e-01	-1.026893336670921114e-01	9.418857584832289465e-02	-9.312255422765156054e-02	8.909612919242519691e-02	-8.765996862915717558e-02	1.018093460421084645e-01	-9.032298635667838915e-02	8.860321545439076019e-02	-9.751046831956219907e-02	6.846362186762811053e-02	-6.076106779520276668e-02	1.417156244651502361e-01	-7.632544710057256876e-02	9.396785780926705800e-02
-6.796087206095172140e-02	8.245528520191380828e-02	-1.050435170687768344e-01	1.202111647031386815e-01	-1.570222309616522982e-01	7.294672293305895505e-02	-9.284991534282736880e-02	1.394811855577459403e-01	-1.924089848830811966e-01	1.649819563649572440e-01	-1.497596598549224001e-01	1.252631770155617774e-01	-1.867633355998555011e-01	2.438841328553182919e-01	-3.319085955961029177e-01	1.164263674575650442e-01	-1.189212039592657810e-01	1.539824247678905356e-01	-6.573099871307025444e-01	1.000000000000000666e+00	-1.321983523668093241e-01	1.316984351922262375e-01	-1.429160819610198196e-01	2.849028979866983780e-01	-4.186647477515835214e-01	1.085633973931202506e-01	-1.193668228660177827e-01	1.515360267210691114e-01	-1.631209210295551382e-01	1.569955519624887108e-01	-1.111000123865689831e-01	1.016699252783237611e-01	-9.626509192343730981e-02	9.556897290407968815e-02	-9.718385739000388879e-02	8.942457813289240998e-02	-1.083573060265320687e-01	9.383837178753894059e-02	-9.399413501431166940e-02	9.986213568640066318e-02	-7.356923525117088636e-02	6.438514077164333993e-02	-1.557423579362916533e-01	8.141477048914294579e-02	-1.024663356060210029e-01
5.976113050134701510e-02	-7.170415530063775633e-02	7.106227479578629269e-02	-6.618626397310325982e-02	7.468975850899696456e-02	-7.214965757162626614e-02	8.880860316241181995e-02	-1.010551065890123446e-01	8.811137376750319272e-02	-7.481063903466768361e-02	2.382007686021901938e-01	-1.781848426819502007e-01	1.732447266066382829e-01	-8.680214305620286008e-02	9.700143350323908731e-02	-3.612939311749457927e-01	1.926576182003582882e-01	-1.791826973768876341e-01	1.319484705835292093e-01	-1.321983523668093241e-01	1.000000000000000444e+00	-6.005759401061550040e-01	2.586443372047455558e-01	-1.090872433138646985e-01	8.323700135938748301e-02	-4.716376090022012524e-01	2.771734913627511565e-01	-2.848843161597706675e-01	1.336983201392175913e-01	-1.318464480791246285e-01	1.419132710623210725e-01	-1.467641220215892550e-01	1.264848318654096804e-01	-9.678207601905167157e-02	8.350549198052524547e-02	-1.201609858822627747e-01	1.133150578494318272e-01	-1.041477086417789549e-01	9.007319047444550808e-02	-9.434969586369738870e-02	7.194256492625096533e-02	-6.605183055842353546e-02	1.310076511823603795e-01	-7.340000655753178838e-02	8.647957781469753358e-02
-6.020917184597687766e-02	7.111400314186190619e-02	-7.413687138098412621e-02	6.908766989242363932e-02	-7.957676078696425404e-02	7.064333887069788875e-02	-8.908869707956595940e-02	1.030455889422081245e-01	-9.473175930330464400e-02	7.890684456693379534e-02	-2.338324805892258718e-01	1.662638906141254702e-01	-2.247210378220441118e-01	9.735052895100519688e-02	-1.091000136138255139e-01	2.146847615890442873e-01	-1.992277950619091298e-01	2.127265039154108694e-01	-1.447616680122769395e-01	1.316984351922262375e-01	-6.005759401061550040e-01	1.000000000000001776e+00	-5.435127490824319674e-01	1.106335655939156143e-01	-8.675248168582609665e-02	2.519256991762474640e-01	-3.021323635699944554e-01	2.797678776339212470e-01	-1.420056384560036411e-01	1.258278920750357244e-01	-1.301702073884971611e-01	1.362461698467532234e-01	-1.278377988649161134e-01	9.234947134679655223e-02	-8.169700457224392254e-02	1.048227461492093615e-01	-1.110893229103931679e-01	1.001661687095340009e-01	-8.816332100514732983e-02	8.945684169254355944e-02	-6.950723922760643214e-02	6.294786861791044907e-02	-1.306348768475617816e-01	7.154913594170939084e-02	-8.565088073692904425e-02
5.570898038873045577e-02	-6.726624601731739928e-02	7.158891783407150822e-02	-6.801137446355989824e-02	7.779939837169493055e-02	-6.529122111223056857e-02	8.228712725641006143e-02	-1.023359384057917626e-01	9.325420098354289533e-02	-7.909889426302649240e-02	1.736656855327505522e-01	-1.564597148599581322e-01	2.422389592617414933e-01	-1.027434647835921838e-01	1.107599204364700107e-01	-1.673718250142997577e-01	1.691486310709732210e-01	-3.769434432678337998e-01	1.478829291971212878e-01	-1.429160819610198196e-01	2.586443372047455558e-01	-5.435127490824319674e-01	1.000000000000000444e+00	-1.397322237385423827e-01	1.035546917752349083e-01	-2.104564346006750075e-01	2.255479000560810243e-01	-5.720778888143349672e-01	1.725908564922706001e-01	-1.616699386396073801e-01	1.175417572629902790e-01	-1.463611117752514901e-01	1.380465251295165674e-01	-9.955101610051395045e-02	9.102065261734884616e-02	-9.990210454753968572e-02	1.088684401191595957e-01	-1.040827801310503925e-01	9.159015610453921652e-02	-1.008859720469310051e-01	6.686022596259344475e-02	-6.138916067665924070e-02	1.269405735526231982e-01	-7.294902152786375549e-02	8.610129676550005995e-02
-4.381356736593344792e-02	5.271305783811230938e-02	-6.466587667661988226e-02	7.090349911341005396e-02	-9.102654279052152519e-02	4.780598851489085976e-02	-6.077043528796726574e-02	8.641529073696566088e-02	-1.106371302098618503e-01	9.344358465060802199e-02	-1.088114022435556910e-01	8.695580427939872403e-02	-1.280847588764545686e-01	1.297532065272690160e-01	-1.674422275756003997e-01	8.547712390972224406e-02	-8.533201252308166007e-02	1.093159889785333960e-01	-3.193285455501886916e-01	2.849028979866983780e-01	-1.090872433138646985e-01	1.106335655939156143e-01	-1.397322237385423827e-01	1.000000000000000666e+00	-8.178805530131911805e-01	8.871313442808197169e-02	-1.019332988811495755e-01	1.380208210194025509e-01	-2.050098199889182071e-01	1.916154727102689914e-01	-8.460450399789168352e-02	8.255981371523662959e-02	-7.955269102007576920e-02	8.383535356802727934e-02	-9.888470344901427456e-02	6.892312617598926605e-02	-8.403597581296355645e-02	7.464289891066554217e-02	-8.004774800670710899e-02	9.476702750441073908e-02	-5.547753850185625779e-02	4.915312575064538503e-02	-1.169226832090330681e-01	6.587687741279732445e-02	-8.212736156909922203e-02
3.254306294709822384e-02	-3.927790132274105311e-02	4.773587581056775581e-02	-5.222814027038848866e-02	6.627514102322350220e-02	-3.573434639512139410e-02	4.522836016499620637e-02	-6.443872200035867526e-02	8.052686160317493180e-02	-6.890842476882207135e-02	8.127527087442440457e-02	-6.570956359443744232e-02	9.527479412537030734e-02	-9.709757057109759393e-02	1.231235609821998145e-01	-6.494772137132596990e-02	6.419972794401503091e-02	-8.329420497173177507e-02	2.280786598712538360e-01	-4.186647477515835214e-01	8.323700135938748301e-02	-8.675248168582609665e-02	1.035546917752349083e-01	-8.178805530131911805e-01	1.000000000000001554e+00	-6.952067316926435758e-02	7.942320103382183305e-02	-1.141620911582002101e-01	1.764158433016219663e-01	-2.381814422429958389e-01	6.486532521199081525e-02	-6.568806171025380614e-02	6.303783241446435370e-02	-7.172759511154747081e-02	9.023022735534309835e-02	-5.357399929321651072e-02	6.525514338008267523e-02	-5.901123788769385009e-02	6.594165330119833301e-02	-8.696276872391400792e-02	4.257551172975787557e-02	-3.802363957791703164e-02	8.947765442248102608e-02	-5.323085286821530038e-02	6.550218077659583638e-02
-4.566834410351857526e-02	5.392773255131542293e-02	-5.636910652247131837e-02	5.323752475771545423e-02	-6.171787222485457247e-02	5.349189477547350996e-02	-6.686307516894662850e-02	7.831106645398744348e-02	-7.304249650253955006e-02	6.124726012252030422e-02	-1.785750184402804253e-01	1.203131428647094686e-01	-1.444462113539758952e-01	7.237885799405717469e-02	-8.259649202582615424e-02	1.661523347583597765e-01	-1.314781917116364385e-01	1.326291081115930359e-01	-1.137415775855552258e-01	1.085633973931202506e-01	-4.716376090022012524e-01	2.519256991762474640e-01	-2.104564346006750075e-01	8.871313442808197169e-02	-6.952067316926435758e-02	1.000000000000001110e+00	-7.275442155590521320e-01	2.432076034422473720e-01	-1.230754720870223667e-01	1.110453021747233870e-01	-2.198295254800694543e-01	1.667879041712348465e-01	-1.441934504511551141e-01	9.466222525986085767e-02	-7.746111695485938253e-02	1.485944364913489024e-01	-1.278616318398624052e-01	1.118278781353344714e-01	-9.109475136643085946e-02	8.578936314592075507e-02	-8.018435605752360917e-02	7.306517811716253807e-02	-1.356138675212575362e-01	7.313081059072487622e-02	-8.588289283282465880e-02
4.465582641952010184e-02	-5.344027431397235101e-02	5.632574800170023210e-02	-5.394407560090029585e-02	6.242505704453413240e-02	-5.233722179348775094e-02	6.516050681225070418e-02	-7.942102045399171417e-02	7.390096879264831942e-02	-6.274906636405579163e-02	1.542966205050379513e-01	-1.179879135045629468e-01	1.427822817060401261e-01	-7.422962072175952331e-02	8.433805560643535537e-02	-1.514068684780598140e-01	1.222247569946119522e-01	-1.407003012256990426e-01	1.182629497292513598e-01	-1.193668228660177827e-01	2.771734913627511565e-01	-3.021323635699944554e-01	2.255479000560810243e-01	-1.019332988811495755e-01	7.942320103382183305e-02	-7.275442155590521320e-01	1.000000000000000222e+00	-4.028366497429426984e-01	1.482344425676561661e-01	-1.411851114335306301e-01	1.745706598056709358e-01	-2.356395555120267826e-01	1.723795007245936262e-01	-1.099705593507453727e-01	9.033069098758537974e-02	-1.485807197423129611e-01	1.366841081977916983e-01	-1.272934498696844663e-01	1.023670603608807794e-01	-1.013485396612259365e-01	8.277263256234465572e-02	-7.701040623986216138e-02	1.435142189421309000e-01	-8.072990413485300887e-02	9.346431903604004998e-02
-5.735916466780651563e-02	6.796808064487858125e-02	-7.411021851086205259e-02	7.083544575703422386e-02	-8.318132930015743887e-02	6.597904573727808586e-02	-8.367037672924568237e-02	1.025730006866605176e-01	-9.947313135470971235e-02	8.292577074479778876e-02	-1.952775066568443185e-01	1.457115358607697919e-01	-2.317390737301752712e-01	1.043221179111295249e-01	-1.185772442290225631e-01	1.633928096269117169e-01	-1.592141934779871815e-01	2.121795029510177011e-01	-1.627919837672608949e-01	1.515360267210691114e-01	-2.848843161597706675e-01	2.797678776339212470e-01	-5.720778888143349672e-01	1.380208210194025509e-01	-1.141620911582002101e-01	2.432076034422473720e-01	-4.028366497429426984e-01	9.999999999999994449e-01	-3.414519429226196556e-01	2.145650536325391933e-01	-1.550108574495919489e-01	2.003897359908071441e-01	-2.408797297288507444e-01	1.325330139705881149e-01	-1.247251180517075370e-01	1.272943404756392283e-01	-1.512546184091502766e-01	1.440007484341274124e-01	-1.254635548239166343e-01	1.306136448732629629e-01	-8.899809862142835093e-02	8.136628517399704941e-02	-1.708364035181774709e-01	9.671738302802768139e-02	-1.150575372968851012e-01
3.575620553213949143e-02	-4.281968490864400401e-02	4.797035696313942110e-02	-4.821605926104393508e-02	5.790644621273000753e-02	-4.074459663210922011e-02	5.117006822001776700e-02	-6.653880581756252410e-02	6.917199984346121544e-02	-5.885780054704837366e-02	1.084989465193733210e-01	-8.424464270809357835e-02	1.169085462922396373e-01	-7.366541136308372983e-02	8.728676456070587342e-02	-9.129131663989431544e-02	8.528068538289895750e-02	-1.101876408951991404e-01	1.377325960127113169e-01	-1.631209210295551382e-01	1.336983201392175913e-01	-1.420056384560036411e-01	1.725908564922706001e-01	-2.050098199889182071e-01	1.764158433016219663e-01	-1.230754720870223667e-01	1.482344425676561661e-01	-3.414519429226196556e-01	1.000000000000000222e+00	-7.921910245336609702e-01	1.016769351464602705e-01	-1.242946133134624626e-01	1.210284017406032808e-01	-1.651758948560492768e-01	2.154783917578420860e-01	-8.829604347235804618e-02	1.084703826161463464e-01	-1.064492683828875963e-01	1.336647456397988265e-01	-2.343518511411968042e-01	6.629949099048906835e-02	-6.146648753211890470e-02	1.372497124034135207e-01	-1.015464005579012202e-01	1.182850496787699601e-01
-3.553207212563556233e-02	4.231076431792527709e-02	-4.798022364019711300e-02	4.841396232346800027e-02	-5.882310706077985285e-02	4.016953566883749160e-02	-5.071161291193573839e-02	6.570521750696137198e-02	-7.044018036493261692e-02	5.934736683495712983e-02	-1.096116124158909716e-01	8.153646899415649407e-02	-1.169287386083270180e-01	7.507317328317496263e-02	-9.028955088334440771e-02	8.802185919608607190e-02	-8.347090683786258236e-02	1.027725952645210383e-01	-1.450468298540578960e-01	1.569955519624887108e-01	-1.318464480791246285e-01	1.258278920750357244e-01	-1.616699386396073801e-01	1.916154727102689914e-01	-2.381814422429958389e-01	1.110453021747233870e-01	-1.411851114335306301e-01	2.145650536325391933e-01	-7.921910245336609702e-01	1.000000000000001110e+00	-1.004635329336021898e-01	1.126737594412794280e-01	-1.136989615311412849e-01	1.571133085579639321e-01	-3.266997693777756728e-01	8.507536152626211934e-02	-1.082372327004859774e-01	1.026825432946211203e-01	-1.388659617082967090e-01	2.178746911241797868e-01	-6.656721636531269526e-02	6.093071609812457379e-02	-1.416607735219085618e-01	1.005401340962434470e-01	-1.239120456088695921e-01
3.419003567356376089e-02	-4.097495015962456660e-02	4.485448890196715166e-02	-4.451109720344553072e-02	5.268200286850154707e-02	-3.934761892812632667e-02	4.887507320689582491e-02	-6.290552751701920797e-02	6.203997754696116695e-02	-5.332338451680373320e-02	1.071801312085038371e-01	-8.084391751911958190e-02	9.621978624955063175e-02	-6.042337605848532162e-02	7.063735383830088699e-02	-9.323068207694248932e-02	7.941809045406962586e-02	-8.854658646738904071e-02	1.051911696643578059e-01	-1.111000123865689831e-01	1.419132710623210725e-01	-1.301702073884971611e-01	1.175417572629902790e-01	-8.460450399789168352e-02	6.486532521199081525e-02	-2.198295254800694543e-01	1.745706598056709358e-01	-1.550108574495919489e-01	1.016769351464602705e-01	-1.004635329336021898e-01	1.000000000000001332e+00	-2.748726151754356528e-01	1.891841109307140778e-01	-1.429179848060579960e-01	9.414119485704787460e-02	-7.801946378796587034e-01	2.470926888283525025e-01	-2.096266535221592009e-01	1.355524337934964352e-01	-1.094132941576759360e-01	1.903150582045409489e-01	-1.838717779265150731e-01	2.133873951622059506e-01	-1.124807327855532474e-01	1.241945527198143606e-01
-3.368267416764996608e-02	4.007114424159401861e-02	-4.395870927790155452e-02	4.311968324894729226e-02	-5.118254293896292578e-02	3.863781686998268849e-02	-4.841829696808572919e-02	6.094929245474217661e-02	-6.063436514454607212e-02	5.127890840348019175e-02	-1.103795151768625915e-01	8.060263240950489572e-02	-1.056262286370609066e-01	6.025010463783466580e-02	-7.027804507737119011e-02	9.196238949035542842e-02	-8.213374069064212357e-02	9.503081259322655738e-02	-1.026893336670921114e-01	1.016699252783237611e-01	-1.467641220215892550e-01	1.362461698467532234e-01	-1.463611117752514901e-01	8.255981371523662959e-02	-6.568806171025380614e-02	1.667879041712348465e-01	-2.356395555120267826e-01	2.003897359908071441e-01	-1.242946133134624626e-01	1.126737594412794280e-01	-2.748726151754356528e-01	1.000000000000002220e+00	-7.539261859193443494e-01	1.825673044198316830e-01	-1.151618850071860906e-01	2.027285622847926905e-01	-3.366470360729031941e-01	2.785434884694206192e-01	-1.883422098534284495e-01	1.240942525727021795e-01	-1.464925055100268492e-01	1.364599083979609051e-01	-2.480087190115270179e-01	1.278031438584155410e-01	-1.439194170435371123e-01
3.048576772916928093e-02	-3.641622411362526596e-02	3.994242106605965653e-02	-3.933189266409324591e-02	4.657920368589420212e-02	-3.502600676709993061e-02	4.379343534667104465e-02	-5.571220101183185086e-02	5.514731685846746556e-02	-4.693509250483535872e-02	9.712516149432136314e-02	-7.323904115953593086e-02	9.550212039208999526e-02	-5.512278792448847831e-02	6.409115066891422907e-02	-8.256108137140681646e-02	7.392600721219987070e-02	-8.882686786546173385e-02	9.418857584832289465e-02	-9.626509192343730981e-02	1.264848318654096804e-01	-1.278377988649161134e-01	1.380465251295165674e-01	-7.955269102007576920e-02	6.303783241446435370e-02	-1.441934504511551141e-01	1.723795007245936262e-01	-2.408797297288507444e-01	1.210284017406032808e-01	-1.136989615311412849e-01	1.891841109307140778e-01	-7.539261859193443494e-01	1.000000000000000666e+00	-2.283457181923535528e-01	1.160495077626519378e-01	-1.778034391966210048e-01	2.614605942371658331e-01	-4.229505781065173164e-01	1.911586137704225641e-01	-1.276062650410246802e-01	1.205134840478962466e-01	-1.201277764396123660e-01	2.162579231458928719e-01	-1.241324304677221269e-01	1.315810763358950808e-01
-2.671899630252798016e-02	3.187817702572712242e-02	-3.559595004022434589e-02	3.561514941110858340e-02	-4.277842712749078957e-02	3.041812214291411340e-02	-3.809206176324254900e-02	4.924055501846184152e-02	-5.072465454082595443e-02	4.310449011621345083e-02	-8.276400355427487865e-02	6.136823445781459940e-02	-7.986762536103300669e-02	5.095890294113410157e-02	-6.049438712328365081e-02	6.719062826692344392e-02	-6.109691889935401493e-02	7.106549769368691871e-02	-9.312255422765156054e-02	9.556897290407968815e-02	-9.678207601905167157e-02	9.234947134679655223e-02	-9.955101610051395045e-02	8.383535356802727934e-02	-7.172759511154747081e-02	9.466222525986085767e-02	-1.099705593507453727e-01	1.325330139705881149e-01	-1.651758948560492768e-01	1.571133085579639321e-01	-1.429179848060579960e-01	1.825673044198316830e-01	-2.283457181923535528e-01	1.000000000000000888e+00	-3.768939707508927595e-01	1.288462102819437904e-01	-2.126805696361171727e-01	2.239491037474151680e-01	-7.424560167845243308e-01	2.696033720116173260e-01	-1.099736691454382964e-01	1.041580541517088260e-01	-2.471126408551060361e-01	2.199502715193555891e-01	-2.564069872809424111e-01
