1.000000000000000000e+00	-6.963320917195885418e-01	2.632997695373235358e-01	-1.950034900047641628e-01	1.825809955839786114e-01	-3.872613963456252306e-01	3.135753156697082544e-01	-2.731457258847460601e-01	1.540149217868750642e-01	-1.414936602681522160e-01	1.763250994590916942e-01	-3.624459192964424314e-01	1.613673226081075995e-01	-1.295985880654753619e-01	1.285134723583029048e-01	-1.480196432992973155e-01	1.066163031392589611e-01	-1.181722315792352596e-01	1.140731146291636550e-01	-1.124618747022712167e-01	1.956691064287632009e-01	-1.053948627818512146e-01	1.338585021712503931e-01	-1.068233446876886983e-01	1.073466262514522762e-01	-7.796832369523763739e-02	8.349213972940103257e-02	-1.139876966858740515e-01	8.532072251477056113e-02	-7.341246400260809102e-02	7.754161004846651939e-02	-8.102799082627443195e-02	7.495644591304290172e-02	-1.264484364397742699e-01	5.343371375684970170e-02	-4.120931016095975841e-02	5.836715680722234095e-02	-9.829389594331353064e-02	5.411640686425815694e-02	-5.976215492585879030e-02	5.054235780170789061e-02	-4.506052245511713017e-02	1.023298932490955548e-01	-4.890763974151849519e-02	6.771179410624422745e-02
-6.963320917195885418e-01	1.000000000000000000e+00	-4.059765090893303063e-01	1.759952251024275438e-01	-1.718139080388600415e-01	2.527697660366804433e-01	-4.692591311963211775e-01	2.408422610676096698e-01	-1.370343501292473343e-01	1.176614234257146729e-01	-1.356145899170092539e-01	2.510424908722219128e-01	-1.366855361688344983e-01	1.075883391704340886e-01	-1.080881505411388360e-01	1.073448829658717324e-01	-8.440410292891378785e-02	9.535396764950702930e-02	-9.320546264407165993e-02	8.999845329792935389e-02	-1.547149976580369513e-01	8.210468286007219230e-02	-1.075364080558723484e-01	8.476861266089817659e-02	-8.604307580744950668e-02	5.789271699929426918e-02	-6.255358383935989697e-02	8.437217482702652482e-02	-6.362208626286321167e-02	5.477798686574315845e-02	-5.782156412593200678e-02	5.990445696572035267e-02	-5.531873394584202464e-02	9.221935730367415707e-02	-4.001935849001820450e-02	3.033882025698793686e-02	-4.297914350934115002e-02	7.172324055148021626e-02	-4.016777248923874416e-02	4.420144925906332317e-02	-3.719072205684639809e-02	3.314477775270684851e-02	-7.524167025341396697e-02	3.614704756136475489e-02	-5.040731461791353452e-02
2.632997695373235358e-01	-4.059765090893303063e-01	9.999999999999995559e-01	-4.597340647639984734e-01	2.755388630198523092e-01	-2.111449130274666297e-01	2.407679154767277119e-01	-6.018275914606466825e-01	2.381898771388978875e-01	-2.034431120412978078e-01	1.230649860255215583e-01	-2.495855824825415903e-01	2.025126536345379369e-01	-1.756995593118474974e-01	1.669525483614432426e-01	-1.059808092531578094e-01	1.092695530406992827e-01	-1.409004496089438507e-01	1.381456583544343752e-01	-1.363919005037032839e-01	1.564218596549778739e-01	-1.077380078647051376e-01	1.483455085044485811e-01	-1.237456735824210147e-01	1.226185194771100551e-01	-7.734151218543783290e-02	8.402137491805258818e-02	-1.176396997564188029e-01	8.804944405308862132e-02	-7.679009749183866862e-02	7.669465194057027702e-02	-8.135574087216000672e-02	7.530259265316244233e-02	-1.290324129465347802e-01	5.563076485870980387e-02	-4.053981361093629554e-02	5.731719741444653987e-02	-9.864211340742821965e-02	5.510575586821224447e-02	-6.122770179611239372e-02	4.953886202975966296e-02	-4.423612882885774589e-02	1.001988967072220960e-01	-4.945098186028954595e-02	6.859204635577617615e-02
-1.950034900047641628e-01	1.759952251024275438e-01	-4.597340647639984734e-01	1.000000000000000000e+00	-7.149090385413670035e-01	1.460314238538086284e-01	-1.647169221237304859e-01	2.749799836667197739e-01	-3.395971763259154064e-01	2.321650276762554366e-01	-9.513723022813283525e-02	1.822738715103027485e-01	-1.903796566657143252e-01	1.830339069906972427e-01	-1.902603044335465787e-01	8.300037759223874434e-02	-9.966520225986073844e-02	1.293970205586231770e-01	-1.401499816130146459e-01	1.347627466129065199e-01	-1.292531829539856347e-01	9.654680948314546540e-02	-1.418382755064282741e-01	1.186796118815730966e-01	-1.211151860576641787e-01	6.817447435892229346e-02	-7.488553643653680925e-02	1.045612648124623345e-01	-7.920656318407920393e-02	6.958117788913038837e-02	-6.801452495904670992e-02	7.194783256074424593e-02	-6.678564118797618299e-02	1.138401672100625012e-01	-5.062414015076696638e-02	3.587464214302189119e-02	-5.075689404834805851e-02	8.682197008432082641e-02	-4.953280280183213619e-02	5.488965661763144099e-02	-4.386395998077711328e-02	3.916317268981860805e-02	-8.874916950872757671e-02	4.423318363276636939e-02	-6.180905953547239512e-02
1.825809955839786114e-01	-1.718139080388600415e-01	2.755388630198523092e-01	-7.149090385413670035e-01	9.999999999999996669e-01	-1.752744921342587470e-01	1.732836045051930896e-01	-3.057144304934824031e-01	2.684521979278467474e-01	-3.322028885073773918e-01	1.147178158558522232e-01	-2.377470649467482433e-01	2.053664739318268317e-01	-2.098053451461883712e-01	2.123783263849459146e-01	-1.029998129195394269e-01	1.199296200916764865e-01	-1.535950385781255645e-01	1.606630500415592855e-01	-1.676875306552084999e-01	1.577017535154049410e-01	-1.196349502723888791e-01	1.671663876274560867e-01	-1.463163675759971971e-01	1.447162252609130728e-01	-9.314636879925826396e-02	1.006742760687110577e-01	-1.443457553740957744e-01	1.075995055270908274e-01	-9.479350840515123056e-02	9.226424446589456818e-02	-9.915275795563989469e-02	9.235140717758251461e-02	-1.613994213110011844e-01	6.827238452055021944e-02	-4.967221222596519825e-02	7.022928869075195646e-02	-1.226122112897604921e-01	6.778308737929704397e-02	-7.579015238045504199e-02	6.075078904824164627e-02	-5.428790268621249554e-02	1.230455941344935356e-01	-6.099225509429035547e-02	8.402146267605918595e-02
-3.872613963456252306e-01	2.527697660366804433e-01	-2.111449130274666297e-01	1.460314238538086284e-01	-1.752744921342587470e-01	9.999999999999998890e-01	-5.523491854305263571e-01	2.036345871825349096e-01	-1.390012919548506420e-01	1.217594291661689282e-01	-4.729924977238049721e-01	3.193691794101690684e-01	-1.646053140344946875e-01	1.194737652457674437e-01	-1.237825239783193615e-01	2.499925253902539057e-01	-1.302690825601697799e-01	1.201792818351071490e-01	-1.137807619783067631e-01	1.072299426514316811e-01	-3.615653836091129447e-01	1.255501734350483733e-01	-1.430667803716866304e-01	1.056644236144693161e-01	-1.088278686859319583e-01	8.137423195203290216e-02	-8.682209259012940716e-02	1.092179855644396791e-01	-8.283552427418966468e-02	6.966210347447458762e-02	-8.129529648236469286e-02	8.083118402915290268e-02	-7.359178656309481315e-02	1.171139055584006494e-01	-5.140338982488047020e-02	4.081982380217850231e-02	-5.779401833971583441e-02	9.338052489427380032e-02	-5.228215156265986208e-02	5.679632832271535453e-02	-4.994663109019246289e-02	4.442313877271535788e-02	-1.007025699196156532e-01	4.709609190071958884e-02	-6.614317647041847992e-02
3.135753156697082544e-01	-4.692591311963211775e-01	2.407679154767277119e-01	-1.647169221237304859e-01	1.732836045051930896e-01	-5.523491854305263571e-01	1.000000000000000222e+00	-3.004837720189698635e-01	1.497202799008777452e-01	-1.305110046795638912e-01	2.160634818065279017e-01	-5.024777844090637657e-01	1.607579144063864540e-01	-1.231333342169284167e-01	1.229524703283559894e-01	-1.684582896418252984e-01	1.080155531559057608e-01	-1.144278014328079379e-01	1.093870385091083308e-01	-1.051380726758312095e-01	2.229761391257251701e-01	-1.051072863605377744e-01	1.301319315208224747e-01	-1.007016443027049651e-01	1.022535921935261022e-01	-7.201866389099541299e-02	7.741839008494547092e-02	-1.021574707256634879e-01	7.710212700581584033e-02	-6.586945074042302450e-02	7.192182421527508474e-02	-7.360362648597269797e-02	6.766463721159184097e-02	-1.110778433760544609e-01	4.826990323925207937e-02	-3.736902297926120858e-02	5.295047780057373504e-02	-8.719358420048124725e-02	4.877108345502560033e-02	-5.343016118030661371e-02	4.582051688773866593e-02	-4.080195050808704121e-02	9.263815428697758092e-02	-4.394739900002686550e-02	6.140804891533328813e-02
-2.731457258847460601e-01	2.408422610676096698e-01	-6.018275914606466825e-01	2.749799836667197739e-01	-3.057144304934824031e-01	2.036345871825349096e-01	-3.004837720189698635e-01	9.999999999999997780e-01	-4.076363475334781605e-01	2.372267770162503897e-01	-1.304702028563901606e-01	2.372138919387844769e-01	-3.346214747394625211e-01	2.269492645054561886e-01	-2.224079095621272206e-01	1.103826134834188649e-01	-1.344863019772732093e-01	1.819191282291632017e-01	-1.805236642564082561e-01	1.646214324443076582e-01	-1.725249378310289017e-01	1.273679605208178356e-01	-1.906168996163181417e-01	1.501792373619816046e-01	-1.526814121901076127e-01	8.268341390898875654e-02	-9.175345784493769974e-02	1.258898699279054068e-01	-9.571873691343135704e-02	8.326167638188584907e-02	-8.254948612075196923e-02	8.659175725719434058e-02	-7.990498661683913262e-02	1.340101600701734674e-01	-6.087248689649179395e-02	4.274524235594250043e-02	-6.045766822525044243e-02	1.024672821886139229e-01	-5.918114964869994332e-02	6.525967074621294439e-02	-5.217997474028639865e-02	4.657090213159322672e-02	-1.054121047117305421e-01	5.263933412306342347e-02	-7.404254697856324507e-02
1.540149217868750642e-01	-1.370343501292473343e-01	2.381898771388978875e-01	-3.395971763259154064e-01	2.684521979278467474e-01	-1.390012919548506420e-01	1.497202799008777452e-01	-4.076363475334781605e-01	9.999999999999996669e-01	-5.853947072286473929e-01	9.320535381527737806e-02	-1.811657458288480904e-01	2.460073004575054623e-01	-4.527279080118303822e-01	3.036570114615257387e-01	-8.391480081048478812e-02	1.183287642041660481e-01	-1.759087176793625307e-01	2.061060940220340032e-01	-2.034162125523923115e-01	1.310631114264505515e-01	-1.165223027006014461e-01	1.725727742655304153e-01	-1.631299761670118587e-01	1.577540135385228359e-01	-7.710299259495979884e-02	8.538867759360603549e-02	-1.214982808189917080e-01	9.182770933489035892e-02	-8.209245298156118975e-02	7.615808277629923517e-02	-8.159247264228906837e-02	7.531148647057026024e-02	-1.301400368560893250e-01	5.922241509203959864e-02	-3.953298028876771342e-02	5.576850301103490615e-02	-9.761104633535030994e-02	5.645331561305774737e-02	-6.302087135379438876e-02	4.806433677286285622e-02	-4.298892483455028779e-02	9.703142626821895100e-02	-5.002366366325863151e-02	6.997529495927043430e-02
-1.414936602681522160e-01	1.176614234257146729e-01	-2.034431120412978078e-01	2.321650276762554366e-01	-3.322028885073773918e-01	1.217594291661689282e-01	-1.305110046795638912e-01	2.372267770162503897e-01	-5.853947072286473929e-01	9.999999999999986677e-01	-8.506376297649606566e-02	1.590826407552207722e-01	-2.382218862113455182e-01	2.958579271544355405e-01	-5.942574623946725865e-01	7.665810013036059023e-02	-1.147664810180290540e-01	1.629124019394135592e-01	-2.057733243763154030e-01	2.044007873525947039e-01	-1.227343977888489535e-01	1.099550912753336773e-01	-1.733592088357894800e-01	1.558237048461096341e-01	-1.687934477102879804e-01	7.146717141125612238e-02	-7.999432239321122018e-02	1.123222239738275313e-01	-8.635797358327965134e-02	7.804615402398833168e-02	-7.118805971285062373e-02	7.557906586025570084e-02	-6.999764973963824854e-02	1.193168876403526563e-01	-5.689893596891737459e-02	3.679521885882285764e-02	-5.196741711115544782e-02	8.975005722458265223e-02	-5.344550102861171659e-02	5.925356444753927115e-02	-4.479556959533258220e-02	4.004386567839118838e-02	-9.047881920521148869e-02	4.704789134796974470e-02	-6.656881341388248829e-02
1.763250994590916942e-01	-1.356145899170092539e-01	1.230649860255215583e-01	-9.513723022813283525e-02	1.147178158558522232e-01	-4.729924977238049721e-01	2.160634818065279017e-01	-1.304702028563901606e-01	9.320535381527737806e-02	-8.506376297649606566e-02	9.999999999999987788e-01	-3.578271466253679645e-01	1.185061282085533019e-01	-8.582646794705252324e-02	8.762922948879836582e-02	-6.980560571732480346e-01	1.125097878800825069e-01	-9.388137241721467019e-02	8.475191000712578582e-02	-8.086161882210436691e-02	3.083284435360231779e-01	-1.142505893922285687e-01	1.099998804429841992e-01	-8.160473035499668515e-02	8.213276792514193070e-02	-7.065698222500288450e-02	7.361491653327160989e-02	-9.265741779207595230e-02	6.895299333382523543e-02	-5.723338787429769342e-02	6.828106169861902774e-02	-6.923371226729112260e-02	6.212880679928633326e-02	-9.997798313452413432e-02	4.203911778431110302e-02	-3.406840174493827589e-02	4.802525778528699690e-02	-7.990358746220421748e-02	4.315410439190547898e-02	-4.706672693552475806e-02	4.142269328266922485e-02	-3.690413864484273082e-02	8.328688314872935428e-02	-3.899880395941394962e-02	5.413163089588168136e-02
-3.624459192964424314e-01	2.510424908722219128e-01	-2.495855824825415903e-01	1.822738715103027485e-01	-2.377470649467482433e-01	3.193691794101690684e-01	-5.024777844090637657e-01	2.372138919387844769e-01	-1.811657458288480904e-01	1.590826407552207722e-01	-3.578271466253679645e-01	9.999999999999988898e-01	-2.366986878805483474e-01	1.610156954404543261e-01	-1.702226539009490391e-01	2.393202089330407067e-01	-1.800394865299958236e-01	1.658250082449423957e-01	-1.577251206316717946e-01	1.460424708156398688e-01	-4.358379090660681188e-01	1.665926939277992680e-01	-2.023596611301022863e-01	1.452486294543994250e-01	-1.528630549821699269e-01	1.083262671946216421e-01	-1.171964553850241564e-01	1.453204010267647728e-01	-1.118159229000991878e-01	9.434719551450564123e-02	-1.107318478764939551e-01	1.083810954468424903e-01	-9.953840667051691571e-02	1.545926530021979051e-01	-7.017727366540636724e-02	5.671382258721008318e-02	-8.074151679589514075e-02	1.246606494173392865e-01	-7.171972834634914029e-02	7.717189699441003026e-02	-7.001266342287293387e-02	6.211349297987095452e-02	-1.416870214392012828e-01	6.467267753433711408e-02	-9.189253032099514718e-02
1.613673226081075995e-01	-1.366855361688344983e-01	2.025126536345379369e-01	-1.903796566657143252e-01	2.053664739318268317e-01	-1.646053140344946875e-01	1.607579144063864540e-01	-3.346214747394625211e-01	2.460073004575054623e-01	-2.382218862113455182e-01	1.185061282085533019e-01	-2.366986878805483474e-01	9.999999999999970024e-01	-4.383694568619389553e-01	2.512490913748901544e-01	-1.130361915046821930e-01	2.112944714361187637e-01	-5.498461088528296958e-01	2.794090269216499278e-01	-2.578870731672301964e-01	1.755542276121629108e-01	-2.167237810377907470e-01	2.839592519239507729e-01	-2.454634615433552713e-01	2.096150321103377179e-01	-1.172317212855349122e-01	1.311234522730502783e-01	-1.886887428829586988e-01	1.370663857076246661e-01	-1.184777992994152651e-01	1.129827422270403420e-01	-1.238827008297084115e-01	1.116892606384356640e-01	-1.941392912907918544e-01	8.473814364409401612e-02	-5.707792130107351702e-02	8.010881417214486822e-02	-1.444395050597403196e-01	8.107806792450668321e-02	-9.103885460635822990e-02	6.872410738082539161e-02	-6.159153205313187829e-02	1.380291043865676526e-01	-7.186683769128510146e-02	9.958162534268151511e-02
-1.295985880654753619e-01	1.075883391704340886e-01	-1.756995593118474974e-01	1.830339069906972427e-01	-2.098053451461883712e-01	1.194737652457674437e-01	-1.231333342169284167e-01	2.269492645054561886e-01	-4.527279080118303822e-01	2.958579271544355405e-01	-8.582646794705252324e-02	1.610156954404543261e-01	-4.383694568619389553e-01	9.999999999999973355e-01	-5.310311764606643337e-01	7.960578040182771098e-02	-1.433767911173013943e-01	2.399524715030114663e-01	-4.177090246725435052e-01	2.598204331690294744e-01	-1.273102958134586515e-01	1.357134542385242393e-01	-2.200261840640275190e-01	2.069278602487988339e-01	-2.037384038689107335e-01	7.943129097556986262e-02	-9.011257961869177657e-02	1.273923823021690660e-01	-9.780863832214131692e-02	8.762871648668933700e-02	-7.836756051396634448e-02	8.401525819474812973e-02	-7.710791895381161054e-02	1.320582803412366502e-01	-6.361850366892582431e-02	3.976049782749958850e-02	-5.601291337109816360e-02	9.819475953240947019e-02	-5.869855935580053224e-02	6.529195720604662190e-02	-4.814947184743476050e-02	4.309335388000252315e-02	-9.699820012649443268e-02	5.138981858014712162e-02	-7.271967380621210952e-02
1.285134723583029048e-01	-1.080881505411388360e-01	1.669525483614432426e-01	-1.902603044335465787e-01	2.123783263849459146e-01	-1.237825239783193615e-01	1.229524703283559894e-01	-2.224079095621272206e-01	3.036570114615257387e-01	-5.942574623946725865e-01	8.762922948879836582e-02	-1.702226539009490391e-01	2.512490913748901544e-01	-5.310311764606643337e-01	9.999999999999998890e-01	-8.123358580109282800e-02	1.280947725776526991e-01	-1.987897599183720276e-01	2.567706726448786836e-01	-3.567100002244920631e-01	1.285233458231467563e-01	-1.275641467659363315e-01	1.926940625418330499e-01	-2.025820143641581805e-01	2.044560577168384741e-01	-8.340598069520166469e-02	9.277781128292422741e-02	-1.341187180956002201e-01	1.018348186069090860e-01	-9.441576056775986825e-02	8.206680008443355268e-02	-8.862154881758636804e-02	8.181255526463455940e-02	-1.430808519356746300e-01	6.750718795756818769e-02	-4.235252026268039593e-02	5.965652316634759145e-02	-1.059568839180912436e-01	6.261284299004067633e-02	-7.037930208035722557e-02	5.134907399649443760e-02	-4.598380045404935890e-02	1.035963021735687301e-01	-5.507084848459867926e-02	7.725512614027353619e-02
-1.480196432992973155e-01	1.073448829658717324e-01	-1.059808092531578094e-01	8.300037759223874434e-02	-1.029998129195394269e-01	2.499925253902539057e-01	-1.684582896418252984e-01	1.103826134834188649e-01	-8.391480081048478812e-02	7.665810013036059023e-02	-6.980560571732480346e-01	2.393202089330407067e-01	-1.130361915046821930e-01	7.960578040182771098e-02	-8.123358580109282800e-02	9.999999999999982236e-01	-1.378243310972380176e-01	9.385637256966669617e-02	-8.162579809705422518e-02	7.645474711512892374e-02	-5.879249600443143819e-01	1.318058942266999156e-01	-1.104715761226214427e-01	7.865215153094871903e-02	-7.860936864881376551e-02	7.109879239358976588e-02	-7.416043305824851495e-02	8.759099359274383212e-02	-6.520121508239747066e-02	5.314817373571693176e-02	-6.809522629798984983e-02	6.706618088699628499e-02	-5.906715387484262614e-02	9.225917284313080169e-02	-3.916912489265620551e-02	3.196593853581075617e-02	-4.490232616013248995e-02	7.447407160838726004e-02	-4.012572377552164199e-02	4.356099647473779535e-02	-3.856901884129416286e-02	3.435230827872532561e-02	-7.709128778484060363e-02	3.613344996871341308e-02	-5.030019229358159705e-02
1.066163031392589611e-01	-8.440410292891378785e-02	1.092695530406992827e-01	-9.966520225986073844e-02	1.199296200916764865e-01	-1.302690825601697799e-01	1.080155531559057608e-01	-1.344863019772732093e-01	1.183287642041660481e-01	-1.147664810180290540e-01	1.125097878800825069e-01	-1.800394865299958236e-01	2.112944714361187637e-01	-1.433767911173013943e-01	1.280947725776526991e-01	-1.378243310972380176e-01	9.999999999999973355e-01	-3.594857925173035595e-01	1.710255433960969074e-01	-1.528214121166343309e-01	1.935582762294719150e-01	-8.105855386056595169e-01	2.528065991610925489e-01	-1.702667906633540951e-01	1.439845511751449147e-01	-1.246670863878467095e-01	1.566947736047181738e-01	-1.610040249311077976e-01	1.121037053529444216e-01	-8.583780483909290993e-02	1.095006847173360248e-01	-1.276262483087666488e-01	9.895036974447631029e-02	-1.485972662306177527e-01	6.265773152905243504e-02	-4.740240372411253650e-02	6.549042963463110045e-02	-1.196458613073797111e-01	6.176115445667261505e-02	-6.742326797202277677e-02	5.500431206753152169e-02	-4.943334994749837286e-02	1.076802302961834545e-01	-5.443976486313364255e-02	7.524479608749699844e-02
-1.181722315792352596e-01	9.535396764950702930e-02	-1.409004496089438507e-01	1.293970205586231770e-01	-1.535950385781255645e-01	1.201792818351071490e-01	-1.144278014328079379e-01	1.819191282291632017e-01	-1.759087176793625307e-01	1.629124019394135592e-01	-9.388137241721467019e-02	1.658250082449423957e-01	-5.498461088528296958e-01	2.399524715030114663e-01	-1.987897599183720276e-01	9.385637256966669617e-02	-3.594857925173035595e-01	1.000000000000000222e+00	-4.031004534227511371e-01	2.347759904118088825e-01	-1.502968019130962729e-01	2.479286908325278038e-01	-5.101173905337690329e-01	2.520572633155743758e-01	-2.184909040297590144e-01	9.820551072405582504e-02	-1.182136052312898061e-01	1.601104740520681580e-01	-1.186944858524926483e-01	9.712495760264712452e-02	-9.492152305863049699e-02	1.030789779801376121e-01	-9.126367171701207925e-02	1.510964398256909313e-01	-7.077494561262154260e-02	4.545961139084700453e-02	-6.373965427433335440e-02	1.126657681046088211e-01	-6.557763050335180255e-02	7.249106004875652265e-02	-5.438866297834839963e-02	4.872005687336119356e-02	-1.086636748419319148e-01	5.724388840956200902e-02	-8.084800581004814024e-02
1.140731146291636550e-01	-9.320546264407165993e-02	1.381456583544343752e-01	-1.401499816130146459e-01	1.606630500415592855e-01	-1.137807619783067631e-01	1.093870385091083308e-01	-1.805236642564082561e-01	2.061060940220340032e-01	-2.057733243763154030e-01	8.475191000712578582e-02	-1.577251206316717946e-01	2.794090269216499278e-01	-4.177090246725435052e-01	2.567706726448786836e-01	-8.162579809705422518e-02	1.710255433960969074e-01	-4.031004534227511371e-01	9.999999999999988898e-01	-5.668393256536049529e-01	1.304959002471884066e-01	-1.688688555780814282e-01	2.750042927356005640e-01	-4.203396678408137244e-01	2.935072611655022423e-01	-8.962342168413812982e-02	1.030428870572100419e-01	-1.492512260646917388e-01	1.164568214671816981e-01	-1.067276312563027879e-01	8.762705698336373250e-02	-9.503444156585776070e-02	8.671454966020432364e-02	-1.512750983106967428e-01	7.641711343266478773e-02	-4.369888105021638158e-02	6.140672353904715053e-02	-1.094387304023825419e-01	6.749015181838041721e-02	-7.564075602831267509e-02	5.264392121012305414e-02	-4.719222499863601206e-02	1.058435287675012076e-01	-5.837178270106563316e-02	8.303233999243403440e-02
-1.124618747022712167e-01	8.999845329792935389e-02	-1.363919005037032839e-01	1.347627466129065199e-01	-1.676875306552084999e-01	1.072299426514316811e-01	-1.051380726758312095e-01	1.646214324443076582e-01	-2.034162125523923115e-01	2.044007873525947039e-01	-8.086161882210436691e-02	1.460424708156398688e-01	-2.578870731672301964e-01	2.598204331690294744e-01	-3.567100002244920631e-01	7.645474711512892374e-02	-1.528214121166343309e-01	2.347759904118088825e-01	-5.668393256536049529e-01	9.999999999999988898e-01	-1.256292115099025275e-01	1.429030007397714686e-01	-2.666290885553482259e-01	3.023956066133642318e-01	-5.659696860894237735e-01	8.393547567450998503e-02	-9.725953516186229553e-02	1.384258079757412774e-01	-1.130129259369113681e-01	1.189514173562664923e-01	-8.396848580664773021e-02	8.931065423010708937e-02	-8.328813677147535455e-02	1.423980042629009457e-01	-8.788725296901860051e-02	4.228637997722782538e-02	-5.961173446430237388e-02	1.040564609526063861e-01	-7.155166628469226964e-02	7.910611286523039354e-02	-5.123196040389635386e-02	4.591099194094373087e-02	-1.034592252735611895e-01	6.026828963610435935e-02	-8.848568416114213631e-02
1.956691064287632009e-01	-1.547149976580369513e-01	1.564218596549778739e-01	-1.292531829539856347e-01	1.577017535154049410e-01	-3.615653836091129447e-01	2.229761391257251701e-01	-1.725249378310289017e-01	1.310631114264505515e-01	-1.227343977888489535e-01	3.083284435360231779e-01	-4.358379090660681188e-01	1.755542276121629108e-01	-1.273102958134586515e-01	1.285233458231467563e-01	-5.879249600443143819e-01	1.935582762294719150e-01	-1.502968019130962729e-01	1.304959002471884066e-01	-1.256292115099025275e-01	9.999999999999987788e-01	-2.495992583854653724e-01	1.764145892194131093e-01	-1.304523109998340924e-01	1.279284890291923216e-01	-1.356259364903226738e-01	1.323798539967937227e-01	-1.612674027099761653e-01	1.175424266778515303e-01	-9.555760542548868974e-02	1.219972689528917159e-01	-1.234708989405979285e-01	1.076111920768528102e-01	-1.724234164477656261e-01	6.996935699479436832e-02	-5.789227838585416647e-02	8.098478487830873540e-02	-1.388702486680586656e-01	7.229628486717076807e-02	-7.899960656796352343e-02	6.952649221226610277e-02	-6.205124932077528410e-02	1.388243241062335764e-01	-6.535938414838037003e-02	8.980415246274540964e-02
-1.053948627818512146e-01	8.210468286007219230e-02	-1.077380078647051376e-01	9.654680948314546540e-02	-1.196349502723888791e-01	1.255501734350483733e-01	-1.051072863605377744e-01	1.273679605208178356e-01	-1.165223027006014461e-01	1.099550912753336773e-01	-1.142505893922285687e-01	1.665926939277992680e-01	-2.167237810377907470e-01	1.357134542385242393e-01	-1.275641467659363315e-01	1.318058942266999156e-01	-8.105855386056595169e-01	2.479286908325278038e-01	-1.688688555780814282e-01	1.429030007397714686e-01	-2.495992583854653724e-01	9.999999999999993339e-01	-3.253990970373648595e-01	1.664253332945115627e-01	-1.494676425442136303e-01	1.285079233023808942e-01	-2.019996288286089459e-01	1.602643567849051653e-01	-1.145940452563869449e-01	8.408841797325380951e-02	-1.170957515712674202e-01	1.313335378954844368e-01	-1.023613698660972016e-01	1.434769283597316925e-01	-6.219380287998314133e-02	4.802311366094189765e-02	-6.650535017133286930e-02	1.176350025155675494e-01	-6.136364975678033906e-02	6.610689774085704018e-02	-5.557686827622774356e-02	4.983583447862881266e-02	-1.082532074868280125e-01	5.385261828012544161e-02	-7.510675031625349551e-02
1.338585021712503931e-01	-1.075364080558723484e-01	1.483455085044485811e-01	-1.418382755064282741e-01	1.671663876274560867e-01	-1.430667803716866304e-01	1.301319315208224747e-01	-1.906168996163181417e-01	1.725727742655304153e-01	-1.733592088357894800e-01	1.099998804429841992e-01	-2.023596611301022863e-01	2.839592519239507729e-01	-2.200261840640275190e-01	1.926940625418330499e-01	-1.104715761226214427e-01	2.528065991610925489e-01	-5.101173905337690329e-01	2.750042927356005640e-01	-2.666290885553482259e-01	1.764145892194131093e-01	-3.253990970373648595e-01	9.999999999999981126e-01	-4.898903769340894887e-01	2.648854317363414368e-01	-1.358601119268468826e-01	1.616655013401789021e-01	-2.713204467707095446e-01	1.751701549756060072e-01	-1.353869705615187435e-01	1.293495482442104938e-01	-1.435705502441611825e-01	1.269037023353592475e-01	-2.207605120075941396e-01	9.661885104672821023e-02	-6.191651983174147750e-02	8.658260991865970868e-02	-1.573757041615433672e-01	8.959674555549683450e-02	-1.002996230379573361e-01	7.376634800978777717e-02	-6.618904301184452832e-02	1.471767959552063854e-01	-7.837173248754594757e-02	1.094482993281505750e-01
-1.068233446876886983e-01	8.476861266089817659e-02	-1.237456735824210147e-01	1.186796118815730966e-01	-1.463163675759971971e-01	1.056644236144693161e-01	-1.007016443027049651e-01	1.501792373619816046e-01	-1.631299761670118587e-01	1.558237048461096341e-01	-8.160473035499668515e-02	1.452486294543994250e-01	-2.454634615433552713e-01	2.069278602487988339e-01	-2.025820143641581805e-01	7.865215153094871903e-02	-1.702667906633540951e-01	2.520572633155743758e-01	-4.203396678408137244e-01	3.023956066133642318e-01	-1.304523109998340924e-01	1.664253332945115627e-01	-4.898903769340894887e-01	9.999999999999972244e-01	-6.232833408893913019e-01	9.374306954482478083e-02	-1.118765552318462947e-01	1.679873908967818852e-01	-1.537382248456159728e-01	1.306478143097327405e-01	-9.366767999721413440e-02	1.000070879910024413e-01	-9.318876887852520219e-02	1.641474303120912248e-01	-9.673339838383551714e-02	4.601734744108031822e-02	-6.478188614363564191e-02	1.135811298393211710e-01	-7.797097639944353120e-02	8.599451907700735032e-02	-5.549870523056420202e-02	4.975353832569539420e-02	-1.117375680555647011e-01	6.535288384967502529e-02	-9.609100695527963976e-02
1.073466262514522762e-01	-8.604307580744950668e-02	1.226185194771100551e-01	-1.211151860576641787e-01	1.447162252609130728e-01	-1.088278686859319583e-01	1.022535921935261022e-01	-1.526814121901076127e-01	1.577540135385228359e-01	-1.687934477102879804e-01	8.213276792514193070e-02	-1.528630549821699269e-01	2.096150321103377179e-01	-2.037384038689107335e-01	2.044560577168384741e-01	-7.860936864881376551e-02	1.439845511751449147e-01	-2.184909040297590144e-01	2.935072611655022423e-01	-5.659696860894237735e-01	1.279284890291923216e-01	-1.494676425442136303e-01	2.648854317363414368e-01	-6.232833408893913019e-01	9.999999999999986677e-01	-9.636136074449780375e-02	1.102048307349604711e-01	-1.674853786927553156e-01	1.385656227452030653e-01	-1.902357706335689458e-01	9.551682242543448054e-02	-1.036156712931094181e-01	9.753806987948797358e-02	-1.770426478148856286e-01	1.193567298520403774e-01	-4.845081257768946853e-02	6.810367321431552712e-02	-1.235791738706040893e-01	8.957476330900178418e-02	-1.041534906408762423e-01	5.849233496750705363e-02	-5.258458746778500725e-02	1.182492563597558055e-01	-7.454640611673675477e-02	1.084136063047903276e-01
-7.796832369523763739e-02	5.789271699929426918e-02	-7.734151218543783290e-02	6.817447435892229346e-02	-9.314636879925826396e-02	8.137423195203290216e-02	-7.201866389099541299e-02	8.268341390898875654e-02	-7.710299259495979884e-02	7.146717141125612238e-02	-7.065698222500288450e-02	1.083262671946216421e-01	-1.172317212855349122e-01	7.943129097556986262e-02	-8.340598069520166469e-02	7.109879239358976588e-02	-1.246670863878467095e-01	9.820551072405582504e-02	-8.962342168413812982e-02	8.393547567450998503e-02	-1.356259364903226738e-01	1.285079233023808942e-01	-1.358601119268468826e-01	9.374306954482478083e-02	-9.636136074449780375e-02	9.999999999999984457e-01	-5.200143052419685663e-01	2.145394103788115792e-01	-1.607612691499404056e-01	9.176183235368247371e-02	-7.283900485794888580e-01	2.878288330319481725e-01	-1.951355768415525826e-01	1.798489313213278429e-01	-7.079269770160823150e-02	1.024670751945055136e-01	-1.267829154470780095e-01	1.897662585271409907e-01	-8.002001941047642841e-02	8.015562887668724323e-02	-1.008560357770784122e-01	8.703553477530256988e-02	-1.645098313216517560e-01	7.049577488850392037e-02	-9.540570729574801567e-02
8.349213972940103257e-02	-6.255358383935989697e-02	8.402137491805258818e-02	-7.488553643653680925e-02	1.006742760687110577e-01	-8.682209259012940716e-02	7.741839008494547092e-02	-9.175345784493769974e-02	8.538867759360603549e-02	-7.999432239321122018e-02	7.361491653327160989e-02	-1.171964553850241564e-01	1.311234522730502783e-01	-9.011257961869177657e-02	9.277781128292422741e-02	-7.416043305824851495e-02	1.566947736047181738e-01	-1.182136052312898061e-01	1.030428870572100419e-01	-9.725953516186229553e-02	1.323798539967937227e-01	-2.019996288286089459e-01	1.616655013401789021e-01	-1.118765552318462947e-01	1.102048307349604711e-01	-5.200143052419685663e-01	9.999999999999995559e-01	-4.152356724377211372e-01	2.089288661655411272e-01	-1.100114079957846130e-01	3.099117433732228588e-01	-5.493248256248866035e-01	2.384537002617014567e-01	-2.385945389210414325e-01	8.405859391871560449e-02	-9.265892153062046943e-02	1.217393833176961260e-01	-2.445750372584389321e-01	9.263719094667728637e-02	-9.367227827847633692e-02	9.421273209758894429e-02	-8.620562590106868595e-02	1.678677738972250144e-01	-8.010340291485754105e-02	1.067126177059197767e-01
-1.139876966858740515e-01	8.437217482702652482e-02	-1.176396997564188029e-01	1.045612648124623345e-01	-1.443457553740957744e-01	1.092179855644396791e-01	-1.021574707256634879e-01	1.258898699279054068e-01	-1.214982808189917080e-01	1.123222239738275313e-01	-9.265741779207595230e-02	1.453204010267647728e-01	-1.886887428829586988e-01	1.273923823021690660e-01	-1.341187180956002201e-01	8.759099359274383212e-02	-1.610040249311077976e-01	1.601104740520681580e-01	-1.492512260646917388e-01	1.384258079757412774e-01	-1.612674027099761653e-01	1.602643567849051653e-01	-2.713204467707095446e-01	1.679873908967818852e-01	-1.674853786927553156e-01	2.145394103788115792e-01	-4.152356724377211372e-01	9.999999999999974465e-01	-6.211002753972653112e-01	1.581216797227259219e-01	-2.325767520009368872e-01	2.329117512718790750e-01	-2.245824049580353032e-01	3.135665634871575569e-01	-1.248396349499001912e-01	9.402926972558385554e-02	-1.335385420536497614e-01	2.074598495637812179e-01	-1.185676847340338264e-01	1.207963803276502768e-01	-1.119499418028456622e-01	9.938836259071689994e-02	-2.204829477988798914e-01	1.014178492715891028e-01	-1.479013133254673262e-01
8.532072251477056113e-02	-6.362208626286321167e-02	8.804944405308862132e-02	-7.920656318407920393e-02	1.075995055270908274e-01	-8.283552427418966468e-02	7.710212700581584033e-02	-9.571873691343135704e-02	9.182770933489035892e-02	-8.635797358327965134e-02	6.895299333382523543e-02	-1.118159229000991878e-01	1.370663857076246661e-01	-9.780863832214131692e-02	1.018348186069090860e-01	-6.520121508239747066e-02	1.121037053529444216e-01	-1.186944858524926483e-01	1.164568214671816981e-01	-1.130129259369113681e-01	1.175424266778515303e-01	-1.145940452563869449e-01	1.751701549756060072e-01	-1.537382248456159728e-01	1.385656227452030653e-01	-1.607612691499404056e-01	2.089288661655411272e-01	-6.211002753972653112e-01	9.999999999999993339e-01	-2.087687916496640261e-01	1.595447781134745058e-01	-1.814416669477799671e-01	1.782069870060126460e-01	-6.354388559039333417e-01	1.447321043764139004e-01	-7.051469905589910492e-02	9.890709406161921069e-02	-1.817169140842896657e-01	1.132368807641445513e-01	-1.254161520241031669e-01	8.323153383978458553e-02	-7.475554201726609949e-02	1.651607972887861875e-01	-9.352580241794811178e-02	1.356636443452066965e-01
-7.341246400260809102e-02	5.477798686574315845e-02	-7.679009749183866862e-02	6.958117788913038837e-02	-9.479350840515123056e-02	6.966210347447458762e-02	-6.586945074042302450e-02	8.326167638188584907e-02	-8.209245298156118975e-02	7.804615402398833168e-02	-5.723338787429769342e-02	9.434719551450564123e-02	-1.184777992994152651e-01	8.762871648668933700e-02	-9.441576056775986825e-02	5.314817373571693176e-02	-8.583780483909290993e-02	9.712495760264712452e-02	-1.067276312563027879e-01	1.189514173562664923e-01	-9.555760542548868974e-02	8.408841797325380951e-02	-1.353869705615187435e-01	1.306478143097327405e-01	-1.902357706335689458e-01	9.176183235368247371e-02	-1.100114079957846130e-01	1.581216797227259219e-01	-2.087687916496640261e-01	9.999999999999982236e-01	-1.031686600749979060e-01	1.058109254668236909e-01	-1.204702694548051151e-01	2.035628361333538250e-01	-7.660756199030382962e-01	5.798025242136060908e-02	-8.241118319254937818e-02	1.467091261889958143e-01	-2.706937871561829745e-01	2.895515186849552669e-01	-7.201736484249383896e-02	6.571062793324446150e-02	-1.524374861275786530e-01	1.800705664926584293e-01	-3.111983300865624469e-01
7.754161004846651939e-02	-5.782156412593200678e-02	7.669465194057027702e-02	-6.801452495904670992e-02	9.226424446589456818e-02	-8.129529648236469286e-02	7.192182421527508474e-02	-8.254948612075196923e-02	7.615808277629923517e-02	-7.118805971285062373e-02	6.828106169861902774e-02	-1.107318478764939551e-01	1.129827422270403420e-01	-7.836756051396634448e-02	8.206680008443355268e-02	-6.809522629798984983e-02	1.095006847173360248e-01	-9.492152305863049699e-02	8.762705698336373250e-02	-8.396848580664773021e-02	1.219972689528917159e-01	-1.170957515712674202e-01	1.293495482442104938e-01	-9.366767999721413440e-02	9.551682242543448054e-02	-7.283900485794888580e-01	3.099117433732228588e-01	-2.325767520009368872e-01	1.595447781134745058e-01	-1.031686600749979060e-01	9.999999999999976685e-01	-4.478937789877145415e-01	2.233989975191932043e-01	-2.168147515197224595e-01	7.844835348472710412e-02	-1.356239038297824551e-01	1.430568937413207176e-01	-2.586931587391455567e-01	9.147840849282316833e-02	-9.252998038309623308e-02	1.126401519980403942e-01	-9.939461509839643549e-02	1.723464464241378780e-01	-8.050729195509087610e-02	1.038249818176499584e-01
-8.102799082627443195e-02	5.990445696572035267e-02	-8.135574087216000672e-02	7.194783256074424593e-02	-9.915275795563989469e-02	8.083118402915290268e-02	-7.360362648597269797e-02	8.659175725719434058e-02	-8.159247264228906837e-02	7.557906586025570084e-02	-6.923371226729112260e-02	1.083810954468424903e-01	-1.238827008297084115e-01	8.401525819474812973e-02	-8.862154881758636804e-02	6.706618088699628499e-02	-1.276262483087666488e-01	1.030789779801376121e-01	-9.503444156585776070e-02	8.931065423010708937e-02	-1.234708989405979285e-01	1.313335378954844368e-01	-1.435705502441611825e-01	1.000070879910024413e-01	-1.036156712931094181e-01	2.878288330319481725e-01	-5.493248256248866035e-01	2.329117512718790750e-01	-1.814416669477799671e-01	1.058109254668236909e-01	-4.478937789877145415e-01	1.000000000000000444e+00	-5.091278548035800267e-01	2.125975553178230948e-01	-8.292303094212029324e-02	1.172927297194643753e-01	-1.693013466925293031e-01	2.787210803041567653e-01	-1.009676717090179643e-01	9.619298792464145431e-02	-1.161847671645279967e-01	1.068964094836493961e-01	-2.001178265832933012e-01	8.630874044641283216e-02	-1.143306484464606809e-01
7.495644591304290172e-02	-5.531873394584202464e-02	7.530259265316244233e-02	-6.678564118797618299e-02	9.235140717758251461e-02	-7.359178656309481315e-02	6.766463721159184097e-02	-7.990498661683913262e-02	7.531148647057026024e-02	-6.999764973963824854e-02	6.212880679928633326e-02	-9.953840667051691571e-02	1.116892606384356640e-01	-7.710791895381161054e-02	8.181255526463455940e-02	-5.906715387484262614e-02	9.895036974447631029e-02	-9.126367171701207925e-02	8.671454966020432364e-02	-8.328813677147535455e-02	1.076111920768528102e-01	-1.023613698660972016e-01	1.269037023353592475e-01	-9.318876887852520219e-02	9.753806987948797358e-02	-1.951355768415525826e-01	2.384537002617014567e-01	-2.245824049580353032e-01	1.782069870060126460e-01	-1.204702694548051151e-01	2.233989975191932043e-01	-5.091278548035800267e-01	9.999999999999977796e-01	-2.924714701696808916e-01	9.516974081807821895e-02	-9.581440859444614877e-02	1.301197995518677542e-01	-6.895026419509232563e-01	1.314393482777508337e-01	-1.198209553929542037e-01	1.018721873677399387e-01	-9.643185837831121099e-02	1.966290467909932449e-01	-1.077592261840873006e-01	1.286785701284517136e-01
-1.264484364397742699e-01	9.221935730367415707e-02	-1.290324129465347802e-01	1.138401672100625012e-01	-1.613994213110011844e-01	1.171139055584006494e-01	-1.110778433760544609e-01	1.340101600701734674e-01	-1.301400368560893250e-01	1.193168876403526563e-01	-9.997798313452413432e-02	1.545926530021979051e-01	-1.941392912907918544e-01	1.320582803412366502e-01	-1.430808519356746300e-01	9.225917284313080169e-02	-1.485972662306177527e-01	1.510964398256909313e-01	-1.512750983106967428e-01	1.423980042629009457e-01	-1.724234164477656261e-01	1.434769283597316925e-01	-2.207605120075941396e-01	1.641474303120912248e-01	-1.770426478148856286e-01	1.798489313213278429e-01	-2.385945389210414325e-01	3.135665634871575569e-01	-6.354388559039333417e-01	2.035628361333538250e-01	-2.168147515197224595e-01	2.125975553178230948e-01	-2.924714701696808916e-01	9.999999999999976685e-01	-1.928588248408146244e-01	1.063177134735670964e-01	-1.537481895352021122e-01	2.386048581758654918e-01	-1.581788181189897058e-01	1.597523735847340975e-01	-1.320781973465589287e-01	1.171039873497979333e-01	-2.689556830652217734e-01	1.308734497975944100e-01	-1.972399570156427306e-01
