1.000000000000000222e+00	-3.781039225353637900e-01	1.491810849373436110e-01	-1.001946333755440038e-01	1.090007312192556588e-01	-8.310286106640546455e-01	2.749724620148126242e-01	-1.037250332194316893e-01	8.799218218615893761e-02	-1.101053589217952100e-01	2.004050623361573746e-01	-2.257308155254776350e-01	1.100059387813298040e-01	-9.199420760221468929e-02	1.094213666631739801e-01	-1.463500611446693911e-01	1.266609088037684017e-01	-9.874812899190689441e-02	8.129351755197743168e-02	-8.774967457661132786e-02	7.634940188173991449e-02	-7.714173130018045499e-02	8.584134592842410094e-02	-7.497975758168284877e-02	8.651578101032295076e-02	-9.840561399870571824e-02	7.964641749128666126e-02	-7.314471125334638668e-02	5.494908777593714849e-02	-6.776593724594578982e-02	9.189956982025200560e-02	-5.344532631998826638e-02	5.990391755119271744e-02	-4.821090833433274575e-02	4.972671189923134893e-02	-4.592302434442040171e-02	5.180611106901147900e-02	-4.240763045160637901e-02	4.335238011980131756e-02	-7.392373910896790634e-02	5.045201437191029759e-02	-5.162763291216541928e-02	4.213156017333898051e-02	-4.248868896611858459e-02	5.118461030203567963e-02
-3.781039225353637900e-01	1.000000000000000222e+00	-4.075163902321269349e-01	1.914219383519348006e-01	-2.198812719765582679e-01	2.627425653194174759e-01	-6.284019534393441297e-01	1.764711175575401358e-01	-1.553188393147397206e-01	1.736031428525452447e-01	-2.599018168214525804e-01	2.744577618076033954e-01	-1.822245427982633337e-01	1.433068813863505597e-01	-1.803420058099319823e-01	1.675580094944068565e-01	-1.832624190625557759e-01	1.342969960929182582e-01	-1.186422325782177656e-01	1.246864444694224111e-01	-9.594265476983415697e-02	1.003855303543482180e-01	-1.174713841304088208e-01	1.020393491944490555e-01	-1.221908394314034085e-01	1.199633403285850081e-01	-1.072434309831322430e-01	9.796263432558785511e-02	-7.463327409814117519e-02	9.101000187082340653e-02	-1.245465112453361112e-01	7.129062724325922751e-02	-8.123323327370830793e-02	6.475947053058889180e-02	-6.731751748902981003e-02	6.150631619268782241e-02	-6.972963219567297755e-02	5.675814538070932114e-02	-5.827128464320550927e-02	9.725177775825562254e-02	-6.805996318420312607e-02	6.864562746516672531e-02	-5.648831389077501458e-02	5.659549889524776584e-02	-6.858651478130686763e-02
1.491810849373436110e-01	-4.075163902321269349e-01	1.000000000000000444e+00	-6.057767229802898390e-01	3.012933724105898436e-01	-1.349757905493584598e-01	2.130452941581335302e-01	-3.265592617825001098e-01	2.106317668928940900e-01	-2.810754837398390382e-01	1.713774922761249209e-01	-2.129950250685844204e-01	1.976864644811596738e-01	-1.828318098366212285e-01	2.054766841017642842e-01	-1.531385692576124058e-01	1.527522130126990063e-01	-1.382872392124507022e-01	1.262911045718517478e-01	-1.426986252990983250e-01	9.231430229939317778e-02	-1.012256425517372160e-01	1.180049412957617505e-01	-1.102456797522938375e-01	1.281360068152461174e-01	-1.219715853509820841e-01	1.077191076678915005e-01	-1.054195997555534975e-01	7.972771492879021649e-02	-9.988177473498574543e-02	1.285277812898343031e-01	-7.440510361493533897e-02	8.643586309318640470e-02	-7.035861218177430487e-02	7.246221906096018961e-02	-6.466251614467401210e-02	7.245065970601792527e-02	-6.142795125854270955e-02	6.280320684029432055e-02	-1.092886401349518199e-01	7.147574696937558647e-02	-7.399644352774967238e-02	6.061467004225472299e-02	-6.159967009764302781e-02	7.438104717304259983e-02
-1.001946333755440038e-01	1.914219383519348006e-01	-6.057767229802898390e-01	1.000000000000000444e+00	-6.726250635130963662e-01	8.576556214684281920e-02	-1.399932058100856747e-01	1.734801467412405152e-01	-1.599080897123415224e-01	2.297889599899272661e-01	-1.186039461842970377e-01	1.338006729513133708e-01	-1.453197910551095040e-01	1.277549454625308001e-01	-1.825001111071233861e-01	1.022441730139447419e-01	-1.062917823354534858e-01	9.508256115063058733e-02	-9.148748031187040053e-02	1.022587427850991104e-01	-6.258966874869491270e-02	6.903244364786047249e-02	-8.187606913903967831e-02	7.631905469003112674e-02	-9.114169540792387003e-02	8.179099999126936138e-02	-7.416086358404090639e-02	7.223796256709970331e-02	-5.507095933003014476e-02	6.842658689835270924e-02	-8.814391186245626453e-02	5.085748790803135133e-02	-5.943509938622000555e-02	4.814480539206020954e-02	-4.982033960662606009e-02	4.417081094005926439e-02	-4.965940620074412587e-02	4.191359572439621456e-02	-4.293675989157360456e-02	7.372996136077418494e-02	-4.892513780798141837e-02	5.031571354322716266e-02	-4.135646091852894501e-02	4.188445128174810711e-02	-5.068429337078315944e-02
1.090007312192556588e-01	-2.198812719765582679e-01	3.012933724105898436e-01	-6.726250635130963662e-01	1.000000000000000444e+00	-9.997553529225747249e-02	1.493735219219750887e-01	-1.931055619436196358e-01	1.674210476541668768e-01	-4.631797055697793319e-01	1.466014220916120325e-01	-1.743778841457562512e-01	1.681082605389250251e-01	-1.607501636999833783e-01	2.411026150180041183e-01	-1.401831420911983372e-01	1.394782750577466812e-01	-1.313782479902842193e-01	1.226705256024124557e-01	-1.439480634685673943e-01	8.657392615885155240e-02	-9.625247335047051878e-02	1.128598983164018354e-01	-1.072239369378176904e-01	1.255348032477855702e-01	-1.152760294098279792e-01	1.030111282672307033e-01	-1.021568463129100962e-01	7.737744099750384907e-02	-9.741502084448884491e-02	1.239137131660024427e-01	-7.167200903991058358e-02	8.388922406268199683e-02	-6.847021173524608928e-02	7.048861695905085656e-02	-6.245396968732962184e-02	6.984137769910928051e-02	-5.969279113829576572e-02	6.102589385847627390e-02	-1.067268697144573841e-01	6.910916601210739807e-02	-7.176163195723261889e-02	5.881800018933885932e-02	-5.988488317777883319e-02	7.233669741490444949e-02
-8.310286106640546455e-01	2.627425653194174759e-01	-1.349757905493584598e-01	8.576556214684281920e-02	-9.997553529225747249e-02	1.000000000000000444e+00	-3.913023540523046240e-01	9.483162865926579588e-02	-8.262820545780399928e-02	9.577235468916928118e-02	-2.492190854099367858e-01	2.123247772422533486e-01	-1.044135569958544868e-01	8.394755703436587724e-02	-1.006363635887556618e-01	1.358984506122855318e-01	-1.230581547259324282e-01	9.012370651102326324e-02	-7.475706260327630304e-02	7.899368897732005068e-02	-7.064100905417713960e-02	7.027487743606258830e-02	-7.892395114241088083e-02	6.755006273296421115e-02	-7.891687966705593360e-02	8.831670322912189841e-02	-7.298794277770738470e-02	6.572843889264833039e-02	-4.959091919430030221e-02	6.058562442428333528e-02	-8.353234022570077411e-02	4.833486481552583258e-02	-5.401838246565385249e-02	4.319047654154208049e-02	-4.470844327204952923e-02	4.145548133957099868e-02	-4.697083671009074507e-02	3.799345802068729294e-02	-3.890366282635984024e-02	6.539687946425067067e-02	-4.560323627326708096e-02	4.624645599833557275e-02	-3.783023453088654731e-02	3.797280415755821537e-02	-4.582194213213708345e-02
2.749724620148126242e-01	-6.284019534393441297e-01	2.130452941581335302e-01	-1.399932058100856747e-01	1.493735219219750887e-01	-3.913023540523046240e-01	1.000000000000000444e+00	-1.756967172822755108e-01	1.350630390023278837e-01	-1.490039096498446680e-01	2.470425066128227598e-01	-4.967132156195637194e-01	1.621401634223290089e-01	-1.332823796543296524e-01	1.475345886018337438e-01	-1.717041802776659853e-01	1.772728534854045024e-01	-1.321447885184103832e-01	1.088627503737291113e-01	-1.159444797559896490e-01	9.329593899729220208e-02	-9.662741041183611768e-02	1.103301894829015611e-01	-9.602956677377476324e-02	1.116779870735826741e-01	-1.182946816588928834e-01	1.003669190240751297e-01	-9.279470956697911943e-02	7.003064292419697301e-02	-8.575152918660579326e-02	1.151232203848721602e-01	-6.698774846439602138e-02	7.564615771772954800e-02	-6.079257150958917999e-02	6.289599675860792216e-02	-5.746139324588919739e-02	6.505201523085077375e-02	-5.324406947735569468e-02	5.449312548330059042e-02	-9.212024337570329235e-02	6.325339974030454171e-02	-6.451634615816023710e-02	5.279353862719587953e-02	-5.315669506570526448e-02	6.412288423646710089e-02
-1.037250332194316893e-01	1.764711175575401358e-01	-3.265592617825001098e-01	1.734801467412405152e-01	-1.931055619436196358e-01	9.483162865926579588e-02	-1.756967172822755108e-01	1.000000000000000666e+00	-7.460895523071853219e-01	2.104851138512034425e-01	-1.358658902841788085e-01	1.616672980968246465e-01	-4.023356551059136810e-01	2.877493778625228593e-01	-2.016400111025919983e-01	1.163169973047552958e-01	-1.275985402738473440e-01	1.193782025993879448e-01	-1.282957089433094944e-01	1.293074630503509848e-01	-7.165445177537452248e-02	7.997717577565210956e-02	-9.773038921267480916e-02	9.149739779555500496e-02	-1.094576530890739724e-01	9.242507180649014997e-02	-8.551091859434559184e-02	8.439027728813133788e-02	-6.495848335181984845e-02	7.909726322290323852e-02	-9.907991153040275611e-02	5.787378943137872628e-02	-6.811432107377764222e-02	5.513881472605793033e-02	-5.737875843241074802e-02	4.983529312154501290e-02	-5.643908547138714454e-02	4.752966169147227610e-02	-4.873861814721421049e-02	8.223532806004539564e-02	-5.515790942033350908e-02	5.659925651843424749e-02	-4.661570862198297083e-02	4.711538657096214777e-02	-5.700316384799315739e-02
8.799218218615893761e-02	-1.553188393147397206e-01	2.106317668928940900e-01	-1.599080897123415224e-01	1.674210476541668768e-01	-8.262820545780399928e-02	1.350630390023278837e-01	-7.460895523071853219e-01	1.000000000000000444e+00	-2.663205050394288342e-01	1.227112719995414325e-01	-1.493376579205464849e-01	2.935858694392449175e-01	-4.648546176484451564e-01	2.030125151880853573e-01	-1.122604760611525809e-01	1.212380819957503686e-01	-1.214218345754150413e-01	1.345162491900624424e-01	-1.378489335963998252e-01	6.970697816378955414e-02	-7.865530726717001597e-02	9.627946904428368036e-02	-9.244133081086204629e-02	1.085485477323383657e-01	-9.070770494603686007e-02	8.360059719100504383e-02	-8.432324559877174552e-02	6.483955097203727980e-02	-7.906625450138357603e-02	9.671416148046697858e-02	-5.689480871054148486e-02	6.722778975777597699e-02	-5.477078396176957714e-02	5.689209143721381950e-02	-4.892709374556002133e-02	5.535696133459114959e-02	-4.702429581091360083e-02	4.815863037108437938e-02	-8.178194226565317637e-02	5.408755511167456786e-02	-5.585573209972106989e-02	4.593870388317771586e-02	-4.658128014975407294e-02	5.626336861078083673e-02
-1.101053589217952100e-01	1.736031428525452447e-01	-2.810754837398390382e-01	2.297889599899272661e-01	-4.631797055697793319e-01	9.577235468916928118e-02	-1.490039096498446680e-01	2.104851138512034425e-01	-2.663205050394288342e-01	1.000000000000002220e+00	-1.577208941210904436e-01	1.657795939061295076e-01	-2.330399802975274270e-01	2.144311921884836103e-01	-6.657921257382881652e-01	1.430444524233353831e-01	-1.599176922766540054e-01	1.501900798472461940e-01	-1.681100519170886931e-01	1.930033933550584779e-01	-9.156804845747641697e-02	1.040399460225738398e-01	-1.290412671425638924e-01	1.230905161379389212e-01	-1.574424499918355980e-01	1.182617268069577621e-01	-1.132597063480566407e-01	1.124215265370193534e-01	-8.747835054149892542e-02	1.069073368633086940e-01	-1.325960797204367714e-01	7.693295623678110540e-02	-9.206246832334344377e-02	7.430978511076376247e-02	-7.773961917766888940e-02	6.651710115177872362e-02	-7.535030726572432280e-02	6.381749220089351360e-02	-6.560005990980186108e-02	1.098150239668898576e-01	-7.390812516462427761e-02	7.555408935820770444e-02	-6.252482103783664480e-02	6.309647349592299725e-02	-7.658737191891740181e-02
2.004050623361573746e-01	-2.599018168214525804e-01	1.713774922761249209e-01	-1.186039461842970377e-01	1.466014220916120325e-01	-2.492190854099367858e-01	2.470425066128227598e-01	-1.358658902841788085e-01	1.227112719995414325e-01	-1.577208941210904436e-01	1.000000000000000444e+00	-5.555584065240116720e-01	1.770450334388551650e-01	-1.467453228045475233e-01	1.762390165545796028e-01	-5.428840589118777427e-01	2.763625174269607743e-01	-2.037750033189970611e-01	1.534473948833472989e-01	-1.627658876010492639e-01	2.026648872814999780e-01	-1.793988644875215421e-01	1.817178691600435658e-01	-1.499716656130616887e-01	1.682652909194292667e-01	-2.524526868939721003e-01	1.728559590568309046e-01	-1.492933484336574079e-01	1.107256490060028187e-01	-1.347308667662333037e-01	1.896037938241844079e-01	-1.125998113352558450e-01	1.201258048061131511e-01	-9.632960485296523934e-02	9.911445867779999919e-02	-9.495741209813580996e-02	1.077573870290865488e-01	-8.528141718814571948e-02	8.688655627551133964e-02	-1.466095469650690875e-01	1.029766775724512973e-01	-1.052185906894025913e-01	8.500148417466493744e-02	-8.542170114036409800e-02	1.021191408146545077e-01
-2.257308155254776350e-01	2.744577618076033954e-01	-2.129950250685844204e-01	1.338006729513133708e-01	-1.743778841457562512e-01	2.123247772422533486e-01	-4.967132156195637194e-01	1.616672980968246465e-01	-1.493376579205464849e-01	1.657795939061295076e-01	-5.555584065240116720e-01	1.000000000000000444e+00	-2.490733005697917946e-01	1.705617915808848861e-01	-1.960342892478079690e-01	2.630086920282904139e-01	-3.645138570993414762e-01	1.988998456134928594e-01	-1.591388090697020141e-01	1.586614486379180344e-01	-1.412072049058033241e-01	1.421024506333204152e-01	-1.655716107171593954e-01	1.349631413278553904e-01	-1.600141619362217271e-01	1.682289927232987203e-01	-1.479791849291281214e-01	1.303288197338968724e-01	-9.905100407311326349e-02	1.183210657018520517e-01	-1.647916508620747844e-01	9.547743787026688467e-02	-1.064467701566550739e-01	8.431432530178416263e-02	-8.789078730854421595e-02	8.124370496245125750e-02	-9.302073507272172470e-02	7.390083250797409298e-02	-7.585624478363872658e-02	1.241639457404134506e-01	-8.950708616505088921e-02	8.962401588573629119e-02	-7.359939057641216864e-02	7.335504577548086769e-02	-8.869206056830292173e-02
1.100059387813298040e-01	-1.822245427982633337e-01	1.976864644811596738e-01	-1.453197910551095040e-01	1.681082605389250251e-01	-1.044135569958544868e-01	1.621401634223290089e-01	-4.023356551059136810e-01	2.935858694392449175e-01	-2.330399802975274270e-01	1.770450334388551650e-01	-2.490733005697917946e-01	1.000000000000001776e+00	-7.100231053087537880e-01	2.343753782111553940e-01	-1.676219842505360103e-01	1.795398178405930301e-01	-1.919573115602216107e-01	1.971454435423776741e-01	-2.038824026002487577e-01	1.033602976672377549e-01	-1.172223735708100845e-01	1.432006586685997951e-01	-1.383519401208317401e-01	1.572893941496759651e-01	-1.351486698364798844e-01	1.229555570766703854e-01	-1.261310117594778013e-01	9.632174868343432173e-02	-1.174461108338702431e-01	1.409798906043669420e-01	-8.381574844783551415e-02	9.881756790438535332e-02	-8.097815711870491595e-02	8.388409402526046665e-02	-7.178750838280345548e-02	8.123690940040538544e-02	-6.931421894014910823e-02	7.086005231203013066e-02	-1.209360258364971380e-01	7.915546911597255708e-02	-8.224757415307315522e-02	6.747030080223311022e-02	-6.860306898647257345e-02	8.265036234603212462e-02
-9.199420760221468929e-02	1.433068813863505597e-01	-1.828318098366212285e-01	1.277549454625308001e-01	-1.607501636999833783e-01	8.394755703436587724e-02	-1.332823796543296524e-01	2.877493778625228593e-01	-4.648546176484451564e-01	2.144311921884836103e-01	-1.467453228045475233e-01	1.705617915808848861e-01	-7.100231053087537880e-01	1.000000000000002442e+00	-2.877770326453680805e-01	1.341978180696966894e-01	-1.579615307078449937e-01	1.653400540439864674e-01	-2.480400337532269739e-01	1.924091685940076957e-01	-8.528438571003184310e-02	9.810027216722914944e-02	-1.260089194235433918e-01	1.209819277122810843e-01	-1.447775941299468683e-01	1.090213881302014576e-01	-1.043932267156845450e-01	1.064678080441731067e-01	-8.352657711805563934e-02	9.891517851785276705e-02	-1.174524754281198041e-01	6.987719147968210476e-02	-8.357144242269737289e-02	6.786977687486492328e-02	-7.112018563484565070e-02	5.957089087973189284e-02	-6.801373797130434717e-02	5.762611176855407524e-02	-5.913801390623096149e-02	9.818291812211500658e-02	-6.587973587365308914e-02	6.773648101428854373e-02	-5.592258067724176912e-02	5.653037695273256669e-02	-6.834143535820422222e-02
1.094213666631739801e-01	-1.803420058099319823e-01	2.054766841017642842e-01	-1.825001111071233861e-01	2.411026150180041183e-01	-1.006363635887556618e-01	1.475345886018337438e-01	-2.016400111025919983e-01	2.030125151880853573e-01	-6.657921257382881652e-01	1.762390165545796028e-01	-1.960342892478079690e-01	2.343753782111553940e-01	-2.877770326453680805e-01	1.000000000000002442e+00	-1.833301996906787634e-01	1.928079673323250809e-01	-2.063929828992963900e-01	2.204341542796834363e-01	-3.463966814234410441e-01	1.183042684120862720e-01	-1.367520837862055694e-01	1.670078561618283108e-01	-1.686605817827536713e-01	2.019878268663082288e-01	-1.568730262397253772e-01	1.458605844838612164e-01	-1.530007469153378541e-01	1.174056043133112626e-01	-1.466288316723310947e-01	1.709268227099538240e-01	-1.011415026217177271e-01	1.212771199890312207e-01	-1.002237733570384981e-01	1.036581684184234436e-01	-8.725649240710244003e-02	9.826157834014313808e-02	-8.542063975383525076e-02	8.730006471883684782e-02	-1.509180990669087286e-01	9.646573257623478059e-02	-1.008983708616607300e-01	8.287714230836948359e-02	-8.464835853090932338e-02	1.020460785561078942e-01
-1.463500611446693911e-01	1.675580094944068565e-01	-1.531385692576124058e-01	1.022441730139447419e-01	-1.401831420911983372e-01	1.358984506122855318e-01	-1.717041802776659853e-01	1.163169973047552958e-01	-1.122604760611525809e-01	1.430444524233353831e-01	-5.428840589118777427e-01	2.630086920282904139e-01	-1.676219842505360103e-01	1.341978180696966894e-01	-1.833301996906787634e-01	1.000000000000002220e+00	-4.613388748486844104e-01	2.354961075312302088e-01	-1.773072011487089594e-01	1.727087179918436466e-01	-4.195587374278254567e-01	2.328904260946117188e-01	-2.414143945248150291e-01	1.687931620482074624e-01	-1.978136764507310297e-01	2.820575422973208291e-01	-2.351761632034850003e-01	1.693245004269134379e-01	-1.277474471575177073e-01	1.477959013019412016e-01	-2.394485341162370107e-01	1.367755654545109723e-01	-1.393981667681232772e-01	1.077237167781086996e-01	-1.124686620692030986e-01	1.135886800604574282e-01	-1.332187626229605903e-01	9.631801771892062325e-02	-9.879471180423878007e-02	1.554174915367467213e-01	-1.240695024499293142e-01	1.198145216198208268e-01	-9.778414106502017478e-02	9.558586773643840129e-02	-1.150993017346970404e-01
1.266609088037684017e-01	-1.832624190625557759e-01	1.527522130126990063e-01	-1.062917823354534858e-01	1.394782750577466812e-01	-1.230581547259324282e-01	1.772728534854045024e-01	-1.275985402738473440e-01	1.212380819957503686e-01	-1.599176922766540054e-01	2.763625174269607743e-01	-3.645138570993414762e-01	1.795398178405930301e-01	-1.579615307078449937e-01	1.928079673323250809e-01	-4.613388748486844104e-01	1.000000000000001332e+00	-5.625427352513370227e-01	2.410420784977976016e-01	-2.481169136474444536e-01	2.070602349183286450e-01	-2.345822910367413860e-01	2.564354366785025485e-01	-2.016209687132449191e-01	2.142299607452858301e-01	-2.500587201218257283e-01	2.037452672873708848e-01	-1.949011441409182754e-01	1.428716723691577373e-01	-1.668499857023942601e-01	2.043937325820794904e-01	-1.304633804169233469e-01	1.416044168790688840e-01	-1.152681332741507664e-01	1.192370879378296250e-01	-1.060214643434049947e-01	1.227430382617477195e-01	-9.882814017314346666e-02	1.004352680284598953e-01	-1.654925855534853107e-01	1.144540619419614907e-01	-1.187866561932888337e-01	9.594491858103519621e-02	-9.686583277939407599e-02	1.150836620954548140e-01
-9.874812899190689441e-02	1.342969960929182582e-01	-1.382872392124507022e-01	9.508256115063058733e-02	-1.313782479902842193e-01	9.012370651102326324e-02	-1.321447885184103832e-01	1.193782025993879448e-01	-1.214218345754150413e-01	1.501900798472461940e-01	-2.037750033189970611e-01	1.988998456134928594e-01	-1.919573115602216107e-01	1.653400540439864674e-01	-2.063929828992963900e-01	2.354961075312302088e-01	-5.625427352513370227e-01	1.000000000000002887e+00	-4.860815155012458422e-01	2.711388017925070448e-01	-1.637952897095413807e-01	2.101118075872613622e-01	-4.181954437439466266e-01	2.185374486155224616e-01	-2.522575445182650422e-01	1.866593880243000991e-01	-2.038926017432338977e-01	2.005639800256597549e-01	-1.559554993739946660e-01	1.636368983705089597e-01	-1.903219353784747492e-01	1.222188396451636266e-01	-1.416790112914954602e-01	1.122080662686136820e-01	-1.199544658187124968e-01	9.818211334037303673e-02	-1.173898525401369103e-01	9.406120406765143549e-02	-9.668769145768138507e-02	1.491707849799944752e-01	-1.075633002480868849e-01	1.089272653264924950e-01	-9.001544768158409315e-02	8.976241958823268086e-02	-1.080055504255036797e-01
8.129351755197743168e-02	-1.186422325782177656e-01	1.262911045718517478e-01	-9.148748031187040053e-02	1.226705256024124557e-01	-7.475706260327630304e-02	1.088627503737291113e-01	-1.282957089433094944e-01	1.345162491900624424e-01	-1.681100519170886931e-01	1.534473948833472989e-01	-1.591388090697020141e-01	1.971454435423776741e-01	-2.480400337532269739e-01	2.204341542796834363e-01	-1.773072011487089594e-01	2.410420784977976016e-01	-4.860815155012458422e-01	1.000000000000002887e+00	-6.759114777503258953e-01	1.195908695221961637e-01	-1.517071212830162774e-01	2.189119743776764548e-01	-2.575332916646810300e-01	2.566958216057993458e-01	-1.492706722341170800e-01	1.525364610078858429e-01	-1.798837404796546080e-01	1.471424352387863677e-01	-1.593789659764469624e-01	1.545175562956967175e-01	-9.891745286716067953e-02	1.228807497703134910e-01	-1.023565361953893416e-01	1.087416937237771081e-01	-8.106264088449245675e-02	9.486032095964601341e-02	-8.221795667852271894e-02	8.423548609883999005e-02	-1.336195305199893713e-01	8.894365121789386819e-02	-9.268778094983867732e-02	7.672077638946106504e-02	-7.786078603482747551e-02	9.341009781602065132e-02
-8.774967457661132786e-02	1.246864444694224111e-01	-1.426986252990983250e-01	1.022587427850991104e-01	-1.439480634685673943e-01	7.899368897732005068e-02	-1.159444797559896490e-01	1.293074630503509848e-01	-1.378489335963998252e-01	1.930033933550584779e-01	-1.627658876010492639e-01	1.586614486379180344e-01	-2.038824026002487577e-01	1.924091685940076957e-01	-3.463966814234410441e-01	1.727087179918436466e-01	-2.481169136474444536e-01	2.711388017925070448e-01	-6.759114777503258953e-01	1.000000000000002887e+00	-1.213841974645572669e-01	1.496149670274492527e-01	-2.190297014466747461e-01	2.300551169016273323e-01	-4.179619511744826488e-01	1.491957194986220370e-01	-1.620502099143256158e-01	1.769171525620401308e-01	-1.508042064786796754e-01	1.707653733820334585e-01	-1.688661834075366186e-01	1.048113267480630106e-01	-1.346071323012612564e-01	1.098653000953632025e-01	-1.197827186500953767e-01	8.715433386594663434e-02	-1.021510764224228957e-01	8.849241502704766060e-02	-9.150459941269999120e-02	1.418703100569817521e-01	-9.657053623991901370e-02	9.904301788437717968e-02	-8.299078323777953070e-02	8.362555875084132229e-02	-1.012983948476577634e-01
7.634940188173991449e-02	-9.594265476983415697e-02	9.231430229939317778e-02	-6.258966874869491270e-02	8.657392615885155240e-02	-7.064100905417713960e-02	9.329593899729220208e-02	-7.165445177537452248e-02	6.970697816378955414e-02	-9.156804845747641697e-02	2.026648872814999780e-01	-1.412072049058033241e-01	1.033602976672377549e-01	-8.528438571003184310e-02	1.183042684120862720e-01	-4.195587374278254567e-01	2.070602349183286450e-01	-1.637952897095413807e-01	1.195908695221961637e-01	-1.213841974645572669e-01	1.000000000000002442e+00	-4.491196223056759806e-01	2.209160782616421681e-01	-1.402548801785789834e-01	1.472391675233459818e-01	-6.935917429947243695e-01	2.413619483310244229e-01	-1.493207899983683973e-01	1.065771511516195591e-01	-1.203097930926681075e-01	2.029088751314084560e-01	-1.316495239929752481e-01	1.128775683974656135e-01	-8.795604303944289104e-02	9.037791787810679767e-02	-1.002150730651670957e-01	1.191451349591370890e-01	-7.985863016793226521e-02	8.060735268461585723e-02	-1.270489081018781330e-01	1.036904088428141774e-01	-1.029316993695097437e-01	8.087121022826247729e-02	-7.925996944529534183e-02	9.277378268771802050e-02
-7.714173130018045499e-02	1.003855303543482180e-01	-1.012256425517372160e-01	6.903244364786047249e-02	-9.625247335047051878e-02	7.027487743606258830e-02	-9.662741041183611768e-02	7.997717577565210956e-02	-7.865530726717001597e-02	1.040399460225738398e-01	-1.793988644875215421e-01	1.421024506333204152e-01	-1.172223735708100845e-01	9.810027216722914944e-02	-1.367520837862055694e-01	2.328904260946117188e-01	-2.345822910367413860e-01	2.101118075872613622e-01	-1.517071212830162774e-01	1.496149670274492527e-01	-4.491196223056759806e-01	1.000000000000004441e+00	-4.972189081282654133e-01	1.953329795004353497e-01	-1.941526411818473852e-01	2.851320351087507365e-01	-5.568953153376945409e-01	2.168889406294172706e-01	-1.532580034270513425e-01	1.580293436909827043e-01	-2.268758182949042745e-01	1.940965579121611551e-01	-1.504053266396011279e-01	1.152299807409629395e-01	-1.191366155397339394e-01	1.257069541925052436e-01	-1.748586321590537285e-01	1.039912064554367604e-01	-1.045175229129503419e-01	1.569751238272795446e-01	-1.317470637941640099e-01	1.306031458891437347e-01	-1.034295346679939831e-01	1.000073927834649046e-01	-1.168930243183006201e-01
8.584134592842410094e-02	-1.174713841304088208e-01	1.180049412957617505e-01	-8.187606913903967831e-02	1.128598983164018354e-01	-7.892395114241088083e-02	1.103301894829015611e-01	-9.773038921267480916e-02	9.627946904428368036e-02	-1.290412671425638924e-01	1.817178691600435658e-01	-1.655716107171593954e-01	1.432006586685997951e-01	-1.260089194235433918e-01	1.670078561618283108e-01	-2.414143945248150291e-01	2.564354366785025485e-01	-4.181954437439466266e-01	2.189119743776764548e-01	-2.190297014466747461e-01	2.209160782616421681e-01	-4.972189081282654133e-01	1.000000000000003109e+00	-3.747326738415735492e-01	2.615454351874375027e-01	-2.606332193954879473e-01	2.787592454070918491e-01	-4.055948902634201603e-01	2.380904710728386497e-01	-2.234404588633569777e-01	2.161071362434840715e-01	-1.659477913375172198e-01	1.794067735021069032e-01	-1.471701099043439542e-01	1.538788912387137608e-01	-1.209573744101614251e-01	1.476342092858704269e-01	-1.196372209008126214e-01	1.203697375741527020e-01	-1.853550371574987643e-01	1.283464281956215036e-01	-1.362391934045480701e-01	1.097945451296294117e-01	-1.111396980746523350e-01	1.302502331656705536e-01
-7.497975758168284877e-02	1.020393491944490555e-01	-1.102456797522938375e-01	7.631905469003112674e-02	-1.072239369378176904e-01	6.755006273296421115e-02	-9.602956677377476324e-02	9.149739779555500496e-02	-9.244133081086204629e-02	1.230905161379389212e-01	-1.499716656130616887e-01	1.349631413278553904e-01	-1.383519401208317401e-01	1.209819277122810843e-01	-1.686605817827536713e-01	1.687931620482074624e-01	-2.016209687132449191e-01	2.185374486155224616e-01	-2.575332916646810300e-01	2.300551169016273323e-01	-1.402548801785789834e-01	1.953329795004353497e-01	-3.747326738415735492e-01	1.000000000000002442e+00	-5.522543744380875586e-01	1.671408792862418558e-01	-2.222478031092666173e-01	3.094286611518703434e-01	-5.314589874312446449e-01	2.680268576401865777e-01	-1.979628120675712977e-01	1.350337146334862626e-01	-2.014780810724762783e-01	1.640331426011673865e-01	-1.919653201890327288e-01	1.070272488418241297e-01	-1.314938620747036768e-01	1.205429018557533510e-01	-1.263929044850669314e-01	1.743120716849359542e-01	-1.187730953746766460e-01	1.226658368971674934e-01	-1.054899722621951419e-01	1.062086338096957100e-01	-1.289468448569504599e-01
8.651578101032295076e-02	-1.221908394314034085e-01	1.281360068152461174e-01	-9.114169540792387003e-02	1.255348032477855702e-01	-7.891687966705593360e-02	1.116779870735826741e-01	-1.094576530890739724e-01	1.085485477323383657e-01	-1.574424499918355980e-01	1.682652909194292667e-01	-1.600141619362217271e-01	1.572893941496759651e-01	-1.447775941299468683e-01	2.019878268663082288e-01	-1.978136764507310297e-01	2.142299607452858301e-01	-2.522575445182650422e-01	2.566958216057993458e-01	-4.179619511744826488e-01	1.472391675233459818e-01	-1.941526411818473852e-01	2.615454351874375027e-01	-5.522543744380875586e-01	1.000000000000003109e+00	-1.907855438195481534e-01	2.077216416496181772e-01	-3.156273309593177201e-01	2.711359380077373316e-01	-3.804568704213325270e-01	2.133966388971547667e-01	-1.439644962963444463e-01	2.044041584575019277e-01	-1.915902019368532494e-01	2.038045387552986365e-01	-1.177468781633923267e-01	1.372883070349250889e-01	-1.360174878743422300e-01	1.384418734815378860e-01	-2.216125344569953026e-01	1.291440574300382338e-01	-1.416599054809024871e-01	1.181516709921024699e-01	-1.236639742521617180e-01	1.467577790285444217e-01
-9.840561399870571824e-02	1.199633403285850081e-01	-1.219715853509820841e-01	8.179099999126936138e-02	-1.152760294098279792e-01	8.831670322912189841e-02	-1.182946816588928834e-01	9.242507180649014997e-02	-9.070770494603686007e-02	1.182617268069577621e-01	-2.524526868939721003e-01	1.682289927232987203e-01	-1.351486698364798844e-01	1.090213881302014576e-01	-1.568730262397253772e-01	2.820575422973208291e-01	-2.500587201218257283e-01	1.866593880243000991e-01	-1.492706722341170800e-01	1.491957194986220370e-01	-6.935917429947243695e-01	2.851320351087507365e-01	-2.606332193954879473e-01	1.671408792862418558e-01	-1.907855438195481534e-01	1.000000000000003109e+00	-3.141725090430005363e-01	1.760765919218970910e-01	-1.310430381705730840e-01	1.499306764519041379e-01	-3.429321042355433224e-01	1.673079353879316500e-01	-1.485881382561984876e-01	1.127105402373704823e-01	-1.165647294005027479e-01	1.406938715472419998e-01	-1.633864530431442252e-01	1.045235491819201390e-01	-1.065003178109742710e-01	1.643224166904828920e-01	-1.479946531977026081e-01	1.372021111202036681e-01	-1.092727770535333320e-01	1.049152491273616372e-01	-1.243598748192058234e-01
7.964641749128666126e-02	-1.072434309831322430e-01	1.077191076678915005e-01	-7.416086358404090639e-02	1.030111282672307033e-01	-7.298794277770738470e-02	1.003669190240751297e-01	-8.551091859434559184e-02	8.360059719100504383e-02	-1.132597063480566407e-01	1.728559590568309046e-01	-1.479791849291281214e-01	1.229555570766703854e-01	-1.043932267156845450e-01	1.458605844838612164e-01	-2.351761632034850003e-01	2.037452672873708848e-01	-2.038926017432338977e-01	1.525364610078858429e-01	-1.620502099143256158e-01	2.413619483310244229e-01	-5.568953153376945409e-01	2.787592454070918491e-01	-2.222478031092666173e-01	2.077216416496181772e-01	-3.141725090430005363e-01	1.000000000000003997e+00	-2.951638721880304184e-01	1.788624792381702799e-01	-2.013963158971042444e-01	2.566992482305984202e-01	-4.372146159095682827e-01	1.885368317353449952e-01	-1.494968534282699046e-01	1.468644295188848703e-01	-1.800969033091112670e-01	2.469993909704720769e-01	-1.408890252095374440e-01	1.358106579022203830e-01	-2.135435952781735425e-01	1.713183695274743679e-01	-1.897034364369923065e-01	1.377954036353866707e-01	-1.365307661091494373e-01	1.510372839953391111e-01
-7.314471125334638668e-02	9.796263432558785511e-02	-1.054195997555534975e-01	7.223796256709970331e-02	-1.021568463129100962e-01	6.572843889264833039e-02	-9.279470956697911943e-02	8.439027728813133788e-02	-8.432324559877174552e-02	1.124215265370193534e-01	-1.492933484336574079e-01	1.303288197338968724e-01	-1.261310117594778013e-01	1.064678080441731067e-01	-1.530007469153378541e-01	1.693245004269134379e-01	-1.949011441409182754e-01	2.005639800256597549e-01	-1.798837404796546080e-01	1.769171525620401308e-01	-1.493207899983683973e-01	2.168889406294172706e-01	-4.055948902634201603e-01	3.094286611518703434e-01	-3.156273309593177201e-01	1.760765919218970910e-01	-2.951638721880304184e-01	1.000000000000002665e+00	-6.314061924753238131e-01	2.744931406497182480e-01	-2.132314886857074598e-01	1.588756944470234023e-01	-2.742731753698891550e-01	1.898616529901808458e-01	-2.204059154442247481e-01	1.189473862339378574e-01	-1.523369530154708440e-01	1.431335539394744394e-01	-1.482776693428686510e-01	1.869798566276739682e-01	-1.316975677572955195e-01	1.356106285420289048e-01	-1.181359173190593692e-01	1.181753421244751551e-01	-1.426698154824005971e-01
5.494908777593714849e-02	-7.463327409814117519e-02	7.972771492879021649e-02	-5.507095933003014476e-02	7.737744099750384907e-02	-4.959091919430030221e-02	7.003064292419697301e-02	-6.495848335181984845e-02	6.483955097203727980e-02	-8.747835054149892542e-02	1.107256490060028187e-01	-9.905100407311326349e-02	9.632174868343432173e-02	-8.352657711805563934e-02	1.174056043133112626e-01	-1.277474471575177073e-01	1.428716723691577373e-01	-1.559554993739946660e-01	1.471424352387863677e-01	-1.508042064786796754e-01	1.065771511516195591e-01	-1.532580034270513425e-01	2.380904710728386497e-01	-5.314589874312446449e-01	2.711359380077373316e-01	-1.310430381705730840e-01	1.788624792381702799e-01	-6.314061924753238131e-01	1.000000000000000000e+00	-4.182636045302390304e-01	1.557225976444180648e-01	-1.135548782875734353e-01	1.941591770044858445e-01	-1.865328059802713878e-01	2.045839904826157185e-01	-8.749208708354702657e-02	1.077786404889789912e-01	-1.122638668701233938e-01	1.161291470207651139e-01	-1.526993938383109095e-01	9.662944113100525867e-02	-1.030505637344591718e-01	8.955473655545553857e-02	-9.208708709258728309e-02	1.103368985717483042e-01
-6.776593724594578982e-02	9.101000187082340653e-02	-9.988177473498574543e-02	6.842658689835270924e-02	-9.741502084448884491e-02	6.058562442428333528e-02	-8.575152918660579326e-02	7.909726322290323852e-02	-7.906625450138357603e-02	1.069073368633086940e-01	-1.347308667662333037e-01	1.183210657018520517e-01	-1.174461108338702431e-01	9.891517851785276705e-02	-1.466288316723310947e-01	1.477959013019412016e-01	-1.668499857023942601e-01	1.636368983705089597e-01	-1.593789659764469624e-01	1.707653733820334585e-01	-1.203097930926681075e-01	1.580293436909827043e-01	-2.234404588633569777e-01	2.680268576401865777e-01	-3.804568704213325270e-01	1.499306764519041379e-01	-2.013963158971042444e-01	2.744931406497182480e-01	-4.182636045302390304e-01	1.000000000000002442e+00	-2.111350745215530289e-01	1.429314511187407544e-01	-3.214793736258749202e-01	2.803415790012092623e-01	-5.749748189818584265e-01	1.168981764111793331e-01	-1.426269822548116573e-01	1.683553291383848294e-01	-1.864790179213883514e-01	2.180320732910561998e-01	-1.333460906035974503e-01	1.410150246702399912e-01	-1.307459755113878352e-01	1.338547448666765061e-01	-1.671149206140162824e-01
9.189956982025200560e-02	-1.245465112453361112e-01	1.285277812898343031e-01	-8.814391186245626453e-02	1.239137131660024427e-01	-8.353234022570077411e-02	1.151232203848721602e-01	-9.907991153040275611e-02	9.671416148046697858e-02	-1.325960797204367714e-01	1.896037938241844079e-01	-1.647916508620747844e-01	1.409798906043669420e-01	-1.174524754281198041e-01	1.709268227099538240e-01	-2.394485341162370107e-01	2.043937325820794904e-01	-1.903219353784747492e-01	1.545175562956967175e-01	-1.688661834075366186e-01	2.029088751314084560e-01	-2.268758182949042745e-01	2.161071362434840715e-01	-1.979628120675712977e-01	2.133966388971547667e-01	-3.429321042355433224e-01	2.566992482305984202e-01	-2.132314886857074598e-01	1.557225976444180648e-01	-2.111350745215530289e-01	1.000000000000004663e+00	-2.979130564356258781e-01	2.063006940122901200e-01	-1.669792742227664550e-01	1.618812172632784208e-01	-4.043367284478145418e-01	2.530822041518047127e-01	-1.715954525017429066e-01	1.677380760589242958e-01	-3.116390104805937811e-01	2.714140996935178740e-01	-2.840746649964297488e-01	1.897310444746416191e-01	-1.935348130428233837e-01	2.056587654695630485e-01
-5.344532631998826638e-02	7.129062724325922751e-02	-7.440510361493533897e-02	5.085748790803135133e-02	-7.167200903991058358e-02	4.833486481552583258e-02	-6.698774846439602138e-02	5.787378943137872628e-02	-5.689480871054148486e-02	7.693295623678110540e-02	-1.125998113352558450e-01	9.547743787026688467e-02	-8.381574844783551415e-02	6.987719147968210476e-02	-1.011415026217177271e-01	1.367755654545109723e-01	-1.304633804169233469e-01	1.222188396451636266e-01	-9.891745286716067953e-02	1.048113267480630106e-01	-1.316495239929752481e-01	1.940965579121611551e-01	-1.659477913375172198e-01	1.350337146334862626e-01	-1.439644962963444463e-01	1.673079353879316500e-01	-4.372146159095682827e-01	1.588756944470234023e-01	-1.135548782875734353e-01	1.429314511187407544e-01	-2.979130564356258781e-01	1.000000000000002442e+00	-2.036803404012758334e-01	1.297833905644034391e-01	-1.193262763692811979e-01	2.336401000221321467e-01	-7.217061902625672154e-01	1.470397826107865402e-01	-1.383334154074574163e-01	1.782098195200461088e-01	-2.310839103358325874e-01	2.056880078136556211e-01	-1.548867727070759037e-01	1.324082958012645084e-01	-1.471509335670488361e-01
5.990391755119271744e-02	-8.123323327370830793e-02	8.643586309318640470e-02	-5.943509938622000555e-02	8.388922406268199683e-02	-5.401838246565385249e-02	7.564615771772954800e-02	-6.811432107377764222e-02	6.722778975777597699e-02	-9.206246832334344377e-02	1.201258048061131511e-01	-1.064467701566550739e-01	9.881756790438535332e-02	-8.357144242269737289e-02	1.212771199890312207e-01	-1.393981667681232772e-01	1.416044168790688840e-01	-1.416790112914954602e-01	1.228807497703134910e-01	-1.346071323012612564e-01	1.128775683974656135e-01	-1.504053266396011279e-01	1.794067735021069032e-01	-2.014780810724762783e-01	2.044041584575019277e-01	-1.485881382561984876e-01	1.885368317353449952e-01	-2.742731753698891550e-01	1.941591770044858445e-01	-3.214793736258749202e-01	2.063006940122901200e-01	-2.036803404012758334e-01	1.000000000000001332e+00	-5.628827814375052530e-01	2.818793166611331391e-01	-1.367293347334984366e-01	1.752300889168315057e-01	-4.579091102993469997e-01	2.845493590478611612e-01	-2.941109102843872947e-01	1.468199117001968146e-01	-1.832271588678513474e-01	1.629909746675000937e-01	-1.865000997880498779e-01	1.932777841690498932e-01
-4.821090833433274575e-02	6.475947053058889180e-02	-7.035861218177430487e-02	4.814480539206020954e-02	-6.847021173524608928e-02	4.319047654154208049e-02	-6.079257150958917999e-02	5.513881472605793033e-02	-5.477078396176957714e-02	7.430978511076376247e-02	-9.632960485296523934e-02	8.431432530178416263e-02	-8.097815711870491595e-02	6.786977687486492328e-02	-1.002237733570384981e-01	1.077237167781086996e-01	-1.152681332741507664e-01	1.122080662686136820e-01	-1.023565361953893416e-01	1.098653000953632025e-01	-8.795604303944289104e-02	1.152299807409629395e-01	-1.471701099043439542e-01	1.640331426011673865e-01	-1.915902019368532494e-01	1.127105402373704823e-01	-1.494968534282699046e-01	1.898616529901808458e-01	-1.865328059802713878e-01	2.803415790012092623e-01	-1.669792742227664550e-01	1.297833905644034391e-01	-5.628827814375052530e-01	1.000000000000000666e+00	-6.326628740270023865e-01	1.009977090562218793e-01	-1.281479219651898704e-01	2.321243390736828227e-01	-2.888336527882685023e-01	2.146334417051744825e-01	-1.142212988449888278e-01	1.314284999663924980e-01	-1.283366156863531837e-01	1.414241955006703966e-01	-1.615249633725054090e-01
