1.000000000000000000e+00	-4.084936026448249269e-01	1.677520040853618111e-01	-1.721000196873286314e-01	1.727516710435482439e-01	-7.468844944562381682e-01	2.415457280700044063e-01	-2.084600763589612438e-01	1.460079509291798416e-01	-1.876681759676192274e-01	2.802920860506382117e-01	-2.270142544308945409e-01	1.722830396623414584e-01	-1.252196586322884830e-01	1.282586184218587610e-01	-2.226423075289915565e-01	1.627844732534203531e-01	-1.288059825463811481e-01	1.068186232556340154e-01	-8.908238138021146169e-02	1.201285418895975537e-01	-1.115107041014378325e-01	1.306018478709659036e-01	-9.650671797331886181e-02	1.013133247159535844e-01	-1.009767819635705027e-01	9.814505921673652433e-02	-1.077882686228368581e-01	8.127860006767825829e-02	-9.860946042575345627e-02	8.817380737226648835e-02	-8.560640538726124738e-02	9.434941063696176966e-02	-7.017095147417372336e-02	4.701561237029613233e-02	-7.227400301983044617e-02	7.609441524010665536e-02	-8.342389168875538608e-02	7.890217954136227729e-02	-6.153780616068796339e-02	6.114586292040378318e-02	-7.537165108964334614e-02	7.303108591837252639e-02	-6.889232313830166710e-02	1.138312499019378671e-01
-4.084936026448249269e-01	1.000000000000000000e+00	-4.744968979016526145e-01	2.712183639892513654e-01	-2.686082163299514103e-01	2.455122395725503337e-01	-4.921179904268454530e-01	2.711769253450446726e-01	-2.256144747486734103e-01	2.328856570429623796e-01	-2.693549660440788251e-01	2.356285069132991461e-01	-2.302107089650707872e-01	1.606233861970680632e-01	-1.771359245647536884e-01	1.924092359653324091e-01	-1.951403089377495292e-01	1.529407909108010943e-01	-1.438214879620519637e-01	1.146792317908955500e-01	-1.274745454578536941e-01	1.214995304718760605e-01	-1.628807786961478932e-01	1.144591335560875972e-01	-1.263126110353291753e-01	1.038288432423504909e-01	-1.114650801448245493e-01	1.204218183843137335e-01	-9.357586713554126578e-02	1.100048349021534588e-01	-9.731439143232221978e-02	9.276452050319858311e-02	-1.081557925714394658e-01	7.897880286667757765e-02	-5.391290110988390671e-02	7.869721911888130639e-02	-8.513954190949450662e-02	9.350741575032994746e-02	-9.107574413242802702e-02	6.953822832271441823e-02	-6.857870968294871306e-02	8.301968611036264489e-02	-8.464977147905831945e-02	7.895011078639331548e-02	-1.378722410201557724e-01
1.677520040853618111e-01	-4.744968979016526145e-01	9.999999999999996669e-01	-7.469613196402057342e-01	1.930847863232623696e-01	-1.331796696881087372e-01	2.158668694041345204e-01	-2.294657238430475310e-01	2.416983038166472531e-01	-2.581865397291111530e-01	1.465431241522472117e-01	-1.444978745368498685e-01	1.524912380009163237e-01	-1.249268274489876984e-01	1.288837519108857743e-01	-1.216352040262987516e-01	1.195902927618133632e-01	-9.944727921532955928e-02	9.822124609650771665e-02	-8.129445611450052123e-02	7.906227518310561531e-02	-7.742347675918839767e-02	1.029516674502324314e-01	-7.494854730485810135e-02	8.124646602148792585e-02	-6.598488825171230920e-02	7.028688613334564683e-02	-7.758737704121744516e-02	6.010382216429283747e-02	-7.180801339476974854e-02	6.124609902165529390e-02	-5.924814404454861044e-02	6.859861080662452149e-02	-5.092441708877162854e-02	3.455100187437891435e-02	-5.037647687574260680e-02	5.412232624902073297e-02	-5.990641174417533910e-02	5.800089347330905643e-02	-4.485757046153275585e-02	4.356348210684336114e-02	-5.321812085722682495e-02	5.367470387538030019e-02	-5.042270823619911246e-02	8.690776139681453960e-02
-1.721000196873286314e-01	2.712183639892513654e-01	-7.469613196402057342e-01	9.999999999999997780e-01	-2.570624536563306251e-01	1.294036839335940270e-01	-2.281025991953941068e-01	2.252427813151980096e-01	-4.073473934248672546e-01	2.559354406730021125e-01	-1.594840376277457950e-01	1.505528091980832539e-01	-1.725032475778335017e-01	1.383923439936173838e-01	-1.494462630124194780e-01	1.279801001552601791e-01	-1.315209914316027573e-01	1.086756361454276343e-01	-1.121772371017244613e-01	9.057605904706293731e-02	-8.595529256967460174e-02	8.375120950594247549e-02	-1.147269754107012596e-01	8.219900500919187503e-02	-9.057645612280749992e-02	7.111373822958691471e-02	-7.683475468605498182e-02	8.431607799278570403e-02	-6.578610909325109668e-02	7.788411116240001597e-02	-6.684753826709918800e-02	6.430060151473766805e-02	-7.520327343617159987e-02	5.548245961430220419e-02	-3.781376884675016065e-02	5.469609228333736917e-02	-5.909477461762049910e-02	6.530078788545382040e-02	-6.362675212001280001e-02	4.890866155525568082e-02	-4.759677434983344141e-02	5.787428546459175843e-02	-5.898596308401498484e-02	5.523091886632702785e-02	-9.633701899380059386e-02
1.727516710435482439e-01	-2.686082163299514103e-01	1.930847863232623696e-01	-2.570624536563306251e-01	9.999999999999997780e-01	-1.516456119700326788e-01	2.069675889935692348e-01	-2.448324053284407220e-01	2.088594873164059118e-01	-3.450047307470165414e-01	1.896637598024786264e-01	-1.865790074460037806e-01	1.953400061615180594e-01	-1.570814229334352996e-01	1.677057448113443983e-01	-2.003079863582425124e-01	1.729309455095679460e-01	-1.453715896075502556e-01	1.376734683113322866e-01	-1.154243661924927861e-01	1.314199459478014032e-01	-1.265640183715029676e-01	1.569234329790958338e-01	-1.201635245779082289e-01	1.292832204733881662e-01	-1.146380107880873578e-01	1.155300912227953530e-01	-1.327913384941035724e-01	1.031257754397396226e-01	-1.252981741380941871e-01	1.072009342931575238e-01	-1.061078563590125978e-01	1.211415925044714292e-01	-9.639725074975309671e-02	6.550672845114394183e-02	-9.250623272970283362e-02	9.796793656496899372e-02	-1.096788340090458364e-01	1.076503755381683636e-01	-8.653995414400648956e-02	7.960792611661049456e-02	-9.900000515886915597e-02	1.000484778290072208e-01	-9.600732270815293123e-02	1.680453842579658352e-01
-7.468844944562381682e-01	2.455122395725503337e-01	-1.331796696881087372e-01	1.294036839335940270e-01	-1.516456119700326788e-01	1.000000000000000000e+00	-2.688966188548773117e-01	1.808169150197595498e-01	-1.245325815914585382e-01	1.519847060083945045e-01	-4.785403862676012587e-01	2.208821316879428787e-01	-1.690597866964054785e-01	1.138284229046741536e-01	-1.196948139286170831e-01	1.984393249117590297e-01	-1.605791792406672247e-01	1.208662426026518161e-01	-1.000720134429394087e-01	8.167059670815554617e-02	-1.142771745709225961e-01	1.017808230961154831e-01	-1.238990505276799936e-01	8.803339945360585950e-02	-9.405304026898525516e-02	9.077002980820986222e-02	-9.109841771399146415e-02	9.726506140652357857e-02	-7.384051630639924813e-02	8.786479712647375651e-02	-8.122121578962575306e-02	7.689495046912013521e-02	-8.628664131595448206e-02	6.273742328134172819e-02	-4.234875961988834175e-02	6.470950218762337725e-02	-6.903198303984259265e-02	7.508793650268634490e-02	-7.162603886691210064e-02	5.494910045993537523e-02	-5.547004947132730401e-02	6.742275257090331320e-02	-6.653604562956152990e-02	6.216025762796947851e-02	-1.046415199013077946e-01
2.415457280700044063e-01	-4.921179904268454530e-01	2.158668694041345204e-01	-2.281025991953941068e-01	2.069675889935692348e-01	-2.688966188548773117e-01	9.999999999999998890e-01	-5.773993825826370108e-01	2.398051681349636366e-01	-2.719683091264165631e-01	2.504862622989275645e-01	-3.891070511697634071e-01	2.517955130356807070e-01	-1.759562877882356879e-01	1.744111193212175004e-01	-1.985667557402928940e-01	2.047967932872040153e-01	-1.653954804637396414e-01	1.379392288858208859e-01	-1.150222607524231527e-01	1.219014719548124348e-01	-1.247344106272233188e-01	1.579120413217625640e-01	-1.140157528017504834e-01	1.194502672855433101e-01	-1.017047695710914107e-01	1.095238473513118205e-01	-1.195235196010227957e-01	9.062981558349759992e-02	-1.092904152928433903e-01	9.202555791384532669e-02	-8.933319447777600397e-02	1.022540969520195769e-01	-7.503115627277642807e-02	5.044640150993689315e-02	-7.520639487212799068e-02	8.042724100138466670e-02	-8.914506787833870183e-02	8.484469460987149880e-02	-6.560507629095788107e-02	6.440910009442787909e-02	-7.892659041556818189e-02	7.813132250769319609e-02	-7.338417121337069415e-02	1.231894423837380514e-01
-2.084600763589612438e-01	2.711769253450446726e-01	-2.294657238430475310e-01	2.252427813151980096e-01	-2.448324053284407220e-01	1.808169150197595498e-01	-5.773993825826370108e-01	9.999999999999993339e-01	-4.715580854610673112e-01	2.932399911636827117e-01	-2.320694429192780572e-01	2.546654390046135252e-01	-3.647369237901179062e-01	2.122897447068441690e-01	-2.260935467284629352e-01	1.827009416833785538e-01	-2.080931322293217700e-01	1.760687112376291552e-01	-1.687440756012993370e-01	1.348763289854571223e-01	-1.219079068009778777e-01	1.234717509468891000e-01	-1.762797914637405094e-01	1.218051014285137096e-01	-1.324742488921215322e-01	1.005864143953011519e-01	-1.122944665813692816e-01	1.220791008950836282e-01	-9.457413553455049082e-02	1.119472498816335704e-01	-9.380236987760645628e-02	9.033878106830367516e-02	-1.060717775583621542e-01	7.702831525931791434e-02	-5.224100301822228593e-02	7.620758519015255472e-02	-8.248023612405087912e-02	9.135107010474861899e-02	-8.818760644706137575e-02	6.744549472983213390e-02	-6.611883054790582137e-02	8.036349697563596739e-02	-8.133358624823261440e-02	7.596692425596615617e-02	-1.306282857498156924e-01
1.460079509291798416e-01	-2.256144747486734103e-01	2.416983038166472531e-01	-4.073473934248672546e-01	2.088594873164059118e-01	-1.245325815914585382e-01	2.398051681349636366e-01	-4.715580854610673112e-01	9.999999999999996669e-01	-6.545763309122456519e-01	1.554227742690701963e-01	-1.672885661323113005e-01	2.115441153717463607e-01	-2.242594719253969138e-01	1.986888256819726029e-01	-1.320914283285069546e-01	1.398103213089150754e-01	-1.226750481801983234e-01	1.336976067181081251e-01	-1.128162934266307565e-01	8.744709014121339330e-02	-8.820771187573608896e-02	1.227618687949634108e-01	-8.959125011303196995e-02	9.699739240296081921e-02	-7.306095554645553047e-02	7.996587997175248763e-02	-8.859714824983952464e-02	6.883441176851749776e-02	-8.241554708235639126e-02	6.802267328003089308e-02	-6.594981437141819725e-02	7.704821788133946192e-02	-5.673920004442596643e-02	3.843213051584633277e-02	-5.584987924489855093e-02	6.021296306638477397e-02	-6.690236732776987105e-02	6.460147392164790336e-02	-4.979661973364702537e-02	4.833284370803372920e-02	-5.900609064334574189e-02	5.956190705077452768e-02	-5.586505848491709475e-02	9.595515547018712565e-02
-1.876681759676192274e-01	2.328856570429623796e-01	-2.581865397291111530e-01	2.559354406730021125e-01	-3.450047307470165414e-01	1.519847060083945045e-01	-2.719683091264165631e-01	2.932399911636827117e-01	-6.545763309122456519e-01	1.000000000000000666e+00	-2.064618280025340424e-01	2.025747622577611651e-01	-2.680299602145968518e-01	2.278166200354744542e-01	-3.038278048784784358e-01	1.720439167288483895e-01	-1.866182424652376992e-01	1.592847169131007545e-01	-1.891471352050832222e-01	1.529521573144294599e-01	-1.184562837470944652e-01	1.174635127867273005e-01	-1.684451823882943955e-01	1.211140905962081321e-01	-1.353306936941928440e-01	9.810770842801770641e-02	-1.083217335939972992e-01	1.192681289355577573e-01	-9.386688647012887687e-02	1.108989802370188432e-01	-9.290854921978479453e-02	8.944129982293513859e-02	-1.057049380376059583e-01	7.748922592366362661e-02	-5.285753839474306021e-02	7.593571931305324874e-02	-8.240385215869930335e-02	9.126856883015338484e-02	-8.906793212552933936e-02	6.817561537823088602e-02	-6.627577487952146518e-02	8.044622899171238739e-02	-8.240270736550561748e-02	7.700099532623827514e-02	-1.346983665315661938e-01
2.802920860506382117e-01	-2.693549660440788251e-01	1.465431241522472117e-01	-1.594840376277457950e-01	1.896637598024786264e-01	-4.785403862676012587e-01	2.504862622989275645e-01	-2.320694429192780572e-01	1.554227742690701963e-01	-2.064618280025340424e-01	9.999999999999991118e-01	-5.027567549029422489e-01	2.364698541963863865e-01	-1.629776878378572380e-01	1.595128337975475485e-01	-4.446684102791286786e-01	2.482040403902066317e-01	-1.865953808022406124e-01	1.358543218025019261e-01	-1.144030354351607132e-01	1.880699438859805561e-01	-1.639134310024638053e-01	1.788912919446398742e-01	-1.304824415577101326e-01	1.343121651076260303e-01	-1.516032256789969779e-01	1.405004433826549659e-01	-1.499307727415712110e-01	1.108154817496001115e-01	-1.340977681687654799e-01	1.267336505891848708e-01	-1.208923799595861270e-01	1.300682778214982405e-01	-9.451171690507653711e-02	6.303180100467505043e-02	-1.008084971586450246e-01	1.056432206586627454e-01	-1.143340883186183682e-01	1.065195740757856474e-01	-8.234629687032110623e-02	8.462690272899085764e-02	-1.038174554646293102e-01	9.892325176644101159e-02	-9.282990675069967279e-02	1.505284208247992805e-01
-2.270142544308945409e-01	2.356285069132991461e-01	-1.444978745368498685e-01	1.505528091980832539e-01	-1.865790074460037806e-01	2.208821316879428787e-01	-3.891070511697634071e-01	2.546654390046135252e-01	-1.672885661323113005e-01	2.025747622577611651e-01	-5.027567549029422489e-01	9.999999999999986677e-01	-4.420018025120106553e-01	2.053178580803005915e-01	-2.058495653559926086e-01	2.569980807196271533e-01	-4.469469146691000816e-01	2.443697001745681330e-01	-1.674351378417639202e-01	1.357509250192008299e-01	-1.600609804302441375e-01	1.734463335798129280e-01	-2.206193507643913476e-01	1.438527554206771863e-01	-1.488952219780137476e-01	1.280354248489812274e-01	-1.516072610567946455e-01	1.521712905338506450e-01	-1.134809222512237203e-01	1.341966339774302019e-01	-1.149273139176896774e-01	1.098940124388776279e-01	-1.269794517382210053e-01	8.953760587899048384e-02	-5.998895456136122545e-02	9.110052808564120252e-02	-9.815656824531890368e-02	1.082646919517426393e-01	-1.018867623964371943e-01	7.751244012195539212e-02	-7.804929583649139468e-02	9.487312386634683126e-02	-9.349731937827036876e-02	8.705690331050888742e-02	-1.440471733952298772e-01
1.722830396623414584e-01	-2.302107089650707872e-01	1.524912380009163237e-01	-1.725032475778335017e-01	1.953400061615180594e-01	-1.690597866964054785e-01	2.517955130356807070e-01	-3.647369237901179062e-01	2.115441153717463607e-01	-2.680299602145968518e-01	2.364698541963863865e-01	-4.420018025120106553e-01	9.999999999999981126e-01	-4.978968955608220615e-01	2.745657441616022321e-01	-2.273408293035413252e-01	2.679170419777494039e-01	-3.677420190339962813e-01	2.041661399578832692e-01	-1.855702947301038630e-01	1.407331499491529525e-01	-1.600132211687774753e-01	2.314434817799929656e-01	-1.655238452090244672e-01	1.591362862813739398e-01	-1.206393033668368142e-01	1.367932257031249654e-01	-1.564820352058103325e-01	1.159359261615054149e-01	-1.434229924923895172e-01	1.079855106268092363e-01	-1.072518055195399722e-01	1.239684185292395657e-01	-9.045618941958376291e-02	5.993967066076148070e-02	-8.930386751570729142e-02	9.540541338270913663e-02	-1.078845433137173015e-01	1.004474193318156683e-01	-7.823627648533522383e-02	7.569696593717886723e-02	-9.368083770773558139e-02	9.118291005794744442e-02	-8.603941435594962550e-02	1.396053709590997227e-01
-1.252196586322884830e-01	1.606233861970680632e-01	-1.249268274489876984e-01	1.383923439936173838e-01	-1.570814229334352996e-01	1.138284229046741536e-01	-1.759562877882356879e-01	2.122897447068441690e-01	-2.242594719253969138e-01	2.278166200354744542e-01	-1.629776878378572380e-01	2.053178580803005915e-01	-4.978968955608220615e-01	9.999999999999977796e-01	-6.810748355101847729e-01	1.504354694445755036e-01	-1.779059461324434266e-01	1.836860664028798773e-01	-3.108790209146212735e-01	2.429139599835819785e-01	-9.843084027558940408e-02	1.073089394802596436e-01	-1.655372355547888585e-01	1.254412491323709522e-01	-1.336180846780940790e-01	8.355068287824932161e-02	-9.552302614163765693e-02	1.085024016078001696e-01	-8.432187730790920155e-02	1.034547834863427940e-01	-7.655992251903613599e-02	7.543714670266916944e-02	-8.869809855806218279e-02	6.456215293662267984e-02	-4.311269551950247525e-02	6.309306465379821427e-02	-6.793115935799241834e-02	7.654005103732325344e-02	-7.238881477325025127e-02	5.595877874938250812e-02	-5.401366535085756759e-02	6.643362440521238810e-02	-6.575300002172966563e-02	6.180528906024149866e-02	-1.022937969756818888e-01
1.282586184218587610e-01	-1.771359245647536884e-01	1.288837519108857743e-01	-1.494462630124194780e-01	1.677057448113443983e-01	-1.196948139286170831e-01	1.744111193212175004e-01	-2.260935467284629352e-01	1.986888256819726029e-01	-3.038278048784784358e-01	1.595128337975475485e-01	-2.058495653559926086e-01	2.745657441616022321e-01	-6.810748355101847729e-01	9.999999999999984457e-01	-1.628535562382497637e-01	1.694000139965495810e-01	-1.774225354318612058e-01	2.821243715732928981e-01	-4.264284616213716572e-01	1.038393640886537406e-01	-1.131748426939880453e-01	1.584157609712529835e-01	-1.402546025497566351e-01	1.453041081664497580e-01	-8.994837979038255993e-02	9.944080513239852981e-02	-1.166107381945226534e-01	9.080836690510142584e-02	-1.151591745037079395e-01	8.164776400924300681e-02	-8.143671592011572646e-02	9.447350013119383549e-02	-7.034374574690707704e-02	4.670915033812008538e-02	-6.835629794340584986e-02	7.300791592566061028e-02	-8.278933582549796721e-02	7.786470610456271146e-02	-6.104302453299662728e-02	5.809287046075460592e-02	-7.205492112472758337e-02	7.053563172578927731e-02	-6.677618125454704012e-02	1.091662877813198707e-01
-2.226423075289915565e-01	1.924092359653324091e-01	-1.216352040262987516e-01	1.279801001552601791e-01	-2.003079863582425124e-01	1.984393249117590297e-01	-1.985667557402928940e-01	1.827009416833785538e-01	-1.320914283285069546e-01	1.720439167288483895e-01	-4.446684102791286786e-01	2.569980807196271533e-01	-2.273408293035413252e-01	1.504354694445755036e-01	-1.628535562382497637e-01	9.999999999999986677e-01	-3.511416044666305636e-01	2.101911123924000702e-01	-1.508958200818620032e-01	1.212576326399315285e-01	-5.146490375749017687e-01	2.237367676381808446e-01	-2.370517769841148370e-01	1.564259702846288458e-01	-1.736723178332388595e-01	2.530580848901817781e-01	-2.110439023350031140e-01	1.978029916998193527e-01	-1.485824282400104446e-01	1.660968320406639998e-01	-2.277308197859361782e-01	1.819678816870799187e-01	-1.966756601103522573e-01	1.309043777301947542e-01	-8.979477498702578830e-02	1.506143885359139678e-01	-1.638746292396915660e-01	1.645015168618435275e-01	-1.571828662863845871e-01	1.140552081864085882e-01	-1.324428827118322161e-01	1.511839920279249017e-01	-1.508813197344800738e-01	1.357314328867889053e-01	-2.324330119115434745e-01
1.627844732534203531e-01	-1.951403089377495292e-01	1.195902927618133632e-01	-1.315209914316027573e-01	1.729309455095679460e-01	-1.605791792406672247e-01	2.047967932872040153e-01	-2.080931322293217700e-01	1.398103213089150754e-01	-1.866182424652376992e-01	2.482040403902066317e-01	-4.469469146691000816e-01	2.679170419777494039e-01	-1.779059461324434266e-01	1.694000139965495810e-01	-3.511416044666305636e-01	1.000000000000003109e+00	-5.359740925407767698e-01	1.635809911457839494e-01	-1.398876993373851518e-01	1.988890809580466101e-01	-3.477160343999231573e-01	2.846668401739522736e-01	-1.945730785611138047e-01	1.776781271001073303e-01	-1.677344531969287567e-01	2.210650810110602049e-01	-2.188628574704913898e-01	1.490793924912218460e-01	-1.825551746489293692e-01	1.419033340362143014e-01	-1.408616485161986176e-01	1.602605685204552266e-01	-1.113041440679740646e-01	7.287049820420919699e-02	-1.136248360578014927e-01	1.215040964011262353e-01	-1.373252310827173250e-01	1.234633618027857760e-01	-9.475393407764945430e-02	9.511898980945522608e-02	-1.174857745937822606e-01	1.117086653892656323e-01	-1.045761966472642801e-01	1.637795154654616003e-01
-1.288059825463811481e-01	1.529407909108010943e-01	-9.944727921532955928e-02	1.086756361454276343e-01	-1.453715896075502556e-01	1.208662426026518161e-01	-1.653954804637396414e-01	1.760687112376291552e-01	-1.226750481801983234e-01	1.592847169131007545e-01	-1.865953808022406124e-01	2.443697001745681330e-01	-3.677420190339962813e-01	1.836860664028798773e-01	-1.774225354318612058e-01	2.101911123924000702e-01	-5.359740925407767698e-01	1.000000000000000000e+00	-2.063660426424734629e-01	1.544670481054220001e-01	-1.441837337224695925e-01	1.914925891568089733e-01	-6.043944742443534413e-01	2.104108308248388848e-01	-2.013685302960533108e-01	1.214032977870495300e-01	-1.677855771680445141e-01	1.862375541904416898e-01	-1.341362635371351753e-01	1.551517846614015039e-01	-1.102866396669273802e-01	1.094430023363619914e-01	-1.357115248675407060e-01	9.062384705047187017e-02	-5.979784182594585773e-02	8.858949279251283893e-02	-9.702268266457642065e-02	1.109727803553480913e-01	-1.018477153513242806e-01	7.673013683628872317e-02	-7.559788979931660047e-02	9.263989356237410655e-02	-9.108139901952097550e-02	8.464502270846130383e-02	-1.356513912034071623e-01
1.068186232556340154e-01	-1.438214879620519637e-01	9.822124609650771665e-02	-1.121772371017244613e-01	1.376734683113322866e-01	-1.000720134429394087e-01	1.379392288858208859e-01	-1.687440756012993370e-01	1.336976067181081251e-01	-1.891471352050832222e-01	1.358543218025019261e-01	-1.674351378417639202e-01	2.041661399578832692e-01	-3.108790209146212735e-01	2.821243715732928981e-01	-1.508958200818620032e-01	1.635809911457839494e-01	-2.063660426424734629e-01	1.000000000000000444e+00	-8.073658079792471742e-01	9.779846194754621136e-02	-1.112607856980409732e-01	1.689322432271231911e-01	-1.825201084544063046e-01	1.814951729158537641e-01	-8.576485701257564875e-02	9.758189963640795384e-02	-1.185145766610908591e-01	9.511182368358588046e-02	-1.242779398270197205e-01	7.793523695248526229e-02	-7.862288293759923941e-02	9.245964069577639055e-02	-6.855524690005117272e-02	4.522427424346296687e-02	-6.554838448819036434e-02	7.022614358189641082e-02	-8.055955465572701979e-02	7.522934705872787176e-02	-5.899808339387283690e-02	5.555070020614105014e-02	-6.914206594816106610e-02	6.739273618403379684e-02	-6.384528687590534934e-02	1.027933799428773221e-01
-8.908238138021146169e-02	1.146792317908955500e-01	-8.129445611450052123e-02	9.057605904706293731e-02	-1.154243661924927861e-01	8.167059670815554617e-02	-1.150222607524231527e-01	1.348763289854571223e-01	-1.128162934266307565e-01	1.529521573144294599e-01	-1.144030354351607132e-01	1.357509250192008299e-01	-1.855702947301038630e-01	2.429139599835819785e-01	-4.264284616213716572e-01	1.212576326399315285e-01	-1.398876993373851518e-01	1.544670481054220001e-01	-8.073658079792471742e-01	9.999999999999978906e-01	-8.117914197518132091e-02	9.151921415376762514e-02	-1.495588036231724482e-01	1.588251730384851734e-01	-2.100543574467703123e-01	7.034096080622113945e-02	-8.219099374910728006e-02	9.864337252027682856e-02	-8.297151813879936888e-02	1.064566947501827399e-01	-6.484013012544666277e-02	6.489410939646401977e-02	-7.778719139263298721e-02	5.675565032743084409e-02	-3.764118889826804232e-02	5.398556327312796499e-02	-5.835578908532355197e-02	6.674239334827722359e-02	-6.291352951212342282e-02	4.868398076491810972e-02	-4.610792058408776095e-02	5.698827021489596273e-02	-5.626979924151814111e-02	5.298119835028373970e-02	-8.638700435431134750e-02
1.201285418895975537e-01	-1.274745454578536941e-01	7.906227518310561531e-02	-8.595529256967460174e-02	1.314199459478014032e-01	-1.142771745709225961e-01	1.219014719548124348e-01	-1.219079068009778777e-01	8.744709014121339330e-02	-1.184562837470944652e-01	1.880699438859805561e-01	-1.600609804302441375e-01	1.407331499491529525e-01	-9.843084027558940408e-02	1.038393640886537406e-01	-5.146490375749017687e-01	1.988890809580466101e-01	-1.441837337224695925e-01	9.779846194754621136e-02	-8.117914197518132091e-02	9.999999999999976685e-01	-2.921867670880861079e-01	1.611050054857450786e-01	-1.163435388687187183e-01	1.229747626017130557e-01	-6.289116615199437099e-01	2.185065183751427609e-01	-1.889414261104014614e-01	1.275027917957056167e-01	-1.465878801030741363e-01	2.614983824056201223e-01	-2.254393356720611474e-01	1.783414701268755398e-01	-1.166859372165120201e-01	7.617622786480658659e-02	-1.737488203567397471e-01	1.660812374248103185e-01	-1.580915565237188125e-01	1.342103509008305273e-01	-9.916660185833223173e-02	1.316857159186329562e-01	-1.590625493877572127e-01	1.309874736428669195e-01	-1.204421841887861055e-01	1.745842538708078928e-01
-1.115107041014378325e-01	1.214995304718760605e-01	-7.742347675918839767e-02	8.375120950594247549e-02	-1.265640183715029676e-01	1.017808230961154831e-01	-1.247344106272233188e-01	1.234717509468891000e-01	-8.820771187573608896e-02	1.174635127867273005e-01	-1.639134310024638053e-01	1.734463335798129280e-01	-1.600132211687774753e-01	1.073089394802596436e-01	-1.131748426939880453e-01	2.237367676381808446e-01	-3.477160343999231573e-01	1.914925891568089733e-01	-1.112607856980409732e-01	9.151921415376762514e-02	-2.921867670880861079e-01	9.999999999999995559e-01	-2.307244104462024548e-01	1.404760475854069657e-01	-1.512953173913116622e-01	2.069896489840404585e-01	-7.480847392772123072e-01	2.563078855233976161e-01	-1.720858144195670236e-01	1.671050116279283182e-01	-1.708199250328386321e-01	1.574039971850002273e-01	-1.919528388025070476e-01	1.108411272708334644e-01	-7.317189564826818982e-02	1.194888633570326958e-01	-1.341745881875134605e-01	1.444663118896361842e-01	-1.298575061174245260e-01	9.197678976916248694e-02	-1.018228016735726882e-01	1.206300051819395730e-01	-1.170257160357185411e-01	1.055256600110956594e-01	-1.653693184670313732e-01
1.306018478709659036e-01	-1.628807786961478932e-01	1.029516674502324314e-01	-1.147269754107012596e-01	1.569234329790958338e-01	-1.238990505276799936e-01	1.579120413217625640e-01	-1.762797914637405094e-01	1.227618687949634108e-01	-1.684451823882943955e-01	1.788912919446398742e-01	-2.206193507643913476e-01	2.314434817799929656e-01	-1.655372355547888585e-01	1.584157609712529835e-01	-2.370517769841148370e-01	2.846668401739522736e-01	-6.043944742443534413e-01	1.689322432271231911e-01	-1.495588036231724482e-01	1.611050054857450786e-01	-2.307244104462024548e-01	9.999999999999998890e-01	-4.275410087191320874e-01	2.599378651742220714e-01	-1.451316001978769088e-01	1.913202688773518734e-01	-3.057561258261949355e-01	1.821917899113014438e-01	-2.242840386042999901e-01	1.309545834361218741e-01	-1.373173049573693516e-01	1.729297277794855370e-01	-1.160462775318267803e-01	7.480267889591918351e-02	-1.092727066340598990e-01	1.194149583615294052e-01	-1.436303409041063406e-01	1.260812165431277887e-01	-9.671356848073459078e-02	9.180467969415281870e-02	-1.148485925405955954e-01	1.106531939504244583e-01	-1.039662859190571276e-01	1.595905854840291016e-01
-9.650671797331886181e-02	1.144591335560875972e-01	-7.494854730485810135e-02	8.219900500919187503e-02	-1.201635245779082289e-01	8.803339945360585950e-02	-1.140157528017504834e-01	1.218051014285137096e-01	-8.959125011303196995e-02	1.211140905962081321e-01	-1.304824415577101326e-01	1.438527554206771863e-01	-1.655238452090244672e-01	1.254412491323709522e-01	-1.402546025497566351e-01	1.564259702846288458e-01	-1.945730785611138047e-01	2.104108308248388848e-01	-1.825201084544063046e-01	1.588251730384851734e-01	-1.163435388687187183e-01	1.404760475854069657e-01	-4.275410087191320874e-01	9.999999999999973355e-01	-7.753146238359456266e-01	1.020902111716082972e-01	-1.346011189722307044e-01	1.769074851160667983e-01	-1.870773277197450291e-01	2.143295429301323163e-01	-9.767853313616746413e-02	9.910651544275450586e-02	-1.299623904558549481e-01	9.025599661211138047e-02	-5.964557115471374321e-02	8.058975311192330404e-02	-8.979249490379183352e-02	1.051539471783536905e-01	-1.002152152688541298e-01	7.470478555441048552e-02	-6.959096906613032596e-02	8.543919966436379354e-02	-8.624088618952306662e-02	8.018987186615353369e-02	-1.298075005763821010e-01
1.013133247159535844e-01	-1.263126110353291753e-01	8.124646602148792585e-02	-9.057645612280749992e-02	1.292832204733881662e-01	-9.405304026898525516e-02	1.194502672855433101e-01	-1.324742488921215322e-01	9.699739240296081921e-02	-1.353306936941928440e-01	1.343121651076260303e-01	-1.488952219780137476e-01	1.591362862813739398e-01	-1.336180846780940790e-01	1.453041081664497580e-01	-1.736723178332388595e-01	1.776781271001073303e-01	-2.013685302960533108e-01	1.814951729158537641e-01	-2.100543574467703123e-01	1.229747626017130557e-01	-1.512953173913116622e-01	2.599378651742220714e-01	-7.753146238359456266e-01	9.999999999999984457e-01	-1.115023345942246363e-01	1.377944532828919155e-01	-1.978358056566349166e-01	1.995932062698187737e-01	-3.370541369170276802e-01	1.041856589501006514e-01	-1.087603785506438547e-01	1.371632677778760190e-01	-1.010193450403369803e-01	6.552321065906964448e-02	-8.846388379038615246e-02	9.693613862803214520e-02	-1.160721164371527614e-01	1.076818564210107604e-01	-8.348315697726063633e-02	7.504601475595595872e-02	-9.384855984147107144e-02	9.210548377534365228e-02	-8.697712066264749742e-02	1.358757990713917174e-01
-1.009767819635705027e-01	1.038288432423504909e-01	-6.598488825171230920e-02	7.111373822958691471e-02	-1.146380107880873578e-01	9.077002980820986222e-02	-1.017047695710914107e-01	1.005864143953011519e-01	-7.306095554645553047e-02	9.810770842801770641e-02	-1.516032256789969779e-01	1.280354248489812274e-01	-1.206393033668368142e-01	8.355068287824932161e-02	-8.994837979038255993e-02	2.530580848901817781e-01	-1.677344531969287567e-01	1.214032977870495300e-01	-8.576485701257564875e-02	7.034096080622113945e-02	-6.289116615199437099e-01	2.069896489840404585e-01	-1.451316001978769088e-01	1.020902111716082972e-01	-1.115023345942246363e-01	9.999999999999997780e-01	-2.413345187691525451e-01	1.748321365321656162e-01	-1.203569113244928879e-01	1.300042135797659093e-01	-5.511393266683288772e-01	2.428686215910060286e-01	-1.968002737151237636e-01	1.136214981791317802e-01	-7.563997845435392609e-02	1.851703459478016844e-01	-1.929011693260458959e-01	1.608173267980833321e-01	-1.385584832076723616e-01	9.615578545757613727e-02	-1.523351344526677753e-01	1.596551535362352170e-01	-1.389717298024344960e-01	1.207738967406946362e-01	-1.824025188351764970e-01
9.814505921673652433e-02	-1.114650801448245493e-01	7.028688613334564683e-02	-7.683475468605498182e-02	1.155300912227953530e-01	-9.109841771399146415e-02	1.095238473513118205e-01	-1.122944665813692816e-01	7.996587997175248763e-02	-1.083217335939972992e-01	1.405004433826549659e-01	-1.516072610567946455e-01	1.367932257031249654e-01	-9.552302614163765693e-02	9.944080513239852981e-02	-2.110439023350031140e-01	2.210650810110602049e-01	-1.677855771680445141e-01	9.758189963640795384e-02	-8.219099374910728006e-02	2.185065183751427609e-01	-7.480847392772123072e-01	1.913202688773518734e-01	-1.346011189722307044e-01	1.377944532828919155e-01	-2.413345187691525451e-01	1.000000000000000444e+00	-4.200125604549587721e-01	1.838757623919171635e-01	-1.937825716127810627e-01	1.694384592397915612e-01	-1.771330192825661953e-01	2.000891523425354646e-01	-1.150676956547716095e-01	7.347197320660518727e-02	-1.239965895242995525e-01	1.373497894115584539e-01	-1.562318840151664112e-01	1.290017425865900014e-01	-9.345616279562203588e-02	1.017237971732880414e-01	-1.245837896912483228e-01	1.152764372103051438e-01	-1.054331898622451469e-01	1.556507892164503137e-01
-1.077882686228368581e-01	1.204218183843137335e-01	-7.758737704121744516e-02	8.431607799278570403e-02	-1.327913384941035724e-01	9.726506140652357857e-02	-1.195235196010227957e-01	1.220791008950836282e-01	-8.859714824983952464e-02	1.192681289355577573e-01	-1.499307727415712110e-01	1.521712905338506450e-01	-1.564820352058103325e-01	1.085024016078001696e-01	-1.166107381945226534e-01	1.978029916998193527e-01	-2.188628574704913898e-01	1.862375541904416898e-01	-1.185145766610908591e-01	9.864337252027682856e-02	-1.889414261104014614e-01	2.563078855233976161e-01	-3.057561258261949355e-01	1.769074851160667983e-01	-1.978358056566349166e-01	1.748321365321656162e-01	-4.200125604549587721e-01	9.999999999999998890e-01	-4.791132786480032379e-01	2.808481717480697526e-01	-1.826232775870159919e-01	1.978380104194810696e-01	-4.510148044164485892e-01	1.612006987956372539e-01	-1.032761022374759918e-01	1.417586640209143878e-01	-1.755516915143444379e-01	2.231670129762927390e-01	-1.885091937794969308e-01	1.240093119322032422e-01	-1.238337155305626047e-01	1.500627995084950761e-01	-1.567251086510839109e-01	1.380963747408588960e-01	-2.088929347589155716e-01
8.127860006767825829e-02	-9.357586713554126578e-02	6.010382216429283747e-02	-6.578610909325109668e-02	1.031257754397396226e-01	-7.384051630639924813e-02	9.062981558349759992e-02	-9.457413553455049082e-02	6.883441176851749776e-02	-9.386688647012887687e-02	1.108154817496001115e-01	-1.134809222512237203e-01	1.159359261615054149e-01	-8.432187730790920155e-02	9.080836690510142584e-02	-1.485824282400104446e-01	1.490793924912218460e-01	-1.341362635371351753e-01	9.511182368358588046e-02	-8.297151813879936888e-02	1.275027917957056167e-01	-1.720858144195670236e-01	1.821917899113014438e-01	-1.870773277197450291e-01	1.995932062698187737e-01	-1.203569113244928879e-01	1.838757623919171635e-01	-4.791132786480032379e-01	9.999999999999992228e-01	-7.521906394768107518e-01	1.197435222455349307e-01	-1.325433165285984372e-01	2.004193869861822241e-01	-1.610778447673449076e-01	9.264635343262517253e-02	-1.011058557666459357e-01	1.176407000842177586e-01	-1.546269642035650038e-01	1.466445976915914384e-01	-1.068828562029077722e-01	8.677025117835737711e-02	-1.083983786461256704e-01	1.104455617688736568e-01	-1.032329235055223365e-01	1.564446314608320676e-01
-9.860946042575345627e-02	1.100048349021534588e-01	-7.180801339476974854e-02	7.788411116240001597e-02	-1.252981741380941871e-01	8.786479712647375651e-02	-1.092904152928433903e-01	1.119472498816335704e-01	-8.241554708235639126e-02	1.108989802370188432e-01	-1.340977681687654799e-01	1.341966339774302019e-01	-1.434229924923895172e-01	1.034547834863427940e-01	-1.151591745037079395e-01	1.660968320406639998e-01	-1.825551746489293692e-01	1.551517846614015039e-01	-1.242779398270197205e-01	1.064566947501827399e-01	-1.465878801030741363e-01	1.671050116279283182e-01	-2.242840386042999901e-01	2.143295429301323163e-01	-3.370541369170276802e-01	1.300042135797659093e-01	-1.937825716127810627e-01	2.808481717480697526e-01	-7.521906394768107518e-01	9.999999999999995559e-01	-1.358069012576674506e-01	1.380199650665011601e-01	-2.122691224220912831e-01	1.460445471281291430e-01	-9.907106186056495456e-02	1.100632290751117348e-01	-1.294621218928807271e-01	1.544554390517694498e-01	-1.604039363800261464e-01	1.115314673358910047e-01	-9.799940278984856090e-02	1.181078980827938718e-01	-1.266828052524845427e-01	1.152882522960467088e-01	-1.910466192822725673e-01
8.817380737226648835e-02	-9.731439143232221978e-02	6.124609902165529390e-02	-6.684753826709918800e-02	1.072009342931575238e-01	-8.122121578962575306e-02	9.202555791384532669e-02	-9.380236987760645628e-02	6.802267328003089308e-02	-9.290854921978479453e-02	1.267336505891848708e-01	-1.149273139176896774e-01	1.079855106268092363e-01	-7.655992251903613599e-02	8.164776400924300681e-02	-2.277308197859361782e-01	1.419033340362143014e-01	-1.102866396669273802e-01	7.793523695248526229e-02	-6.484013012544666277e-02	2.614983824056201223e-01	-1.708199250328386321e-01	1.309545834361218741e-01	-9.767853313616746413e-02	1.041856589501006514e-01	-5.511393266683288772e-01	1.694384592397915612e-01	-1.826232775870159919e-01	1.197435222455349307e-01	-1.358069012576674506e-01	9.999999999999968914e-01	-5.516191314431806436e-01	2.230137884317358044e-01	-1.293250065502558055e-01	8.238708176008222028e-02	-3.446487887918452953e-01	2.650812090800656606e-01	-2.044474392827267950e-01	1.523399620911625729e-01	-1.073528688079637000e-01	2.042013676586412751e-01	-2.281178285687749940e-01	1.589132968609997532e-01	-1.415395640119961052e-01	1.829192333387787417e-01
-8.560640538726124738e-02	9.276452050319858311e-02	-5.924814404454861044e-02	6.430060151473766805e-02	-1.061078563590125978e-01	7.689495046912013521e-02	-8.933319447777600397e-02	9.033878106830367516e-02	-6.594981437141819725e-02	8.944129982293513859e-02	-1.208923799595861270e-01	1.098940124388776279e-01	-1.072518055195399722e-01	7.543714670266916944e-02	-8.143671592011572646e-02	1.819678816870799187e-01	-1.408616485161986176e-01	1.094430023363619914e-01	-7.862288293759923941e-02	6.489410939646401977e-02	-2.254393356720611474e-01	1.574039971850002273e-01	-1.373173049573693516e-01	9.910651544275450586e-02	-1.087603785506438547e-01	2.428686215910060286e-01	-1.771330192825661953e-01	1.978380104194810696e-01	-1.325433165285984372e-01	1.380199650665011601e-01	-5.516191314431806436e-01	9.999999999999973355e-01	-3.953974760377771958e-01	1.471386621521106330e-01	-9.431849470662699575e-02	2.516119269149287851e-01	-5.356350594001323406e-01	2.602555425336007811e-01	-1.872294066452345473e-01	1.187840322125573583e-01	-2.105653933826647506e-01	2.366727214829096038e-01	-1.896122595185862347e-01	1.559333199567047856e-01	-2.101573152463517280e-01
9.434941063696176966e-02	-1.081557925714394658e-01	6.859861080662452149e-02	-7.520327343617159987e-02	1.211415925044714292e-01	-8.628664131595448206e-02	1.022540969520195769e-01	-1.060717775583621542e-01	7.704821788133946192e-02	-1.057049380376059583e-01	1.300682778214982405e-01	-1.269794517382210053e-01	1.239684185292395657e-01	-8.869809855806218279e-02	9.447350013119383549e-02	-1.966756601103522573e-01	1.602605685204552266e-01	-1.357115248675407060e-01	9.245964069577639055e-02	-7.778719139263298721e-02	1.783414701268755398e-01	-1.919528388025070476e-01	1.729297277794855370e-01	-1.299623904558549481e-01	1.371632677778760190e-01	-1.968002737151237636e-01	2.000891523425354646e-01	-4.510148044164485892e-01	2.004193869861822241e-01	-2.122691224220912831e-01	2.230137884317358044e-01	-3.953974760377771958e-01	9.999999999999966693e-01	-2.367540044315807057e-01	1.299357268290526612e-01	-1.999838884825933250e-01	2.637051434116403081e-01	-5.651105677731040888e-01	2.475726215385464501e-01	-1.656386406272200296e-01	1.620134458613438355e-01	-2.164866136710341948e-01	2.078033803400363699e-01	-1.883140768696557887e-01	2.260336150859335036e-01
-7.017095147417372336e-02	7.897880286667757765e-02	-5.092441708877162854e-02	5.548245961430220419e-02	-9.639725074975309671e-02	6.273742328134172819e-02	-7.503115627277642807e-02	7.702831525931791434e-02	-5.673920004442596643e-02	7.748922592366362661e-02	-9.451171690507653711e-02	8.953760587899048384e-02	-9.045618941958376291e-02	6.456215293662267984e-02	-7.034374574690707704e-02	1.309043777301947542e-01	-1.113041440679740646e-01	9.062384705047187017e-02	-6.855524690005117272e-02	5.675565032743084409e-02	-1.166859372165120201e-01	1.108411272708334644e-01	-1.160462775318267803e-01	9.025599661211138047e-02	-1.010193450403369803e-01	1.136214981791317802e-01	-1.150676956547716095e-01	1.612006987956372539e-01	-1.610778447673449076e-01	1.460445471281291430e-01	-1.293250065502558055e-01	1.471386621521106330e-01	-2.367540044315807057e-01	9.999999999999981126e-01	-5.328284645577374690e-01	1.260147156114990175e-01	-1.583815582566284186e-01	2.308438798316984619e-01	-6.241369843029123121e-01	3.051665325177254640e-01	-1.142572238332840995e-01	1.473351316886950257e-01	-1.820138528060144256e-01	1.871692937226848430e-01	-2.993607638888403644e-01
