1.000000000000000222e+00	-7.950765331725964113e-01	2.392641148762151004e-01	-1.240737586078730775e-01	1.166881570366064130e-01	-3.135931149382488181e-01	2.160489547981948311e-01	-1.728057714935254396e-01	1.448919649240646146e-01	-1.600825694111882025e-01	1.933780982325468412e-01	-1.674808733883478284e-01	1.287346753296016166e-01	-1.258815434851913995e-01	1.289818115728788572e-01	-1.921534966026664792e-01	1.166515209155900984e-01	-1.149718625544539213e-01	9.474724767942871440e-02	-8.684402904157020875e-02	1.290011211702351834e-01	-1.266619557715423228e-01	1.087078579639694370e-01	-8.474956338898294306e-02	1.005018089041195273e-01	-9.352858981903916513e-02	1.169734162377647491e-01	-9.496913566012951669e-02	8.054335619245417410e-02	-7.897385989205323031e-02	1.128732745996953724e-01	-7.915567679356740050e-02	8.007638146018351832e-02	-7.987426761578039769e-02	7.342377603026079003e-02	-4.774591530868716599e-02	6.305701535361167565e-02	-5.812663368016015436e-02	5.494860414088260231e-02	-6.260481365943379450e-02	5.592922218698572617e-02	-7.476719337079415495e-02	4.645707056128066392e-02	-5.366768303828958753e-02	7.668297174818738959e-02
-7.950765331725964113e-01	1.000000000000000444e+00	-3.889055569528434564e-01	1.404776718005505409e-01	-1.436255668102660032e-01	2.101586507686933614e-01	-2.616896265485240680e-01	1.957554132314653084e-01	-1.613917973064526168e-01	1.581457545586400781e-01	-1.682986355676898138e-01	1.461251386582639034e-01	-1.179045387397371775e-01	1.143604784481705022e-01	-1.212796459938315641e-01	1.470771744965067296e-01	-1.012036648232335773e-01	9.981791084990837559e-02	-8.406418836045607967e-02	7.667904913929200761e-02	-1.072992055346808776e-01	1.053674481463886675e-01	-9.556478523098384248e-02	7.389393478150484140e-02	-8.936691503859299501e-02	7.715684708964536120e-02	-9.883456589473257892e-02	8.041703826480887940e-02	-6.908859913729706315e-02	6.720011581992910155e-02	-9.458223300859831817e-02	6.601855040775361783e-02	-6.787543699255746410e-02	6.735567301489987779e-02	-6.283970786438185241e-02	3.974722542328038705e-02	-5.265761521570178072e-02	4.838657591732442587e-02	-4.604947233613797264e-02	5.270916889495384783e-02	-4.672071213296453279e-02	6.178281325025371251e-02	-3.867524918754655650e-02	4.450584774287360407e-02	-6.518282842250437692e-02
2.392641148762151004e-01	-3.889055569528434564e-01	1.000000000000000888e+00	-3.671777923591401094e-01	2.385845970953012762e-01	-2.250202442038019279e-01	2.954029671289818970e-01	-5.701412452837709699e-01	2.560414338070840512e-01	-3.050355572827812001e-01	1.626639760325662154e-01	-1.839878400890740118e-01	1.367298422264558166e-01	-1.501028124988983692e-01	1.412020880568500003e-01	-1.716377576133291116e-01	1.154588122059547195e-01	-1.182100799848727068e-01	9.567016001364803124e-02	-8.922945002458580743e-02	1.163191364727842875e-01	-1.255175752021966962e-01	1.077669991875337130e-01	-8.465153689894523714e-02	1.003638770721486662e-01	-8.624067148570228880e-02	1.092411162129327956e-01	-9.219383680280303361e-02	7.823188421242353863e-02	-7.690688011718840866e-02	1.035508282993171658e-01	-7.480540453450136573e-02	7.633848211376956239e-02	-7.684328620817784672e-02	7.071434992259049979e-02	-4.419944349805363104e-02	5.942150579954152273e-02	-5.520999557435973121e-02	5.219579809935779441e-02	-5.983288287599980437e-02	5.160652459207460546e-02	-7.058317795340313117e-02	4.393885349108585942e-02	-5.087053980477877768e-02	7.268151283392489115e-02
-1.240737586078730775e-01	1.404776718005505409e-01	-3.671777923591401094e-01	1.000000000000001110e+00	-8.388683557994081053e-01	1.087034666383186188e-01	-1.699892858952532226e-01	1.829066911250317173e-01	-2.298673497578888336e-01	2.393716894967679032e-01	-8.687326621848293073e-02	9.562433109656645613e-02	-7.916459249397161946e-02	9.250319476160183407e-02	-9.179839969583952763e-02	8.764710070189279945e-02	-6.365306141604903933e-02	6.569063515739616277e-02	-5.527183487860571481e-02	5.189050307139397161e-02	-6.218059666725752471e-02	6.725649910696909761e-02	-6.092812239894183912e-02	4.789294410729503376e-02	-5.831104277776703870e-02	4.618112235628401424e-02	-5.954687619507623153e-02	5.066293328282727576e-02	-4.353247518064361221e-02	4.259460057174027647e-02	-5.600863163816852119e-02	4.055274479269582039e-02	-4.194123916831383331e-02	4.213742355432036762e-02	-3.927580298391156188e-02	2.385051142523852280e-02	-3.224432554874892554e-02	2.995045950264233620e-02	-2.845603326783889206e-02	3.277965963221554646e-02	-2.790100460710633751e-02	3.803964250553688864e-02	-2.382236245858871185e-02	2.751892710152233426e-02	-4.006172267255710129e-02
1.166881570366064130e-01	-1.436255668102660032e-01	2.385845970953012762e-01	-8.388683557994081053e-01	1.000000000000001110e+00	-1.146217781704493566e-01	1.552295251190925762e-01	-1.775436147087212924e-01	2.144460353026883814e-01	-3.675788391531856769e-01	8.865286891028130445e-02	-9.943548641666810628e-02	8.029243465640865940e-02	-9.545561890155958296e-02	9.134536050292629827e-02	-9.424381041804115455e-02	6.604040945315729771e-02	-6.825328243589620647e-02	5.673014553966596041e-02	-5.339795821149274924e-02	6.548112592139437860e-02	-7.104828214858689706e-02	6.287806325527953155e-02	-4.957820766063391477e-02	5.978308562971586249e-02	-4.879274333778992750e-02	6.243664733874928346e-02	-5.308690125794618409e-02	4.535933050335151651e-02	-4.453506335802940447e-02	5.891678007442384402e-02	-4.273010367787277025e-02	4.392261018123466698e-02	-4.421465445574562780e-02	4.096986609385804001e-02	-2.514850952871757958e-02	3.396002321203511060e-02	-3.158098764696422311e-02	2.992893157938790807e-02	-3.441984560905304164e-02	2.938460209093690656e-02	-4.021979304294681645e-02	2.511835205874971347e-02	-2.905698437733073014e-02	4.191299194470704537e-02
-3.135931149382488181e-01	2.101586507686933614e-01	-2.250202442038019279e-01	1.087034666383186188e-01	-1.146217781704493566e-01	1.000000000000001554e+00	-3.783206461792222308e-01	1.851054214670445897e-01	-1.594990234156906939e-01	1.469975327306463908e-01	-7.109459148764474268e-01	2.565069395442184375e-01	-1.968655093702743608e-01	1.560022017076025391e-01	-1.678601057512645600e-01	2.358245702908328412e-01	-1.583721228315037588e-01	1.502533884257026831e-01	-1.230633547916047399e-01	1.092776581759404009e-01	-1.748962533504029859e-01	1.533503165773179855e-01	-1.415360885383546152e-01	1.070345659510084230e-01	-1.282314570269175169e-01	1.147800485706532703e-01	-1.449205248780121857e-01	1.147945783010694276e-01	-9.889535543756085290e-02	9.482144590740299028e-02	-1.385046488181372326e-01	9.385923148460581511e-02	-9.665641128527072135e-02	9.518634265677256012e-02	-8.884783928367938344e-02	5.721810630271759873e-02	-7.463880648001293416e-02	6.776070454884780547e-02	-6.467868430696858961e-02	7.350941678428542236e-02	-6.735221363938342920e-02	8.676288233363479985e-02	-5.422881223938656042e-02	6.215817292680295147e-02	-9.108728562976331489e-02
2.160489547981948311e-01	-2.616896265485240680e-01	2.954029671289818970e-01	-1.699892858952532226e-01	1.552295251190925762e-01	-3.783206461792222308e-01	1.000000000000001332e+00	-5.844309278798059948e-01	2.446988237895870999e-01	-2.630175696261416451e-01	2.394974143866692440e-01	-3.314552816793944201e-01	1.954811327183218483e-01	-1.889354519241504271e-01	1.734717303550984135e-01	-2.199989359710398384e-01	1.553851557965068853e-01	-1.596024919271535614e-01	1.232524007781302527e-01	-1.136951456896768131e-01	1.466953524199719194e-01	-1.650249266603193710e-01	1.397428648451903010e-01	-1.087908004132267931e-01	1.271426810387218664e-01	-1.080834880107017365e-01	1.370164527857153647e-01	-1.169667999043148415e-01	9.906456426877550958e-02	-9.702692192321299425e-02	1.287177089564482957e-01	-9.361106191653421893e-02	9.585479627653123447e-02	-9.668399950729393566e-02	8.883386801114220854e-02	-5.496218907745609172e-02	7.418262649617234084e-02	-6.895787202280131978e-02	6.521618143276348978e-02	-7.477932282911871342e-02	6.409215263190012890e-02	-8.803363562250302032e-02	5.479762306521623882e-02	-6.345301167539213472e-02	9.054350432337915366e-02
-1.728057714935254396e-01	1.957554132314653084e-01	-5.701412452837709699e-01	1.829066911250317173e-01	-1.775436147087212924e-01	1.851054214670445897e-01	-5.844309278798059948e-01	1.000000000000000444e+00	-4.112736925303019375e-01	2.594401347327411345e-01	-1.431633837241850782e-01	1.651949473052499173e-01	-1.262121154333149808e-01	1.356925077162767501e-01	-1.272757074173656300e-01	1.305180626895226237e-01	-9.672498345256050345e-02	9.912125411716703194e-02	-8.049593462242692066e-02	7.475512122684677130e-02	-9.100878252499938759e-02	1.003620197314978452e-01	-8.968143740920335449e-02	6.984162005769305182e-02	-8.373722010370493463e-02	6.715091415731125335e-02	-8.628005616542816503e-02	7.370735181969353955e-02	-6.311697225283677271e-02	6.161013785600836373e-02	-8.085731316675238978e-02	5.868579753194324428e-02	-6.065243993434269593e-02	6.100498185606265111e-02	-5.664634263280991094e-02	3.443756184773283380e-02	-4.658214492502846943e-02	4.326341805693755677e-02	-4.107178347308763217e-02	4.724832113957121854e-02	-4.024288475462714509e-02	5.499186815861989430e-02	-3.438717084325248335e-02	3.974239239457819789e-02	-5.756413742991121907e-02
1.448919649240646146e-01	-1.613917973064526168e-01	2.560414338070840512e-01	-2.298673497578888336e-01	2.144460353026883814e-01	-1.594990234156906939e-01	2.446988237895870999e-01	-4.112736925303019375e-01	1.000000000000000666e+00	-7.515397075585265041e-01	1.274756551887968603e-01	-1.552138465920283317e-01	1.358341127514896551e-01	-2.271068281482310491e-01	1.683830550816309279e-01	-1.302946165785593968e-01	9.913635916891123945e-02	-1.074801979998498969e-01	8.959744466396959983e-02	-8.671707103599146649e-02	9.198506084177128506e-02	-1.047750018539336525e-01	9.611461617562683246e-02	-7.655334288927094499e-02	9.355738646241702761e-02	-6.915184507255439650e-02	8.974998906146852695e-02	-7.871727063763221677e-02	6.773652606824583089e-02	-6.646503714302148813e-02	8.344086141941352286e-02	-6.165364732523785640e-02	6.418344428943655033e-02	-6.499837592841188616e-02	6.063015248876805346e-02	-3.573791589619022130e-02	4.889903105267318778e-02	-4.567910752459935358e-02	4.340734393074895808e-02	-5.023944076836116268e-02	4.171294259608988864e-02	-5.774340931095643670e-02	3.620879467517032491e-02	-4.189361398693752792e-02	6.096353783166034990e-02
-1.600825694111882025e-01	1.581457545586400781e-01	-3.050355572827812001e-01	2.393716894967679032e-01	-3.675788391531856769e-01	1.469975327306463908e-01	-2.630175696261416451e-01	2.594401347327411345e-01	-7.515397075585265041e-01	1.000000000000000666e+00	-1.256794655315052189e-01	1.414748170213747935e-01	-1.294938814489164092e-01	1.690194655616444608e-01	-1.701191671354121415e-01	1.216199971943559277e-01	-9.626482573397951437e-02	1.017099128460804830e-01	-8.842998604234779403e-02	8.422508091464075974e-02	-8.935688390101335921e-02	9.903867201471634740e-02	-9.458357351689285208e-02	7.473988454133140280e-02	-9.343904993039678364e-02	6.677557731305641675e-02	-8.770539534153745653e-02	7.610700945080892121e-02	-6.621596525475337280e-02	6.455583812170583025e-02	-8.144944356368179206e-02	5.961564488651830557e-02	-6.260544354788795396e-02	6.298309609143908083e-02	-5.943677410457193222e-02	3.469252891092197005e-02	-4.739016048761034161e-02	4.410753331305040936e-02	-4.210611448723183825e-02	4.881329021380746702e-02	-4.061335608354028209e-02	5.556949118478154981e-02	-3.501433896321173161e-02	4.038952649108829701e-02	-5.982034279457685427e-02
1.933780982325468412e-01	-1.682986355676898138e-01	1.626639760325662154e-01	-8.687326621848293073e-02	8.865286891028130445e-02	-7.109459148764474268e-01	2.394974143866692440e-01	-1.431633837241850782e-01	1.274756551887968603e-01	-1.256794655315052189e-01	1.000000000000000666e+00	-4.079244635290835697e-01	2.106394948379474996e-01	-1.667571203906346999e-01	1.633854770062747319e-01	-3.576874286618292320e-01	1.711253821401720054e-01	-1.673068414966167317e-01	1.256723108950804357e-01	-1.127918608952896695e-01	1.834126742401112620e-01	-1.723421281589558318e-01	1.448890497583959491e-01	-1.108411546347839033e-01	1.283529874955854633e-01	-1.215619848702260281e-01	1.474358019554429522e-01	-1.196660172022314533e-01	1.012889513272555025e-01	-9.783775963830376732e-02	1.395008172180013661e-01	-9.692603014083664426e-02	9.863855561416910722e-02	-9.833687841107856265e-02	9.019529211411610181e-02	-5.828158103661015138e-02	7.657849641422682929e-02	-6.999501368391346234e-02	6.634361949213210541e-02	-7.521676403961879975e-02	6.804020114667676256e-02	-9.002869330426374606e-02	5.581626979614887074e-02	-6.431380429709374069e-02	9.158677745095510081e-02
-1.674808733883478284e-01	1.461251386582639034e-01	-1.839878400890740118e-01	9.562433109656645613e-02	-9.943548641666810628e-02	2.565069395442184375e-01	-3.314552816793944201e-01	1.651949473052499173e-01	-1.552138465920283317e-01	1.414748170213747935e-01	-4.079244635290835697e-01	1.000000000000001332e+00	-6.081739130520111836e-01	2.433444054326638073e-01	-2.539064286879721966e-01	2.207193014250690144e-01	-2.923734174605345237e-01	2.581691735963271284e-01	-1.870934784044578081e-01	1.573035929045222547e-01	-1.622260626754286339e-01	2.209973826359800664e-01	-2.145731670595080465e-01	1.535622190957692812e-01	-1.796307911013967085e-01	1.197457354185505196e-01	-1.622624094201337575e-01	1.465248663241662253e-01	-1.281618674061967278e-01	1.204501041862399840e-01	-1.432106584717061371e-01	1.077473541427889231e-01	-1.163627069007949349e-01	1.167801764505439210e-01	-1.105332876864112274e-01	6.093046407225967409e-02	-8.495415883527417111e-02	7.891065614259776262e-02	-7.582809466654720498e-02	8.788702122286584650e-02	-7.114412934683554679e-02	9.846793368760795029e-02	-6.233185377136714334e-02	7.174087909613108272e-02	-1.074980451179749635e-01
1.287346753296016166e-01	-1.179045387397371775e-01	1.367298422264558166e-01	-7.916459249397161946e-02	8.029243465640865940e-02	-1.968655093702743608e-01	1.954811327183218483e-01	-1.262121154333149808e-01	1.358341127514896551e-01	-1.294938814489164092e-01	2.106394948379474996e-01	-6.081739130520111836e-01	1.000000000000000888e+00	-4.298856627405563957e-01	2.618575668351810770e-01	-1.989033076666522348e-01	2.265339619721524200e-01	-4.514441456356924065e-01	1.989499627419051564e-01	-1.747871644292339766e-01	1.407205439672970237e-01	-2.187453114464109893e-01	2.182696906322065256e-01	-1.656472569857324051e-01	1.761272366152737967e-01	-1.100632039431318626e-01	1.488841717910176499e-01	-1.503884483840234043e-01	1.274660646690730093e-01	-1.214267370734717216e-01	1.296831038426155824e-01	-1.035368079934824992e-01	1.118862212585229610e-01	-1.159003269056482766e-01	1.069117356465954377e-01	-5.640472384597328831e-02	8.089680110929560464e-02	-7.658424240326829058e-02	7.310155378511740132e-02	-8.537023993266067146e-02	6.534958813176461323e-02	-9.496805903837091112e-02	5.988648989445496951e-02	-6.947156362422085563e-02	1.012754647490765048e-01
-1.258815434851913995e-01	1.143604784481705022e-01	-1.501028124988983692e-01	9.250319476160183407e-02	-9.545561890155958296e-02	1.560022017076025391e-01	-1.889354519241504271e-01	1.356925077162767501e-01	-2.271068281482310491e-01	1.690194655616444608e-01	-1.667571203906346999e-01	2.433444054326638073e-01	-4.298856627405563957e-01	1.000000000000001554e+00	-7.291923060045146787e-01	1.667234487120554387e-01	-1.730449045181539081e-01	2.184266589361563149e-01	-2.011147069571899149e-01	2.081596751529304623e-01	-1.272674752144333232e-01	1.693007587834533534e-01	-1.871969520309212931e-01	1.540885462186662724e-01	-2.053553564116304964e-01	1.004211558957207040e-01	-1.382211102327142449e-01	1.355722705623793878e-01	-1.214494486723362715e-01	1.183940819466395566e-01	-1.214105071541802250e-01	9.630519434177096938e-02	-1.057034221093105519e-01	1.091529347408414369e-01	-1.053881368203508778e-01	5.268057242998575723e-02	-7.591041990592073407e-02	7.210679451830903641e-02	-6.939155866174996634e-02	8.231772898754902146e-02	-6.128194219801152975e-02	8.844416339701403895e-02	-5.646197931347112647e-02	6.531772302452268364e-02	-9.905771307019846372e-02
1.289818115728788572e-01	-1.212796459938315641e-01	1.412020880568500003e-01	-9.179839969583952763e-02	9.134536050292629827e-02	-1.678601057512645600e-01	1.734717303550984135e-01	-1.272757074173656300e-01	1.683830550816309279e-01	-1.701191671354121415e-01	1.633854770062747319e-01	-2.539064286879721966e-01	2.618575668351810770e-01	-7.291923060045146787e-01	1.000000000000000888e+00	-1.976707770815915866e-01	1.777924945853655014e-01	-2.357187225041313949e-01	2.160922245745716119e-01	-3.421054725233954041e-01	1.429079551290005357e-01	-1.970642779843071457e-01	1.921711097486071551e-01	-1.780036577603362202e-01	2.241710464142303294e-01	-1.155107029169306909e-01	1.547812960423532169e-01	-1.582485585101130465e-01	1.371855609792567154e-01	-1.408806884074879084e-01	1.373092289490603912e-01	-1.124559391601720054e-01	1.202261854196619989e-01	-1.279693818001876038e-01	1.194261425324672915e-01	-6.064786183125477764e-02	8.808622318833551901e-02	-8.501931909292992362e-02	8.072068417275839181e-02	-9.627621256973274699e-02	7.004465955358366025e-02	-1.047838958030272716e-01	6.614149262239860105e-02	-7.723710259775513898e-02	1.118171806592944406e-01
-1.921534966026664792e-01	1.470771744965067296e-01	-1.716377576133291116e-01	8.764710070189279945e-02	-9.424381041804115455e-02	2.358245702908328412e-01	-2.199989359710398384e-01	1.305180626895226237e-01	-1.302946165785593968e-01	1.216199971943559277e-01	-3.576874286618292320e-01	2.207193014250690144e-01	-1.989033076666522348e-01	1.667234487120554387e-01	-1.976707770815915866e-01	9.999999999999998890e-01	-2.643411755726767787e-01	1.912766857961498423e-01	-1.656686671658322840e-01	1.443701251216261694e-01	-6.055927127324509662e-01	2.303884633670174042e-01	-1.984198043350844376e-01	1.501768878752169634e-01	-1.779731686304118210e-01	2.673170344208857796e-01	-2.943269465920896333e-01	1.829402826556745243e-01	-1.543631817233010739e-01	1.452649940692931629e-01	-2.998383249765804170e-01	1.699093568111304797e-01	-1.636867421088777086e-01	1.544626594945930631e-01	-1.398189567470183026e-01	1.156544895281848562e-01	-1.345652546649223624e-01	1.147991055704863650e-01	-1.089866930409547630e-01	1.174199879447693912e-01	-1.368640548017385494e-01	1.540191458566483318e-01	-9.360099491307215247e-02	1.058689004691072827e-01	-1.471800723214541362e-01
1.166515209155900984e-01	-1.012036648232335773e-01	1.154588122059547195e-01	-6.365306141604903933e-02	6.604040945315729771e-02	-1.583721228315037588e-01	1.553851557965068853e-01	-9.672498345256050345e-02	9.913635916891123945e-02	-9.626482573397951437e-02	1.711253821401720054e-01	-2.923734174605345237e-01	2.265339619721524200e-01	-1.730449045181539081e-01	1.777924945853655014e-01	-2.643411755726767787e-01	9.999999999999983347e-01	-3.975125995058218509e-01	1.941320078473027511e-01	-1.604976074327622293e-01	1.789523163369140801e-01	-7.486801730654789599e-01	2.439415549454358734e-01	-1.747484064029131423e-01	1.763972585332726495e-01	-1.376036701413111962e-01	1.894969497428891092e-01	-1.696728066796288903e-01	1.404269730009995443e-01	-1.309601074786495289e-01	1.530120915097782086e-01	-1.215144066520688210e-01	1.272076034500536912e-01	-1.295865770553758234e-01	1.170744696788629940e-01	-6.606810711581824480e-02	9.371900124667936760e-02	-8.681632449006088104e-02	8.251034588983299778e-02	-9.400184322978771823e-02	7.618404582392077073e-02	-1.097969327236823223e-01	6.824279307039765596e-02	-7.894262295544957064e-02	1.120785834339212972e-01
-1.149718625544539213e-01	9.981791084990837559e-02	-1.182100799848727068e-01	6.569063515739616277e-02	-6.825328243589620647e-02	1.502533884257026831e-01	-1.596024919271535614e-01	9.912125411716703194e-02	-1.074801979998498969e-01	1.017099128460804830e-01	-1.673068414966167317e-01	2.581691735963271284e-01	-4.514441456356924065e-01	2.184266589361563149e-01	-2.357187225041313949e-01	1.912766857961498423e-01	-3.975125995058218509e-01	1.000000000000000222e+00	-4.213437455285195532e-01	2.332400822152531639e-01	-1.515181126230934483e-01	2.738803450470574385e-01	-4.864370803259093767e-01	2.657859149537973309e-01	-2.569357578596805913e-01	1.244258394702108528e-01	-1.819647544030262853e-01	2.034362367764926682e-01	-1.811801052771123688e-01	1.569330820576557706e-01	-1.480297308063315831e-01	1.242541077091610657e-01	-1.441358987382575507e-01	1.476712630526739178e-01	-1.390252025856595908e-01	6.456281417845885495e-02	-9.662405941978453872e-02	9.151589011397992524e-02	-8.889836179566595886e-02	1.040368402806296361e-01	-7.483136764044456823e-02	1.106521084259789733e-01	-7.100596120426844182e-02	8.193240828819429999e-02	-1.244339280137466697e-01
9.474724767942871440e-02	-8.406418836045607967e-02	9.567016001364803124e-02	-5.527183487860571481e-02	5.673014553966596041e-02	-1.230633547916047399e-01	1.232524007781302527e-01	-8.049593462242692066e-02	8.959744466396959983e-02	-8.842998604234779403e-02	1.256723108950804357e-01	-1.870934784044578081e-01	1.989499627419051564e-01	-2.011147069571899149e-01	2.160922245745716119e-01	-1.656686671658322840e-01	1.941320078473027511e-01	-4.213437455285195532e-01	9.999999999999985567e-01	-5.656909949613440070e-01	1.292221196554224905e-01	-2.174573800836626380e-01	2.890841775458423135e-01	-5.110296250788279870e-01	3.158627915525510921e-01	-1.123393528405150499e-01	1.609118550459459895e-01	-2.095945389814251048e-01	1.968440029174086670e-01	-1.811538180568284251e-01	1.325412885884508785e-01	-1.204964893234762302e-01	1.393945994386516507e-01	-1.584974139440744612e-01	1.431717328774768094e-01	-5.957596814853724498e-02	9.259445614159655946e-02	-9.132274156932336517e-02	8.816530905430905452e-02	-1.059180182477153787e-01	6.841746431011345997e-02	-1.079278090322455252e-01	6.939735027579735371e-02	-8.109076563608293153e-02	1.200192801398757003e-01
-8.684402904157020875e-02	7.667904913929200761e-02	-8.922945002458580743e-02	5.189050307139397161e-02	-5.339795821149274924e-02	1.092776581759404009e-01	-1.136951456896768131e-01	7.475512122684677130e-02	-8.671707103599146649e-02	8.422508091464075974e-02	-1.127918608952896695e-01	1.573035929045222547e-01	-1.747871644292339766e-01	2.081596751529304623e-01	-3.421054725233954041e-01	1.443701251216261694e-01	-1.604976074327622293e-01	2.332400822152531639e-01	-5.656909949613440070e-01	9.999999999999997780e-01	-1.157238243938679551e-01	1.701477868862224518e-01	-2.417363412102677689e-01	2.833223918390649354e-01	-6.188998607768234628e-01	9.989927529596989708e-02	-1.453342541365061635e-01	1.721415946815858244e-01	-1.734129566934947408e-01	1.758419372181814211e-01	-1.205317124247823196e-01	1.069442644752569282e-01	-1.262219755563973866e-01	1.383399709270528299e-01	-1.451830969749631495e-01	5.371981128896131247e-02	-8.341157972022143763e-02	8.206612270806448728e-02	-8.043416246548769355e-02	9.986061254568306955e-02	-6.203170388136748648e-02	9.601272675922911670e-02	-6.282224258730764732e-02	7.299077813219491395e-02	-1.166939428853782657e-01
1.290011211702351834e-01	-1.072992055346808776e-01	1.163191364727842875e-01	-6.218059666725752471e-02	6.548112592139437860e-02	-1.748962533504029859e-01	1.466953524199719194e-01	-9.100878252499938759e-02	9.198506084177128506e-02	-8.935688390101335921e-02	1.834126742401112620e-01	-1.622260626754286339e-01	1.407205439672970237e-01	-1.272674752144333232e-01	1.429079551290005357e-01	-6.055927127324509662e-01	1.789523163369140801e-01	-1.515181126230934483e-01	1.292221196554224905e-01	-1.157238243938679551e-01	1.000000000000001776e+00	-2.163087047293100196e-01	1.578328219782937913e-01	-1.242248115088428334e-01	1.398861257314008288e-01	-5.546341819935133310e-01	2.730797011021872667e-01	-1.735899820742250743e-01	1.360585140567303619e-01	-1.314161088342422345e-01	2.708114185576425692e-01	-1.725652127209187925e-01	1.493970876430543993e-01	-1.463057802836317256e-01	1.223402137508751847e-01	-1.141492588172121903e-01	1.300127656656717423e-01	-1.130955853318612869e-01	1.031755649215553017e-01	-1.070773270897975443e-01	1.223017351605196756e-01	-1.599113046241203429e-01	9.158847866935160287e-02	-1.062080719743550422e-01	1.267416062031158086e-01
-1.266619557715423228e-01	1.053674481463886675e-01	-1.255175752021966962e-01	6.725649910696909761e-02	-7.104828214858689706e-02	1.533503165773179855e-01	-1.650249266603193710e-01	1.003620197314978452e-01	-1.047750018539336525e-01	9.903867201471634740e-02	-1.723421281589558318e-01	2.209973826359800664e-01	-2.187453114464109893e-01	1.693007587834533534e-01	-1.970642779843071457e-01	2.303884633670174042e-01	-7.486801730654789599e-01	2.738803450470574385e-01	-2.174573800836626380e-01	1.701477868862224518e-01	-2.163087047293100196e-01	9.999999999999978906e-01	-3.251935868363231008e-01	1.938406479639735724e-01	-2.117859696621489374e-01	1.624893644770534495e-01	-2.595246461536385163e-01	1.925221094026467461e-01	-1.658223189196229019e-01	1.486267479001903424e-01	-1.850712874646098238e-01	1.425933050941401992e-01	-1.522880975329604925e-01	1.484534180432537098e-01	-1.387785211844332900e-01	7.808268714224596285e-02	-1.105898905824008599e-01	9.964774165694072205e-02	-9.604991710339036426e-02	1.087413406597973059e-01	-9.082848957682250479e-02	1.256599638903771743e-01	-7.898765490577337733e-02	9.027150834811617508e-02	-1.341903989176666534e-01
1.087078579639694370e-01	-9.556478523098384248e-02	1.077669991875337130e-01	-6.092812239894183912e-02	6.287806325527953155e-02	-1.415360885383546152e-01	1.397428648451903010e-01	-8.968143740920335449e-02	9.611461617562683246e-02	-9.458357351689285208e-02	1.448890497583959491e-01	-2.145731670595080465e-01	2.182696906322065256e-01	-1.871969520309212931e-01	1.921711097486071551e-01	-1.984198043350844376e-01	2.439415549454358734e-01	-4.864370803259093767e-01	2.890841775458423135e-01	-2.417363412102677689e-01	1.578328219782937913e-01	-3.251935868363231008e-01	9.999999999999986677e-01	-5.342248650848248070e-01	2.655598024159077086e-01	-1.413647374130572454e-01	2.081771161530846792e-01	-3.710431567607851422e-01	2.475118467499980990e-01	-2.044154894086930296e-01	1.630144835278309334e-01	-1.529980494626247689e-01	1.808509230902875520e-01	-1.961030736871220148e-01	1.667118848788966268e-01	-7.337948361031962352e-02	1.153344824864569323e-01	-1.118948483900911728e-01	1.076138548576315856e-01	-1.251927114239289318e-01	8.399874508296308051e-02	-1.335839201744911942e-01	8.497340902711211785e-02	-9.905087140809989976e-02	1.420032752306033819e-01
-8.474956338898294306e-02	7.389393478150484140e-02	-8.465153689894523714e-02	4.789294410729503376e-02	-4.957820766063391477e-02	1.070345659510084230e-01	-1.087908004132267931e-01	6.984162005769305182e-02	-7.655334288927094499e-02	7.473988454133140280e-02	-1.108411546347839033e-01	1.535622190957692812e-01	-1.656472569857324051e-01	1.540885462186662724e-01	-1.780036577603362202e-01	1.501768878752169634e-01	-1.747484064029131423e-01	2.657859149537973309e-01	-5.110296250788279870e-01	2.833223918390649354e-01	-1.242248115088428334e-01	1.938406479639735724e-01	-5.342248650848248070e-01	1.000000000000000444e+00	-4.646514766952671849e-01	1.121593677494433505e-01	-1.706108238589578996e-01	2.471637799388968215e-01	-3.352170190497214541e-01	2.052340330479278663e-01	-1.340286282546942209e-01	1.264472425938056310e-01	-1.602689205051098520e-01	1.805872095554753309e-01	-1.667924958166486504e-01	6.016906852880720552e-02	-9.713241100754828328e-02	9.562277136777468101e-02	-9.484189971887130310e-02	1.125320787332874523e-01	-6.924023984273648680e-02	1.098914673123458641e-01	-7.216822483367774099e-02	8.372230148252378379e-02	-1.293719821663811276e-01
1.005018089041195273e-01	-8.936691503859299501e-02	1.003638770721486662e-01	-5.831104277776703870e-02	5.978308562971586249e-02	-1.282314570269175169e-01	1.271426810387218664e-01	-8.373722010370493463e-02	9.355738646241702761e-02	-9.343904993039678364e-02	1.283529874955854633e-01	-1.796307911013967085e-01	1.761272366152737967e-01	-2.053553564116304964e-01	2.241710464142303294e-01	-1.779731686304118210e-01	1.763972585332726495e-01	-2.569357578596805913e-01	3.158627915525510921e-01	-6.188998607768234628e-01	1.398861257314008288e-01	-2.117859696621489374e-01	2.655598024159077086e-01	-4.646514766952671849e-01	1.000000000000000444e+00	-1.242795578441417553e-01	1.773660469708590037e-01	-2.320889909232538573e-01	2.246806647730555107e-01	-3.021986791842341535e-01	1.476525081104843595e-01	-1.383426151911847646e-01	1.601471349144510115e-01	-1.888018270941284327e-01	1.912747037148436191e-01	-6.724435473885810588e-02	1.065110366376851858e-01	-1.077545512886359524e-01	1.043810922093556665e-01	-1.343904245375562023e-01	7.702633393895491620e-02	-1.248734988389161027e-01	8.118197521061262800e-02	-9.542536037581522690e-02	1.463497475905478629e-01
-9.352858981903916513e-02	7.715684708964536120e-02	-8.624067148570228880e-02	4.618112235628401424e-02	-4.879274333778992750e-02	1.147800485706532703e-01	-1.080834880107017365e-01	6.715091415731125335e-02	-6.915184507255439650e-02	6.677557731305641675e-02	-1.215619848702260281e-01	1.197457354185505196e-01	-1.100632039431318626e-01	1.004211558957207040e-01	-1.155107029169306909e-01	2.673170344208857796e-01	-1.376036701413111962e-01	1.244258394702108528e-01	-1.123393528405150499e-01	9.989927529596989708e-02	-5.546341819935133310e-01	1.624893644770534495e-01	-1.413647374130572454e-01	1.121593677494433505e-01	-1.242795578441417553e-01	9.999999999999960032e-01	-5.100708449722932691e-01	1.818467190841612513e-01	-1.388798528562128765e-01	1.264277694816916819e-01	-5.150728934972340634e-01	2.051646117794618529e-01	-1.653617048539940404e-01	1.497348277773941361e-01	-1.205039487838501511e-01	1.499846727864695972e-01	-1.501756353045091419e-01	1.161927428554023894e-01	-1.062451464955190272e-01	1.028901170769315615e-01	-1.639610733332802772e-01	1.718438039088459879e-01	-9.571734117496376315e-02	1.080792189368653677e-01	-1.222700715179274866e-01
1.169734162377647491e-01	-9.883456589473257892e-02	1.092411162129327956e-01	-5.954687619507623153e-02	6.243664733874928346e-02	-1.449205248780121857e-01	1.370164527857153647e-01	-8.628005616542816503e-02	8.974998906146852695e-02	-8.770539534153745653e-02	1.474358019554429522e-01	-1.622624094201337575e-01	1.488841717910176499e-01	-1.382211102327142449e-01	1.547812960423532169e-01	-2.943269465920896333e-01	1.894969497428891092e-01	-1.819647544030262853e-01	1.609118550459459895e-01	-1.453342541365061635e-01	2.730797011021872667e-01	-2.595246461536385163e-01	2.081771161530846792e-01	-1.706108238589578996e-01	1.773660469708590037e-01	-5.100708449722932691e-01	1.000000000000001110e+00	-3.754190486129845850e-01	2.213454917355891227e-01	-2.017714242655518631e-01	3.005343721727209427e-01	-3.806971626938355779e-01	2.508737600065569784e-01	-2.448220617661033827e-01	1.805637871227214752e-01	-1.398677573681213759e-01	2.170966599522082818e-01	-1.778595357404768595e-01	1.575694116940247191e-01	-1.532164058998213008e-01	1.486308987464830811e-01	-2.631450218502242588e-01	1.409556708908286105e-01	-1.640031485702918568e-01	1.726418836303566517e-01
-9.496913566012951669e-02	8.041703826480887940e-02	-9.219383680280303361e-02	5.066293328282727576e-02	-5.308690125794618409e-02	1.147945783010694276e-01	-1.169667999043148415e-01	7.370735181969353955e-02	-7.871727063763221677e-02	7.610700945080892121e-02	-1.196660172022314533e-01	1.465248663241662253e-01	-1.503884483840234043e-01	1.355722705623793878e-01	-1.582485585101130465e-01	1.829402826556745243e-01	-1.696728066796288903e-01	2.034362367764926682e-01	-2.095945389814251048e-01	1.721415946815858244e-01	-1.735899820742250743e-01	1.925221094026467461e-01	-3.710431567607851422e-01	2.471637799388968215e-01	-2.320889909232538573e-01	1.818467190841612513e-01	-3.754190486129845850e-01	9.999999999999983347e-01	-5.882725489058072688e-01	2.558530290293882237e-01	-2.129434152581914375e-01	2.228982958138668591e-01	-3.793857681516963898e-01	2.882351705504660466e-01	-2.453673720448030782e-01	9.399890177803989222e-02	-1.645777048812008259e-01	1.479683176699808922e-01	-1.493681536952317923e-01	1.594910703385938877e-01	-1.081640991601363899e-01	1.717274368781705196e-01	-1.120575303222346858e-01	1.268297620883474253e-01	-1.908927769396627783e-01
8.054335619245417410e-02	-6.908859913729706315e-02	7.823188421242353863e-02	-4.353247518064361221e-02	4.535933050335151651e-02	-9.889535543756085290e-02	9.906456426877550958e-02	-6.311697225283677271e-02	6.773652606824583089e-02	-6.621596525475337280e-02	1.012889513272555025e-01	-1.281618674061967278e-01	1.274660646690730093e-01	-1.214494486723362715e-01	1.371855609792567154e-01	-1.543631817233010739e-01	1.404269730009995443e-01	-1.811801052771123688e-01	1.968440029174086670e-01	-1.734129566934947408e-01	1.360585140567303619e-01	-1.658223189196229019e-01	2.475118467499980990e-01	-3.352170190497214541e-01	2.246806647730555107e-01	-1.388798528562128765e-01	2.213454917355891227e-01	-5.882725489058072688e-01	1.000000000000001998e+00	-4.416400572119733581e-01	1.641175769901317416e-01	-1.848167477984994922e-01	2.604858761833975245e-01	-4.337776592399485431e-01	2.639614223199935883e-01	-7.614711223689842046e-02	1.355861577607012369e-01	-1.417588085683461063e-01	1.435374168759157298e-01	-1.635775679194373111e-01	8.673329992416994871e-02	-1.501310996817282750e-01	1.009529550677864262e-01	-1.184213868961144916e-01	1.750768597629879519e-01
-7.897385989205323031e-02	6.720011581992910155e-02	-7.690688011718840866e-02	4.259460057174027647e-02	-4.453506335802940447e-02	9.482144590740299028e-02	-9.702692192321299425e-02	6.161013785600836373e-02	-6.646503714302148813e-02	6.455583812170583025e-02	-9.783775963830376732e-02	1.204501041862399840e-01	-1.214267370734717216e-01	1.183940819466395566e-01	-1.408806884074879084e-01	1.452649940692931629e-01	-1.309601074786495289e-01	1.569330820576557706e-01	-1.811538180568284251e-01	1.758419372181814211e-01	-1.314161088342422345e-01	1.486267479001903424e-01	-2.044154894086930296e-01	2.052340330479278663e-01	-3.021986791842341535e-01	1.264277694816916819e-01	-2.017714242655518631e-01	2.558530290293882237e-01	-4.416400572119733581e-01	9.999999999999992228e-01	-1.608364255650892027e-01	1.611465798060519594e-01	-2.256921035906084561e-01	2.722105848521401139e-01	-6.700363749152746795e-01	7.340230014901250044e-02	-1.286168716088938735e-01	1.372956466796969033e-01	-1.469961615489880913e-01	2.299451195807701298e-01	-8.496392949560695185e-02	1.405105803549809018e-01	-1.024185356575983558e-01	1.187340940580023929e-01	-2.673589059002627333e-01
1.128732745996953724e-01	-9.458223300859831817e-02	1.035508282993171658e-01	-5.600863163816852119e-02	5.891678007442384402e-02	-1.385046488181372326e-01	1.287177089564482957e-01	-8.085731316675238978e-02	8.344086141941352286e-02	-8.144944356368179206e-02	1.395008172180013661e-01	-1.432106584717061371e-01	1.296831038426155824e-01	-1.214105071541802250e-01	1.373092289490603912e-01	-2.998383249765804170e-01	1.530120915097782086e-01	-1.480297308063315831e-01	1.325412885884508785e-01	-1.205317124247823196e-01	2.708114185576425692e-01	-1.850712874646098238e-01	1.630144835278309334e-01	-1.340286282546942209e-01	1.476525081104843595e-01	-5.150728934972340634e-01	3.005343721727209427e-01	-2.129434152581914375e-01	1.641175769901317416e-01	-1.608364255650892027e-01	9.999999999999995559e-01	-3.347680892825550814e-01	2.105855683365759901e-01	-2.022823713791257472e-01	1.508293711793775582e-01	-3.633215947274602842e-01	2.154449328886125503e-01	-1.707334352611875328e-01	1.483850062473641984e-01	-1.366099462858692826e-01	2.506762045616808265e-01	-2.822312633938278692e-01	1.418953760205790005e-01	-1.644047075428915483e-01	1.559078814248137379e-01
-7.915567679356740050e-02	6.601855040775361783e-02	-7.480540453450136573e-02	4.055274479269582039e-02	-4.273010367787277025e-02	9.385923148460581511e-02	-9.361106191653421893e-02	5.868579753194324428e-02	-6.165364732523785640e-02	5.961564488651830557e-02	-9.692603014083664426e-02	1.077473541427889231e-01	-1.035368079934824992e-01	9.630519434177096938e-02	-1.124559391601720054e-01	1.699093568111304797e-01	-1.215144066520688210e-01	1.242541077091610657e-01	-1.204964893234762302e-01	1.069442644752569282e-01	-1.725652127209187925e-01	1.425933050941401992e-01	-1.529980494626247689e-01	1.264472425938056310e-01	-1.383426151911847646e-01	2.051646117794618529e-01	-3.806971626938355779e-01	2.228982958138668591e-01	-1.848167477984994922e-01	1.611465798060519594e-01	-3.347680892825550814e-01	9.999999999999972244e-01	-4.981977833511166409e-01	2.456702737653649604e-01	-1.697311586647498038e-01	1.400072907097462682e-01	-5.461442087213905783e-01	1.931057460987932739e-01	-1.782052744925108068e-01	1.377535021950121452e-01	-1.587512405005898908e-01	2.843267718005627054e-01	-1.581234569057555217e-01	1.596797110435682898e-01	-1.643499428247974237e-01
8.007638146018351832e-02	-6.787543699255746410e-02	7.633848211376956239e-02	-4.194123916831383331e-02	4.392261018123466698e-02	-9.665641128527072135e-02	9.585479627653123447e-02	-6.065243993434269593e-02	6.418344428943655033e-02	-6.260544354788795396e-02	9.863855561416910722e-02	-1.163627069007949349e-01	1.118862212585229610e-01	-1.057034221093105519e-01	1.202261854196619989e-01	-1.636867421088777086e-01	1.272076034500536912e-01	-1.441358987382575507e-01	1.393945994386516507e-01	-1.262219755563973866e-01	1.493970876430543993e-01	-1.522880975329604925e-01	1.808509230902875520e-01	-1.602689205051098520e-01	1.601471349144510115e-01	-1.653617048539940404e-01	2.508737600065569784e-01	-3.793857681516963898e-01	2.604858761833975245e-01	-2.256921035906084561e-01	2.105855683365759901e-01	-4.981977833511166409e-01	9.999999999999973355e-01	-5.901257576611591560e-01	2.210772631744990224e-01	-1.043178643187926830e-01	2.305684239933138147e-01	-2.089603538144570449e-01	1.891513506078733031e-01	-1.655376019615662220e-01	1.154303568913126743e-01	-2.380121377321973153e-01	1.413300407648038215e-01	-1.611490425408579064e-01	1.760028585988513972e-01
-7.987426761578039769e-02	6.735567301489987779e-02	-7.684328620817784672e-02	4.213742355432036762e-02	-4.421465445574562780e-02	9.518634265677256012e-02	-9.668399950729393566e-02	6.100498185606265111e-02	-6.499837592841188616e-02	6.298309609143908083e-02	-9.833687841107856265e-02	1.167801764505439210e-01	-1.159003269056482766e-01	1.091529347408414369e-01	-1.279693818001876038e-01	1.544626594945930631e-01	-1.295865770553758234e-01	1.476712630526739178e-01	-1.584974139440744612e-01	1.383399709270528299e-01	-1.463057802836317256e-01	1.484534180432537098e-01	-1.961030736871220148e-01	1.805872095554753309e-01	-1.888018270941284327e-01	1.497348277773941361e-01	-2.448220617661033827e-01	2.882351705504660466e-01	-4.337776592399485431e-01	2.722105848521401139e-01	-2.022823713791257472e-01	2.456702737653649604e-01	-5.901257576611591560e-01	9.999999999999976685e-01	-3.942397348457817308e-01	9.280864612491897259e-02	-1.903136251869533002e-01	2.005127517767759104e-01	-2.604408478563818297e-01	1.976779765788502230e-01	-1.075112686703506709e-01	1.848245570598681109e-01	-1.375676222635799917e-01	1.566045228654724675e-01	-2.211757855086758651e-01
