1.000000000000000000e+00	-3.058568487442945294e-01	1.915451785149224206e-01	-1.746836349947110123e-01	1.254774558556225328e-01	-6.917984723241077383e-01	2.620264107578273993e-01	-2.054072629073552536e-01	1.564207734043236153e-01	-1.030624145791207008e-01	3.155788915095190661e-01	-2.781325817350731033e-01	1.780045318519665742e-01	-1.130834066520828851e-01	1.190704499473503736e-01	-2.835243416303109276e-01	1.869482590840294278e-01	-1.905402431633174132e-01	1.330007092624172493e-01	-1.852030834942905990e-01	1.460971925160723384e-01	-1.258648110813749832e-01	1.050896860706998642e-01	-1.195886700076033565e-01	1.173376339182554823e-01	-1.655855062553678592e-01	1.231410545013442714e-01	-1.092940131411135052e-01	9.922461267234795879e-02	-1.706157767183313634e-01	9.614246364960346569e-02	-8.783796037157208525e-02	7.721740850959031566e-02	-6.766416393449140032e-02	4.529769366130498992e-02	-5.938450377360197235e-02	1.037378451315104921e-01	-4.787395460558586946e-02	5.249709963927403494e-02	-5.094900950198572726e-02	6.455401084621503749e-02	-4.848889085169966195e-02	5.723671981525330077e-02	-4.004000530039920902e-02	5.688070877462980679e-02
-3.058568487442945294e-01	1.000000000000000000e+00	-5.884471578359822264e-01	2.437117446282424105e-01	-1.645207039022619777e-01	2.077601183434384380e-01	-5.809599482632687995e-01	2.635760561524869705e-01	-2.341158911771341056e-01	1.250187879401766511e-01	-2.098809902306548181e-01	2.647156978602475674e-01	-2.231901411095758847e-01	1.159413296882097627e-01	-1.275447683275909572e-01	1.469169727218853916e-01	-1.434842731791839965e-01	1.382916205380028407e-01	-1.061912203215796130e-01	1.311629499427557632e-01	-8.512899938131185396e-02	7.455123807282289239e-02	-6.568288649077295982e-02	7.259588175862920212e-02	-7.445395989155631500e-02	8.893026229268649607e-02	-7.319890745401376464e-02	6.311826916028699663e-02	-5.909225023105784541e-02	9.775351484572693261e-02	-5.829895520569564060e-02	5.206604344875577495e-02	-4.663368861153448230e-02	4.017619134365586764e-02	-2.699934284700995085e-02	3.638126912508275745e-02	-6.449130229395506897e-02	2.911952322027583362e-02	-3.217636519798580674e-02	3.010530728529930630e-02	-4.009354176749799908e-02	2.989257707596361738e-02	-3.563224082246703450e-02	2.470678716620797188e-02	-3.537882642807288480e-02
1.915451785149224206e-01	-5.884471578359822264e-01	1.000000000000000000e+00	-5.191717160643478657e-01	1.666237542506071867e-01	-1.500905401006421003e-01	2.824796202622730790e-01	-3.836961463369346625e-01	2.600582163222666110e-01	-1.428918205260090724e-01	1.645922029655801366e-01	-2.877306596172986008e-01	2.285267282844786196e-01	-1.265794549938073776e-01	1.311874982848293125e-01	-1.383899451338749809e-01	1.401411978129431246e-01	-1.454947314157232219e-01	1.098677240224139873e-01	-1.396256538967737826e-01	8.112718882717410984e-02	-7.441164582908071923e-02	6.564605936882096648e-02	-7.346973846746401859e-02	7.520976054991798665e-02	-8.606997003596986162e-02	7.197307573429315153e-02	-6.276413853576165436e-02	5.875682556940723528e-02	-9.875772690062824266e-02	5.717196453426349328e-02	-5.122596596391030405e-02	4.613435646214707891e-02	-3.986628279934840979e-02	2.681723451099627883e-02	-3.575939359093534275e-02	6.331043817383928685e-02	-2.873146325995182618e-02	3.171487239589846491e-02	-2.993169677716606483e-02	3.935866576912369630e-02	-2.938668215178226462e-02	3.498842912491380297e-02	-2.430222065343776161e-02	3.476017833345632774e-02
-1.746836349947110123e-01	2.437117446282424105e-01	-5.191717160643478657e-01	9.999999999999997780e-01	-2.995715760608385625e-01	1.235118776999213908e-01	-2.142179696655089338e-01	2.260418604428318934e-01	-6.481644950427970508e-01	2.288034797342043680e-01	-1.589068291788627019e-01	2.118635410262706964e-01	-1.945322509798999011e-01	1.674184703935665819e-01	-1.845708598379900978e-01	1.258213154065980499e-01	-1.331373477615086509e-01	1.350632690129355551e-01	-1.177194617031260965e-01	1.410004344149735078e-01	-7.676259376173323601e-02	7.100367464581483490e-02	-6.363394143999766273e-02	7.094067435457174220e-02	-7.384573868831582899e-02	8.001354932519129382e-02	-6.917242657985082921e-02	5.986921459164028930e-02	-5.663195269101523738e-02	9.395267457479615503e-02	-5.570264066281349624e-02	4.951190383862261873e-02	-4.486284392854107683e-02	3.853114277650712682e-02	-2.598921267773001559e-02	3.522187492867587255e-02	-6.279431570181336075e-02	2.818071652257257351e-02	-3.121384507930033067e-02	2.892199806790481456e-02	-3.904826133670184773e-02	2.907706453929745360e-02	-3.480433831908587294e-02	2.407787947434014003e-02	-3.458999961958296454e-02
1.254774558556225328e-01	-1.645207039022619777e-01	1.666237542506071867e-01	-2.995715760608385625e-01	9.999999999999997780e-01	-9.318970427658475331e-02	1.391493446548720259e-01	-1.657389488624198270e-01	2.809139338538885755e-01	-8.293081317558111953e-01	1.261279838294470101e-01	-1.970351157854254021e-01	1.414581840292990778e-01	-1.546634530497929816e-01	1.606779905059607660e-01	-1.207655739963685998e-01	1.204924363111113533e-01	-1.320510059409019943e-01	1.121558165054799272e-01	-1.513053850924452326e-01	7.469390978816396742e-02	-7.387415597036911530e-02	6.517429731340826371e-02	-7.497357057524250967e-02	7.682490809508352170e-02	-8.084948686558249276e-02	7.063423827941751887e-02	-6.296187096678620976e-02	5.914228143033965768e-02	-1.019107949384951972e-01	5.723535958199881674e-02	-5.131220898291029980e-02	4.676066524991574769e-02	-4.050474628624926854e-02	2.744420795521227557e-02	-3.692840778549557473e-02	6.584851574297018173e-02	-2.966123446804111094e-02	3.280840403662644428e-02	-3.066495801401939586e-02	4.102192568415367890e-02	-3.065931156437130822e-02	3.674961210478764478e-02	-2.548320386147649719e-02	3.664230994563724697e-02
-6.917984723241077383e-01	2.077601183434384380e-01	-1.500905401006421003e-01	1.235118776999213908e-01	-9.318970427658475331e-02	9.999999999999997780e-01	-3.173814682842168722e-01	1.596659971128458477e-01	-1.176687798667605950e-01	7.447165535285490967e-02	-5.523855716209852273e-01	2.056271503392355648e-01	-1.401815552300818557e-01	8.118060469823892844e-02	-8.684725520007298416e-02	2.067838316317159308e-01	-1.402799647450378440e-01	1.317625332686006290e-01	-9.306007195813777166e-02	1.240026950776355746e-01	-1.068608627697538865e-01	8.404199494626987677e-02	-7.107307198847898078e-02	7.902507192296912009e-02	-7.852607358035744445e-02	1.120572714385179164e-01	-8.377764931730757869e-02	7.236367012232984564e-02	-6.619550177593713780e-02	1.105209746816455396e-01	-6.515229524276781869e-02	5.894986626676439190e-02	-5.162430841167036516e-02	4.491310838519680521e-02	-2.997693239876964705e-02	3.965433917145180787e-02	-6.934266582924882016e-02	3.183540795516790617e-02	-3.496289683927273489e-02	3.360651823260545762e-02	-4.310293696321867291e-02	3.227174323111739462e-02	-3.809630674159223546e-02	2.658645241650726965e-02	-3.777836602693980528e-02
2.620264107578273993e-01	-5.809599482632687995e-01	2.824796202622730790e-01	-2.142179696655089338e-01	1.391493446548720259e-01	-3.173814682842168722e-01	9.999999999999996669e-01	-4.154302904539213248e-01	1.909396964565072963e-01	-1.128744695825916466e-01	2.240828141789536487e-01	-4.757658004591509560e-01	2.666385560146309897e-01	-1.196017846895674752e-01	1.260991258929902714e-01	-1.709793999898611694e-01	1.684371675360176457e-01	-1.644755394838897933e-01	1.174455974397029673e-01	-1.483539748300229388e-01	9.589174285344331805e-02	-8.408001291873089256e-02	7.366278680313909089e-02	-8.158727964100659369e-02	8.308999879083667217e-02	-1.011130597714395146e-01	8.190098024591689618e-02	-7.080936465215798004e-02	6.597667168797902160e-02	-1.098299018774303859e-01	6.455371222938012521e-02	-5.790677987997710358e-02	5.170759764577249201e-02	-4.468510505029579805e-02	2.996670392428290794e-02	-3.993028454244565428e-02	7.046784288172187882e-02	-3.205089462159673580e-02	3.534285641816845708e-02	-3.345515252280068658e-02	4.379022420868151910e-02	-3.269380123134572186e-02	3.883119355102031961e-02	-2.699071665272449738e-02	3.853523422159286366e-02
-2.054072629073552536e-01	2.635760561524869705e-01	-3.836961463369346625e-01	2.260418604428318934e-01	-1.657389488624198270e-01	1.596659971128458477e-01	-4.154302904539213248e-01	9.999999999999997780e-01	-2.674501776182041102e-01	1.337875311751572649e-01	-1.883197006310229071e-01	3.131194027641766020e-01	-6.646372562388377370e-01	1.540585686443020075e-01	-1.633873753994297406e-01	1.452196783492927801e-01	-1.727029209226909612e-01	1.767334077634907519e-01	-1.325970275650490693e-01	1.503924246949432109e-01	-8.661651101240792905e-02	7.778061581959552773e-02	-7.039924647768376620e-02	7.669982581475452699e-02	-7.990272469862143290e-02	8.845426276048154457e-02	-7.556245222013037444e-02	6.448090899260820741e-02	-6.098488346970552809e-02	9.978603323644601175e-02	-5.987023572556343654e-02	5.318584501668817410e-02	-4.794943248015003101e-02	4.113066398801851903e-02	-2.761545475467031344e-02	3.709042723757024346e-02	-6.581094190831018875e-02	2.971321090709917040e-02	-3.286229821903842441e-02	3.070528590987665202e-02	-4.086640297919007236e-02	3.041949857084948194e-02	-3.624541415720149151e-02	2.511294679475960245e-02	-3.594595697064901368e-02
1.564207734043236153e-01	-2.341158911771341056e-01	2.600582163222666110e-01	-6.481644950427970508e-01	2.809139338538885755e-01	-1.176687798667605950e-01	1.909396964565072963e-01	-2.674501776182041102e-01	1.000000000000000222e+00	-4.218495205221284849e-01	1.514937430006251529e-01	-2.473569934931628134e-01	1.976151382336346629e-01	-2.644469925497776597e-01	2.133030871964061159e-01	-1.387802560873562241e-01	1.454300711572908966e-01	-1.609320826212762012e-01	1.417176515057044506e-01	-1.774334175801350888e-01	8.416168477597754660e-02	-8.135612301758961273e-02	7.248620569028207949e-02	-8.272897317616606516e-02	8.548877855697535610e-02	-8.969512588982857249e-02	7.767129636133271453e-02	-6.836907933653969816e-02	6.436193703272900801e-02	-1.096247072983158044e-01	6.189471500669681270e-02	-5.544294597694527510e-02	5.041270857420442064e-02	-4.358495796309240500e-02	2.939387041718589250e-02	-3.904400888534107633e-02	6.928687891301205104e-02	-3.144070057712842342e-02	3.472800337475900195e-02	-3.279082248673554495e-02	4.308121760455865812e-02	-3.217470783834492504e-02	3.837040729201132011e-02	-2.664765857262659660e-02	3.815868450848171334e-02
-1.030624145791207008e-01	1.250187879401766511e-01	-1.428918205260090724e-01	2.288034797342043680e-01	-8.293081317558111953e-01	7.447165535285490967e-02	-1.128744695825916466e-01	1.337875311751572649e-01	-4.218495205221284849e-01	1.000000000000000666e+00	-1.025238828846977979e-01	1.458545559714545248e-01	-1.204277047792059602e-01	1.536830201583132272e-01	-1.888918796603046568e-01	9.150763859028171465e-02	-9.640065279431681011e-02	1.035405669650941302e-01	-9.672879556876672058e-02	1.201428152450372544e-01	-5.705780500843007225e-02	5.561285821802850610e-02	-4.989685795183852746e-02	5.671759866118909754e-02	-5.910944458705442994e-02	6.046141583507991940e-02	-5.352405541796888960e-02	4.699500173704052736e-02	-4.450755808769400745e-02	7.521463328964982098e-02	-4.333250410868377117e-02	3.859958391189790422e-02	-3.522894438934443678e-02	3.033597981744584615e-02	-2.052509088236356694e-02	2.773516055904884717e-02	-4.953588166543930471e-02	2.223665072578164328e-02	-2.463348317044874655e-02	2.286152622165649878e-02	-3.082521333817006201e-02	2.298027730753488679e-02	-2.755334662341936761e-02	1.906905320448387328e-02	-2.742762080170031008e-02
3.155788915095190661e-01	-2.098809902306548181e-01	1.645922029655801366e-01	-1.589068291788627019e-01	1.261279838294470101e-01	-5.523855716209852273e-01	2.240828141789536487e-01	-1.883197006310229071e-01	1.514937430006251529e-01	-1.025238828846977979e-01	9.999999999999996669e-01	-2.751035929891551546e-01	1.757704352723280516e-01	-1.188322396394649039e-01	1.255492546285127964e-01	-4.815265947638321942e-01	2.320570007093046005e-01	-2.228760720627591674e-01	1.504671689337824803e-01	-2.084903364568853057e-01	2.009529385224664011e-01	-1.523501637919482121e-01	1.254219686098375086e-01	-1.405979529321893795e-01	1.370728187939430631e-01	-2.192627336193489485e-01	1.517863768295335258e-01	-1.318143289004173879e-01	1.184714026103042134e-01	-1.994721316073477246e-01	1.159863172896137551e-01	-1.062032106406221865e-01	9.151234807828521889e-02	-8.018329246841099378e-02	5.326158175603400852e-02	-6.955949733123970025e-02	1.205062316615305718e-01	-5.596064237125559365e-02	6.120947861877568119e-02	-5.990503640452574802e-02	7.489599898848878223e-02	-5.623801486119112819e-02	6.595888838138218302e-02	-4.622868309166877632e-02	6.535535362481197097e-02
-2.781325817350731033e-01	2.647156978602475674e-01	-2.877306596172986008e-01	2.118635410262706964e-01	-1.970351157854254021e-01	2.056271503392355648e-01	-4.757658004591509560e-01	3.131194027641766020e-01	-2.473569934931628134e-01	1.458545559714545248e-01	-2.751035929891551546e-01	9.999999999999995559e-01	-5.386452894836426530e-01	1.685313124902410309e-01	-1.894248906996967297e-01	2.063322790241106097e-01	-3.126208202102996880e-01	2.302338536531895463e-01	-1.680002207065157682e-01	1.905535017742545911e-01	-1.235228273138507804e-01	1.058473516583687130e-01	-9.595151506301834166e-02	1.021158920970942630e-01	-1.068314640368057677e-01	1.217445334166051690e-01	-1.041333460655534532e-01	8.715915979206231845e-02	-8.280816505417014362e-02	1.320700173084755069e-01	-8.273681864173872136e-02	7.298581350375767107e-02	-6.553924093451260480e-02	5.589558019943698802e-02	-3.748319636817731837e-02	5.103324818482517927e-02	-9.077379584266118129e-02	4.068634263793410172e-02	-4.508080316194378045e-02	4.158182425716629854e-02	-5.635082713922746206e-02	4.184061975624150942e-02	-4.994219451032899659e-02	3.450980289619721281e-02	-4.947750114381463393e-02
1.780045318519665742e-01	-2.231901411095758847e-01	2.285267282844786196e-01	-1.945322509798999011e-01	1.414581840292990778e-01	-1.401815552300818557e-01	2.666385560146309897e-01	-6.646372562388377370e-01	1.976151382336346629e-01	-1.204277047792059602e-01	1.757704352723280516e-01	-5.386452894836426530e-01	9.999999999999995559e-01	-1.995429674862610747e-01	1.738361913039151718e-01	-1.582986604979070844e-01	2.037652202166084781e-01	-2.611926217056592670e-01	1.581941525270569304e-01	-1.820217262593053775e-01	9.279035294476030427e-02	-8.599821438718296962e-02	7.839862930787351580e-02	-8.547088413302478260e-02	8.841784537558830537e-02	-9.501337744443598410e-02	8.135569102836455457e-02	-6.954960180098015976e-02	6.564682594170458130e-02	-1.083405427716738895e-01	6.338879213989466466e-02	-5.654586151731941929e-02	5.099169165907972701e-02	-4.385155698337138419e-02	2.937052588621554342e-02	-3.884679021317586495e-02	6.864686781954461303e-02	-3.124906606422958241e-02	3.449899596395676615e-02	-3.265943804115925553e-02	4.258869566151540081e-02	-3.173150622486175382e-02	3.767004523065642374e-02	-2.616158509743159860e-02	3.733242747442507004e-02
-1.130834066520828851e-01	1.159413296882097627e-01	-1.265794549938073776e-01	1.674184703935665819e-01	-1.546634530497929816e-01	8.118060469823892844e-02	-1.196017846895674752e-01	1.540585686443020075e-01	-2.644469925497776597e-01	1.536830201583132272e-01	-1.188322396394649039e-01	1.685313124902410309e-01	-1.995429674862610747e-01	9.999999999999996669e-01	-8.359566066067134482e-01	1.120571699301428081e-01	-1.505301203824796485e-01	1.778567361259811019e-01	-3.086401740545023920e-01	2.367336585021123652e-01	-7.050303845049889218e-02	7.134910769524914487e-02	-6.785053357606411761e-02	7.881726220714939390e-02	-8.641282357862559160e-02	7.168007002066313638e-02	-6.630225163645300790e-02	5.710953331431787433e-02	-5.507612579157749461e-02	9.258225574327712259e-02	-5.125042396560001295e-02	4.554442066183780197e-02	-4.204774608967846994e-02	3.606846250312527313e-02	-2.420186399134974589e-02	3.131252647350932228e-02	-5.543376000296935252e-02	2.538549769544642606e-02	-2.805132805635640256e-02	2.679389697423302519e-02	-3.432747853009167349e-02	2.555621066020787382e-02	-3.031846708438977120e-02	2.107000447539309970e-02	-3.003661094202650719e-02
1.190704499473503736e-01	-1.275447683275909572e-01	1.311874982848293125e-01	-1.845708598379900978e-01	1.606779905059607660e-01	-8.684725520007298416e-02	1.260991258929902714e-01	-1.633873753994297406e-01	2.133030871964061159e-01	-1.888918796603046568e-01	1.255492546285127964e-01	-1.894248906996967297e-01	1.738361913039151718e-01	-8.359566066067134482e-01	1.000000000000001332e+00	-1.243696675458973583e-01	1.529324617516935603e-01	-1.919962914744928750e-01	2.349741427149593387e-01	-3.044112411916481964e-01	7.767887714942883770e-02	-8.127259673117960548e-02	7.564627435106678621e-02	-9.085037107442965609e-02	9.810611089802372120e-02	-8.072965699809871165e-02	7.440958288214025163e-02	-6.527104009001286067e-02	6.258451057461882072e-02	-1.082412445543913110e-01	5.724172213012342081e-02	-5.121182495838195320e-02	4.742670454844984812e-02	-4.092416042947610855e-02	2.748613787166842570e-02	-3.503624754777916184e-02	6.185732937774483797e-02	-2.855000695974960895e-02	3.148863866059846417e-02	-3.049392413127271356e-02	3.830958862112947283e-02	-2.858366848059233981e-02	3.384093788397665725e-02	-2.358006654449724265e-02	3.355212913484356685e-02
-2.835243416303109276e-01	1.469169727218853916e-01	-1.383899451338749809e-01	1.258213154065980499e-01	-1.207655739963685998e-01	2.067838316317159308e-01	-1.709793999898611694e-01	1.452196783492927801e-01	-1.387802560873562241e-01	9.150763859028171465e-02	-4.815265947638321942e-01	2.063322790241106097e-01	-1.582986604979070844e-01	1.120571699301428081e-01	-1.243696675458973583e-01	1.000000000000000000e+00	-4.591818054537998850e-01	2.354817264403127608e-01	-1.611513139720954224e-01	1.869926254948194033e-01	-4.722326109156980700e-01	1.593181839406248301e-01	-1.374253976507842923e-01	1.340133503083854871e-01	-1.371438038287549344e-01	2.604735755846387391e-01	-1.845725366240686949e-01	1.329099558828391592e-01	-1.242550918940492494e-01	1.743375410937010039e-01	-1.345639514800172076e-01	1.159630025707362455e-01	-9.610774867252303011e-02	8.109957114857714588e-02	-5.263361618909766226e-02	7.210405164703717618e-02	-1.245958042101877883e-01	5.652203757437845172e-02	-6.212560211779568492e-02	5.825236035846489274e-02	-7.695021753236953865e-02	5.679178390363077283e-02	-6.621605630385744845e-02	4.594341898232794097e-02	-6.472851006596340440e-02
1.869482590840294278e-01	-1.434842731791839965e-01	1.401411978129431246e-01	-1.331373477615086509e-01	1.204924363111113533e-01	-1.402799647450378440e-01	1.684371675360176457e-01	-1.727029209226909612e-01	1.454300711572908966e-01	-9.640065279431681011e-02	2.320570007093046005e-01	-3.126208202102996880e-01	2.037652202166084781e-01	-1.505301203824796485e-01	1.529324617516935603e-01	-4.591818054537998850e-01	1.000000000000000000e+00	-6.390431894124971590e-01	2.480432915400798410e-01	-3.073802441422955889e-01	1.837138301404558360e-01	-1.551751077135817836e-01	1.341015370364448955e-01	-1.385592669268254362e-01	1.396581261874692004e-01	-1.782306251200006519e-01	1.368890128264064754e-01	-1.111471035138434788e-01	1.029923003423769828e-01	-1.633813587033809689e-01	9.888195293426696453e-02	-8.906132977396234718e-02	7.734674484510226100e-02	-6.660247995771829965e-02	4.373904881321557386e-02	-5.629390682928566564e-02	9.744054250944406137e-02	-4.534150608131810173e-02	4.972273480122997580e-02	-4.855981456440771477e-02	6.019526000373560948e-02	-4.483134876367906446e-02	5.231527400588475984e-02	-3.655910426821133707e-02	5.148031715617708282e-02
-1.905402431633174132e-01	1.382916205380028407e-01	-1.454947314157232219e-01	1.350632690129355551e-01	-1.320510059409019943e-01	1.317625332686006290e-01	-1.644755394838897933e-01	1.767334077634907519e-01	-1.609320826212762012e-01	1.035405669650941302e-01	-2.228760720627591674e-01	2.302338536531895463e-01	-2.611926217056592670e-01	1.778567361259811019e-01	-1.919962914744928750e-01	2.354817264403127608e-01	-6.390431894124971590e-01	1.000000000000000666e+00	-4.910042953442528280e-01	2.902760971590116479e-01	-1.444947560482389981e-01	1.344011358376475118e-01	-1.442109097168145782e-01	1.323801984748723681e-01	-1.412105548646526432e-01	1.319702244508423883e-01	-1.218706622266284012e-01	9.798180756285122806e-02	-9.451197615998462032e-02	1.462876646998791108e-01	-9.044615138494016549e-02	7.953516526320043856e-02	-7.176899059589872398e-02	6.088049565396345258e-02	-4.035074872077802632e-02	5.286206589233811981e-02	-9.315790198095680319e-02	4.251243916118910976e-02	-4.699073589543594637e-02	4.445178222018687786e-02	-5.752831354405196079e-02	4.262691607928933979e-02	-5.032627459536469922e-02	3.490994001486483200e-02	-4.960214165635865730e-02
1.330007092624172493e-01	-1.061912203215796130e-01	1.098677240224139873e-01	-1.177194617031260965e-01	1.121558165054799272e-01	-9.306007195813777166e-02	1.174455974397029673e-01	-1.325970275650490693e-01	1.417176515057044506e-01	-9.672879556876672058e-02	1.504671689337824803e-01	-1.680002207065157682e-01	1.581941525270569304e-01	-3.086401740545023920e-01	2.349741427149593387e-01	-1.611513139720954224e-01	2.480432915400798410e-01	-4.910042953442528280e-01	1.000000000000000888e+00	-7.078645132735714718e-01	1.003341070274497288e-01	-1.099950878672238397e-01	1.098929794623878381e-01	-1.384181802612512446e-01	1.492260802365012740e-01	-9.982531436307351402e-02	9.657194921537656795e-02	-8.269912485638460098e-02	8.086427434382677248e-02	-1.382679129200889701e-01	7.121454844391660044e-02	-6.344266839623850796e-02	5.919082278145358644e-02	-5.078528647249855310e-02	3.385659295654121215e-02	-4.198089383738511787e-02	7.380757465641223092e-02	-3.441949285546094806e-02	3.795968302574544151e-02	-3.726592737789730797e-02	4.552355039635072598e-02	-3.386861738429888802e-02	3.986007796999711805e-02	-2.781055308740530002e-02	3.937804910270190084e-02
-1.852030834942905990e-01	1.311629499427557632e-01	-1.396256538967737826e-01	1.410004344149735078e-01	-1.513053850924452326e-01	1.240026950776355746e-01	-1.483539748300229388e-01	1.503924246949432109e-01	-1.774334175801350888e-01	1.201428152450372544e-01	-2.084903364568853057e-01	1.905535017742545911e-01	-1.820217262593053775e-01	2.367336585021123652e-01	-3.044112411916481964e-01	1.869926254948194033e-01	-3.073802441422955889e-01	2.902760971590116479e-01	-7.078645132735714718e-01	1.000000000000001110e+00	-1.280300233075892247e-01	1.345867918450200096e-01	-1.385801513810772934e-01	1.653614091977556599e-01	-2.413857469846548143e-01	1.232067165142239351e-01	-1.256234543289827255e-01	1.057521281852415451e-01	-1.067357470028181543e-01	1.759153209654217842e-01	-9.530870920905160082e-02	8.346412713900580593e-02	-7.924208129641867326e-02	6.705459275348432668e-02	-4.494224206325386078e-02	5.701760121307907631e-02	-1.013542424460809194e-01	4.646692313781127653e-02	-5.154917057981515949e-02	4.912983658193723763e-02	-6.250007325654957646e-02	4.629949578495656110e-02	-5.489864035888553095e-02	3.807196402968354709e-02	-5.423518397404947927e-02
1.460971925160723384e-01	-8.512899938131185396e-02	8.112718882717410984e-02	-7.676259376173323601e-02	7.469390978816396742e-02	-1.068608627697538865e-01	9.589174285344331805e-02	-8.661651101240792905e-02	8.416168477597754660e-02	-5.705780500843007225e-02	2.009529385224664011e-01	-1.235228273138507804e-01	9.279035294476030427e-02	-7.050303845049889218e-02	7.767887714942883770e-02	-4.722326109156980700e-01	1.837138301404558360e-01	-1.444947560482389981e-01	1.003341070274497288e-01	-1.280300233075892247e-01	1.000000000000000888e+00	-2.046414549278639528e-01	1.407270504818815271e-01	-1.380597201260855278e-01	1.278985928141003481e-01	-7.338181560793104463e-01	2.313216243765627289e-01	-1.643264285948970449e-01	1.327474640255657257e-01	-1.823396582546156774e-01	1.477618371633891980e-01	-1.394285567499597700e-01	9.691176757787881013e-02	-8.477164803225431533e-02	5.246275732068058500e-02	-6.970399749168450232e-02	1.119841591332176312e-01	-5.372544216068010636e-02	5.757332785978221817e-02	-5.877716988291382255e-02	6.900827798626159304e-02	-5.151377152211873006e-02	5.731552629655741610e-02	-4.063477124377281452e-02	5.532331374536399865e-02
-1.258648110813749832e-01	7.455123807282289239e-02	-7.441164582908071923e-02	7.100367464581483490e-02	-7.387415597036911530e-02	8.404199494626987677e-02	-8.408001291873089256e-02	7.778061581959552773e-02	-8.135612301758961273e-02	5.561285821802850610e-02	-1.523501637919482121e-01	1.058473516583687130e-01	-8.599821438718296962e-02	7.134910769524914487e-02	-8.127259673117960548e-02	1.593181839406248301e-01	-1.551751077135817836e-01	1.344011358376475118e-01	-1.099950878672238397e-01	1.345867918450200096e-01	-2.046414549278639528e-01	1.000000000000000222e+00	-6.653640254480742700e-01	2.678821279388989285e-01	-2.608566440292031108e-01	2.024620775970583375e-01	-4.750649642423320218e-01	2.168455403059904307e-01	-2.070157254987361473e-01	2.304733080430180769e-01	-1.748355950539110804e-01	1.608703352191983016e-01	-1.322125889359048179e-01	1.102355010631036608e-01	-6.701379888908566562e-02	7.963913375006566320e-02	-1.337347969248227353e-01	6.499606651378382616e-02	-7.068277822918346553e-02	7.247726233057798229e-02	-8.023290181868442117e-02	5.910440093487769053e-02	-6.603926945816340766e-02	4.678638523077646716e-02	-6.369343147679082384e-02
1.050896860706998642e-01	-6.568288649077295982e-02	6.564605936882096648e-02	-6.363394143999766273e-02	6.517429731340826371e-02	-7.107307198847898078e-02	7.366278680313909089e-02	-7.039924647768376620e-02	7.248620569028207949e-02	-4.989685795183852746e-02	1.254219686098375086e-01	-9.595151506301834166e-02	7.839862930787351580e-02	-6.785053357606411761e-02	7.564627435106678621e-02	-1.374253976507842923e-01	1.341015370364448955e-01	-1.442109097168145782e-01	1.098929794623878381e-01	-1.385801513810772934e-01	1.407270504818815271e-01	-6.653640254480742700e-01	1.000000000000000888e+00	-5.446015450335425223e-01	2.618370042679540322e-01	-1.579671005902215652e-01	2.406109557953755584e-01	-1.981427893703052445e-01	1.701378917795715595e-01	-2.629786704896132643e-01	1.256653779857979658e-01	-1.222754372058664218e-01	1.073548016241576419e-01	-9.438767743460151072e-02	5.914251793788662809e-02	-6.360977833952206895e-02	1.065087531367537865e-01	-5.428937101422042638e-02	5.871768020997205489e-02	-6.484186289347337873e-02	6.454537770073026648e-02	-4.835782242593155561e-02	5.428879881712657396e-02	-3.892987226370700493e-02	5.306003926544190091e-02
-1.195886700076033565e-01	7.259588175862920212e-02	-7.346973846746401859e-02	7.094067435457174220e-02	-7.497357057524250967e-02	7.902507192296912009e-02	-8.158727964100659369e-02	7.669982581475452699e-02	-8.272897317616606516e-02	5.671759866118909754e-02	-1.405979529321893795e-01	1.021158920970942630e-01	-8.547088413302478260e-02	7.881726220714939390e-02	-9.085037107442965609e-02	1.340133503083854871e-01	-1.385592669268254362e-01	1.323801984748723681e-01	-1.384181802612512446e-01	1.653614091977556599e-01	-1.380597201260855278e-01	2.678821279388989285e-01	-5.446015450335425223e-01	1.000000000000000666e+00	-6.494014637251901423e-01	1.395104647922195407e-01	-2.179343710697756731e-01	1.710676245534184514e-01	-1.977530999682767243e-01	2.743886147739767467e-01	-1.309754729816294538e-01	1.161660263834104062e-01	-1.181410409348202517e-01	9.971509171463996402e-02	-6.369838396386617863e-02	6.780908157880632947e-02	-1.168302635231450448e-01	5.831736900058784312e-02	-6.421819581234629315e-02	6.776878631319264989e-02	-7.071451811770065876e-02	5.246950779996483599e-02	-5.999250991475715833e-02	4.256654898941457377e-02	-5.880547790948931208e-02
1.173376339182554823e-01	-7.445395989155631500e-02	7.520976054991798665e-02	-7.384573868831582899e-02	7.682490809508352170e-02	-7.852607358035744445e-02	8.308999879083667217e-02	-7.990272469862143290e-02	8.548877855697535610e-02	-5.910944458705442994e-02	1.370728187939430631e-01	-1.068314640368057677e-01	8.841784537558830537e-02	-8.641282357862559160e-02	9.810611089802372120e-02	-1.371438038287549344e-01	1.396581261874692004e-01	-1.412105548646526432e-01	1.492260802365012740e-01	-2.413857469846548143e-01	1.278985928141003481e-01	-2.608566440292031108e-01	2.618370042679540322e-01	-6.494014637251901423e-01	1.000000000000000000e+00	-1.374286444408885643e-01	1.905530973515369708e-01	-1.915320355193763646e-01	2.018750609727434919e-01	-5.390252581422813050e-01	1.220148078110028095e-01	-1.124489797650783940e-01	1.199289077438061707e-01	-1.072333490436686437e-01	7.271850571336155311e-02	-6.654722909132408659e-02	1.142075991166432575e-01	-6.013602437316623028e-02	6.564477523617701094e-02	-7.823420469773731400e-02	6.931163861693707962e-02	-5.209327409790860675e-02	5.948723696998858834e-02	-4.288730591218148369e-02	5.900568965422367529e-02
-1.655855062553678592e-01	8.893026229268649607e-02	-8.606997003596986162e-02	8.001354932519129382e-02	-8.084948686558249276e-02	1.120572714385179164e-01	-1.011130597714395146e-01	8.845426276048154457e-02	-8.969512588982857249e-02	6.046141583507991940e-02	-2.192627336193489485e-01	1.217445334166051690e-01	-9.501337744443598410e-02	7.168007002066313638e-02	-8.072965699809871165e-02	2.604735755846387391e-01	-1.782306251200006519e-01	1.319702244508423883e-01	-9.982531436307351402e-02	1.232067165142239351e-01	-7.338181560793104463e-01	2.024620775970583375e-01	-1.579671005902215652e-01	1.395104647922195407e-01	-1.374286444408885643e-01	1.000000000000000222e+00	-4.001879882960759915e-01	1.842373677303305590e-01	-1.613408191154442894e-01	1.831436873911598540e-01	-2.147495153788159250e-01	1.738783783329337085e-01	-1.165395483236143365e-01	9.791925798632895861e-02	-5.957472455847603876e-02	8.404797847320068238e-02	-1.351604662466147910e-01	6.251278165176232804e-02	-6.733924280437114662e-02	6.582762893538664228e-02	-8.298747691262467474e-02	6.053180561744393035e-02	-6.720563406621643532e-02	4.706698107500554423e-02	-6.403343368870607899e-02
1.231410545013442714e-01	-7.319890745401376464e-02	7.197307573429315153e-02	-6.917242657985082921e-02	7.063423827941751887e-02	-8.377764931730757869e-02	8.190098024591689618e-02	-7.556245222013037444e-02	7.767129636133271453e-02	-5.352405541796888960e-02	1.517863768295335258e-01	-1.041333460655534532e-01	8.135569102836455457e-02	-6.630225163645300790e-02	7.440958288214025163e-02	-1.845725366240686949e-01	1.368890128264064754e-01	-1.218706622266284012e-01	9.657194921537656795e-02	-1.256234543289827255e-01	2.313216243765627289e-01	-4.750649642423320218e-01	2.406109557953755584e-01	-2.179343710697756731e-01	1.905530973515369708e-01	-4.001879882960759915e-01	1.000000000000000444e+00	-4.815780331726966512e-01	2.570647708140924581e-01	-2.847279762347734722e-01	2.298515921632357795e-01	-3.089090821757641270e-01	1.613717394966077134e-01	-1.444446710720253546e-01	8.191786901161902945e-02	-9.832846162742382712e-02	1.560566074208455389e-01	-7.883596450370408681e-02	8.300684699834465219e-02	-9.110937661129717147e-02	9.266308786627744376e-02	-6.940154556867871027e-02	7.448118368424054558e-02	-5.380263085678201052e-02	7.128297411446002374e-02
-1.092940131411135052e-01	6.311826916028699663e-02	-6.276413853576165436e-02	5.986921459164028930e-02	-6.296187096678620976e-02	7.236367012232984564e-02	-7.080936465215798004e-02	6.448090899260820741e-02	-6.836907933653969816e-02	4.699500173704052736e-02	-1.318143289004173879e-01	8.715915979206231845e-02	-6.954960180098015976e-02	5.710953331431787433e-02	-6.527104009001286067e-02	1.329099558828391592e-01	-1.111471035138434788e-01	9.798180756285122806e-02	-8.269912485638460098e-02	1.057521281852415451e-01	-1.643264285948970449e-01	2.168455403059904307e-01	-1.981427893703052445e-01	1.710676245534184514e-01	-1.915320355193763646e-01	1.842373677303305590e-01	-4.815780331726966512e-01	1.000000000000000000e+00	-6.932821774035359264e-01	2.685360900532883788e-01	-1.787210279398123991e-01	1.705097367360189631e-01	-2.292189351485874327e-01	1.922559804448740750e-01	-9.950339474012212526e-02	8.316204085100475929e-02	-1.399606596911169287e-01	8.159105772431118897e-02	-8.913825357607979560e-02	1.025606247218340955e-01	-8.256009653142803995e-02	6.183871165855638757e-02	-6.834745049624552093e-02	5.025185498375478454e-02	-6.727149838779630797e-02
9.922461267234795879e-02	-5.909225023105784541e-02	5.875682556940723528e-02	-5.663195269101523738e-02	5.914228143033965768e-02	-6.619550177593713780e-02	6.597667168797902160e-02	-6.098488346970552809e-02	6.436193703272900801e-02	-4.450755808769400745e-02	1.184714026103042134e-01	-8.280816505417014362e-02	6.564682594170458130e-02	-5.507612579157749461e-02	6.258451057461882072e-02	-1.242550918940492494e-01	1.029923003423769828e-01	-9.451197615998462032e-02	8.086427434382677248e-02	-1.067357470028181543e-01	1.327474640255657257e-01	-2.070157254987361473e-01	1.701378917795715595e-01	-1.977530999682767243e-01	2.018750609727434919e-01	-1.613408191154442894e-01	2.570647708140924581e-01	-6.932821774035359264e-01	1.000000000000000222e+00	-4.613938009614847457e-01	1.488580702481837048e-01	-1.503502525451028415e-01	2.261937153092772601e-01	-2.953617895300678087e-01	1.193053019317624336e-01	-7.762036547601867953e-02	1.296830152164569483e-01	-8.735865926868455200e-02	9.384757171663804520e-02	-1.263646738914256107e-01	7.698487196414184608e-02	-5.914665638555980515e-02	6.523407958840732324e-02	-4.962082281068923295e-02	6.575935493391107944e-02
-1.706157767183313634e-01	9.775351484572693261e-02	-9.875772690062824266e-02	9.395267457479615503e-02	-1.019107949384951972e-01	1.105209746816455396e-01	-1.098299018774303859e-01	9.978603323644601175e-02	-1.096247072983158044e-01	7.521463328964982098e-02	-1.994721316073477246e-01	1.320700173084755069e-01	-1.083405427716738895e-01	9.258225574327712259e-02	-1.082412445543913110e-01	1.743375410937010039e-01	-1.633813587033809689e-01	1.462876646998791108e-01	-1.382679129200889701e-01	1.759153209654217842e-01	-1.823396582546156774e-01	2.304733080430180769e-01	-2.629786704896132643e-01	2.743886147739767467e-01	-5.390252581422813050e-01	1.831436873911598540e-01	-2.847279762347734722e-01	2.685360900532883788e-01	-4.613938009614847457e-01	9.999999999999997780e-01	-1.956089478075073440e-01	1.692903408772634677e-01	-2.155591010586724587e-01	1.806041698178096344e-01	-1.318791344845191837e-01	1.061839333898309534e-01	-1.866785702637339395e-01	9.820649182999437177e-02	-1.102036045931234221e-01	1.264466723646653912e-01	-1.123335148363266561e-01	8.361442664754641096e-02	-9.658731042454343774e-02	6.923758867429970210e-02	-9.615334566679173411e-02
9.614246364960346569e-02	-5.829895520569564060e-02	5.717196453426349328e-02	-5.570264066281349624e-02	5.723535958199881674e-02	-6.515229524276781869e-02	6.455371222938012521e-02	-5.987023572556343654e-02	6.189471500669681270e-02	-4.333250410868377117e-02	1.159863172896137551e-01	-8.273681864173872136e-02	6.338879213989466466e-02	-5.125042396560001295e-02	5.724172213012342081e-02	-1.345639514800172076e-01	9.888195293426696453e-02	-9.044615138494016549e-02	7.121454844391660044e-02	-9.530870920905160082e-02	1.477618371633891980e-01	-1.748355950539110804e-01	1.256653779857979658e-01	-1.309754729816294538e-01	1.220148078110028095e-01	-2.147495153788159250e-01	2.298515921632357795e-01	-1.787210279398123991e-01	1.488580702481837048e-01	-1.956089478075073440e-01	9.999999999999997780e-01	-8.056216392068858978e-01	1.753098846256916366e-01	-1.560531893442546614e-01	8.569676532432329852e-02	-2.382044398717418354e-01	2.416768192578171159e-01	-1.069715499789769403e-01	1.049926710011128972e-01	-1.016399120047595944e-01	1.614650441982354301e-01	-1.172319735306597555e-01	1.091649633858376572e-01	-7.795116772085752821e-02	9.542982102068998940e-02
-8.783796037157208525e-02	5.206604344875577495e-02	-5.122596596391030405e-02	4.951190383862261873e-02	-5.131220898291029980e-02	5.894986626676439190e-02	-5.790677987997710358e-02	5.318584501668817410e-02	-5.544294597694527510e-02	3.859958391189790422e-02	-1.062032106406221865e-01	7.298581350375767107e-02	-5.654586151731941929e-02	4.554442066183780197e-02	-5.121182495838195320e-02	1.159630025707362455e-01	-8.906132977396234718e-02	7.953516526320043856e-02	-6.344266839623850796e-02	8.346412713900580593e-02	-1.394285567499597700e-01	1.608703352191983016e-01	-1.222754372058664218e-01	1.161660263834104062e-01	-1.124489797650783940e-01	1.738783783329337085e-01	-3.089090821757641270e-01	1.705097367360189631e-01	-1.503502525451028415e-01	1.692903408772634677e-01	-8.056216392068858978e-01	1.000000000000000444e+00	-2.210116504125977654e-01	1.548875121725269977e-01	-8.372025766738007413e-02	1.787154030557446260e-01	-2.981129562278063139e-01	1.062977193244066254e-01	-1.070644835101811909e-01	9.566602344733300678e-02	-1.493645178985457955e-01	1.043453858737030948e-01	-1.014919567446958826e-01	7.043085741929375199e-02	-8.789746419612504136e-02
7.721740850959031566e-02	-4.663368861153448230e-02	4.613435646214707891e-02	-4.486284392854107683e-02	4.676066524991574769e-02	-5.162430841167036516e-02	5.170759764577249201e-02	-4.794943248015003101e-02	5.041270857420442064e-02	-3.522894438934443678e-02	9.151234807828521889e-02	-6.553924093451260480e-02	5.099169165907972701e-02	-4.204774608967846994e-02	4.742670454844984812e-02	-9.610774867252303011e-02	7.734674484510226100e-02	-7.176899059589872398e-02	5.919082278145358644e-02	-7.924208129641867326e-02	9.691176757787881013e-02	-1.322125889359048179e-01	1.073548016241576419e-01	-1.181410409348202517e-01	1.199289077438061707e-01	-1.165395483236143365e-01	1.613717394966077134e-01	-2.292189351485874327e-01	2.261937153092772601e-01	-2.155591010586724587e-01	1.753098846256916366e-01	-2.210116504125977654e-01	9.999999999999998890e-01	-7.887009678478542618e-01	2.294288835998659348e-01	-9.775130775164499186e-02	1.590721321357163320e-01	-1.857551650310735603e-01	1.722431527791219719e-01	-2.869604562788907187e-01	9.043639163411347492e-02	-7.412658447113879001e-02	7.771605791425523213e-02	-6.710683564309999349e-02	8.319155861142199515e-02
-6.766416393449140032e-02	4.017619134365586764e-02	-3.986628279934840979e-02	3.853114277650712682e-02	-4.050474628624926854e-02	4.491310838519680521e-02	-4.468510505029579805e-02	4.113066398801851903e-02	-4.358495796309240500e-02	3.033597981744584615e-02	-8.018329246841099378e-02	5.589558019943698802e-02	-4.385155698337138419e-02	3.606846250312527313e-02	-4.092416042947610855e-02	8.109957114857714588e-02	-6.660247995771829965e-02	6.088049565396345258e-02	-5.078528647249855310e-02	6.705459275348432668e-02	-8.477164803225431533e-02	1.102355010631036608e-01	-9.438767743460151072e-02	9.971509171463996402e-02	-1.072333490436686437e-01	9.791925798632895861e-02	-1.444446710720253546e-01	1.922559804448740750e-01	-2.953617895300678087e-01	1.806041698178096344e-01	-1.560531893442546614e-01	1.548875121725269977e-01	-7.887009678478542618e-01	1.000000000000000666e+00	-3.367313410705810028e-01	8.366013920537515580e-02	-1.430936247031558695e-01	1.542443187451720821e-01	-1.889886838210315667e-01	2.430031057293466079e-01	-7.974244713080622105e-02	6.411004918027181365e-02	-6.873538595877182189e-02	5.913284573837174207e-02	-7.459700814391903578e-02
