1.000000000000000222e+00	-2.994848144528017286e-01	2.021753011649755627e-01	-2.256407708501866061e-01	1.821078480514547182e-01	-6.720295236012510109e-01	3.113728252872132729e-01	-2.098184117452399633e-01	1.797004200995059864e-01	-1.604010565220699569e-01	1.973355425672161934e-01	-3.024428449183440004e-01	2.052030660563287923e-01	-1.896906678759469056e-01	1.559561076417509684e-01	-1.488021318441547780e-01	1.808393289479350852e-01	-2.016394730517397926e-01	1.530769984532645844e-01	-1.468668675157608627e-01	1.700821221913853265e-01	-1.444991468096821496e-01	1.191823234524677366e-01	-1.260607954979040268e-01	1.237029181510397036e-01	-1.210293470947921418e-01	1.197354272561447636e-01	-1.157018800486508125e-01	1.139334930912002247e-01	-8.295128035956379764e-02	9.895826313759524540e-02	-1.047903878375996828e-01	1.107023815441552511e-01	-1.101991114928004833e-01	9.995176602896138629e-02	-2.468857080762493564e-02	9.210475302817823506e-02	-8.286991751022844410e-02	3.389174244430730176e-02	-2.702963554791357192e-02	2.240171251000006372e-02	-4.577912049947595319e-02	4.804284102879665536e-02	-2.932899535348973408e-02	2.152851792337545297e-02
-2.994848144528017286e-01	1.000000000000000444e+00	-7.009124858953832415e-01	2.698436601422065650e-01	-2.437325450889147871e-01	2.274928617022313471e-01	-4.295917176865542975e-01	2.171011475692816162e-01	-2.167627325659881310e-01	1.640637701921674740e-01	-1.481437099470490626e-01	2.203209042810810037e-01	-2.180380257142442713e-01	1.613381173645578315e-01	-1.526717223763338349e-01	1.070365567681031277e-01	-1.390581932533626330e-01	1.431526261996959593e-01	-1.218976521354666331e-01	1.125011879207107879e-01	-1.242532483432776530e-01	1.026267458776412428e-01	-8.692276649241019448e-02	9.124920245054223000e-02	-9.531798824887724453e-02	8.313307655173649002e-02	-8.638342338068018267e-02	8.184216865230740934e-02	-8.387077176263167677e-02	6.125401341449052822e-02	-7.003346476488547800e-02	7.355378633029947821e-02	-7.947918001205310501e-02	7.817892535962049638e-02	-7.447644302958124352e-02	1.699932400284348902e-02	-6.538346028447486469e-02	5.795602331137358204e-02	-2.378101725195875052e-02	1.888839082974202652e-02	-1.548872887947620389e-02	3.178901379357115115e-02	-3.363912740051110822e-02	2.046111504379838006e-02	-1.506182550293625778e-02
2.021753011649755627e-01	-7.009124858953832415e-01	1.000000000000000222e+00	-4.930286696656396850e-01	2.336320710986974913e-01	-1.830730453252302770e-01	2.362446668923045834e-01	-2.789409137082051737e-01	2.244326868974990397e-01	-1.764331790396549138e-01	1.295405458046073321e-01	-2.097819797902855110e-01	2.005218277538639016e-01	-1.650355089876411330e-01	1.463092122406208506e-01	-9.742393414335827340e-02	1.240718402386492836e-01	-1.381942290913258375e-01	1.147421417278729622e-01	-1.086012693160187254e-01	1.112192046507226445e-01	-9.462549877513848351e-02	7.991026242940370283e-02	-8.559664345684181441e-02	8.857260781174111641e-02	-7.666239437858067551e-02	7.874173136516701699e-02	-7.582345520223313096e-02	7.712253599360041623e-02	-5.683664997251130363e-02	6.385214406818941202e-02	-6.770016055475658323e-02	7.280103582318007971e-02	-7.255353889351208452e-02	6.832624688990598938e-02	-1.565282313899624828e-02	5.971083340493724828e-02	-5.339800445477317636e-02	2.194623896193424045e-02	-1.746506288487870151e-02	1.423444765661713296e-02	-2.926101877276702026e-02	3.085697406318795022e-02	-1.891037496458101985e-02	1.389777267018939971e-02
-2.256407708501866061e-01	2.698436601422065650e-01	-4.930286696656396850e-01	1.000000000000000444e+00	-5.661422453883384609e-01	1.592870354098256114e-01	-2.127259141452038649e-01	2.508888357080139020e-01	-4.237567282434172578e-01	2.744216916558930297e-01	-1.508211153600959309e-01	2.008596163353439379e-01	-2.354362411863315796e-01	2.124442331922614668e-01	-2.167565655409490200e-01	1.088969796398653739e-01	-1.388536255694883814e-01	1.583815673756842068e-01	-1.431490886839305865e-01	1.353931216328241316e-01	-1.297412049666675227e-01	1.073986704095470646e-01	-9.425204367652030568e-02	1.021136914072785229e-01	-1.102013214175719680e-01	8.797546288111596224e-02	-9.172686527562101677e-02	8.831651878943169720e-02	-9.305085055653528059e-02	6.890606870547316687e-02	-7.448312800264857148e-02	7.854301970290292201e-02	-8.609338341039163289e-02	8.574338812893320116e-02	-8.321723886975683493e-02	1.823634555317546133e-02	-7.040754148033082083e-02	6.248914461372418599e-02	-2.583007194277773741e-02	2.052254774323333808e-02	-1.661818073089992021e-02	3.421088900445871939e-02	-3.623776743204890766e-02	2.219678697636352782e-02	-1.634372802601396363e-02
1.821078480514547182e-01	-2.437325450889147871e-01	2.336320710986974913e-01	-5.661422453883384609e-01	1.000000000000000222e+00	-1.460107611642358638e-01	1.735162614233279610e-01	-2.389042289457016799e-01	2.954662715678706975e-01	-5.805324639662901021e-01	1.506657727576841133e-01	-2.065482719469671213e-01	2.079405389758104683e-01	-2.857400148471324619e-01	2.570747154851714678e-01	-1.135432176649142644e-01	1.419462213530897077e-01	-1.834824826430568323e-01	1.617935547577260824e-01	-1.676376176608142532e-01	1.341661513911756309e-01	-1.154515358378406936e-01	1.023095057359202226e-01	-1.163197976192335281e-01	1.231941402906362032e-01	-9.546215871030412636e-02	9.782699113928240708e-02	-9.712138220512125941e-02	1.015424343562878334e-01	-7.686567206070051006e-02	7.948500073383313325e-02	-8.513045299232954721e-02	9.289678742629722819e-02	-9.511617203367567219e-02	9.040753516986999028e-02	-1.982973161016825248e-02	7.550652522065494365e-02	-6.809754764021076767e-02	2.829175655142908766e-02	-2.256158343947479300e-02	1.801032143476508432e-02	-3.720500585651954212e-02	3.917606297821724093e-02	-2.437305123712701915e-02	1.789328881762606085e-02
-6.720295236012510109e-01	2.274928617022313471e-01	-1.830730453252302770e-01	1.592870354098256114e-01	-1.460107611642358638e-01	1.000000000000000444e+00	-6.062628128018374696e-01	1.652031909032700696e-01	-1.469181813903639999e-01	1.183162532666197780e-01	-1.548045989305244785e-01	2.305531432209276810e-01	-1.767107257586995328e-01	1.340190995898585258e-01	-1.179279531160700722e-01	1.099329525898719850e-01	-1.432511097185366344e-01	1.369339001593772587e-01	-1.102644079531672622e-01	1.014582451789170781e-01	-1.248317586413949243e-01	1.027989627301226644e-01	-8.462837909657275337e-02	8.705947036321945443e-02	-8.780146488390054571e-02	8.329863116692617919e-02	-8.563249217273771752e-02	8.037456863052995504e-02	-8.012868013042816207e-02	5.794412704674691689e-02	-6.958239688942731427e-02	7.289049621000125156e-02	-7.761136661409578918e-02	7.585701725783917937e-02	-7.057657242834908251e-02	1.683636100022593146e-02	-6.423315088769333825e-02	5.704220375388945052e-02	-2.326953422143036507e-02	1.849207868716858799e-02	-1.532757934460254184e-02	3.136436817935353560e-02	-3.311522153375001665e-02	2.005994713884126993e-02	-1.475476466282964888e-02
3.113728252872132729e-01	-4.295917176865542975e-01	2.362446668923045834e-01	-2.127259141452038649e-01	1.735162614233279610e-01	-6.062628128018374696e-01	1.000000000000000888e+00	-2.525278346250408035e-01	1.840060654188402367e-01	-1.482850628471087950e-01	1.655705360898036826e-01	-4.198728346690133728e-01	2.286178804099814055e-01	-1.658223787998809595e-01	1.401608104956604539e-01	-1.296917393595116708e-01	1.713665073753822266e-01	-1.641309763712437975e-01	1.281732500369681393e-01	-1.186822938378163383e-01	1.382898218666173684e-01	-1.208294621456341700e-01	9.632788652899045012e-02	-9.983544714967670930e-02	9.997776086565871023e-02	-9.432282499011297727e-02	9.690740865883711030e-02	-9.182324416239555365e-02	9.006410379498040741e-02	-6.558478915711110635e-02	7.782526850068323399e-02	-8.261882585337808338e-02	8.708225693489309027e-02	-8.586353838386216741e-02	7.911255221767037049e-02	-1.882931220813603007e-02	7.157224659430451441e-02	-6.411139602396712101e-02	2.612095730527002821e-02	-2.078581949981679958e-02	1.711171014615267896e-02	-3.511400727820002121e-02	3.695360946620196430e-02	-2.253653036312798855e-02	1.654672386104787118e-02
-2.098184117452399633e-01	2.171011475692816162e-01	-2.789409137082051737e-01	2.508888357080139020e-01	-2.389042289457016799e-01	1.652031909032700696e-01	-2.525278346250408035e-01	1.000000000000000666e+00	-5.555661812314522940e-01	2.307137440011085561e-01	-1.562421817319829820e-01	2.609026590983206662e-01	-6.018393999939209982e-01	2.270450662292042010e-01	-2.055830465175472188e-01	1.160737517626637683e-01	-1.562573686264580042e-01	1.697831119007230938e-01	-1.488529524509793756e-01	1.326169565126041061e-01	-1.322963859663337516e-01	1.119085915862992053e-01	-9.556551037559189721e-02	1.016573308574288403e-01	-1.085962673274305096e-01	8.874483872751388891e-02	-9.345780670896784714e-02	8.911423734384099626e-02	-9.203124266396421616e-02	6.791418926330995698e-02	-7.479911988795147348e-02	7.914792903910750077e-02	-8.584636601105469222e-02	8.510626743335504563e-02	-8.190743988654432262e-02	1.808087939034448005e-02	-6.992084775110497807e-02	6.217962345221653836e-02	-2.557905316972557477e-02	2.031999174322958457e-02	-1.646937383626872337e-02	3.393517590957260271e-02	-3.590523128941798536e-02	2.198358346559452919e-02	-1.617272933682704916e-02
1.797004200995059864e-01	-2.167627325659881310e-01	2.244326868974990397e-01	-4.237567282434172578e-01	2.954662715678706975e-01	-1.469181813903639999e-01	1.840060654188402367e-01	-5.555661812314522940e-01	1.000000000000000222e+00	-4.846320871118032780e-01	1.451666392148563411e-01	-2.285778946013752033e-01	2.742719453976540933e-01	-3.085716361362467186e-01	2.480032713363949926e-01	-1.103268843366129320e-01	1.415463562820741816e-01	-1.760815097296490606e-01	1.573092125799026575e-01	-1.513486915914467601e-01	1.273616487896210014e-01	-1.098247491175164542e-01	9.598884276954240680e-02	-1.068079252490413134e-01	1.146335193315497630e-01	-8.864434089237539782e-02	9.210980657889493439e-02	-9.023815122564821101e-02	9.423727403379274226e-02	-7.083488388019404391e-02	7.418638203813307519e-02	-7.924250317822427447e-02	8.639291989017360007e-02	-8.748483873691260959e-02	8.400606042989629263e-02	-1.824221451154711682e-02	7.006803468772881960e-02	-6.286107693388863493e-02	2.603547860695715199e-02	-2.072788910380919322e-02	1.658891739232804668e-02	-3.427470555512905637e-02	3.617048507436504412e-02	-2.239586965527502402e-02	1.645498201221262669e-02
-1.604010565220699569e-01	1.640637701921674740e-01	-1.764331790396549138e-01	2.744216916558930297e-01	-5.805324639662901021e-01	1.183162532666197780e-01	-1.482850628471087950e-01	2.307137440011085561e-01	-4.846320871118032780e-01	1.000000000000000666e+00	-1.335006771393419944e-01	1.732850835315093430e-01	-2.178513445246625657e-01	2.773878870148475673e-01	-4.884199190585393202e-01	9.845818521646512722e-02	-1.258251045402460633e-01	1.593610057492531595e-01	-1.598591682739008146e-01	1.638100633582793009e-01	-1.185816055363160954e-01	1.005171377988401393e-01	-9.204817253484583184e-02	1.050681937191679099e-01	-1.219528358359995568e-01	8.224571582168137274e-02	-8.651325750057266284e-02	8.537644727634398356e-02	-9.331539315623658959e-02	7.114376031627214769e-02	-6.973698618487127188e-02	7.440695961555217341e-02	-8.287707741048223886e-02	8.452810169562688380e-02	-8.437100661430907422e-02	1.720428451234640166e-02	-6.676047531346501751e-02	5.965464356709741789e-02	-2.492159133327179893e-02	1.982266023101910205e-02	-1.566636193503564631e-02	3.246080931105953249e-02	-3.437581244980494194e-02	2.137812200170437910e-02	-1.573074601249914439e-02
1.973355425672161934e-01	-1.481437099470490626e-01	1.295405458046073321e-01	-1.508211153600959309e-01	1.506657727576841133e-01	-1.548045989305244785e-01	1.655705360898036826e-01	-1.562421817319829820e-01	1.451666392148563411e-01	-1.335006771393419944e-01	1.000000000000001332e+00	-2.920136798378692999e-01	1.836225199490062188e-01	-1.848941370513523252e-01	1.523659651208636723e-01	-6.188649130275278853e-01	3.023692554087167861e-01	-2.878964495714093630e-01	1.902758837786406310e-01	-1.818008672448528651e-01	2.936016348152343247e-01	-2.460443824787701406e-01	1.750681493562389612e-01	-1.761143277062685863e-01	1.597827309116171823e-01	-2.114934768048018499e-01	1.838491491826671764e-01	-1.760931016141003558e-01	1.558538841791992091e-01	-1.117495625482176069e-01	1.552685394008988529e-01	-1.651861835092061359e-01	1.607558422033079082e-01	-1.586331598189273939e-01	1.337891971886898124e-01	-3.665758799160007131e-02	1.332676323083097636e-01	-1.227630351942129161e-01	4.888927622765978226e-02	-3.910301654869432347e-02	3.305876889771985211e-02	-6.736160375664236588e-02	6.971940083857736115e-02	-4.255003639531865223e-02	3.103756989866689187e-02
-3.024428449183440004e-01	2.203209042810810037e-01	-2.097819797902855110e-01	2.008596163353439379e-01	-2.065482719469671213e-01	2.305531432209276810e-01	-4.198728346690133728e-01	2.609026590983206662e-01	-2.285778946013752033e-01	1.732850835315093430e-01	-2.920136798378692999e-01	1.000000000000000444e+00	-5.130947978574015300e-01	2.141539874360148532e-01	-1.864720778164330184e-01	2.188633393713679820e-01	-4.106458301288933299e-01	2.329248285520789108e-01	-1.858787227714854273e-01	1.600937029338317108e-01	-2.218751041585195483e-01	1.922371657912988197e-01	-1.461723685229376068e-01	1.411894373309730277e-01	-1.415333232561096499e-01	1.381491581054063444e-01	-1.512776835769256978e-01	1.350084177549026598e-01	-1.291109573208543693e-01	9.256956922426626266e-02	-1.158770756305931710e-01	1.219785778618293209e-01	-1.272167443802449116e-01	1.218114387674055360e-01	-1.127838088565825680e-01	2.669047158641574269e-02	-1.036969092173299495e-01	9.190452927297021457e-02	-3.701145236433987795e-02	2.934370605031609222e-02	-2.431644954552416096e-02	4.995423515965690536e-02	-5.277066896716208627e-02	3.183834911840421195e-02	-2.339195686951777570e-02
2.052030660563287923e-01	-2.180380257142442713e-01	2.005218277538639016e-01	-2.354362411863315796e-01	2.079405389758104683e-01	-1.767107257586995328e-01	2.286178804099814055e-01	-6.018393999939209982e-01	2.742719453976540933e-01	-2.178513445246625657e-01	1.836225199490062188e-01	-5.130947978574015300e-01	9.999999999999994449e-01	-3.230521241044674308e-01	2.103588505586010127e-01	-1.488780124863953447e-01	2.013361398223212084e-01	-2.370230025939832064e-01	1.800164755333847899e-01	-1.570529224967150139e-01	1.574506232098421554e-01	-1.410982919723234030e-01	1.153260009478453418e-01	-1.220320046372224548e-01	1.261441402603357964e-01	-1.076049902731159857e-01	1.127521992383258842e-01	-1.082311056165483343e-01	1.080940761424198510e-01	-7.983268935975881830e-02	8.928132824349838126e-02	-9.560341977420953874e-02	1.019107618659081810e-01	-1.014673851918191788e-01	9.541001006305742382e-02	-2.151054306628408241e-02	8.265914392131216981e-02	-7.417155890633286841e-02	3.036857982626096908e-02	-2.415882593332787862e-02	1.955434101451565890e-02	-4.035336997598958086e-02	4.252210291313993085e-02	-2.614317638609060801e-02	1.919126675829939399e-02
-1.896906678759469056e-01	1.613381173645578315e-01	-1.650355089876411330e-01	2.124442331922614668e-01	-2.857400148471324619e-01	1.340190995898585258e-01	-1.658223787998809595e-01	2.270450662292042010e-01	-3.085716361362467186e-01	2.773878870148475673e-01	-1.848941370513523252e-01	2.141539874360148532e-01	-3.230521241044674308e-01	1.000000000000000666e+00	-6.561269696845549726e-01	1.351301081691034522e-01	-1.767492988905054463e-01	2.433752818570159016e-01	-3.666793881767246854e-01	2.474726847742933222e-01	-1.668920508077375575e-01	1.407691340044776585e-01	-1.350906184217650630e-01	1.564884080685890189e-01	-1.881879922662146876e-01	1.142750734704998244e-01	-1.234010578205070735e-01	1.221746965741624391e-01	-1.390423739580449736e-01	1.060580309947069533e-01	-9.851255704105872646e-02	1.051549144843721001e-01	-1.197322123437966207e-01	1.221474548109949265e-01	-1.264316375545887217e-01	2.417956002192058959e-02	-9.543922696980258746e-02	8.473932876583742391e-02	-3.562654729551185256e-02	2.828097609726685016e-02	-2.206279218827565669e-02	4.590174096607498727e-02	-4.884284334827361518e-02	3.044552586863564711e-02	-2.244109668244295697e-02
1.559561076417509684e-01	-1.526717223763338349e-01	1.463092122406208506e-01	-2.167565655409490200e-01	2.570747154851714678e-01	-1.179279531160700722e-01	1.401608104956604539e-01	-2.055830465175472188e-01	2.480032713363949926e-01	-4.884199190585393202e-01	1.523659651208636723e-01	-1.864720778164330184e-01	2.103588505586010127e-01	-6.561269696845549726e-01	1.000000000000001332e+00	-1.157925820027336516e-01	1.470730757083494600e-01	-2.195720997611403935e-01	2.376460476442594505e-01	-3.244704514908631210e-01	1.412251257713922903e-01	-1.241661886024117978e-01	1.191543236668380912e-01	-1.485532702207890410e-01	1.767805954047209083e-01	-1.015627741336950079e-01	1.073774010625776487e-01	-1.102044839960705791e-01	1.235491458356563627e-01	-9.882611088169018787e-02	8.585936747741823583e-02	-9.323499165534042399e-02	1.052562927562662037e-01	-1.114558829503533022e-01	1.120228602394723466e-01	-2.143043324163618202e-02	8.331779571220708502e-02	-7.544109368873395949e-02	3.191099387249418662e-02	-2.544988895411718494e-02	1.948093614975590984e-02	-4.071181377456218470e-02	4.301398072190973365e-02	-2.735454278277936122e-02	2.008459565714157402e-02
-1.488021318441547780e-01	1.070365567681031277e-01	-9.742393414335827340e-02	1.088969796398653739e-01	-1.135432176649142644e-01	1.099329525898719850e-01	-1.296917393595116708e-01	1.160737517626637683e-01	-1.103268843366129320e-01	9.845818521646512722e-02	-6.188649130275278853e-01	2.188633393713679820e-01	-1.488780124863953447e-01	1.351301081691034522e-01	-1.157925820027336516e-01	1.000000000000002220e+00	-5.342094962497022648e-01	2.204839720736962438e-01	-1.551323449813721556e-01	1.373965770740603887e-01	-4.415450525136559445e-01	2.419648236143656372e-01	-1.560696573128100839e-01	1.401268562062616407e-01	-1.275604901978825145e-01	1.787273950712336135e-01	-1.719409052044272301e-01	1.478262108623796534e-01	-1.256757259232901824e-01	8.818055090963483611e-02	-1.371972534027725288e-01	1.397577157666661518e-01	-1.336566378047232551e-01	1.250924519400810619e-01	-1.068457374016275330e-01	2.847909767245432322e-02	-1.086782542041306310e-01	9.783334816980318593e-02	-3.814347013346578580e-02	3.028128952504149235e-02	-2.584018428045691679e-02	5.272680014428702405e-02	-5.505075149657875921e-02	3.297392021971028847e-02	-2.407834855272059094e-02
1.808393289479350852e-01	-1.390581932533626330e-01	1.240718402386492836e-01	-1.388536255694883814e-01	1.419462213530897077e-01	-1.432511097185366344e-01	1.713665073753822266e-01	-1.562573686264580042e-01	1.415463562820741816e-01	-1.258251045402460633e-01	3.023692554087167861e-01	-4.106458301288933299e-01	2.013361398223212084e-01	-1.767492988905054463e-01	1.470730757083494600e-01	-5.342094962497022648e-01	1.000000000000002665e+00	-3.753786203996404280e-01	2.055381235839273402e-01	-1.768454370077410798e-01	2.913280002139518321e-01	-4.148980879255221299e-01	1.966900115362995027e-01	-1.768489802838117408e-01	1.578448215801984411e-01	-1.876056241494583887e-01	2.095137492734399642e-01	-1.866080141337233267e-01	1.509117649173762066e-01	-1.070789699144955309e-01	1.478019848297853212e-01	-1.663543378598052735e-01	1.573996893122767415e-01	-1.501193966782341238e-01	1.278233327577118772e-01	-3.253384053887625055e-02	1.253137341642760472e-01	-1.145891043041162433e-01	4.473207862473201762e-02	-3.554791318700641078e-02	2.945770764472789918e-02	-6.100881101906696635e-02	6.355323274867713534e-02	-3.863046698035259990e-02	2.815059296757374888e-02
-2.016394730517397926e-01	1.431526261996959593e-01	-1.381942290913258375e-01	1.583815673756842068e-01	-1.834824826430568323e-01	1.369339001593772587e-01	-1.641309763712437975e-01	1.697831119007230938e-01	-1.760815097296490606e-01	1.593610057492531595e-01	-2.878964495714093630e-01	2.329248285520789108e-01	-2.370230025939832064e-01	2.433752818570159016e-01	-2.195720997611403935e-01	2.204839720736962438e-01	-3.753786203996404280e-01	1.000000000000005107e+00	-6.173556899215386640e-01	2.727434744478814954e-01	-2.677761573932564976e-01	2.278405794385295613e-01	-2.377414184816809828e-01	2.227195822839212191e-01	-2.527717474857487101e-01	1.712164853979986912e-01	-1.991873244213736294e-01	1.911767761079909700e-01	-2.047730231104546994e-01	1.481677511426970906e-01	-1.510851656566719048e-01	1.605864152709631232e-01	-1.840536939680127992e-01	1.770832189401384815e-01	-1.828148247088582368e-01	3.566711055101326466e-02	-1.451692870667778135e-01	1.265492154687264670e-01	-5.218196754654158553e-02	4.117686651306889239e-02	-3.266080321412057064e-02	6.807035457100733822e-02	-7.293486335759957750e-02	4.443058467759296304e-02	-3.281141832001334413e-02
1.530769984532645844e-01	-1.218976521354666331e-01	1.147421417278729622e-01	-1.431490886839305865e-01	1.617935547577260824e-01	-1.102644079531672622e-01	1.281732500369681393e-01	-1.488529524509793756e-01	1.573092125799026575e-01	-1.598591682739008146e-01	1.902758837786406310e-01	-1.858787227714854273e-01	1.800164755333847899e-01	-3.666793881767246854e-01	2.376460476442594505e-01	-1.551323449813721556e-01	2.055381235839273402e-01	-6.173556899215386640e-01	1.000000000000001776e+00	-5.050257938739812769e-01	1.862487619900771163e-01	-1.743599104046798798e-01	1.782519076256621482e-01	-2.485598572930920458e-01	2.516031983012284035e-01	-1.363113619020446254e-01	1.486010622058347996e-01	-1.599253723986447662e-01	1.776608051606379801e-01	-1.418734838297908141e-01	1.154494612719548646e-01	-1.280755394969253502e-01	1.460661281111501342e-01	-1.583878662879464050e-01	1.554290471158782383e-01	-2.860777452108486524e-02	1.127069389144553374e-01	-1.031947897625141719e-01	4.386723544760009336e-02	-3.501314144092769476e-02	2.598364026113291619e-02	-5.490050687985947864e-02	5.795291129837248922e-02	-3.754001133030403226e-02	2.748071548963596650e-02
-1.468668675157608627e-01	1.125011879207107879e-01	-1.086012693160187254e-01	1.353931216328241316e-01	-1.676376176608142532e-01	1.014582451789170781e-01	-1.186822938378163383e-01	1.326169565126041061e-01	-1.513486915914467601e-01	1.638100633582793009e-01	-1.818008672448528651e-01	1.600937029338317108e-01	-1.570529224967150139e-01	2.474726847742933222e-01	-3.244704514908631210e-01	1.373965770740603887e-01	-1.768454370077410798e-01	2.727434744478814954e-01	-5.050257938739812769e-01	1.000000000000004219e+00	-1.857459938352229167e-01	1.647744917140634702e-01	-1.927690974364650034e-01	2.604036869860343328e-01	-5.869507496635825161e-01	1.343093898416189147e-01	-1.528153485420438717e-01	1.623037508820611152e-01	-2.262151144577803363e-01	1.956791615068627366e-01	-1.190754813387265298e-01	1.311927622501752599e-01	-1.623749515005576960e-01	1.777727973504356629e-01	-2.226982683849238753e-01	2.972176045359168142e-02	-1.217455868178915490e-01	1.091254027491730116e-01	-4.808248532696599714e-02	3.818067866562597362e-02	-2.713542735475923257e-02	5.779595704566029002e-02	-6.190283483537218495e-02	4.057885924925502819e-02	-2.999616185834032972e-02
1.700821221913853265e-01	-1.242532483432776530e-01	1.112192046507226445e-01	-1.297412049666675227e-01	1.341661513911756309e-01	-1.248317586413949243e-01	1.382898218666173684e-01	-1.322963859663337516e-01	1.273616487896210014e-01	-1.185816055363160954e-01	2.936016348152343247e-01	-2.218751041585195483e-01	1.574506232098421554e-01	-1.668920508077375575e-01	1.412251257713922903e-01	-4.415450525136559445e-01	2.913280002139518321e-01	-2.677761573932564976e-01	1.862487619900771163e-01	-1.857459938352229167e-01	1.000000000000002442e+00	-4.579899566624923146e-01	2.258863904135408329e-01	-2.082716779116732253e-01	1.726575254055803810e-01	-4.205216890655743556e-01	2.580879795341421423e-01	-2.346742075022877350e-01	1.792398652536508485e-01	-1.256266445284703603e-01	2.372364228587858503e-01	-2.416482114987551499e-01	2.030775304349759780e-01	-1.928118304939995531e-01	1.496369746952644908e-01	-4.503291176297771758e-02	1.651527914568717559e-01	-1.542586684949895925e-01	5.831614742266188339e-02	-4.650839392002866640e-02	4.053593664314593392e-02	-8.227532208975826822e-02	8.424286383849680093e-02	-5.077747899083284722e-02	3.675070995703012822e-02
-1.444991468096821496e-01	1.026267458776412428e-01	-9.462549877513848351e-02	1.073986704095470646e-01	-1.154515358378406936e-01	1.027989627301226644e-01	-1.208294621456341700e-01	1.119085915862992053e-01	-1.098247491175164542e-01	1.005171377988401393e-01	-2.460443824787701406e-01	1.922371657912988197e-01	-1.410982919723234030e-01	1.407691340044776585e-01	-1.241661886024117978e-01	2.419648236143656372e-01	-4.148980879255221299e-01	2.278405794385295613e-01	-1.743599104046798798e-01	1.647744917140634702e-01	-4.579899566624923146e-01	1.000000000000004219e+00	-4.018461797203874419e-01	2.134039645289092513e-01	-1.750675965697532366e-01	2.293246204384592757e-01	-5.082977332505806967e-01	2.793912239905410044e-01	-1.844663011168054256e-01	1.220891428335720563e-01	-2.087701483264318147e-01	2.388543559639278446e-01	-2.164744590350406728e-01	1.802939323752633383e-01	-1.477887330123088538e-01	3.911685034278040290e-02	-1.634236456971267237e-01	1.445370076524247482e-01	-5.344813469505031028e-02	4.196121804313993064e-02	-3.562571895780005521e-02	7.443791302885492678e-02	-7.813756088258552723e-02	4.577423777935298727e-02	-3.329924678545360256e-02
1.191823234524677366e-01	-8.692276649241019448e-02	7.991026242940370283e-02	-9.425204367652030568e-02	1.023095057359202226e-01	-8.462837909657275337e-02	9.632788652899045012e-02	-9.556551037559189721e-02	9.598884276954240680e-02	-9.204817253484583184e-02	1.750681493562389612e-01	-1.461723685229376068e-01	1.153260009478453418e-01	-1.350906184217650630e-01	1.191543236668380912e-01	-1.560696573128100839e-01	1.966900115362995027e-01	-2.377414184816809828e-01	1.782519076256621482e-01	-1.927690974364650034e-01	2.258863904135408329e-01	-4.018461797203874419e-01	1.000000000000003775e+00	-4.533707302039030607e-01	2.150286118931338808e-01	-1.850643670415167696e-01	2.728111741309589000e-01	-6.253231621562470588e-01	2.247868043218164413e-01	-1.481299585889791492e-01	1.597389292504907132e-01	-2.044338602124435300e-01	2.344566667963751128e-01	-2.187242967353163203e-01	1.641308883169551869e-01	-3.654486905736146346e-02	1.524427548592073578e-01	-1.486767555005878150e-01	5.670989919780356631e-02	-4.474693511286408770e-02	3.306248240300663915e-02	-7.242740111097169253e-02	7.593036665276498010e-02	-4.833574331730332990e-02	3.480958287394245176e-02
-1.260607954979040268e-01	9.124920245054223000e-02	-8.559664345684181441e-02	1.021136914072785229e-01	-1.163197976192335281e-01	8.705947036321945443e-02	-9.983544714967670930e-02	1.016573308574288403e-01	-1.068079252490413134e-01	1.050681937191679099e-01	-1.761143277062685863e-01	1.411894373309730277e-01	-1.220320046372224548e-01	1.564884080685890189e-01	-1.485532702207890410e-01	1.401268562062616407e-01	-1.768489802838117408e-01	2.227195822839212191e-01	-2.485598572930920458e-01	2.604036869860343328e-01	-2.082716779116732253e-01	2.134039645289092513e-01	-4.533707302039030607e-01	1.000000000000006439e+00	-5.095699858244253644e-01	1.591131601780342020e-01	-2.040201992857435531e-01	2.502978314179120090e-01	-4.816241784448822560e-01	2.371741064916935426e-01	-1.446966530140075813e-01	1.673350024328798258e-01	-2.238119290418493224e-01	2.510715031429189836e-01	-2.507400936411788850e-01	3.543818190485901326e-02	-1.508996881332457796e-01	1.381562710833405261e-01	-6.127618853109233904e-02	4.814589065634076320e-02	-3.231144496162810520e-02	7.051476324134867135e-02	-7.569234803746643925e-02	5.119001700188594017e-02	-3.743256042358288072e-02
1.237029181510397036e-01	-9.531798824887724453e-02	8.857260781174111641e-02	-1.102013214175719680e-01	1.231941402906362032e-01	-8.780146488390054571e-02	9.997776086565871023e-02	-1.085962673274305096e-01	1.146335193315497630e-01	-1.219528358359995568e-01	1.597827309116171823e-01	-1.415333232561096499e-01	1.261441402603357964e-01	-1.881879922662146876e-01	1.767805954047209083e-01	-1.275604901978825145e-01	1.578448215801984411e-01	-2.527717474857487101e-01	2.516031983012284035e-01	-5.869507496635825161e-01	1.726575254055803810e-01	-1.750675965697532366e-01	2.150286118931338808e-01	-5.095699858244253644e-01	1.000000000000003775e+00	-1.402043020068537427e-01	1.562648641864969046e-01	-1.926264341251625878e-01	2.654790432594362759e-01	-3.543365631040749086e-01	1.196405923961829654e-01	-1.397663882677183389e-01	1.707730720432457938e-01	-2.208708142692156762e-01	2.463670906189486809e-01	-3.079704179598273875e-02	1.227416014785642773e-01	-1.174762788857559304e-01	5.343428697847055209e-02	-4.300950194108713043e-02	2.785929720218722691e-02	-6.058073105578336282e-02	6.370527761390726296e-02	-4.537044030821352214e-02	3.304071796298024138e-02
-1.210293470947921418e-01	8.313307655173649002e-02	-7.666239437858067551e-02	8.797546288111596224e-02	-9.546215871030412636e-02	8.329863116692617919e-02	-9.432282499011297727e-02	8.874483872751388891e-02	-8.864434089237539782e-02	8.224571582168137274e-02	-2.114934768048018499e-01	1.381491581054063444e-01	-1.076049902731159857e-01	1.142750734704998244e-01	-1.015627741336950079e-01	1.787273950712336135e-01	-1.876056241494583887e-01	1.712164853979986912e-01	-1.363113619020446254e-01	1.343093898416189147e-01	-4.205216890655743556e-01	2.293246204384592757e-01	-1.850643670415167696e-01	1.591131601780342020e-01	-1.402043020068537427e-01	1.000000000000002887e+00	-2.894044144135290431e-01	1.963080813952623738e-01	-1.655146402257364480e-01	1.082447605377469396e-01	-7.067190112416569248e-01	2.892886223667875401e-01	-2.305956405988457691e-01	1.719632334746306890e-01	-1.378917611950688515e-01	5.322573854773084145e-02	-1.966152510009678278e-01	1.590636735041211502e-01	-5.577004462423112985e-02	4.332847198748459444e-02	-4.964299537319238897e-02	8.550049264338145660e-02	-9.075710974919642959e-02	4.789100435922689220e-02	-3.500977738388504068e-02
1.197354272561447636e-01	-8.638342338068018267e-02	7.874173136516701699e-02	-9.172686527562101677e-02	9.782699113928240708e-02	-8.563249217273771752e-02	9.690740865883711030e-02	-9.345780670896784714e-02	9.210980657889493439e-02	-8.651325750057266284e-02	1.838491491826671764e-01	-1.512776835769256978e-01	1.127521992383258842e-01	-1.234010578205070735e-01	1.073774010625776487e-01	-1.719409052044272301e-01	2.095137492734399642e-01	-1.991873244213736294e-01	1.486010622058347996e-01	-1.528153485420438717e-01	2.580879795341421423e-01	-5.082977332505806967e-01	2.728111741309589000e-01	-2.040201992857435531e-01	1.562648641864969046e-01	-2.894044144135290431e-01	1.000000000000002220e+00	-4.548480288788964154e-01	1.781070464294600142e-01	-1.189050984142570044e-01	2.465837645406703249e-01	-5.115743630740255954e-01	2.584573462150289158e-01	-2.043263508627025105e-01	1.428556508619671095e-01	-4.477961177112967095e-02	1.894790549396092594e-01	-1.801390497058660278e-01	5.955932898674046183e-02	-4.680853517194383251e-02	4.027879999203545780e-02	-8.737668503293860578e-02	8.861757844768071435e-02	-5.133800120700385966e-02	3.679015302909862534e-02
-1.157018800486508125e-01	8.184216865230740934e-02	-7.582345520223313096e-02	8.831651878943169720e-02	-9.712138220512125941e-02	8.037456863052995504e-02	-9.182324416239555365e-02	8.911423734384099626e-02	-9.023815122564821101e-02	8.537644727634398356e-02	-1.760931016141003558e-01	1.350084177549026598e-01	-1.082311056165483343e-01	1.221746965741624391e-01	-1.102044839960705791e-01	1.478262108623796534e-01	-1.866080141337233267e-01	1.911767761079909700e-01	-1.599253723986447662e-01	1.623037508820611152e-01	-2.346742075022877350e-01	2.793912239905410044e-01	-6.253231621562470588e-01	2.502978314179120090e-01	-1.926264341251625878e-01	1.963080813952623738e-01	-4.548480288788964154e-01	1.000000000000001110e+00	-2.302743726521407630e-01	1.408239654546133701e-01	-1.926147546960388646e-01	2.476878833990575068e-01	-3.939949207315468493e-01	2.255456375404524261e-01	-1.730394199801846278e-01	4.157064672523134996e-02	-1.935483051572503554e-01	1.780359494736312720e-01	-6.286865459789971189e-02	4.847379179840786284e-02	-3.796994978541256421e-02	8.426600595441104125e-02	-9.097772760161704220e-02	5.283458624289400635e-02	-3.832283310374169638e-02
1.139334930912002247e-01	-8.387077176263167677e-02	7.712253599360041623e-02	-9.305085055653528059e-02	1.015424343562878334e-01	-8.012868013042816207e-02	9.006410379498040741e-02	-9.203124266396421616e-02	9.423727403379274226e-02	-9.331539315623658959e-02	1.558538841791992091e-01	-1.291109573208543693e-01	1.080940761424198510e-01	-1.390423739580449736e-01	1.235491458356563627e-01	-1.256757259232901824e-01	1.509117649173762066e-01	-2.047730231104546994e-01	1.776608051606379801e-01	-2.262151144577803363e-01	1.792398652536508485e-01	-1.844663011168054256e-01	2.247868043218164413e-01	-4.816241784448822560e-01	2.654790432594362759e-01	-1.655146402257364480e-01	1.781070464294600142e-01	-2.302743726521407630e-01	1.000000000000001554e+00	-4.459251673892659085e-01	1.415784112265272010e-01	-1.779591850543210674e-01	2.436740408387536305e-01	-5.408738142479200262e-01	2.999041096949715546e-01	-3.821900594060043815e-02	1.541448672840443901e-01	-1.594892668375852973e-01	8.365120958112937100e-02	-6.667544378077401579e-02	3.438639690990877296e-02	-7.795107791410121889e-02	8.156437163635532617e-02	-6.980203545539281906e-02	4.899563197910279666e-02
-8.295128035956379764e-02	6.125401341449052822e-02	-5.683664997251130363e-02	6.890606870547316687e-02	-7.686567206070051006e-02	5.794412704674691689e-02	-6.558478915711110635e-02	6.791418926330995698e-02	-7.083488388019404391e-02	7.114376031627214769e-02	-1.117495625482176069e-01	9.256956922426626266e-02	-7.983268935975881830e-02	1.060580309947069533e-01	-9.882611088169018787e-02	8.818055090963483611e-02	-1.070789699144955309e-01	1.481677511426970906e-01	-1.418734838297908141e-01	1.956791615068627366e-01	-1.256266445284703603e-01	1.220891428335720563e-01	-1.481299585889791492e-01	2.371741064916935426e-01	-3.543365631040749086e-01	1.082447605377469396e-01	-1.189050984142570044e-01	1.408239654546133701e-01	-4.459251673892659085e-01	1.000000000000005107e+00	-9.509047904548241503e-02	1.137697663965562267e-01	-1.595882176453493617e-01	2.584400648498010322e-01	-7.486368093512494326e-01	2.540331670923920426e-02	-1.040193209054435242e-01	1.017381064405509794e-01	-5.462882475945875227e-02	4.468535449684002403e-02	-2.298429448697186100e-02	5.135455020396190867e-02	-5.448141298874248362e-02	4.461930762187032301e-02	-3.358691292546314711e-02
9.895826313759524540e-02	-7.003346476488547800e-02	6.385214406818941202e-02	-7.448312800264857148e-02	7.948500073383313325e-02	-6.958239688942731427e-02	7.782526850068323399e-02	-7.479911988795147348e-02	7.418638203813307519e-02	-6.973698618487127188e-02	1.552685394008988529e-01	-1.158770756305931710e-01	8.928132824349838126e-02	-9.851255704105872646e-02	8.585936747741823583e-02	-1.371972534027725288e-01	1.478019848297853212e-01	-1.510851656566719048e-01	1.154494612719548646e-01	-1.190754813387265298e-01	2.372364228587858503e-01	-2.087701483264318147e-01	1.597389292504907132e-01	-1.446966530140075813e-01	1.196405923961829654e-01	-7.067190112416569248e-01	2.465837645406703249e-01	-1.926147546960388646e-01	1.415784112265272010e-01	-9.509047904548241503e-02	1.000000000000004663e+00	-5.278736797459164798e-01	2.142838540164918038e-01	-1.714930317064887466e-01	1.168338485641222807e-01	-5.711711235644666845e-02	1.776314802404936055e-01	-1.632827973564102697e-01	5.284687910104186870e-02	-4.151658044286907906e-02	5.042389095178930608e-02	-8.403299269255118387e-02	8.432924660641638592e-02	-4.593294302755326214e-02	3.293814437547849805e-02
-1.047903878375996828e-01	7.355378633029947821e-02	-6.770016055475658323e-02	7.854301970290292201e-02	-8.513045299232954721e-02	7.289049621000125156e-02	-8.261882585337808338e-02	7.914792903910750077e-02	-7.924250317822427447e-02	7.440695961555217341e-02	-1.651861835092061359e-01	1.219785778618293209e-01	-9.560341977420953874e-02	1.051549144843721001e-01	-9.323499165534042399e-02	1.397577157666661518e-01	-1.663543378598052735e-01	1.605864152709631232e-01	-1.280755394969253502e-01	1.311927622501752599e-01	-2.416482114987551499e-01	2.388543559639278446e-01	-2.044338602124435300e-01	1.673350024328798258e-01	-1.397663882677183389e-01	2.892886223667875401e-01	-5.115743630740255954e-01	2.476878833990575068e-01	-1.779591850543210674e-01	1.137697663965562267e-01	-5.278736797459164798e-01	1.000000000000004663e+00	-4.069024840511906160e-01	2.103030823043681996e-01	-1.447020713911251755e-01	5.341710165705707003e-02	-2.996527945310047958e-01	2.200563505251583452e-01	-6.552219097184430741e-02	5.032223851378083562e-02	-4.873662993229744417e-02	1.047664344270707731e-01	-1.074691797141099359e-01	5.580271677341662462e-02	-4.007419188156087497e-02
1.107023815441552511e-01	-7.947918001205310501e-02	7.280103582318007971e-02	-8.609338341039163289e-02	9.289678742629722819e-02	-7.761136661409578918e-02	8.708225693489309027e-02	-8.584636601105469222e-02	8.639291989017360007e-02	-8.287707741048223886e-02	1.607558422033079082e-01	-1.272167443802449116e-01	1.019107618659081810e-01	-1.197322123437966207e-01	1.052562927562662037e-01	-1.336566378047232551e-01	1.573996893122767415e-01	-1.840536939680127992e-01	1.460661281111501342e-01	-1.623749515005576960e-01	2.030775304349759780e-01	-2.164744590350406728e-01	2.344566667963751128e-01	-2.238119290418493224e-01	1.707730720432457938e-01	-2.305956405988457691e-01	2.584573462150289158e-01	-3.939949207315468493e-01	2.436740408387536305e-01	-1.595882176453493617e-01	2.142838540164918038e-01	-4.069024840511906160e-01	1.000000000000002442e+00	-5.138351962300256037e-01	1.951614288414465492e-01	-5.618425152997898187e-02	2.667117254834961426e-01	-4.022282239568312212e-01	9.806911139813563605e-02	-7.478434583008392034e-02	5.048313352155057998e-02	-1.248894536055886462e-01	1.319696070039608482e-01	-8.158452112818348478e-02	5.665692804714886344e-02
-1.101991114928004833e-01	7.817892535962049638e-02	-7.255353889351208452e-02	8.574338812893320116e-02	-9.511617203367567219e-02	7.585701725783917937e-02	-8.586353838386216741e-02	8.510626743335504563e-02	-8.748483873691260959e-02	8.452810169562688380e-02	-1.586331598189273939e-01	1.218114387674055360e-01	-1.014673851918191788e-01	1.221474548109949265e-01	-1.114558829503533022e-01	1.250924519400810619e-01	-1.501193966782341238e-01	1.770832189401384815e-01	-1.583878662879464050e-01	1.777727973504356629e-01	-1.928118304939995531e-01	1.802939323752633383e-01	-2.187242967353163203e-01	2.510715031429189836e-01	-2.208708142692156762e-01	1.719632334746306890e-01	-2.043263508627025105e-01	2.255456375404524261e-01	-5.408738142479200262e-01	2.584400648498010322e-01	-1.714930317064887466e-01	2.103030823043681996e-01	-5.138351962300256037e-01	1.000000000000002442e+00	-4.043515947925458431e-01	4.519919146222063644e-02	-2.100705362214494998e-01	2.017512209698311965e-01	-1.326519963512963751e-01	8.952898389233614196e-02	-4.129417213252546681e-02	9.592892183858869881e-02	-1.063592246362395910e-01	9.382868296659106766e-02	-6.690031854186390126e-02
