1.000000000000000000e+00	-4.627644579800822555e-01	2.148631273733599412e-01	-1.506938973059694931e-01	1.351538116048838223e-01	-5.967247989032606892e-01	2.966693345667891779e-01	-2.114471240313383626e-01	1.708314806102477490e-01	-1.355373366914037758e-01	2.913572213564279978e-01	-2.509436528508924291e-01	2.138892087867513281e-01	-1.694613793346887998e-01	1.655655032414609096e-01	-3.804972647179255540e-01	1.768267814918075553e-01	-2.026492208709501919e-01	1.478896952974639856e-01	-1.389749803447051513e-01	2.192455992959159716e-01	-2.034469275007733946e-01	1.596726877026485580e-01	-1.275177566067847990e-01	1.635304653134005415e-01	-9.699904676509693568e-02	1.194844520730564408e-01	-1.150048362287065112e-01	1.235511636287024706e-01	-1.946811554017258417e-01	1.157869396383745947e-01	-1.087526723774046994e-01	9.396979092536500433e-02	-1.156169613056253626e-01	1.118253906237020867e-01	-8.646795410642112156e-02	7.605062712304280770e-02	-9.800265076034514466e-02	8.631651782152773011e-02	-7.255424638192575770e-02	9.826473398124420389e-02	-7.143568335674629899e-02	7.523303067752051820e-02	-1.013971692059820878e-01	1.258166200886596253e-01
-4.627644579800822555e-01	1.000000000000000000e+00	-4.223818392885201889e-01	2.108491190230429302e-01	-1.886241077865780102e-01	2.719391745714687114e-01	-6.094379277305896903e-01	2.723293631958240701e-01	-2.357149258013106208e-01	1.687746147017764875e-01	-2.249678353978223633e-01	2.238397449494722580e-01	-2.495011969879122882e-01	1.843536720696587472e-01	-1.873001862413680163e-01	2.304307811287744923e-01	-1.538341961036197025e-01	1.815694413557320808e-01	-1.543154581661799196e-01	1.402639576117200582e-01	-1.749251059134762643e-01	1.651685400167736961e-01	-1.471423116613135018e-01	1.152831238542901121e-01	-1.556634804837435937e-01	7.669079909144455032e-02	-9.565958973784846608e-02	9.037349140927647406e-02	-1.014547251653061810e-01	1.454157071589421701e-01	-9.217895553980123835e-02	8.476402591926932018e-02	-7.420055526463745221e-02	9.179399701378998522e-02	-8.655162504895119735e-02	6.719541748244355073e-02	-5.949412277017714773e-02	7.614750038265795384e-02	-6.763133306026565539e-02	5.618151190332180273e-02	-7.726306158696716331e-02	5.562289295424803492e-02	-5.893550656900163609e-02	7.850782158382414722e-02	-9.729331518790587663e-02
2.148631273733599412e-01	-4.223818392885201889e-01	1.000000000000000222e+00	-5.842351342125813307e-01	2.502874164408305790e-01	-1.899061951355028310e-01	2.627909751368458502e-01	-4.188717386816604438e-01	2.969440066454275828e-01	-2.603720520992755527e-01	1.725154122886421171e-01	-2.150912953531990135e-01	2.437047733611993061e-01	-2.290801260164071207e-01	1.961541947583648193e-01	-2.173886419056829944e-01	1.439351468325031913e-01	-1.991719105100631382e-01	1.634352833899478941e-01	-1.561041275489300495e-01	1.569091697535420771e-01	-1.659298577065424218e-01	1.435160566161126361e-01	-1.168003269934966143e-01	1.506392088475668467e-01	-7.178273766436159276e-02	9.001249114900830572e-02	-8.780696978130600461e-02	9.951724183311706773e-02	-1.480242990178712859e-01	8.605206907425250185e-02	-8.190152527169841656e-02	7.180062036154792604e-02	-9.093256476580212355e-02	8.348823798346528824e-02	-6.462537229129107497e-02	5.716079509836613504e-02	-7.406088828960684378e-02	6.608720146675717277e-02	-5.443749803096856188e-02	7.359827527158165072e-02	-5.366767784545053988e-02	5.676753746457000732e-02	-7.739957862952305534e-02	9.362189499051441766e-02
-1.506938973059694931e-01	2.108491190230429302e-01	-5.842351342125813307e-01	1.000000000000000888e+00	-4.890930352049713825e-01	1.272296108985125906e-01	-1.849682601345535859e-01	2.460194284520270669e-01	-5.020022520333105032e-01	2.907847690731247825e-01	-1.221154196817453297e-01	1.475268077554465762e-01	-1.902929203506071032e-01	2.079198595050533727e-01	-1.951263036147703467e-01	1.463760835002575478e-01	-1.033311258237799291e-01	1.489511560068450258e-01	-1.470492168766779906e-01	1.344547211417973231e-01	-1.126901575492100238e-01	1.159443537059681589e-01	-1.114126358301060910e-01	9.115452011058110260e-02	-1.219894960194560229e-01	5.150894742689764855e-02	-6.485151608270743606e-02	6.323610664624347566e-02	-7.390493347114844569e-02	1.055673016901481354e-01	-6.199231913153276791e-02	5.876682912654485058e-02	-5.191097196795187857e-02	6.635956116561736451e-02	-6.013386676568631406e-02	4.631982207537596596e-02	-4.109223409382285058e-02	5.320951929554675053e-02	-4.784433616800957967e-02	3.921927806741560413e-02	-5.300106599044313027e-02	3.853874618741784386e-02	-4.088406977627160460e-02	5.577714800115893268e-02	-6.739630445998365249e-02
1.351538116048838223e-01	-1.886241077865780102e-01	2.502874164408305790e-01	-4.890930352049713825e-01	1.000000000000001332e+00	-1.190144939320717521e-01	1.542733589742972256e-01	-2.048879916393283040e-01	2.914136286382047469e-01	-7.340619126690031138e-01	1.145189191157963693e-01	-1.404543533549278134e-01	1.626541634150179549e-01	-2.078368406519596756e-01	2.061898920677307789e-01	-1.471642474916988186e-01	1.002206187879571692e-01	-1.529345970417534673e-01	1.422073258590152156e-01	-1.497873043349878530e-01	1.117789232870465138e-01	-1.159277664276885250e-01	1.104884179668503413e-01	-9.320802518027199168e-02	1.221006844214353598e-01	-5.174682304064127936e-02	6.516917767915116066e-02	-6.434619260487073333e-02	7.525863004817934243e-02	-1.098397104863798740e-01	6.232233389582526178e-02	-5.978017745097913282e-02	5.279758896016450986e-02	-6.807407529240662447e-02	6.132233251161602061e-02	-4.708484894199002624e-02	4.174710739167859785e-02	-5.430143534780965120e-02	4.891444796244272947e-02	-4.004662897629938240e-02	5.372476199762146742e-02	-3.922548722293040663e-02	4.158372347778694494e-02	-5.725114523515889564e-02	6.868035001416837593e-02
-5.967247989032606892e-01	2.719391745714687114e-01	-1.899061951355028310e-01	1.272296108985125906e-01	-1.190144939320717521e-01	1.000000000000001554e+00	-4.051586602412933780e-01	1.978080848877095121e-01	-1.552478587105924068e-01	1.151220554363696774e-01	-5.532973127852248707e-01	2.454933229054597765e-01	-2.178403214953497091e-01	1.443577130748281423e-01	-1.450250305307426990e-01	2.803614987831061223e-01	-1.619326576225183778e-01	1.619844312776061168e-01	-1.264005026738009574e-01	1.151905749341682744e-01	-1.839906552615126756e-01	1.664883122498737322e-01	-1.337543025509385641e-01	1.031835603571324006e-01	-1.366726690962423163e-01	7.729233322144786478e-02	-9.518954866975878892e-02	8.797774163521961122e-02	-9.495297411172917701e-02	1.378028939444868595e-01	-9.193998162876830527e-02	8.292583930718361307e-02	-7.191084580648933466e-02	8.692911923149261588e-02	-8.272751723877341812e-02	6.578239636656692257e-02	-5.807240760911243360e-02	7.380555779727253352e-02	-6.456603579303112073e-02	5.369559015825365461e-02	-7.531691665865070107e-02	5.415160939185107575e-02	-5.720094016756924887e-02	7.498663939586411309e-02	-9.307555666807043604e-02
2.966693345667891779e-01	-6.094379277305896903e-01	2.627909751368458502e-01	-1.849682601345535859e-01	1.542733589742972256e-01	-4.051586602412933780e-01	1.000000000000001554e+00	-4.307512564927080123e-01	2.127634761182930212e-01	-1.587479416988566983e-01	2.464157183640329762e-01	-3.118473939496803626e-01	2.657682208504186239e-01	-1.869119608676161615e-01	1.702880456536897957e-01	-2.586809795478499097e-01	1.720591702915386101e-01	-1.922157205835954563e-01	1.485364674993878975e-01	-1.370214982519169233e-01	1.731177188023996227e-01	-1.900278367663802703e-01	1.460224556243547023e-01	-1.146861170790537537e-01	1.485634763871300501e-01	-7.709964031523627859e-02	9.617405356744611333e-02	-9.142338575989442107e-02	1.007897771016398186e-01	-1.478953385733403625e-01	9.164882836074590700e-02	-8.548736067854127707e-02	7.448756160314158603e-02	-9.221331037632218841e-02	8.573065672067495258e-02	-6.748397308058862176e-02	5.961578960713917463e-02	-7.659491261106875226e-02	6.759396911682898079e-02	-5.581646786115061765e-02	7.684534816245887356e-02	-5.578763399724612215e-02	5.893603484691926908e-02	-7.887829896612533198e-02	9.626566243260600841e-02
-2.114471240313383626e-01	2.723293631958240701e-01	-4.188717386816604438e-01	2.460194284520270669e-01	-2.048879916393283040e-01	1.978080848877095121e-01	-4.307512564927080123e-01	1.000000000000001110e+00	-4.172044459613223344e-01	2.021442596951073256e-01	-1.943253183652473848e-01	2.523052957879157732e-01	-5.526825954413966402e-01	2.332382974447597679e-01	-2.028019933311167033e-01	2.011344023798510572e-01	-1.578399275436148663e-01	1.944889463035037458e-01	-1.715363378212815537e-01	1.499208154121055292e-01	-1.520039815249924486e-01	1.648447770354979358e-01	-1.454189873532411303e-01	1.136547194807877581e-01	-1.506947270372892000e-01	6.825383657495655287e-02	-8.587661947465335954e-02	8.198342030744153186e-02	-9.381705594288804184e-02	1.324836085037729427e-01	-8.157448047832432936e-02	7.621868785919749811e-02	-6.704945015883856385e-02	8.426919256329222507e-02	-7.676796697677712444e-02	6.003901238973084059e-02	-5.322430846049084480e-02	6.849819248200039734e-02	-6.104938437199066564e-02	5.004169815828476281e-02	-6.863844664453454258e-02	4.978346563854969126e-02	-5.276061146653871631e-02	7.098934841902006243e-02	-8.609965421760350235e-02
1.708314806102477490e-01	-2.357149258013106208e-01	2.969440066454275828e-01	-5.020022520333105032e-01	2.914136286382047469e-01	-1.552478587105924068e-01	2.127634761182930212e-01	-4.172044459613223344e-01	1.000000000000002220e+00	-4.416534771905923362e-01	1.492560722214885671e-01	-1.919201076786950233e-01	2.446166078021436152e-01	-4.119804843746120437e-01	2.471911935903691460e-01	-1.840336922463864655e-01	1.310146162977025297e-01	-2.002041217683808161e-01	1.996640575243525395e-01	-1.829629342652272506e-01	1.392218280791450158e-01	-1.486380316900063059e-01	1.414903746646056504e-01	-1.177313781707512996e-01	1.536425802977046673e-01	-6.420867731887516805e-02	8.094367076554608020e-02	-7.946784881974741643e-02	9.320305702755637967e-02	-1.335396161988286479e-01	7.714468318553469040e-02	-7.367216992388550545e-02	6.513778574959126766e-02	-8.383766925122533575e-02	7.512707747585313511e-02	-5.795437250064348206e-02	5.141655791601030395e-02	-6.675934901986167735e-02	6.009067034144816022e-02	-4.907355832291615538e-02	6.614465223551033168e-02	-4.825163715437429807e-02	5.117493151206886637e-02	-7.018331511950484658e-02	8.413827781300707576e-02
-1.355373366914037758e-01	1.687746147017764875e-01	-2.603720520992755527e-01	2.907847690731247825e-01	-7.340619126690031138e-01	1.151220554363696774e-01	-1.587479416988566983e-01	2.021442596951073256e-01	-4.416534771905923362e-01	1.000000000000001332e+00	-1.139191408436969893e-01	1.369808022518178847e-01	-1.752903235215976518e-01	2.248083302752317547e-01	-3.084600061340347366e-01	1.386593664929314240e-01	-9.968376112470879458e-02	1.532045458299430007e-01	-1.627702837359908949e-01	1.646295446749026503e-01	-1.104248177752615995e-01	1.124057424890085588e-01	-1.156734750617043894e-01	9.703783552339714791e-02	-1.329583219944464323e-01	5.090492001882572504e-02	-6.428624866451103370e-02	6.322615301975484381e-02	-7.571666073365626581e-02	1.063616648230561595e-01	-6.145330031420155603e-02	5.857246892428900203e-02	-5.203670413918131538e-02	6.739278408147458821e-02	-6.020991657953375653e-02	4.610012088195737656e-02	-4.097379865774167240e-02	5.319982717649072296e-02	-4.817887686566820621e-02	3.931114218775255686e-02	-5.282840715810444010e-02	3.844434043784226984e-02	-4.085498241742396841e-02	5.611700720223580796e-02	-6.742093977630207735e-02
2.913572213564279978e-01	-2.249678353978223633e-01	1.725154122886421171e-01	-1.221154196817453297e-01	1.145189191157963693e-01	-5.532973127852248707e-01	2.464157183640329762e-01	-1.943253183652473848e-01	1.492560722214885671e-01	-1.139191408436969893e-01	1.000000000000000888e+00	-4.539649897281993196e-01	2.337539721486060762e-01	-1.535273781613407940e-01	1.490487503101375344e-01	-5.282072592892227414e-01	2.138734843851510248e-01	-1.861586986187466208e-01	1.348895042790689003e-01	-1.232097710142154717e-01	2.109923263638550650e-01	-2.224634724830828747e-01	1.496724673178212450e-01	-1.144618415311334375e-01	1.474152941026233288e-01	-8.855600711606827213e-02	1.081284360852117071e-01	-9.962747496646449930e-02	1.048910472924665938e-01	-1.528142349932672672e-01	1.031954709963633504e-01	-9.361005062395749698e-02	8.064757086680938991e-02	-9.679111690459610284e-02	9.052496105769396173e-02	-7.387525618598797528e-02	6.503879698895577433e-02	-8.266510628061303489e-02	7.150672756373441241e-02	-5.894657353364440855e-02	8.366181857144029677e-02	-6.058555253150448711e-02	6.378586160059926402e-02	-8.327381589788337979e-02	1.017493307258586499e-01
-2.509436528508924291e-01	2.238397449494722580e-01	-2.150912953531990135e-01	1.475268077554465762e-01	-1.404543533549278134e-01	2.454933229054597765e-01	-3.118473939496803626e-01	2.523052957879157732e-01	-1.919201076786950233e-01	1.369808022518178847e-01	-4.539649897281993196e-01	9.999999999999993339e-01	-5.164498679804652159e-01	1.933443899626640372e-01	-1.870820980650770016e-01	2.775311057161364281e-01	-4.418465029986055614e-01	2.213618847157074743e-01	-1.696871647160776153e-01	1.470415827435741229e-01	-2.084615207378693880e-01	2.714883181706295723e-01	-1.843963799240970480e-01	1.326761727541190261e-01	-1.743525244402054086e-01	9.011999015341873309e-02	-1.143846339811687013e-01	1.027602480792396689e-01	-1.122525774241872748e-01	1.528592719376480613e-01	-1.056225255355153353e-01	9.533969814223933192e-02	-8.322490090537640328e-02	1.006487588269928957e-01	-9.165781196444970635e-02	7.476717800380891510e-02	-6.624302708821512564e-02	8.402062592960798937e-02	-7.332961419242557677e-02	5.976393944530700164e-02	-8.516883333951502655e-02	6.150540401054451628e-02	-6.505763198649916479e-02	8.471214021865733357e-02	-1.028834572457872770e-01
2.138892087867513281e-01	-2.495011969879122882e-01	2.437047733611993061e-01	-1.902929203506071032e-01	1.626541634150179549e-01	-2.178403214953497091e-01	2.657682208504186239e-01	-5.526825954413966402e-01	2.446166078021436152e-01	-1.752903235215976518e-01	2.337539721486060762e-01	-5.164498679804652159e-01	1.000000000000004885e+00	-3.154903238661348475e-01	2.136919258510303621e-01	-2.577228802241390282e-01	2.203621217732756876e-01	-2.835454048008799188e-01	1.999088564714467664e-01	-1.753361174987638216e-01	1.820799442832248816e-01	-2.383381281592304168e-01	1.811038941763560284e-01	-1.392429109163383638e-01	1.766870609421461458e-01	-8.316564841985409073e-02	1.049473328282776868e-01	-1.002770702425293953e-01	1.130090273823075864e-01	-1.605057279982342322e-01	9.831122874329195627e-02	-9.275152226984867410e-02	8.135602332658632696e-02	-1.021451932399607965e-01	9.171884589621301376e-02	-7.271405731840240028e-02	6.438887770376681974e-02	-8.302050377146243110e-02	7.357189379580431066e-02	-5.993562129034315372e-02	8.252487856175702574e-02	-6.021665983879468526e-02	6.369543372414643301e-02	-8.577121294786263506e-02	1.027808035440285345e-01
-1.694613793346887998e-01	1.843536720696587472e-01	-2.290801260164071207e-01	2.079198595050533727e-01	-2.078368406519596756e-01	1.443577130748281423e-01	-1.869119608676161615e-01	2.332382974447597679e-01	-4.119804843746120437e-01	2.248083302752317547e-01	-1.535273781613407940e-01	1.933443899626640372e-01	-3.154903238661348475e-01	1.000000000000003553e+00	-5.407610695302499382e-01	1.815862429770298825e-01	-1.466927283993380571e-01	2.558752151332455704e-01	-4.979146249251346079e-01	2.931981865206759186e-01	-1.535137647104833913e-01	1.595979609091207896e-01	-1.918443011986037117e-01	1.611679194925686731e-01	-2.229646579612297730e-01	7.155050392105487267e-02	-9.109479455524222002e-02	9.024195636508744456e-02	-1.139954214327986159e-01	1.500021769446948372e-01	-8.657414025705235938e-02	8.278096334502769993e-02	-7.452988330862850286e-02	9.853613328882425415e-02	-8.506618290024275941e-02	6.485678223830457223e-02	-5.790951753889454073e-02	7.535137499456547039e-02	-6.909988506930715702e-02	5.566647537049135286e-02	-7.455990672384074647e-02	5.426932556799249352e-02	-5.790718438349155839e-02	8.002044934690252798e-02	-9.508669199691953400e-02
1.655655032414609096e-01	-1.873001862413680163e-01	1.961541947583648193e-01	-1.951263036147703467e-01	2.061898920677307789e-01	-1.450250305307426990e-01	1.702880456536897957e-01	-2.028019933311167033e-01	2.471911935903691460e-01	-3.084600061340347366e-01	1.490487503101375344e-01	-1.870820980650770016e-01	2.136919258510303621e-01	-5.407610695302499382e-01	9.999999999999970024e-01	-1.986887815963173931e-01	1.451097941118360268e-01	-2.757590284301250083e-01	3.111678230377910026e-01	-5.634296183675139291e-01	1.619149413709922714e-01	-1.704441272794035289e-01	1.905515402956236282e-01	-1.805764591322518431e-01	2.381696608663121661e-01	-7.745095769841464639e-02	9.845173009268405606e-02	-1.002842678514345859e-01	1.253088014285914098e-01	-1.765282752181036030e-01	9.377532212762458574e-02	-9.205153278055251687e-02	8.264984689727357392e-02	-1.115996350661404846e-01	9.473362515193671507e-02	-7.196840217369263049e-02	6.414783282676440879e-02	-8.435712005579680539e-02	7.749380154379366392e-02	-6.223088962448294903e-02	8.211890215739595100e-02	-6.037699356961786362e-02	6.427744812062261004e-02	-9.080726600623607869e-02	1.057025358514076252e-01
-3.804972647179255540e-01	2.304307811287744923e-01	-2.173886419056829944e-01	1.463760835002575478e-01	-1.471642474916988186e-01	2.803614987831061223e-01	-2.586809795478499097e-01	2.011344023798510572e-01	-1.840336922463864655e-01	1.386593664929314240e-01	-5.282072592892227414e-01	2.775311057161364281e-01	-2.577228802241390282e-01	1.815862429770298825e-01	-1.986887815963173931e-01	1.000000000000000222e+00	-2.823632822499492212e-01	2.211733091025336606e-01	-1.738263661295597340e-01	1.575260800541840867e-01	-4.423742156785320789e-01	2.458190323454423620e-01	-2.042685509583279657e-01	1.535682379555853849e-01	-2.082992065473498466e-01	1.506269829206157429e-01	-1.758298143788978585e-01	1.497502418317752937e-01	-1.504998492946564015e-01	2.064948343937247632e-01	-1.746098673534013102e-01	1.431306149585874488e-01	-1.222091016770250060e-01	1.383053393325502090e-01	-1.328014852934862877e-01	1.139077578865798079e-01	-1.002804322954849309e-01	1.235936840626067068e-01	-1.041747935321225282e-01	8.614196642897836709e-02	-1.305550494572420839e-01	9.228353122897303695e-02	-9.720546333339530332e-02	1.196624232325651377e-01	-1.497306038221569435e-01
1.768267814918075553e-01	-1.538341961036197025e-01	1.439351468325031913e-01	-1.033311258237799291e-01	1.002206187879571692e-01	-1.619326576225183778e-01	1.720591702915386101e-01	-1.578399275436148663e-01	1.310146162977025297e-01	-9.968376112470879458e-02	2.138734843851510248e-01	-4.418465029986055614e-01	2.203621217732756876e-01	-1.466927283993380571e-01	1.451097941118360268e-01	-2.823632822499492212e-01	1.000000000000000888e+00	-2.732901361246159455e-01	1.483467817762784968e-01	-1.287872696514785475e-01	1.999633526833993757e-01	-7.440709483357956788e-01	2.015630058348604481e-01	-1.372721226741252243e-01	1.624596848572495700e-01	-9.426651173605130052e-02	1.226607088007508478e-01	-1.063269792992835999e-01	1.083984615789203715e-01	-1.430811483185049360e-01	1.036301945852501766e-01	-9.593168587333675279e-02	8.276658730722914747e-02	-9.791250755781893966e-02	8.477890446409849790e-02	-7.345247209123093035e-02	6.495847203811049020e-02	-8.228706380006092780e-02	6.998731222734602686e-02	-5.568737959227364892e-02	8.166463712484192672e-02	-6.000251865303569271e-02	6.310610038512076692e-02	-8.087744293585133470e-02	9.495081921628636956e-02
-2.026492208709501919e-01	1.815694413557320808e-01	-1.991719105100631382e-01	1.489511560068450258e-01	-1.529345970417534673e-01	1.619844312776061168e-01	-1.922157205835954563e-01	1.944889463035037458e-01	-2.002041217683808161e-01	1.532045458299430007e-01	-1.861586986187466208e-01	2.213618847157074743e-01	-2.835454048008799188e-01	2.558752151332455704e-01	-2.757590284301250083e-01	2.211733091025336606e-01	-2.732901361246159455e-01	9.999999999999984457e-01	-4.603583160879540781e-01	2.661809494998421677e-01	-2.181970462634734154e-01	2.446421141182880399e-01	-5.300567823196998818e-01	2.717152058026409689e-01	-3.603845658921523420e-01	1.030624207853920588e-01	-1.339917182879384883e-01	1.325677981639761527e-01	-1.773745181814629368e-01	2.049622967617784064e-01	-1.251235695316154917e-01	1.184889287453218115e-01	-1.093936127211423415e-01	1.451586744633989179e-01	-1.211171423410698916e-01	9.221698158456026473e-02	-8.305835310648732039e-02	1.076447131396031931e-01	-1.000487032171442220e-01	7.931617377782532174e-02	-1.069830344424547719e-01	7.744262574996574333e-02	-8.326529803916271621e-02	1.139777527902361282e-01	-1.352059100379707779e-01
1.478896952974639856e-01	-1.543154581661799196e-01	1.634352833899478941e-01	-1.470492168766779906e-01	1.422073258590152156e-01	-1.264005026738009574e-01	1.485364674993878975e-01	-1.715363378212815537e-01	1.996640575243525395e-01	-1.627702837359908949e-01	1.348895042790689003e-01	-1.696871647160776153e-01	1.999088564714467664e-01	-4.979146249251346079e-01	3.111678230377910026e-01	-1.738263661295597340e-01	1.483467817762784968e-01	-4.603583160879540781e-01	9.999999999999996669e-01	-5.766854941788803757e-01	1.512875234058227714e-01	-1.668490869930556453e-01	2.297921353680097145e-01	-2.279047409069906993e-01	2.590696535092910646e-01	-7.312678431256285083e-02	9.385358817662824149e-02	-9.636072452949952238e-02	1.286658550387277389e-01	-1.634791811276019302e-01	8.864139652407382330e-02	-8.707509432841971375e-02	7.957774427334095291e-02	-1.105081922982095038e-01	8.897972896340933247e-02	-6.760622975969501902e-02	6.062585178357194488e-02	-7.982339648989331127e-02	7.436670095049498219e-02	-5.864968283094885992e-02	7.745329746393382619e-02	-5.691233457838712484e-02	6.090575685662615729e-02	-8.639701251180177677e-02	9.910791738303180443e-02
-1.389749803447051513e-01	1.402639576117200582e-01	-1.561041275489300495e-01	1.344547211417973231e-01	-1.497873043349878530e-01	1.151905749341682744e-01	-1.370214982519169233e-01	1.499208154121055292e-01	-1.829629342652272506e-01	1.646295446749026503e-01	-1.232097710142154717e-01	1.470415827435741229e-01	-1.753361174987638216e-01	2.931981865206759186e-01	-5.634296183675139291e-01	1.575260800541840867e-01	-1.287872696514785475e-01	2.661809494998421677e-01	-5.766854941788803757e-01	1.000000000000000666e+00	-1.434179900847043221e-01	1.464363175785040605e-01	-2.220629841483199307e-01	2.114737457924817099e-01	-4.117459503869329018e-01	6.941234826659958834e-02	-8.926476224523320624e-02	9.186041381247184168e-02	-1.276291923993753408e-01	1.581893951304516877e-01	-8.470389617587864572e-02	8.308103180891845962e-02	-7.647131187844335987e-02	1.066731917132061336e-01	-8.648122819873085843e-02	6.459661461391291715e-02	-5.806886673341716404e-02	7.646162182839343069e-02	-7.201235918626301691e-02	5.687518696679152996e-02	-7.443265593991345297e-02	5.451077871219404958e-02	-5.851559996440087313e-02	8.316458174108284918e-02	-9.627838189253307144e-02
2.192455992959159716e-01	-1.749251059134762643e-01	1.569091697535420771e-01	-1.126901575492100238e-01	1.117789232870465138e-01	-1.839906552615126756e-01	1.731177188023996227e-01	-1.520039815249924486e-01	1.392218280791450158e-01	-1.104248177752615995e-01	2.109923263638550650e-01	-2.084615207378693880e-01	1.820799442832248816e-01	-1.535137647104833913e-01	1.619149413709922714e-01	-4.423742156785320789e-01	1.999633526833993757e-01	-2.181970462634734154e-01	1.512875234058227714e-01	-1.434179900847043221e-01	1.000000000000001110e+00	-2.793671245321538987e-01	1.940900074603796599e-01	-1.613018957792493602e-01	1.973072015586427030e-01	-3.601708153929137346e-01	2.610522923345782731e-01	-2.533434418286977241e-01	2.000190301894662348e-01	-3.197014969552149366e-01	2.629168164303112842e-01	-2.463526602856154213e-01	1.912424880737831900e-01	-2.056309965738508938e-01	1.814614639115074146e-01	-1.918216344553990427e-01	1.599928421797749689e-01	-2.011272622901790763e-01	1.531030374291692808e-01	-1.205382223883812304e-01	1.917051377318364502e-01	-1.482005242237212639e-01	1.492903920131716522e-01	-1.826416128374330483e-01	2.034408773383851177e-01
-2.034469275007733946e-01	1.651685400167736961e-01	-1.659298577065424218e-01	1.159443537059681589e-01	-1.159277664276885250e-01	1.664883122498737322e-01	-1.900278367663802703e-01	1.648447770354979358e-01	-1.486380316900063059e-01	1.124057424890085588e-01	-2.224634724830828747e-01	2.714883181706295723e-01	-2.383381281592304168e-01	1.595979609091207896e-01	-1.704441272794035289e-01	2.458190323454423620e-01	-7.440709483357956788e-01	2.446421141182880399e-01	-1.668490869930556453e-01	1.464363175785040605e-01	-2.793671245321538987e-01	1.000000000000001998e+00	-2.938954924608996322e-01	1.692925332972262664e-01	-2.061112646583674324e-01	1.238207366080577992e-01	-1.756106355345971592e-01	1.336465786226819219e-01	-1.352596771040581736e-01	1.700941993692041965e-01	-1.355321765310283644e-01	1.202212322689173024e-01	-1.043381212062949454e-01	1.199360223490970462e-01	-1.035514733398941040e-01	9.175796334857350134e-02	-8.148244373902518989e-02	1.018208597980695268e-01	-8.596956009418409150e-02	6.799703110469398903e-02	-1.023141981431070213e-01	7.466610373388789246e-02	-7.870671439297685645e-02	9.846153593951148530e-02	-1.159907142991488671e-01
1.596726877026485580e-01	-1.471423116613135018e-01	1.435160566161126361e-01	-1.114126358301060910e-01	1.104884179668503413e-01	-1.337543025509385641e-01	1.460224556243547023e-01	-1.454189873532411303e-01	1.414903746646056504e-01	-1.156734750617043894e-01	1.496724673178212450e-01	-1.843963799240970480e-01	1.811038941763560284e-01	-1.918443011986037117e-01	1.905515402956236282e-01	-2.042685509583279657e-01	2.015630058348604481e-01	-5.300567823196998818e-01	2.297921353680097145e-01	-2.220629841483199307e-01	1.940900074603796599e-01	-2.938954924608996322e-01	9.999999999999991118e-01	-5.971780731246032481e-01	3.064091756995597216e-01	-1.014484748730735686e-01	1.336731776661141402e-01	-1.524503389990169433e-01	2.053923427718563621e-01	-2.311449375009551610e-01	1.220105694864733470e-01	-1.252717568120217673e-01	1.195526814609250421e-01	-1.765938905908546186e-01	1.209192781577424214e-01	-9.458486137859700715e-02	8.580800012685163569e-02	-1.150159089005210883e-01	1.083387318236709862e-01	-8.111643413224442489e-02	1.073698851211590949e-01	-8.037975529776317241e-02	8.656050555604263841e-02	-1.260264894009064385e-01	1.338762289513133474e-01
-1.275177566067847990e-01	1.152831238542901121e-01	-1.168003269934966143e-01	9.115452011058110260e-02	-9.320802518027199168e-02	1.031835603571324006e-01	-1.146861170790537537e-01	1.136547194807877581e-01	-1.177313781707512996e-01	9.703783552339714791e-02	-1.144618415311334375e-01	1.326761727541190261e-01	-1.392429109163383638e-01	1.611679194925686731e-01	-1.805764591322518431e-01	1.535682379555853849e-01	-1.372721226741252243e-01	2.717152058026409689e-01	-2.279047409069906993e-01	2.114737457924817099e-01	-1.613018957792493602e-01	1.692925332972262664e-01	-5.971780731246032481e-01	1.000000000000000888e+00	-6.017961324722462813e-01	8.564118712518922760e-02	-1.138714053881465238e-01	1.291974288121421621e-01	-3.138234442826888793e-01	2.130467270135615043e-01	-1.059088717329179363e-01	1.100396952135258288e-01	-1.108755733640838514e-01	1.828340743434775928e-01	-1.131509010716334890e-01	8.285354561094539216e-02	-7.635980979803676238e-02	1.033265379501988879e-01	-1.061429024169614210e-01	7.609138752982709530e-02	-9.594149481005830038e-02	7.145265615844950680e-02	-7.835329885794335703e-02	1.181949360317572917e-01	-1.244048907190968833e-01
1.635304653134005415e-01	-1.556634804837435937e-01	1.506392088475668467e-01	-1.219894960194560229e-01	1.221006844214353598e-01	-1.366726690962423163e-01	1.485634763871300501e-01	-1.506947270372892000e-01	1.536425802977046673e-01	-1.329583219944464323e-01	1.474152941026233288e-01	-1.743525244402054086e-01	1.766870609421461458e-01	-2.229646579612297730e-01	2.381696608663121661e-01	-2.082992065473498466e-01	1.624596848572495700e-01	-3.603845658921523420e-01	2.590696535092910646e-01	-4.117459503869329018e-01	1.973072015586427030e-01	-2.061112646583674324e-01	3.064091756995597216e-01	-6.017961324722462813e-01	9.999999999999998890e-01	-1.025579650270544430e-01	1.328680990048404509e-01	-1.479886598586492297e-01	2.225269602047097450e-01	-2.910079981567697538e-01	1.257649024201808186e-01	-1.314337076575246566e-01	1.235287174792089326e-01	-1.932014659888059704e-01	1.359808259016061782e-01	-1.003494994398466816e-01	9.078823831342246187e-02	-1.230080666979095488e-01	1.193039183645244750e-01	-9.082575778982801551e-02	1.143527657454681407e-01	-8.573558272130830937e-02	9.232437028221936182e-02	-1.401283328315590659e-01	1.499773724559360089e-01
-9.699904676509693568e-02	7.669079909144455032e-02	-7.178273766436159276e-02	5.150894742689764855e-02	-5.174682304064127936e-02	7.729233322144786478e-02	-7.709964031523627859e-02	6.825383657495655287e-02	-6.420867731887516805e-02	5.090492001882572504e-02	-8.855600711606827213e-02	9.011999015341873309e-02	-8.316564841985409073e-02	7.155050392105487267e-02	-7.745095769841464639e-02	1.506269829206157429e-01	-9.426651173605130052e-02	1.030624207853920588e-01	-7.312678431256285083e-02	6.941234826659958834e-02	-3.601708153929137346e-01	1.238207366080577992e-01	-1.014484748730735686e-01	8.564118712518922760e-02	-1.025579650270544430e-01	1.000000000000001332e+00	-5.799144462049011794e-01	2.401267131120902176e-01	-1.285893147930489422e-01	1.586619028930889574e-01	-6.374283603406691867e-01	2.366905082309068986e-01	-1.761670017006662370e-01	1.341245173216622788e-01	-1.027172309893678859e-01	1.708511308566864895e-01	-1.458032941316146913e-01	1.534022860331085980e-01	-9.905819144107928798e-02	6.985793687570399091e-02	-1.598411226788415684e-01	1.196660730422990926e-01	-1.199772910216340693e-01	1.116629094031572067e-01	-1.146021028162474836e-01
1.194844520730564408e-01	-9.565958973784846608e-02	9.001249114900830572e-02	-6.485151608270743606e-02	6.516917767915116066e-02	-9.518954866975878892e-02	9.617405356744611333e-02	-8.587661947465335954e-02	8.094367076554608020e-02	-6.428624866451103370e-02	1.081284360852117071e-01	-1.143846339811687013e-01	1.049473328282776868e-01	-9.109479455524222002e-02	9.845173009268405606e-02	-1.758298143788978585e-01	1.226607088007508478e-01	-1.339917182879384883e-01	9.385358817662824149e-02	-8.926476224523320624e-02	2.610522923345782731e-01	-1.756106355345971592e-01	1.336731776661141402e-01	-1.138714053881465238e-01	1.328680990048404509e-01	-5.799144462049011794e-01	1.000000000000001776e+00	-5.115310084985706940e-01	1.751933182151414747e-01	-2.080169586886783661e-01	3.127285120488996761e-01	-3.467564054294962617e-01	2.557454331326499686e-01	-1.900471790396357774e-01	1.332509023531379677e-01	-2.080013137444970128e-01	1.829228754773356558e-01	-2.181226221418587907e-01	1.343440448512928931e-01	-9.176637663208990492e-02	1.917299240213839739e-01	-1.583557160334884140e-01	1.578327560561088305e-01	-1.515896528090278361e-01	1.482128741409552974e-01
-1.150048362287065112e-01	9.037349140927647406e-02	-8.780696978130600461e-02	6.323610664624347566e-02	-6.434619260487073333e-02	8.797774163521961122e-02	-9.142338575989442107e-02	8.198342030744153186e-02	-7.946784881974741643e-02	6.322615301975484381e-02	-9.962747496646449930e-02	1.027602480792396689e-01	-1.002770702425293953e-01	9.024195636508744456e-02	-1.002842678514345859e-01	1.497502418317752937e-01	-1.063269792992835999e-01	1.325677981639761527e-01	-9.636072452949952238e-02	9.186041381247184168e-02	-2.533434418286977241e-01	1.336465786226819219e-01	-1.524503389990169433e-01	1.291974288121421621e-01	-1.479886598586492297e-01	2.401267131120902176e-01	-5.115310084985706940e-01	1.000000000000001554e+00	-2.553477186414358502e-01	2.091673778758586788e-01	-3.065452474416150430e-01	2.917330821918192596e-01	-5.947623173067525526e-01	2.378378897740386633e-01	-1.551312481381628972e-01	1.908373228004651978e-01	-1.968105639429817977e-01	2.434720254741911116e-01	-1.645904427526522773e-01	1.060554645659031181e-01	-2.260571336103554263e-01	1.658207710323740536e-01	-1.970092375331359835e-01	1.662986911219196395e-01	-1.717201197404027158e-01
1.235511636287024706e-01	-1.014547251653061810e-01	9.951724183311706773e-02	-7.390493347114844569e-02	7.525863004817934243e-02	-9.495297411172917701e-02	1.007897771016398186e-01	-9.381705594288804184e-02	9.320305702755637967e-02	-7.571666073365626581e-02	1.048910472924665938e-01	-1.122525774241872748e-01	1.130090273823075864e-01	-1.139954214327986159e-01	1.253088014285914098e-01	-1.504998492946564015e-01	1.083984615789203715e-01	-1.773745181814629368e-01	1.286658550387277389e-01	-1.276291923993753408e-01	2.000190301894662348e-01	-1.352596771040581736e-01	2.053923427718563621e-01	-3.138234442826888793e-01	2.225269602047097450e-01	-1.285893147930489422e-01	1.751933182151414747e-01	-2.553477186414358502e-01	1.000000000000004441e+00	-4.470813132533685286e-01	1.632599647256830488e-01	-1.989231738706931096e-01	2.255384586579238793e-01	-6.543432785944152119e-01	1.928674834040066954e-01	-1.381241946439074331e-01	1.325758312856085142e-01	-1.946420895753749325e-01	2.263034244126899686e-01	-1.388349517771470254e-01	1.588185825526694517e-01	-1.244520020503846747e-01	1.402688817485565898e-01	-2.536490919620766893e-01	2.073833381526577757e-01
-1.946811554017258417e-01	1.454157071589421701e-01	-1.480242990178712859e-01	1.055673016901481354e-01	-1.098397104863798740e-01	1.378028939444868595e-01	-1.478953385733403625e-01	1.324836085037729427e-01	-1.335396161988286479e-01	1.063616648230561595e-01	-1.528142349932672672e-01	1.528592719376480613e-01	-1.605057279982342322e-01	1.500021769446948372e-01	-1.765282752181036030e-01	2.064948343937247632e-01	-1.430811483185049360e-01	2.049622967617784064e-01	-1.634791811276019302e-01	1.581893951304516877e-01	-3.197014969552149366e-01	1.700941993692041965e-01	-2.311449375009551610e-01	2.130467270135615043e-01	-2.910079981567697538e-01	1.586619028930889574e-01	-2.080169586886783661e-01	2.091673778758586788e-01	-4.470813132533685286e-01	1.000000000000000666e+00	-2.071503338696137064e-01	1.964824631508129971e-01	-1.931423395034344015e-01	2.729535024882319694e-01	-3.993911253724979349e-01	1.591958845383304455e-01	-1.473270614366379572e-01	1.931160303868573458e-01	-2.254970275100206534e-01	2.300840228377983021e-01	-2.021874359355778084e-01	1.388022685500713838e-01	-1.559078047446289528e-01	2.323994771966666484e-01	-4.178151363923073847e-01
1.157869396383745947e-01	-9.217895553980123835e-02	8.605206907425250185e-02	-6.199231913153276791e-02	6.232233389582526178e-02	-9.193998162876830527e-02	9.164882836074590700e-02	-8.157448047832432936e-02	7.714468318553469040e-02	-6.145330031420155603e-02	1.031954709963633504e-01	-1.056225255355153353e-01	9.831122874329195627e-02	-8.657414025705235938e-02	9.377532212762458574e-02	-1.746098673534013102e-01	1.036301945852501766e-01	-1.251235695316154917e-01	8.864139652407382330e-02	-8.470389617587864572e-02	2.629168164303112842e-01	-1.355321765310283644e-01	1.220105694864733470e-01	-1.059088717329179363e-01	1.257649024201808186e-01	-6.374283603406691867e-01	3.127285120488996761e-01	-3.065452474416150430e-01	1.632599647256830488e-01	-2.071503338696137064e-01	9.999999999999992228e-01	-4.224496754079662963e-01	2.264751976969233693e-01	-1.789539467388843175e-01	1.323417453177967162e-01	-3.047537480877257066e-01	2.183190870158799590e-01	-2.197464759604527695e-01	1.320784972398366675e-01	-9.110773125966263597e-02	2.206937340339912568e-01	-1.775063154861232506e-01	1.659403701143887799e-01	-1.515206660214880874e-01	1.475011157896304048e-01
-1.087526723774046994e-01	8.476402591926932018e-02	-8.190152527169841656e-02	5.876682912654485058e-02	-5.978017745097913282e-02	8.292583930718361307e-02	-8.548736067854127707e-02	7.621868785919749811e-02	-7.367216992388550545e-02	5.857246892428900203e-02	-9.361005062395749698e-02	9.533969814223933192e-02	-9.275152226984867410e-02	8.278096334502769993e-02	-9.205153278055251687e-02	1.431306149585874488e-01	-9.593168587333675279e-02	1.184889287453218115e-01	-8.707509432841971375e-02	8.308103180891845962e-02	-2.463526602856154213e-01	1.202212322689173024e-01	-1.252717568120217673e-01	1.100396952135258288e-01	-1.314337076575246566e-01	2.366905082309068986e-01	-3.467564054294962617e-01	2.917330821918192596e-01	-1.989231738706931096e-01	1.964824631508129971e-01	-4.224496754079662963e-01	1.000000000000000444e+00	-4.720697617033560722e-01	2.093045332303228312e-01	-1.495533253256293160e-01	2.757236979111135633e-01	-4.638815138912866787e-01	2.696862763883344227e-01	-1.589198548214219853e-01	1.026648759429323182e-01	-2.996681965766095912e-01	2.347362677028668743e-01	-2.462519648301655928e-01	1.643127617267026996e-01	-1.663226183369467259e-01
9.396979092536500433e-02	-7.420055526463745221e-02	7.180062036154792604e-02	-5.191097196795187857e-02	5.279758896016450986e-02	-7.191084580648933466e-02	7.448756160314158603e-02	-6.704945015883856385e-02	6.513778574959126766e-02	-5.203670413918131538e-02	8.064757086680938991e-02	-8.322490090537640328e-02	8.135602332658632696e-02	-7.452988330862850286e-02	8.264984689727357392e-02	-1.222091016770250060e-01	8.276658730722914747e-02	-1.093936127211423415e-01	7.957774427334095291e-02	-7.647131187844335987e-02	1.912424880737831900e-01	-1.043381212062949454e-01	1.195526814609250421e-01	-1.108755733640838514e-01	1.235287174792089326e-01	-1.761670017006662370e-01	2.557454331326499686e-01	-5.947623173067525526e-01	2.255384586579238793e-01	-1.931423395034344015e-01	2.264751976969233693e-01	-4.720697617033560722e-01	1.000000000000002887e+00	-3.574841078427411500e-01	1.407932662321347284e-01	-1.943140715148753694e-01	2.144289619957138182e-01	-3.897376407320577996e-01	1.770424329015775899e-01	-1.012730900304906340e-01	2.096564839947308301e-01	-1.831081087662700668e-01	2.114702785649414385e-01	-1.764963773866805030e-01	1.544385694801239661e-01
-1.156169613056253626e-01	9.179399701378998522e-02	-9.093256476580212355e-02	6.635956116561736451e-02	-6.807407529240662447e-02	8.692911923149261588e-02	-9.221331037632218841e-02	8.426919256329222507e-02	-8.383766925122533575e-02	6.739278408147458821e-02	-9.679111690459610284e-02	1.006487588269928957e-01	-1.021451932399607965e-01	9.853613328882425415e-02	-1.115996350661404846e-01	1.383053393325502090e-01	-9.791250755781893966e-02	1.451586744633989179e-01	-1.105081922982095038e-01	1.066731917132061336e-01	-2.056309965738508938e-01	1.199360223490970462e-01	-1.765938905908546186e-01	1.828340743434775928e-01	-1.932014659888059704e-01	1.341245173216622788e-01	-1.900471790396357774e-01	2.378378897740386633e-01	-6.543432785944152119e-01	2.729535024882319694e-01	-1.789539467388843175e-01	2.093045332303228312e-01	-3.574841078427411500e-01	1.000000000000002220e+00	-2.246009927057591449e-01	1.457697559469648130e-01	-1.485455148676241011e-01	2.129692062960035215e-01	-3.869482912713813616e-01	1.609018120730460188e-01	-1.784925877520345538e-01	1.347423997523330974e-01	-1.628746448557955029e-01	2.596613052347750972e-01	-2.359548576736947845e-01
