1.000000000000000000e+00	-3.651452790706316565e-01	1.703751998420469649e-01	-1.417635474111662575e-01	1.071916443007861486e-01	-8.099965951791755492e-01	2.488482755325551465e-01	-1.683282836528618986e-01	1.140882629990881136e-01	-8.446934665253218177e-02	2.430075680365102186e-01	-2.374792847714456701e-01	1.166372268031169029e-01	-1.058848650539639530e-01	7.900821080288206177e-02	-2.306987348082613354e-01	1.519949049593144197e-01	-1.043689900648901020e-01	9.454925654510522304e-02	-9.662614707570188477e-02	9.255268085803543265e-02	-1.080909931320771372e-01	9.368040147917906790e-02	-8.312509176699907354e-02	7.984243092263566821e-02	-7.860867782457686692e-02	9.059003893817556274e-02	-7.460310462600056036e-02	9.281901554823636380e-02	-5.661282236717687238e-02	5.087445975096838852e-02	-7.294279264982471422e-02	5.636638728273297289e-02	-8.501802292439220032e-02	6.393175848746183998e-02	-5.230375142782682507e-02	6.086104253947426795e-02	-4.480350730379413504e-02	5.964350830013410987e-02	-5.044807599543009446e-02	5.089173172328725209e-02	-4.884674627485623838e-02	4.828200782546739067e-02	-4.465198950324340832e-02	6.992070145561674055e-02
-3.651452790706316565e-01	1.000000000000000000e+00	-4.370519299537264923e-01	2.069952305292335204e-01	-1.596892518316684606e-01	2.433568253067391607e-01	-6.847166051621818017e-01	2.693501289082965156e-01	-1.788250714535976338e-01	1.197611383304015564e-01	-2.020273101121586590e-01	2.402872246230542408e-01	-1.444987663564629432e-01	1.277779970779222285e-01	-1.059281819517437495e-01	1.689854373417011002e-01	-1.698206991974637592e-01	1.201096477098460014e-01	-1.163589077610939354e-01	1.230563570861845507e-01	-1.103416359278455300e-01	1.169612616797156696e-01	-1.124075464398697627e-01	9.986708751329570477e-02	-9.903476996954840850e-02	8.940575782422000017e-02	-1.053130317152048134e-01	8.796333685396780233e-02	-1.133862731566757515e-01	6.911746498759623047e-02	-5.885120180560440145e-02	8.345684931562354081e-02	-6.744977215682983196e-02	1.000057854816692737e-01	-7.887811824090996959e-02	6.126538551332343097e-02	-7.247526301751110178e-02	5.337899696249325671e-02	-7.256102711355390256e-02	6.125768628084866940e-02	-6.066454546402939157e-02	5.801779993383416462e-02	-5.820985875987141206e-02	5.380949138513866498e-02	-8.535180238317696677e-02
1.703751998420469649e-01	-4.370519299537264923e-01	1.000000000000000222e+00	-5.054925712153688355e-01	2.296477222743626145e-01	-1.605245284842075626e-01	2.741705977902866298e-01	-5.975955142271636156e-01	2.745281968791675187e-01	-1.874154623510531914e-01	1.464341426353066578e-01	-1.999281755568144414e-01	1.499390102208357500e-01	-1.541208812109595705e-01	1.440826276507525816e-01	-1.506814678228350080e-01	1.440939579071896237e-01	-1.285663913476632614e-01	1.280323626266406944e-01	-1.743194171680381432e-01	1.147798176105699758e-01	-1.162547681279153949e-01	1.150680618957416607e-01	-1.113452802048626178e-01	1.095075190980440011e-01	-9.485748352157763463e-02	1.035867986939192215e-01	-9.211333789740507039e-02	1.193177834409374638e-01	-7.614980049829152275e-02	6.217272747293867141e-02	-8.959600321045331495e-02	7.169989743637719681e-02	-1.118481086260600110e-01	8.540319155899177284e-02	-6.555796292715984630e-02	7.677827085447347377e-02	-5.709409954515449331e-02	7.842175737174778005e-02	-6.667755866450882085e-02	6.451099637398904907e-02	-6.257864151287270693e-02	6.234196048042301569e-02	-5.803885315828196528e-02	9.144903116364536122e-02
-1.417635474111662575e-01	2.069952305292335204e-01	-5.054925712153688355e-01	1.000000000000000000e+00	-5.088147640055996623e-01	1.232344265397490313e-01	-2.077798670778885082e-01	3.058874852099761621e-01	-4.980550564348694698e-01	2.732164693139337297e-01	-1.389690122386581794e-01	1.772361594330841839e-01	-1.764847051967437241e-01	1.878164869116966396e-01	-2.068852881231132701e-01	1.436103248073327954e-01	-1.538835636732472090e-01	1.480186106836836879e-01	-1.621310393615824075e-01	2.198940221464856792e-01	-1.424049929705567541e-01	1.285921841638277274e-01	-1.398577715771989749e-01	1.368397281047039893e-01	-1.407900484388908413e-01	1.108542738762369056e-01	-1.208921748274577046e-01	1.108415521237538781e-01	-1.499725947361934819e-01	9.604927399201552973e-02	-7.383772078287834106e-02	1.054860963205448698e-01	-8.856610692858807310e-02	1.353928007533572453e-01	-1.095593648415797150e-01	7.921618441750957751e-02	-9.440167746690830697e-02	7.025335910350510860e-02	-9.916775411806279250e-02	8.396779151006998620e-02	-7.949583867025104833e-02	7.686751423476342882e-02	-7.797404850744116267e-02	7.255821159227425488e-02	-1.162740709579856008e-01
1.071916443007861486e-01	-1.596892518316684606e-01	2.296477222743626145e-01	-5.088147640055996623e-01	1.000000000000000222e+00	-1.016318247304781180e-01	1.520718190253996516e-01	-2.733365173723567576e-01	3.108775199826047109e-01	-5.955960680050320644e-01	1.182520178286479151e-01	-1.635783688349106701e-01	1.657598302172862414e-01	-2.032842833754592293e-01	2.757216890230916317e-01	-1.354705682291880153e-01	1.369879303639374712e-01	-1.480408087039658538e-01	1.566598151887590440e-01	-3.807469709991512241e-01	1.323880291615195381e-01	-1.247911424415116405e-01	1.313196310438982106e-01	-1.425809036502985183e-01	1.431814966980484993e-01	-1.103901000632673823e-01	1.134823717009350447e-01	-1.073664232902757920e-01	1.412881280876072398e-01	-9.784610215362926633e-02	7.253439657667394569e-02	-1.058007409468234850e-01	8.502702121416447212e-02	-1.414545302399539406e-01	1.057894731475399058e-01	-7.773809883583290836e-02	9.040265448967255146e-02	-6.813988466977707881e-02	9.551543662956178682e-02	-8.249420955307538994e-02	7.629824883728748841e-02	-7.532679695561733668e-02	7.458461666780720478e-02	-7.019885278287879560e-02	1.096699967070905724e-01
-8.099965951791755492e-01	2.433568253067391607e-01	-1.605245284842075626e-01	1.232344265397490313e-01	-1.016318247304781180e-01	1.000000000000000444e+00	-2.936438927581029312e-01	1.493396066701903613e-01	-1.072987947719013097e-01	7.783718320465699003e-02	-3.677341875402871940e-01	2.200280172262664424e-01	-1.135600269096886245e-01	9.862683039358303982e-02	-7.404096895641186504e-02	2.095381709846265150e-01	-1.552627346739618164e-01	9.873670341487443547e-02	-9.115378413513421096e-02	8.846395939234549810e-02	-9.038085062235709510e-02	1.026689633830185772e-01	-9.152625515292793501e-02	7.926898976152010889e-02	-7.726081677620666444e-02	7.453771014458217270e-02	-8.887361566918851319e-02	7.193211228084879505e-02	-9.058196796563607045e-02	5.452557545789146753e-02	-4.862890048501149198e-02	6.905207403981809822e-02	-5.444514338374450285e-02	8.041341389241030146e-02	-6.207768583991000316e-02	5.001288463788362837e-02	-5.874545243378234000e-02	4.312081780012640836e-02	-5.765536126078996820e-02	4.863887575998267210e-02	-4.908204028861037904e-02	4.684205760035801969e-02	-4.665030695887858320e-02	4.304354779223990707e-02	-6.784111945284271306e-02
2.488482755325551465e-01	-6.847166051621818017e-01	2.741705977902866298e-01	-2.077798670778885082e-01	1.520718190253996516e-01	-2.936438927581029312e-01	1.000000000000000222e+00	-3.792611024483747983e-01	1.815791309055759251e-01	-1.239561067872931716e-01	2.111187068660098642e-01	-3.899676681090152308e-01	1.556529954078007261e-01	-1.386014073358882159e-01	1.078189605356751624e-01	-1.872918471396768925e-01	1.756782813632991602e-01	-1.288781267712865441e-01	1.192950939959546153e-01	-1.278276693872581471e-01	1.080851303099570060e-01	-1.230838721677432468e-01	1.128490201303369717e-01	-1.016988766747768114e-01	9.834766692408532240e-02	-9.080584054246709780e-02	1.056794018586921791e-01	-8.897173360569586575e-02	1.123111770865721781e-01	-6.885973864706992909e-02	5.921279941661392043e-02	-8.454440688831815764e-02	6.683601084285099858e-02	-1.004536530982654274e-01	7.766676515784677604e-02	-6.129545301820175235e-02	7.183397248249476230e-02	-5.304415135260021064e-02	7.152064101324770440e-02	-6.061635808212534338e-02	6.010361516266374271e-02	-5.770624034779032324e-02	5.743375282256110714e-02	-5.319441467019284803e-02	8.372981225544477712e-02
-1.683282836528618986e-01	2.693501289082965156e-01	-5.975955142271636156e-01	3.058874852099761621e-01	-2.733365173723567576e-01	1.493396066701903613e-01	-3.792611024483747983e-01	1.000000000000000222e+00	-4.973772405457391188e-01	2.167129982485114237e-01	-1.540619729615497757e-01	2.011054069602864758e-01	-1.823733925449761706e-01	1.749462849427854683e-01	-1.692232333259779398e-01	1.476186378779184294e-01	-1.552215694498896570e-01	1.407119461911538194e-01	-1.463592297483106985e-01	1.795999946762541488e-01	-1.211934483236486865e-01	1.202496857188665447e-01	-1.256933668968491791e-01	1.199067265385324321e-01	-1.195576020534472594e-01	9.797391037767254340e-02	-1.101028190073667923e-01	9.876818893874182714e-02	-1.300802512705272473e-01	8.186755052268997190e-02	-6.473894773728247620e-02	9.248044059216611879e-02	-7.591521785706333014e-02	1.156332004910883421e-01	-9.241790184836944089e-02	6.845972265585455185e-02	-8.099017888748137606e-02	6.023727750213471455e-02	-8.359678820350102679e-02	7.103079495022204815e-02	-6.799873497070370310e-02	6.567101231806524164e-02	-6.605484484848855864e-02	6.144871738225008567e-02	-9.759262391867173925e-02
1.140882629990881136e-01	-1.788250714535976338e-01	2.745281968791675187e-01	-4.980550564348694698e-01	3.108775199826047109e-01	-1.072987947719013097e-01	1.815791309055759251e-01	-4.973772405457391188e-01	9.999999999999996669e-01	-5.049006428209863451e-01	1.197311197393477605e-01	-1.671336619071500662e-01	1.781156304124649481e-01	-2.507241999956306699e-01	2.340883340596098539e-01	-1.289969184635215704e-01	1.330840176501096594e-01	-1.466923762632509898e-01	1.591890854237179298e-01	-2.622217730062429975e-01	1.153427084712149719e-01	-1.139027592067616279e-01	1.222903120279875411e-01	-1.290858781442162095e-01	1.253987432061174079e-01	-9.603905658804363921e-02	1.032555150542416450e-01	-9.784155564431325225e-02	1.284446174808232810e-01	-8.486830418526054853e-02	6.317919625439817610e-02	-9.129474883066206192e-02	7.421958054003602312e-02	-1.178760767787477709e-01	9.287626223343392606e-02	-6.724120458939315814e-02	7.878872201062488145e-02	-5.921620739822751334e-02	8.284690999073482387e-02	-7.128860589956044491e-02	6.629227380705356165e-02	-6.483086163172825656e-02	6.471238703793298630e-02	-6.067908486102071425e-02	9.549913787303426771e-02
-8.446934665253218177e-02	1.197611383304015564e-01	-1.874154623510531914e-01	2.732164693139337297e-01	-5.955960680050320644e-01	7.783718320465699003e-02	-1.239561067872931716e-01	2.167129982485114237e-01	-5.049006428209863451e-01	1.000000000000000888e+00	-9.351625354604724272e-02	1.270556195823920320e-01	-1.532521570202269590e-01	1.904636866291665731e-01	-4.792068042288725183e-01	1.025482251601507466e-01	-1.094677007556257436e-01	1.236370855232311050e-01	-1.420543157469838502e-01	2.882016407265472480e-01	-1.001855477385745624e-01	9.586752082995701751e-02	-1.070128314979409134e-01	1.146830928699578700e-01	-1.183436279308725109e-01	8.278018059123154471e-02	-8.850707051242072410e-02	8.535750090967118842e-02	-1.146133411717391859e-01	7.771171343895230677e-02	-5.472666218762653467e-02	7.901658642661668619e-02	-6.525456307320331995e-02	1.040585918583377539e-01	-8.497093469009037170e-02	5.866487153998550114e-02	-6.899969454890399201e-02	5.207142165437970982e-02	-7.420538997688845562e-02	6.409215301360957073e-02	-5.812899896171878911e-02	5.701950911277571532e-02	-5.722156451367555602e-02	5.384479398766194719e-02	-8.509648621729493101e-02
2.430075680365102186e-01	-2.020273101121586590e-01	1.464341426353066578e-01	-1.389690122386581794e-01	1.182520178286479151e-01	-3.677341875402871940e-01	2.111187068660098642e-01	-1.540619729615497757e-01	1.197311197393477605e-01	-9.351625354604724272e-02	1.000000000000001554e+00	-5.159994761522427309e-01	1.722619776693610771e-01	-1.455530929888167457e-01	9.564453689441493323e-02	-6.373076483522935876e-01	2.666944740954889648e-01	-1.541469197597543084e-01	1.316072820500255036e-01	-1.167044617434985776e-01	1.282467332715369890e-01	-1.681702221990314661e-01	1.340418084377747732e-01	-1.136015588650466368e-01	1.073987714453228659e-01	-1.104616857924028417e-01	1.340434869470668866e-01	-1.057319721396710877e-01	1.283104819034439070e-01	-7.638011610237138704e-02	7.103765844128243079e-02	-1.011731893437401303e-01	7.714022256490181417e-02	-1.135284151546670506e-01	8.613135551652167932e-02	-7.185590732177715712e-02	8.349364956855034881e-02	-6.120434343735588201e-02	8.029969816412903250e-02	-6.790528637618524488e-02	6.959317496949718462e-02	-6.634443882900351031e-02	6.542744223616958621e-02	-6.032904546825905434e-02	9.421434492290747809e-02
-2.374792847714456701e-01	2.402872246230542408e-01	-1.999281755568144414e-01	1.772361594330841839e-01	-1.635783688349106701e-01	2.200280172262664424e-01	-3.899676681090152308e-01	2.011054069602864758e-01	-1.671336619071500662e-01	1.270556195823920320e-01	-5.159994761522427309e-01	9.999999999999996669e-01	-3.407110890591348862e-01	2.089517932518948351e-01	-1.349352001783504784e-01	3.038344391115364584e-01	-4.167998452361911799e-01	2.183178561158224673e-01	-1.947822293316526232e-01	1.558558753627735105e-01	-1.703903011242020316e-01	2.111042308740127271e-01	-1.911460105328547099e-01	1.569629492796766890e-01	-1.512608147205591891e-01	1.426717779776519590e-01	-1.841134568036828512e-01	1.450988489777587376e-01	-1.808195547335995912e-01	1.056939498882040057e-01	-9.352132139731635097e-02	1.310500610561150525e-01	-1.047031172916830649e-01	1.501010662137125806e-01	-1.201523278516718335e-01	9.517815905124246689e-02	-1.125736269840267173e-01	8.256579932755238327e-02	-1.099918554244597446e-01	9.295589712604448995e-02	-9.374774656755886781e-02	8.884553019627475234e-02	-8.887790949972554366e-02	8.187027561209529736e-02	-1.292472859176250211e-01
1.166372268031169029e-01	-1.444987663564629432e-01	1.499390102208357500e-01	-1.764847051967437241e-01	1.657598302172862414e-01	-1.135600269096886245e-01	1.556529954078007261e-01	-1.823733925449761706e-01	1.781156304124649481e-01	-1.532521570202269590e-01	1.722619776693610771e-01	-3.407110890591348862e-01	9.999999999999990008e-01	-6.071961138512216305e-01	1.858883285710287436e-01	-1.903486684146515617e-01	2.124770081831767465e-01	-5.310526862985378571e-01	3.028477777485929501e-01	-2.154442234350563146e-01	1.396660344313382096e-01	-1.741621262005030590e-01	2.050887430597391203e-01	-2.006599008057488309e-01	1.629232184730268207e-01	-1.289261764313190950e-01	1.465967501755108260e-01	-1.578790527830713775e-01	1.815407095271647508e-01	-1.114315507684269374e-01	8.328158603255318704e-02	-1.205953329683763370e-01	9.569913624873514768e-02	-1.486425344333490717e-01	1.173104236080231011e-01	-8.652429049005125328e-02	9.994869055839021577e-02	-7.640432011933993850e-02	1.028033404047463545e-01	-8.984303639461949098e-02	8.343559465694773414e-02	-8.176620126418651657e-02	8.044046759375275690e-02	-7.566368530644972112e-02	1.166766057875757295e-01
-1.058848650539639530e-01	1.277779970779222285e-01	-1.541208812109595705e-01	1.878164869116966396e-01	-2.032842833754592293e-01	9.862683039358303982e-02	-1.386014073358882159e-01	1.749462849427854683e-01	-2.507241999956306699e-01	1.904636866291665731e-01	-1.455530929888167457e-01	2.089517932518948351e-01	-6.071961138512216305e-01	1.000000000000003331e+00	-3.136649307332397552e-01	1.554159634927939349e-01	-1.857758406598569167e-01	3.031214300751790547e-01	-5.029473477106258805e-01	2.417891539713427629e-01	-1.396649186121294295e-01	1.539137093117814992e-01	-1.985663485372732573e-01	2.175442221658072661e-01	-1.909734497975361656e-01	1.227464645295349016e-01	-1.402218798339480710e-01	1.485491441262697110e-01	-1.967321781920819967e-01	1.209853233896680258e-01	-8.071910884977455403e-02	1.158661306576696248e-01	-9.641089032204284981e-02	1.480835423905909609e-01	-1.295559666102297502e-01	8.528394384393229999e-02	-1.001808676720751107e-01	7.665153357815808477e-02	-1.081751733570790602e-01	9.460996067404194021e-02	-8.381941410562629424e-02	8.214461702710074142e-02	-8.233178560933254730e-02	7.778391030831510733e-02	-1.220151061560428435e-01
7.900821080288206177e-02	-1.059281819517437495e-01	1.440826276507525816e-01	-2.068852881231132701e-01	2.757216890230916317e-01	-7.404096895641186504e-02	1.078189605356751624e-01	-1.692232333259779398e-01	2.340883340596098539e-01	-4.792068042288725183e-01	9.564453689441493323e-02	-1.349352001783504784e-01	1.858883285710287436e-01	-3.136649307332397552e-01	1.000000000000000666e+00	-1.087727833646954939e-01	1.176423506086516357e-01	-1.515619063510545983e-01	1.767254003752030678e-01	-7.147583309532735685e-01	1.072603033186918658e-01	-1.063293023296801171e-01	1.219762880308813413e-01	-1.442088906521939995e-01	1.495769270749902902e-01	-9.171372244549361175e-02	9.738542376557306202e-02	-9.805639043441644054e-02	1.311934009410298807e-01	-9.547310259694824497e-02	6.044975997025407721e-02	-8.765090712769313397e-02	7.220624501940828277e-02	-1.173711321896942633e-01	9.880563870009702321e-02	-6.484946945163354293e-02	7.585297804048286852e-02	-5.784100176001944621e-02	8.336074789272676644e-02	-7.354270801758615306e-02	6.392471091674953310e-02	-6.323495740200353599e-02	6.322128772758278670e-02	-6.001322647681867073e-02	9.411565492495403695e-02
-2.306987348082613354e-01	1.689854373417011002e-01	-1.506814678228350080e-01	1.436103248073327954e-01	-1.354705682291880153e-01	2.095381709846265150e-01	-1.872918471396768925e-01	1.476186378779184294e-01	-1.289969184635215704e-01	1.025482251601507466e-01	-6.373076483522935876e-01	3.038344391115364584e-01	-1.903486684146515617e-01	1.554159634927939349e-01	-1.087727833646954939e-01	9.999999999999998890e-01	-5.136310342236812820e-01	1.807733795003575727e-01	-1.633354495430275333e-01	1.303805506640269007e-01	-1.830615155847833964e-01	2.244957176400901866e-01	-1.824446354858423325e-01	1.426493152135619169e-01	-1.400950205930850678e-01	1.448958177123859659e-01	-1.952090699569658250e-01	1.399569938689478321e-01	-1.730642435113343702e-01	9.950138316866760646e-02	-9.477625474858518417e-02	1.315520977753021070e-01	-1.036328157837787395e-01	1.453966245932608869e-01	-1.145196188732761355e-01	9.506666877809048788e-02	-1.125440710307690079e-01	8.154923811399888978e-02	-1.068764168695930522e-01	8.964656809493765088e-02	-9.354475416967633628e-02	8.779403096954115082e-02	-8.766239130499660359e-02	8.023765464651658186e-02	-1.266719122156537425e-01
1.519949049593144197e-01	-1.698206991974637592e-01	1.440939579071896237e-01	-1.538835636732472090e-01	1.369879303639374712e-01	-1.552627346739618164e-01	1.756782813632991602e-01	-1.552215694498896570e-01	1.330840176501096594e-01	-1.094677007556257436e-01	2.666944740954889648e-01	-4.167998452361911799e-01	2.124770081831767465e-01	-1.857758406598569167e-01	1.176423506086516357e-01	-5.136310342236812820e-01	1.000000000000000000e+00	-2.781257922631684143e-01	1.896817396861553429e-01	-1.470900736717163371e-01	1.809265617259645242e-01	-5.140540202203217612e-01	2.163632652051949434e-01	-1.676639438810663130e-01	1.499055446256856994e-01	-1.901566695639081150e-01	2.447486870299085127e-01	-1.739608978942787099e-01	1.885808935392989938e-01	-1.089878395587817322e-01	1.160681880397937682e-01	-1.668558050824770767e-01	1.146648227925599201e-01	-1.654965758910470208e-01	1.206345207111448742e-01	-1.114598492376279726e-01	1.255031214886173641e-01	-9.145514690105155386e-02	1.140952847571097412e-01	-9.676658390749118266e-02	1.039597731091037452e-01	-9.854696892254877216e-02	9.485437815561761909e-02	-8.719620610105911773e-02	1.332602401189855457e-01
-1.043689900648901020e-01	1.201096477098460014e-01	-1.285663913476632614e-01	1.480186106836836879e-01	-1.480408087039658538e-01	9.873670341487443547e-02	-1.288781267712865441e-01	1.407119461911538194e-01	-1.466923762632509898e-01	1.236370855232311050e-01	-1.541469197597543084e-01	2.183178561158224673e-01	-5.310526862985378571e-01	3.031214300751790547e-01	-1.515619063510545983e-01	1.807733795003575727e-01	-2.781257922631684143e-01	1.000000000000001332e+00	-5.674748763495019999e-01	1.740458768766840192e-01	-1.509912949275595273e-01	2.000733172235537871e-01	-3.629538136352727928e-01	2.449334502010257764e-01	-1.977751603302433381e-01	1.422606285138524884e-01	-1.737010465661124603e-01	2.054479988811440949e-01	-2.379535751193155857e-01	1.303311011681903830e-01	-9.235290478022517568e-02	1.323661967574965570e-01	-1.090895154638282377e-01	1.621590720779944039e-01	-1.365711010817622084e-01	9.549379228677799814e-02	-1.112111992067296579e-01	8.620636138480533561e-02	-1.154891922116740299e-01	1.013316429013358388e-01	-9.223542565203304844e-02	9.020798859438325379e-02	-8.933436309697620481e-02	8.413570960860042303e-02	-1.297467642525139409e-01
9.454925654510522304e-02	-1.163589077610939354e-01	1.280323626266406944e-01	-1.621310393615824075e-01	1.566598151887590440e-01	-9.115378413513421096e-02	1.192950939959546153e-01	-1.463592297483106985e-01	1.591890854237179298e-01	-1.420543157469838502e-01	1.316072820500255036e-01	-1.947822293316526232e-01	3.028477777485929501e-01	-5.029473477106258805e-01	1.767254003752030678e-01	-1.633354495430275333e-01	1.896817396861553429e-01	-5.674748763495019999e-01	9.999999999999993339e-01	-2.179772742098780580e-01	1.449567699693016243e-01	-1.757699865540469086e-01	2.317721910210015501e-01	-4.350579921098620129e-01	2.209935936793445965e-01	-1.379073998457560901e-01	1.521285911220986442e-01	-1.851372441210470676e-01	2.252508084273814881e-01	-1.449420365026827529e-01	8.919792723235470122e-02	-1.301255557862055767e-01	1.050156603422607304e-01	-1.688849041445073806e-01	1.409152931791931018e-01	-9.381895144748053639e-02	1.078983138095562788e-01	-8.430291737779210814e-02	1.164140339720982353e-01	-1.051158471456181825e-01	9.023066315518854519e-02	-8.988420411010608624e-02	8.827593181268944544e-02	-8.430974853838550664e-02	1.288448229195870987e-01
-9.662614707570188477e-02	1.230563570861845507e-01	-1.743194171680381432e-01	2.198940221464856792e-01	-3.807469709991512241e-01	8.846395939234549810e-02	-1.278276693872581471e-01	1.795999946762541488e-01	-2.622217730062429975e-01	2.882016407265472480e-01	-1.167044617434985776e-01	1.558558753627735105e-01	-2.154442234350563146e-01	2.417891539713427629e-01	-7.147583309532735685e-01	1.303805506640269007e-01	-1.470900736717163371e-01	1.740458768766840192e-01	-2.179772742098780580e-01	9.999999999999993339e-01	-1.416862074394161231e-01	1.324138064583890995e-01	-1.593743087681557535e-01	1.820387901519901208e-01	-2.381135606628585755e-01	1.168105326109657727e-01	-1.258028245533437950e-01	1.266173267842242434e-01	-1.785539583589507151e-01	1.331645587216424287e-01	-7.800403774363628973e-02	1.120276684768826969e-01	-9.604287931722850502e-02	1.514708421699395569e-01	-1.431663023670106116e-01	8.463552876155701343e-02	-1.005300425527551056e-01	7.667848713922298387e-02	-1.151683277915031278e-01	1.010002827017772720e-01	-8.484679385997961898e-02	8.362145172569840357e-02	-8.526683444638011311e-02	8.107933791074453667e-02	-1.296668180747329313e-01
9.255268085803543265e-02	-1.103416359278455300e-01	1.147798176105699758e-01	-1.424049929705567541e-01	1.323880291615195381e-01	-9.038085062235709510e-02	1.080851303099570060e-01	-1.211934483236486865e-01	1.153427084712149719e-01	-1.001855477385745624e-01	1.282467332715369890e-01	-1.703903011242020316e-01	1.396660344313382096e-01	-1.396649186121294295e-01	1.072603033186918658e-01	-1.830615155847833964e-01	1.809265617259645242e-01	-1.509912949275595273e-01	1.449567699693016243e-01	-1.416862074394161231e-01	1.000000000000001776e+00	-2.317515992042324668e-01	1.839496537944292354e-01	-1.623374000497130876e-01	1.672275362179937441e-01	-3.483114798855393990e-01	2.213367932082824507e-01	-1.634750294925134961e-01	2.013251252529325852e-01	-1.295247374299177412e-01	1.901262485474769504e-01	-2.761884614249825454e-01	1.707829871107443831e-01	-2.832453509945293546e-01	1.549225421158209048e-01	-1.872397134123353346e-01	1.974759044863528268e-01	-1.393172234899871520e-01	1.701869417287990294e-01	-1.379205976225751085e-01	1.674083701703370231e-01	-1.625409942637175142e-01	1.496184842945485205e-01	-1.363241640869419236e-01	2.065045085812842185e-01
-1.080909931320771372e-01	1.169612616797156696e-01	-1.162547681279153949e-01	1.285921841638277274e-01	-1.247911424415116405e-01	1.026689633830185772e-01	-1.230838721677432468e-01	1.202496857188665447e-01	-1.139027592067616279e-01	9.586752082995701751e-02	-1.681702221990314661e-01	2.111042308740127271e-01	-1.741621262005030590e-01	1.539137093117814992e-01	-1.063293023296801171e-01	2.244957176400901866e-01	-5.140540202203217612e-01	2.000733172235537871e-01	-1.757699865540469086e-01	1.324138064583890995e-01	-2.317515992042324668e-01	1.000000000000001998e+00	-3.379371533983198672e-01	1.784448902022895134e-01	-1.669831380218940176e-01	2.395199638128293618e-01	-5.920957009276588412e-01	2.349852537661774043e-01	-2.395591027621518654e-01	1.237438863681888102e-01	-1.536331983988678263e-01	2.011170552020222491e-01	-1.431406166421004544e-01	1.854727781818666932e-01	-1.395411612046557337e-01	1.359318821105106601e-01	-1.578124969637926811e-01	1.118463474825346082e-01	-1.335604432685226217e-01	1.119465312570974980e-01	-1.290804704398045288e-01	1.173267086822492311e-01	-1.141244738145222870e-01	1.030643674301226081e-01	-1.579730563494208817e-01
9.368040147917906790e-02	-1.124075464398697627e-01	1.150680618957416607e-01	-1.398577715771989749e-01	1.313196310438982106e-01	-9.152625515292793501e-02	1.128490201303369717e-01	-1.256933668968491791e-01	1.222903120279875411e-01	-1.070128314979409134e-01	1.340418084377747732e-01	-1.911460105328547099e-01	2.050887430597391203e-01	-1.985663485372732573e-01	1.219762880308813413e-01	-1.824446354858423325e-01	2.163632652051949434e-01	-3.629538136352727928e-01	2.317721910210015501e-01	-1.593743087681557535e-01	1.839496537944292354e-01	-3.379371533983198672e-01	1.000000000000002887e+00	-3.098473418020416537e-01	2.034809853213867814e-01	-2.072239656883464176e-01	2.535769318083270774e-01	-6.411790903635788963e-01	3.091556605424404802e-01	-1.593073497403671157e-01	1.289680276294162264e-01	-1.893986280462995331e-01	1.533939286564270088e-01	-2.215590157825836348e-01	1.546285610397248322e-01	-1.304491477464218008e-01	1.463783558564284715e-01	-1.229321724451871156e-01	1.403847750764372904e-01	-1.249827146162844349e-01	1.197602873077268232e-01	-1.190562385656167427e-01	1.135840776120641687e-01	-1.069687142082265952e-01	1.564420614015422095e-01
-8.312509176699907354e-02	9.986708751329570477e-02	-1.113452802048626178e-01	1.368397281047039893e-01	-1.425809036502985183e-01	7.926898976152010889e-02	-1.016988766747768114e-01	1.199067265385324321e-01	-1.290858781442162095e-01	1.146830928699578700e-01	-1.136015588650466368e-01	1.569629492796766890e-01	-2.006599008057488309e-01	2.175442221658072661e-01	-1.442088906521939995e-01	1.426493152135619169e-01	-1.676639438810663130e-01	2.449334502010257764e-01	-4.350579921098620129e-01	1.820387901519901208e-01	-1.623374000497130876e-01	1.784448902022895134e-01	-3.098473418020416537e-01	1.000000000000002442e+00	-5.646905654010673237e-01	1.546236161337565529e-01	-1.724992252288499173e-01	2.343060325823456136e-01	-4.451864672449531435e-01	2.437277862273022622e-01	-1.020212176984036517e-01	1.479021466082065805e-01	-1.289725038485407815e-01	2.074362294578579180e-01	-2.336867504587407107e-01	1.100682902979897154e-01	-1.285668614471446036e-01	1.033006534998874570e-01	-1.594238840971454740e-01	1.483747628030700205e-01	-1.077542694148196228e-01	1.091214619877475395e-01	-1.100463463060770419e-01	1.078366610870810927e-01	-1.676743452690522829e-01
7.984243092263566821e-02	-9.903476996954840850e-02	1.095075190980440011e-01	-1.407900484388908413e-01	1.431814966980484993e-01	-7.726081677620666444e-02	9.834766692408532240e-02	-1.195576020534472594e-01	1.253987432061174079e-01	-1.183436279308725109e-01	1.073987714453228659e-01	-1.512608147205591891e-01	1.629232184730268207e-01	-1.909734497975361656e-01	1.495769270749902902e-01	-1.400950205930850678e-01	1.499055446256856994e-01	-1.977751603302433381e-01	2.209935936793445965e-01	-2.381135606628585755e-01	1.672275362179937441e-01	-1.669831380218940176e-01	2.034809853213867814e-01	-5.646905654010673237e-01	1.000000000000002442e+00	-1.601451172525081013e-01	1.550113345477653060e-01	-1.866838658924540317e-01	2.671597155469767060e-01	-5.383209909514652391e-01	1.055224075988294985e-01	-1.566382378465822900e-01	1.306302710065649075e-01	-2.520280512178345034e-01	2.731641972606882462e-01	-1.169027836120859754e-01	1.331628620410784392e-01	-1.081056189665192124e-01	1.759613482191705325e-01	-1.929305609696767010e-01	1.137662577053274726e-01	-1.200621376299629561e-01	1.178666635719945455e-01	-1.204869104599921026e-01	1.790337646957947393e-01
-7.860867782457686692e-02	8.940575782422000017e-02	-9.485748352157763463e-02	1.108542738762369056e-01	-1.103901000632673823e-01	7.453771014458217270e-02	-9.080584054246709780e-02	9.797391037767254340e-02	-9.603905658804363921e-02	8.278018059123154471e-02	-1.104616857924028417e-01	1.426717779776519590e-01	-1.289261764313190950e-01	1.227464645295349016e-01	-9.171372244549361175e-02	1.448958177123859659e-01	-1.901566695639081150e-01	1.422606285138524884e-01	-1.379073998457560901e-01	1.168105326109657727e-01	-3.483114798855393990e-01	2.395199638128293618e-01	-2.072239656883464176e-01	1.546236161337565529e-01	-1.601451172525081013e-01	1.000000000000001554e+00	-4.769836853555472489e-01	1.875288032174968200e-01	-2.201341674459715292e-01	1.233708419705721315e-01	-5.486923137465520295e-01	3.198096699841428969e-01	-1.947392831790694112e-01	2.160059986110089425e-01	-1.479429139829329110e-01	2.442784932859023983e-01	-2.624420536497125145e-01	1.544575494513290015e-01	-1.606130441469526826e-01	1.291003309238623054e-01	-2.180090116593836613e-01	1.691132399855923840e-01	-1.558867684339191317e-01	1.333315084110307247e-01	-1.982720479491026644e-01
9.059003893817556274e-02	-1.053130317152048134e-01	1.035867986939192215e-01	-1.208921748274577046e-01	1.134823717009350447e-01	-8.887361566918851319e-02	1.056794018586921791e-01	-1.101028190073667923e-01	1.032555150542416450e-01	-8.850707051242072410e-02	1.340434869470668866e-01	-1.841134568036828512e-01	1.465967501755108260e-01	-1.402218798339480710e-01	9.738542376557306202e-02	-1.952090699569658250e-01	2.447486870299085127e-01	-1.737010465661124603e-01	1.521285911220986442e-01	-1.258028245533437950e-01	2.213367932082824507e-01	-5.920957009276588412e-01	2.535769318083270774e-01	-1.724992252288499173e-01	1.550113345477653060e-01	-4.769836853555472489e-01	9.999999999999991118e-01	-3.212360212353579381e-01	2.301445446203668199e-01	-1.213341025655105959e-01	2.230320829028249741e-01	-3.274484484932492223e-01	1.564728004835795327e-01	-2.011248842972694351e-01	1.334419136205575451e-01	-1.756690399051409890e-01	1.815178793859637263e-01	-1.260851007925390121e-01	1.351188257197241671e-01	-1.131832446308855683e-01	1.472100450564565177e-01	-1.330494752414349557e-01	1.211843037644673160e-01	-1.089509360658775100e-01	1.589775241482953017e-01
-7.460310462600056036e-02	8.796333685396780233e-02	-9.211333789740507039e-02	1.108415521237538781e-01	-1.073664232902757920e-01	7.193211228084879505e-02	-8.897173360569586575e-02	9.876818893874182714e-02	-9.784155564431325225e-02	8.535750090967118842e-02	-1.057319721396710877e-01	1.450988489777587376e-01	-1.578790527830713775e-01	1.485491441262697110e-01	-9.805639043441644054e-02	1.399569938689478321e-01	-1.739608978942787099e-01	2.054479988811440949e-01	-1.851372441210470676e-01	1.266173267842242434e-01	-1.634750294925134961e-01	2.349852537661774043e-01	-6.411790903635788963e-01	2.343060325823456136e-01	-1.866838658924540317e-01	1.875288032174968200e-01	-3.212360212353579381e-01	1.000000000000001776e+00	-5.597250921302582283e-01	1.519545895885459907e-01	-1.200728305356156683e-01	1.699710497424381794e-01	-1.779198942672730877e-01	1.944998317580940439e-01	-1.496143949401287365e-01	1.200881968000823696e-01	-1.403507479380712297e-01	1.251290626586833432e-01	-1.306392306776175682e-01	1.146723918098733336e-01	-1.108857778526332327e-01	1.089530001869499776e-01	-1.065742325786133426e-01	9.896359817728211938e-02	-1.442146868832430151e-01
9.281901554823636380e-02	-1.133862731566757515e-01	1.193177834409374638e-01	-1.499725947361934819e-01	1.412881280876072398e-01	-9.058196796563607045e-02	1.123111770865721781e-01	-1.300802512705272473e-01	1.284446174808232810e-01	-1.146133411717391859e-01	1.283104819034439070e-01	-1.808195547335995912e-01	1.815407095271647508e-01	-1.967321781920819967e-01	1.311934009410298807e-01	-1.730642435113343702e-01	1.885808935392989938e-01	-2.379535751193155857e-01	2.252508084273814881e-01	-1.785539583589507151e-01	2.013251252529325852e-01	-2.395591027621518654e-01	3.091556605424404802e-01	-4.451864672449531435e-01	2.671597155469767060e-01	-2.201341674459715292e-01	2.301445446203668199e-01	-5.597250921302582283e-01	1.000000000000001554e+00	-2.811464874326840002e-01	1.388853757750393436e-01	-2.077121907546757851e-01	1.691489377737115662e-01	-2.900550343391881669e-01	2.125641166984566233e-01	-1.462753994589926221e-01	1.637029115014211056e-01	-1.374557160374109965e-01	1.749841125036248057e-01	-1.659329698428204936e-01	1.359282905728859125e-01	-1.390453858832040035e-01	1.329986033314947136e-01	-1.288508226364899478e-01	1.878325737164803222e-01
-5.661282236717687238e-02	6.911746498759623047e-02	-7.614980049829152275e-02	9.604927399201552973e-02	-9.784610215362926633e-02	5.452557545789146753e-02	-6.885973864706992909e-02	8.186755052268997190e-02	-8.486830418526054853e-02	7.771171343895230677e-02	-7.638011610237138704e-02	1.056939498882040057e-01	-1.114315507684269374e-01	1.209853233896680258e-01	-9.547310259694824497e-02	9.950138316866760646e-02	-1.089878395587817322e-01	1.303311011681903830e-01	-1.449420365026827529e-01	1.331645587216424287e-01	-1.295247374299177412e-01	1.237438863681888102e-01	-1.593073497403671157e-01	2.437277862273022622e-01	-5.383209909514652391e-01	1.233708419705721315e-01	-1.213341025655105959e-01	1.519545895885459907e-01	-2.811464874326840002e-01	1.000000000000004441e+00	-8.354257579747871587e-02	1.223229989749748392e-01	-1.127602938598115112e-01	2.042390235528010745e-01	-6.674271647081183589e-01	9.586012575042893169e-02	-1.120648088402854958e-01	9.436355310630269166e-02	-2.075082264018180134e-01	2.214511057413926509e-01	-9.652590214852285744e-02	1.036683356731810807e-01	-1.092651806877408538e-01	1.166783812868144588e-01	-1.883314765298377269e-01
5.087445975096838852e-02	-5.885120180560440145e-02	6.217272747293867141e-02	-7.383772078287834106e-02	7.253439657667394569e-02	-4.862890048501149198e-02	5.921279941661392043e-02	-6.473894773728247620e-02	6.317919625439817610e-02	-5.472666218762653467e-02	7.103765844128243079e-02	-9.352132139731635097e-02	8.328158603255318704e-02	-8.071910884977455403e-02	6.044975997025407721e-02	-9.477625474858518417e-02	1.160681880397937682e-01	-9.235290478022517568e-02	8.919792723235470122e-02	-7.800403774363628973e-02	1.901262485474769504e-01	-1.536331983988678263e-01	1.289680276294162264e-01	-1.020212176984036517e-01	1.055224075988294985e-01	-5.486923137465520295e-01	2.230320829028249741e-01	-1.200728305356156683e-01	1.388853757750393436e-01	-8.354257579747871587e-02	1.000000000000004663e+00	-6.236928383481392668e-01	1.614209726995791683e-01	-1.657145962406064432e-01	1.003226842218520737e-01	-4.238955212932473127e-01	2.479137875842440941e-01	-1.372846447492810373e-01	1.178208551200529836e-01	-9.375868221687976012e-02	2.032200751738932609e-01	-1.569609980416376838e-01	1.248646242604771889e-01	-1.058697043052135162e-01	1.440216741413754553e-01
-7.294279264982471422e-02	8.345684931562354081e-02	-8.959600321045331495e-02	1.054860963205448698e-01	-1.058007409468234850e-01	6.905207403981809822e-02	-8.454440688831815764e-02	9.248044059216611879e-02	-9.129474883066206192e-02	7.901658642661668619e-02	-1.011731893437401303e-01	1.310500610561150525e-01	-1.205953329683763370e-01	1.158661306576696248e-01	-8.765090712769313397e-02	1.315520977753021070e-01	-1.668558050824770767e-01	1.323661967574965570e-01	-1.301255557862055767e-01	1.120276684768826969e-01	-2.761884614249825454e-01	2.011170552020222491e-01	-1.893986280462995331e-01	1.479021466082065805e-01	-1.566382378465822900e-01	3.198096699841428969e-01	-3.274484484932492223e-01	1.699710497424381794e-01	-2.077121907546757851e-01	1.223229989749748392e-01	-6.236928383481392668e-01	1.000000000000003331e+00	-2.583115114273947244e-01	2.283841472541900397e-01	-1.489250108244953297e-01	2.848306194735076846e-01	-3.630372759398627358e-01	1.942883710837816913e-01	-1.718740487121333538e-01	1.356419196030671515e-01	-2.490850166294531765e-01	1.911038561558379423e-01	-1.752184827216677343e-01	1.470398663987660393e-01	-2.114251761846866751e-01
5.636638728273297289e-02	-6.744977215682983196e-02	7.169989743637719681e-02	-8.856610692858807310e-02	8.502702121416447212e-02	-5.444514338374450285e-02	6.683601084285099858e-02	-7.591521785706333014e-02	7.421958054003602312e-02	-6.525456307320331995e-02	7.714022256490181417e-02	-1.047031172916830649e-01	9.569913624873514768e-02	-9.641089032204284981e-02	7.220624501940828277e-02	-1.036328157837787395e-01	1.146648227925599201e-01	-1.090895154638282377e-01	1.050156603422607304e-01	-9.604287931722850502e-02	1.707829871107443831e-01	-1.431406166421004544e-01	1.533939286564270088e-01	-1.289725038485407815e-01	1.306302710065649075e-01	-1.947392831790694112e-01	1.564728004835795327e-01	-1.779198942672730877e-01	1.691489377737115662e-01	-1.127602938598115112e-01	1.614209726995791683e-01	-2.583115114273947244e-01	1.000000000000001998e+00	-3.562811073058796962e-01	1.336622367498841446e-01	-2.323687290923129034e-01	2.865093153489828848e-01	-7.523308267080935918e-01	1.925694643004871587e-01	-1.496129141117270300e-01	1.822655474746039672e-01	-2.110009171550782658e-01	2.105590543256805058e-01	-1.890297107273114230e-01	1.984152931653402896e-01
-8.501802292439220032e-02	1.000057854816692737e-01	-1.118481086260600110e-01	1.353928007533572453e-01	-1.414545302399539406e-01	8.041341389241030146e-02	-1.004536530982654274e-01	1.156332004910883421e-01	-1.178760767787477709e-01	1.040585918583377539e-01	-1.135284151546670506e-01	1.501010662137125806e-01	-1.486425344333490717e-01	1.480835423905909609e-01	-1.173711321896942633e-01	1.453966245932608869e-01	-1.654965758910470208e-01	1.621590720779944039e-01	-1.688849041445073806e-01	1.514708421699395569e-01	-2.832453509945293546e-01	1.854727781818666932e-01	-2.215590157825836348e-01	2.074362294578579180e-01	-2.520280512178345034e-01	2.160059986110089425e-01	-2.011248842972694351e-01	1.944998317580940439e-01	-2.900550343391881669e-01	2.042390235528010745e-01	-1.657145962406064432e-01	2.283841472541900397e-01	-3.562811073058796962e-01	1.000000000000004663e+00	-2.811467853634412317e-01	2.119875299482195108e-01	-2.984574437126832347e-01	2.404268987961789006e-01	-4.403441827229327421e-01	2.696011594633194175e-01	-2.429393301265433402e-01	2.289603150797643871e-01	-2.766623919591213454e-01	2.475396984624587404e-01	-4.105354813105180356e-01
