1.000000000000000000e+00	-1.120409393277916471e-01	1.028896985358655064e-01	-9.824995883388108753e-02	8.122805503437102725e-02	-8.256938340941444299e-01	1.238248451697576136e-01	-1.769680993796196866e-01	1.174116622659965997e-01	-7.059084343304937448e-02	2.944228655214907731e-01	-2.711106728330417992e-01	1.434265703472183962e-01	-1.306846096754509801e-01	6.155655952948867193e-02	-1.033108068129030138e-01	8.690887574936445592e-02	-1.089744629104572871e-01	1.002642521950256327e-01	-6.634251353979830901e-02	7.530647268372865633e-02	-6.966402789940358276e-02	9.584770618607402204e-02	-8.319360974925212038e-02	8.820815635024292778e-02	-6.661536160746478474e-02	6.646544009856711344e-02	-8.091751722154735815e-02	1.041466551786355832e-01	-6.701382756426473020e-02	5.958817601746020653e-02	-5.733576968906743676e-02	6.959439808095826963e-02	-5.793816406831463206e-02	5.353395665769804246e-02	-4.767020471305176421e-02	5.179940548394191407e-02	-5.767621506856202701e-02	4.841688230979956931e-02	-5.993158074738908631e-02	3.159934398963389068e-02	-2.313524109561938477e-02	4.716125582264070470e-02	-4.934114722044468521e-02	5.646453538113133108e-02
-1.120409393277916471e-01	1.000000000000000444e+00	-4.557812463061450270e-01	2.312894154255027146e-01	-1.231030514796517678e-01	8.118140571638558789e-02	-7.872552422069661882e-01	2.014979557952493172e-01	-1.996732264722956007e-01	1.022436225486659384e-01	-1.482794096322714583e-01	1.584410418454372527e-01	-1.492284477658964437e-01	1.484208793749710320e-01	-7.508059617199137892e-02	8.460146646667035530e-02	-7.462601123556183991e-02	1.015942234023964469e-01	-1.095119339549915499e-01	7.814782378590416634e-02	-6.827059536085991476e-02	6.234756292192657201e-02	-9.085973509259989700e-02	8.368952109348896939e-02	-8.990672753925096905e-02	5.878804203559288843e-02	-6.019390343738095089e-02	7.363879256281635755e-02	-9.955473708885856365e-02	6.279486553040795893e-02	-5.394589438323436209e-02	5.136178373053057467e-02	-6.377560366595540209e-02	5.206533808994143891e-02	-4.995423079959167290e-02	4.186378082959352209e-02	-4.611307581451141308e-02	5.176990471196685206e-02	-4.391596196382224759e-02	5.447087408043119194e-02	-2.800942352499432089e-02	2.046959309306352337e-02	-4.278713212973869751e-02	4.431196199525679058e-02	-5.164376304684846486e-02
1.028896985358655064e-01	-4.557812463061450270e-01	1.000000000000000444e+00	-6.817481236505263942e-01	1.650804858337131531e-01	-7.471326342287203104e-02	2.739968685803753634e-01	-2.704025828111993324e-01	2.742329551527441511e-01	-1.519430854718174795e-01	1.479844020715727904e-01	-1.755963416455623427e-01	1.697238263173362627e-01	-2.181377838902667232e-01	9.920552998004666945e-02	-1.072852818437290967e-01	9.212758526320838359e-02	-1.312887299298014232e-01	1.414650960797416146e-01	-1.074123630442379573e-01	8.386619804335271322e-02	-7.758395064971387867e-02	1.119324185882468459e-01	-1.085338748232612949e-01	1.114832948087697284e-01	-7.356876400433497165e-02	7.434519859407870412e-02	-9.259091192376366075e-02	1.221630006341385827e-01	-7.946290906549106914e-02	6.640664334154890158e-02	-6.399035433141335438e-02	7.898855172885861642e-02	-6.572986199335589808e-02	6.244068246657909910e-02	-5.223694624728596886e-02	5.678224229360880060e-02	-6.520433627561628143e-02	5.487119481557296147e-02	-6.904042204221208512e-02	3.449000821677378897e-02	-2.529065064440094018e-02	5.335553282914033690e-02	-5.589110667077851202e-02	6.425411027141167408e-02
-9.824995883388108753e-02	2.312894154255027146e-01	-6.817481236505263942e-01	1.000000000000000444e+00	-2.396291556914804666e-01	6.939228193129254318e-02	-2.558416945194014192e-01	2.138070856434069467e-01	-5.169719987052089349e-01	1.836034276858900249e-01	-1.417243630816644728e-01	1.511163881171951606e-01	-1.593201897709349557e-01	2.170235999532470206e-01	-1.120506379358214150e-01	9.845170855957752210e-02	-8.714326018647725047e-02	1.239206335717060320e-01	-1.505222129346052151e-01	1.145373619082804273e-01	-8.050679761516392474e-02	7.375101358610700042e-02	-1.093390839961924099e-01	1.069820494789415072e-01	-1.135934314638244041e-01	6.917544374458638179e-02	-7.104162835136747234e-02	8.774321575273182072e-02	-1.201030410808531512e-01	7.621613944699576204e-02	-6.331934979570311151e-02	6.044096585818888728e-02	-7.556657595275659278e-02	6.177422787322933012e-02	-6.011260930777698880e-02	4.884690102330291328e-02	-5.371884559779806917e-02	6.130283148055971215e-02	-5.202801478073666719e-02	6.510888465049011198e-02	-3.256659852675401062e-02	2.382703041029644517e-02	-5.063369621114062469e-02	5.252313844241299906e-02	-6.129142530101472364e-02
8.122805503437102725e-02	-1.231030514796517678e-01	1.650804858337131531e-01	-2.396291556914804666e-01	1.000000000000000444e+00	-5.725623013826888069e-02	1.284098385577294166e-01	-1.624130212378623594e-01	2.398709319475236801e-01	-8.204650539187735570e-01	1.178679228626422215e-01	-1.308029945279160777e-01	1.225992207438381804e-01	-2.005844411987827147e-01	2.324876842294991974e-01	-1.034745810708851271e-01	8.785451564104226896e-02	-1.296539356758563966e-01	1.529163772330572602e-01	-2.712869182453055972e-01	8.181076286266707187e-02	-7.588802044490720877e-02	1.102211678754549395e-01	-1.159083020355859278e-01	1.175312755373795620e-01	-7.237066500295837035e-02	7.298317912534220409e-02	-9.245996959121340064e-02	1.234870207442744366e-01	-8.220573440361837736e-02	6.563017660132990094e-02	-6.348024559654469323e-02	7.862404775676255786e-02	-6.647062014707666444e-02	6.379999928809544640e-02	-5.173331659311374009e-02	5.601599868653952402e-02	-6.569147295337178505e-02	5.521523620103409302e-02	-7.064293511822911098e-02	3.401328340484150586e-02	-2.497565513850080396e-02	5.361841326884426995e-02	-5.656107669557151885e-02	6.482897375876572887e-02
-8.256938340941444299e-01	8.118140571638558789e-02	-7.471326342287203104e-02	6.939228193129254318e-02	-5.725623013826888069e-02	1.000000000000000888e+00	-9.779179868053974878e-02	1.236030634158118841e-01	-8.392968518033093461e-02	4.926312336226437716e-02	-4.658521343626002564e-01	2.004270997079267702e-01	-1.095991569012188388e-01	9.054819039468939290e-02	-4.298730808876777276e-02	7.123345421494968466e-02	-6.155953864794112135e-02	7.570854718939293293e-02	-7.040201260567154062e-02	4.591833668213939762e-02	-5.248204674791612928e-02	4.835852063818834451e-02	-6.703816768077765220e-02	5.740775909711998831e-02	-6.127027900439213637e-02	4.577296414427798471e-02	-4.603158817850433460e-02	5.543962588918970036e-02	-7.176806292776634344e-02	4.572592647460881760e-02	-4.084855518763569338e-02	3.916865365140365096e-02	-4.777541805922185664e-02	3.932862348577122885e-02	-3.658000685422844317e-02	3.233426169313707160e-02	-3.529366097033156957e-02	3.918648041013701733e-02	-3.298646728704578840e-02	4.066017305183911024e-02	-2.149555604120549288e-02	1.572676386475593824e-02	-3.213863064515054546e-02	3.346788220525310359e-02	-3.849409381759715670e-02
1.238248451697576136e-01	-7.872552422069661882e-01	2.739968685803753634e-01	-2.558416945194014192e-01	1.284098385577294166e-01	-9.779179868053974878e-02	1.000000000000000666e+00	-3.007117634293111630e-01	2.011769425126947175e-01	-1.146445737298104756e-01	1.710863648914285606e-01	-2.258479937949976479e-01	1.854945949946008310e-01	-1.833223401031306987e-01	8.571625553316984669e-02	-1.081259552178217842e-01	9.348675327895084042e-02	-1.275491272471176440e-01	1.292093197448025144e-01	-9.224048373348980867e-02	8.366741259984510071e-02	-7.720444758528134666e-02	1.102901967048523640e-01	-1.016037934668479886e-01	1.064298007468530427e-01	-7.318182824719537960e-02	7.395906103753775718e-02	-9.107754512709510808e-02	1.196971997748081662e-01	-7.709745646057747370e-02	6.608489482587556751e-02	-6.348359944490467033e-02	7.811173938551556339e-02	-6.468243249783708904e-02	6.104135080756833975e-02	-5.203872023465937191e-02	5.672688097964798809e-02	-6.427275230396001238e-02	5.413485361044293592e-02	-6.756033332396295388e-02	3.449102845697714359e-02	-2.526248254794198969e-02	5.268687516859505565e-02	-5.502930805918709867e-02	6.334889055769613031e-02
-1.769680993796196866e-01	2.014979557952493172e-01	-2.704025828111993324e-01	2.138070856434069467e-01	-1.624130212378623594e-01	1.236030634158118841e-01	-3.007117634293111630e-01	1.000000000000000444e+00	-3.558809734070200181e-01	1.380137472429555923e-01	-2.832028635271907069e-01	2.912649042337179250e-01	-6.726217374728444831e-01	2.441875902176058322e-01	-1.103295899347892933e-01	1.349691775153439577e-01	-1.282348341209816056e-01	1.750194353603217179e-01	-1.837995549250940885e-01	1.123609387683374289e-01	-1.108792057196729131e-01	1.010684875261671778e-01	-1.521557156006504152e-01	1.303876428436553936e-01	-1.407844185965230754e-01	9.221112618887633561e-02	-9.612500476298629914e-02	1.141668080465108315e-01	-1.532748032017224038e-01	9.468268811707156174e-02	-8.284070030651190242e-02	7.856690525239218292e-02	-9.858108302372865783e-02	7.797003944004345100e-02	-7.549266946922998656e-02	6.275976473065780770e-02	-6.960386022782669158e-02	7.778035396969906756e-02	-6.622825591953779290e-02	8.113414604921828643e-02	-4.207866155908679406e-02	3.073388922522404115e-02	-6.451510955688943838e-02	6.611874876123255418e-02	-7.766498976753526129e-02
1.174116622659965997e-01	-1.996732264722956007e-01	2.742329551527441511e-01	-5.169719987052089349e-01	2.398709319475236801e-01	-8.392968518033093461e-02	2.011769425126947175e-01	-3.558809734070200181e-01	1.000000000000000222e+00	-2.983965191076153878e-01	1.747409221443902982e-01	-2.077665100208530569e-01	2.223317585285168596e-01	-4.907788668932427378e-01	1.536773314246343280e-01	-1.414341812714817181e-01	1.232365044206094190e-01	-1.857380247352889147e-01	2.260564494565684146e-01	-1.639991147729334686e-01	1.104011609641312036e-01	-1.029068169479558092e-01	1.509639905080247257e-01	-1.591406702751696212e-01	1.557347359836467326e-01	-9.609377839201384275e-02	9.751035347912836992e-02	-1.220635224340618358e-01	1.618629108130978933e-01	-1.059980620898084147e-01	8.548880512901133044e-02	-8.269475456991330631e-02	1.029291863215819891e-01	-8.522448263152854198e-02	8.226955090705376228e-02	-6.644722268330945092e-02	7.215069834284983108e-02	-8.442056125879579542e-02	7.106512373944479100e-02	-9.015618670067945817e-02	4.367166494330264326e-02	-3.206847646829613652e-02	6.899612842928756762e-02	-7.228638732296241431e-02	8.325575586811563567e-02
-7.059084343304937448e-02	1.022436225486659384e-01	-1.519430854718174795e-01	1.836034276858900249e-01	-8.204650539187735570e-01	4.926312336226437716e-02	-1.146445737298104756e-01	1.380137472429555923e-01	-2.983965191076153878e-01	1.000000000000000666e+00	-1.026462097960429559e-01	1.087065162820584907e-01	-1.085615801873606040e-01	1.754235713403339281e-01	-3.377533426167954600e-01	8.559786042602392231e-02	-7.490474278409320341e-02	1.096952329026766038e-01	-1.411060663886869737e-01	2.319806828484891892e-01	-7.017513580603385037e-02	6.453508726073586832e-02	-9.593829494862934903e-02	1.003209640301820915e-01	-1.055403314603087228e-01	6.079210102457298370e-02	-6.224071712846801496e-02	7.797994232653242264e-02	-1.075851857663734923e-01	6.966678247917670874e-02	-5.568367903172285333e-02	5.337604840778844423e-02	-6.686926279023887310e-02	5.543070994705896759e-02	-5.438135829516974745e-02	4.306945514322501473e-02	-4.716549119736714035e-02	5.483251551419883463e-02	-4.646834484425416828e-02	5.898157718049337056e-02	-2.858477629663996183e-02	2.094285404279852547e-02	-4.516356148476169396e-02	4.714860978637482047e-02	-5.484417725928363019e-02
2.944228655214907731e-01	-1.482794096322714583e-01	1.479844020715727904e-01	-1.417243630816644728e-01	1.178679228626422215e-01	-4.658521343626002564e-01	1.710863648914285606e-01	-2.832028635271907069e-01	1.747409221443902982e-01	-1.026462097960429559e-01	1.000000000000000222e+00	-5.836875099885905360e-01	2.432525312693819830e-01	-1.964488769943736612e-01	8.985256940144084603e-02	-1.586560412982563617e-01	1.364419654393716486e-01	-1.652625779704973985e-01	1.494294161445144375e-01	-9.669451803302665793e-02	1.118626793469798680e-01	-1.040790817504306243e-01	1.421748066458382864e-01	-1.216298619003165077e-01	1.282135478807624185e-01	-9.778671258298733682e-02	9.778760693671292858e-02	-1.174900169399681477e-01	1.498726066001781765e-01	-9.619016399327401379e-02	8.576842652859946459e-02	-8.263935884853997049e-02	1.004992327291465148e-01	-8.288004407076170199e-02	7.672563189679612594e-02	-6.805040503586257117e-02	7.394439495689980602e-02	-8.258406110177275716e-02	6.931695233560940250e-02	-8.558983409336759496e-02	4.500649441504361858e-02	-3.296865067173956887e-02	6.748414815107336984e-02	-7.045233037139250754e-02	8.067157931587089215e-02
-2.711106728330417992e-01	1.584410418454372527e-01	-1.755963416455623427e-01	1.511163881171951606e-01	-1.308029945279160777e-01	2.004270997079267702e-01	-2.258479937949976479e-01	2.912649042337179250e-01	-2.077665100208530569e-01	1.087065162820584907e-01	-5.836875099885905360e-01	9.999999999999995559e-01	-5.329168238087804710e-01	2.054611433128378517e-01	-9.740086607986150891e-02	1.637193743905679955e-01	-1.805771097450228069e-01	1.810159325345967740e-01	-1.707845327810515179e-01	1.003853494129186286e-01	-1.237593223747780746e-01	1.133681522853887125e-01	-1.606324822596046642e-01	1.263640828024956420e-01	-1.378535263241091879e-01	1.006193944613506808e-01	-1.050038806429570565e-01	1.190552714469639978e-01	-1.556642274167538975e-01	9.536356404718039637e-02	-8.726361258742920679e-02	8.269504231133001371e-02	-1.029160442712395152e-01	8.030319630763717298e-02	-7.661125881354478862e-02	6.583218074365906891e-02	-7.308964469081649651e-02	8.038876648698718708e-02	-6.836243246668956275e-02	8.265625143008829834e-02	-4.414281622126662447e-02	3.222769765514775508e-02	-6.662836851908088276e-02	6.800639811299367954e-02	-7.973641827557571837e-02
1.434265703472183962e-01	-1.492284477658964437e-01	1.697238263173362627e-01	-1.593201897709349557e-01	1.225992207438381804e-01	-1.095991569012188388e-01	1.854945949946008310e-01	-6.726217374728444831e-01	2.223317585285168596e-01	-1.085615801873606040e-01	2.432525312693819830e-01	-5.329168238087804710e-01	1.000000000000000222e+00	-2.842381362610663653e-01	9.380529732697880096e-02	-1.412661746783919203e-01	1.356817333340754883e-01	-2.061148834542448072e-01	1.765079749057707759e-01	-9.927005147392886641e-02	1.053541634465530175e-01	-9.918366766052771899e-02	1.458718959904054535e-01	-1.231467093136764113e-01	1.262220085467880282e-01	-8.800457833946895292e-02	9.060395175562466208e-02	-1.074358470497752127e-01	1.369016719753229916e-01	-8.622194439715870351e-02	7.529201488947652454e-02	-7.242122920777505080e-02	9.031625702151209467e-02	-7.138258777384608178e-02	6.811634131538830961e-02	-5.720464035227847133e-02	6.270448681934129298e-02	-7.128241219098230275e-02	6.016896075075835182e-02	-7.392540053638706199e-02	3.780574226842367547e-02	-2.770751227490824906e-02	5.848464571921681288e-02	-6.028482862364405170e-02	6.992489941869252379e-02
-1.306846096754509801e-01	1.484208793749710320e-01	-2.181377838902667232e-01	2.170235999532470206e-01	-2.005844411987827147e-01	9.054819039468939290e-02	-1.833223401031306987e-01	2.441875902176058322e-01	-4.907788668932427378e-01	1.754235713403339281e-01	-1.964488769943736612e-01	2.054611433128378517e-01	-2.842381362610663653e-01	1.000000000000000666e+00	-1.849097176440562817e-01	1.664729323544253126e-01	-1.620842759113461651e-01	2.441438705514780705e-01	-5.594988369770212966e-01	1.819219908413606535e-01	-1.437496299894566176e-01	1.320411528592007611e-01	-2.111603336429733746e-01	2.304732924284955409e-01	-2.444201449596721254e-01	1.185634136318236137e-01	-1.251603847115430324e-01	1.535208118853728931e-01	-2.229688891007933216e-01	1.377386966990415684e-01	-1.070342741735621772e-01	1.019294533801424624e-01	-1.312413118903684173e-01	1.041691451305235688e-01	-1.072060607207902111e-01	7.948003078353707562e-02	-8.805840931553704509e-02	1.031467366370877187e-01	-8.833707193658309198e-02	1.113135382129744333e-01	-5.295452474558740713e-02	3.877279384993371353e-02	-8.577874276922242691e-02	8.813913445136227487e-02	-1.047011899011505709e-01
6.155655952948867193e-02	-7.508059617199137892e-02	9.920552998004666945e-02	-1.120506379358214150e-01	2.324876842294991974e-01	-4.298730808876777276e-02	8.571625553316984669e-02	-1.103295899347892933e-01	1.536773314246343280e-01	-3.377533426167954600e-01	8.985256940144084603e-02	-9.740086607986150891e-02	9.380529732697880096e-02	-1.849097176440562817e-01	1.000000000000001110e+00	-9.275248859735688023e-02	8.080354708356783655e-02	-1.288837674585835147e-01	1.844011494654261285e-01	-8.565662588838235392e-01	7.329905451491992852e-02	-6.878056162867311751e-02	1.024594620247347015e-01	-1.254198890529253652e-01	1.209183508028287141e-01	-6.400854543216785708e-02	6.503463975701273547e-02	-8.303133039512762548e-02	1.128026091948306775e-01	-7.709184967971427493e-02	5.683341959900187201e-02	-5.525537238770893839e-02	6.947417923215827573e-02	-5.855752443600190094e-02	5.823303525139123665e-02	-4.383322674980358324e-02	4.747175750093973745e-02	-5.762775258380753440e-02	4.853684429080695750e-02	-6.340433269600757871e-02	2.866203005787241326e-02	-2.108765471855489348e-02	4.700191959214437831e-02	-4.967004688589693462e-02	5.720638127351054120e-02
-1.033108068129030138e-01	8.460146646667035530e-02	-1.072852818437290967e-01	9.845170855957752210e-02	-1.034745810708851271e-01	7.123345421494968466e-02	-1.081259552178217842e-01	1.349691775153439577e-01	-1.414341812714817181e-01	8.559786042602392231e-02	-1.586560412982563617e-01	1.637193743905679955e-01	-1.412661746783919203e-01	1.664729323544253126e-01	-9.275248859735688023e-02	1.000000000000001332e+00	-7.399713270149265165e-01	2.859960561264731638e-01	-1.994911891942498516e-01	9.685750497636581857e-02	-3.624642765767561725e-01	2.571563324300850106e-01	-2.961529725230456211e-01	1.481069244887663061e-01	-1.588243783481678717e-01	2.008824451159403890e-01	-2.178582855352569903e-01	1.786518069341853643e-01	-1.947391677480528049e-01	1.136364287900738235e-01	-1.300948737445352110e-01	1.237984432597862838e-01	-1.506423699963273521e-01	1.022738383293336356e-01	-9.259692841230096616e-02	8.944174038407930183e-02	-9.950464868582599431e-02	1.047702088488585564e-01	-8.834363129253344771e-02	9.896797297496315315e-02	-5.850499654684458706e-02	4.289022179188857475e-02	-8.577563261336057510e-02	8.453011657870815321e-02	-9.823850066311225204e-02
8.690887574936445592e-02	-7.462601123556183991e-02	9.212758526320838359e-02	-8.714326018647725047e-02	8.785451564104226896e-02	-6.155953864794112135e-02	9.348675327895084042e-02	-1.282348341209816056e-01	1.232365044206094190e-01	-7.490474278409320341e-02	1.364419654393716486e-01	-1.805771097450228069e-01	1.356817333340754883e-01	-1.620842759113461651e-01	8.080354708356783655e-02	-7.399713270149265165e-01	1.000000000000001998e+00	-4.597539481764340019e-01	1.860835711192170006e-01	-8.836593702241556103e-02	2.400512401953977248e-01	-3.006157679105573299e-01	2.539938642613429609e-01	-1.352679282984359521e-01	1.329369939589270522e-01	-1.770875062111220699e-01	1.795646041359587886e-01	-1.575800641119266543e-01	1.572627654830809352e-01	-9.620031602570602858e-02	1.037670812335030057e-01	-1.034683769829392724e-01	1.232690282303823409e-01	-8.616799492493001922e-02	7.673696291627189747e-02	-7.333035010743411963e-02	7.920360436674583893e-02	-8.806881125234725105e-02	7.294294517861263372e-02	-8.345121660808269004e-02	4.650874985798772454e-02	-3.435725339721325960e-02	7.047595496058418896e-02	-7.082259704143875623e-02	8.042800102475437807e-02
-1.089744629104572871e-01	1.015942234023964469e-01	-1.312887299298014232e-01	1.239206335717060320e-01	-1.296539356758563966e-01	7.570854718939293293e-02	-1.275491272471176440e-01	1.750194353603217179e-01	-1.857380247352889147e-01	1.096952329026766038e-01	-1.652625779704973985e-01	1.810159325345967740e-01	-2.061148834542448072e-01	2.441438705514780705e-01	-1.288837674585835147e-01	2.859960561264731638e-01	-4.597539481764340019e-01	9.999999999999998890e-01	-4.385361671265290417e-01	1.373392406650694453e-01	-2.405963527937874658e-01	2.374471491410816981e-01	-5.117358754824901101e-01	2.127667328478705100e-01	-2.108041467364498434e-01	1.772419789184670746e-01	-1.967551052223349695e-01	2.159179670637587645e-01	-2.321527074770267374e-01	1.378020470514522144e-01	-1.356313332782504710e-01	1.313971500992559827e-01	-1.728265848387235681e-01	1.175208273239010115e-01	-1.093951653310098610e-01	9.498023861784804511e-02	-1.046180569046439024e-01	1.197762096385502489e-01	-1.005508420582231222e-01	1.160858530965509922e-01	-6.165185415779210476e-02	4.536353617243291114e-02	-9.738992474806429378e-02	9.698217315716649300e-02	-1.122650943144633401e-01
1.002642521950256327e-01	-1.095119339549915499e-01	1.414650960797416146e-01	-1.505222129346052151e-01	1.529163772330572602e-01	-7.040201260567154062e-02	1.292093197448025144e-01	-1.837995549250940885e-01	2.260564494565684146e-01	-1.411060663886869737e-01	1.494294161445144375e-01	-1.707845327810515179e-01	1.765079749057707759e-01	-5.594988369770212966e-01	1.844011494654261285e-01	-1.994911891942498516e-01	1.860835711192170006e-01	-4.385361671265290417e-01	1.000000000000001554e+00	-2.560405857078351111e-01	1.478882800480664506e-01	-1.456840832971087740e-01	2.268551859782821645e-01	-4.310311976983445259e-01	2.555268416347265537e-01	-1.259876542723602499e-01	1.290836263259695083e-01	-1.664087120167503098e-01	2.211823208944165009e-01	-1.497824752920146885e-01	1.049175710293414887e-01	-1.035925835739316819e-01	1.321607642780215919e-01	-1.079894360516566315e-01	1.096220872392365819e-01	-7.884730460003903929e-02	8.493918456654106497e-02	-1.063753795030307481e-01	8.921663226802746538e-02	-1.170768347615437077e-01	5.080909949652531732e-02	-3.752478512238480168e-02	8.605537349521022450e-02	-9.061288592484093019e-02	1.042982130190646534e-01
-6.634251353979830901e-02	7.814782378590416634e-02	-1.074123630442379573e-01	1.145373619082804273e-01	-2.712869182453055972e-01	4.591833668213939762e-02	-9.224048373348980867e-02	1.123609387683374289e-01	-1.639991147729334686e-01	2.319806828484891892e-01	-9.669451803302665793e-02	1.003853494129186286e-01	-9.927005147392886641e-02	1.819219908413606535e-01	-8.565662588838235392e-01	9.685750497636581857e-02	-8.836593702241556103e-02	1.373392406650694453e-01	-2.560405857078351111e-01	9.999999999999997780e-01	-8.057446203723105105e-02	7.472844646195954399e-02	-1.152762098751871078e-01	1.384444630836951795e-01	-1.467360090448953380e-01	6.870518291644106545e-02	-7.110772273537277477e-02	8.964570509018159050e-02	-1.275556625391479626e-01	8.421962671746177631e-02	-6.197293611393745599e-02	5.962957358947217762e-02	-7.595921057968588186e-02	6.275879618885107925e-02	-6.424640458381221386e-02	4.696797455876247640e-02	-5.144810482401423329e-02	6.179838947829768836e-02	-5.255745304795295808e-02	6.803839478714072964e-02	-3.101751390239444392e-02	2.276676166841438628e-02	-5.093693878678259845e-02	5.323578965591518192e-02	-6.236929895548910807e-02
7.530647268372865633e-02	-6.827059536085991476e-02	8.386619804335271322e-02	-8.050679761516392474e-02	8.181076286266707187e-02	-5.248204674791612928e-02	8.366741259984510071e-02	-1.108792057196729131e-01	1.104011609641312036e-01	-7.017513580603385037e-02	1.118626793469798680e-01	-1.237593223747780746e-01	1.053541634465530175e-01	-1.437496299894566176e-01	7.329905451491992852e-02	-3.624642765767561725e-01	2.400512401953977248e-01	-2.405963527937874658e-01	1.478882800480664506e-01	-8.057446203723105105e-02	1.000000000000000444e+00	-5.939190944776667758e-01	2.665623164843807236e-01	-1.298770330703870601e-01	1.295876994127425907e-01	-5.454797000943858443e-01	3.152912131979871968e-01	-2.044788695467351924e-01	1.688425961269631459e-01	-1.061626368356963224e-01	1.400420024842689570e-01	-1.463024449204411714e-01	1.523134899774405970e-01	-1.042746236393287812e-01	8.519625114740893290e-02	-9.697912652703009895e-02	9.972350665560768268e-02	-1.079039885612247257e-01	8.670807303584469883e-02	-9.567263018289037801e-02	5.744591333999095328e-02	-4.298258195112936164e-02	8.314791138759045075e-02	-8.412407077155467650e-02	9.155942586369807124e-02
-6.966402789940358276e-02	6.234756292192657201e-02	-7.758395064971387867e-02	7.375101358610700042e-02	-7.588802044490720877e-02	4.835852063818834451e-02	-7.720444758528134666e-02	1.010684875261671778e-01	-1.029068169479558092e-01	6.453508726073586832e-02	-1.040790817504306243e-01	1.133681522853887125e-01	-9.918366766052771899e-02	1.320411528592007611e-01	-6.878056162867311751e-02	2.571563324300850106e-01	-3.006157679105573299e-01	2.374471491410816981e-01	-1.456840832971087740e-01	7.472844646195954399e-02	-5.939190944776667758e-01	9.999999999999996669e-01	-4.510576504111409868e-01	1.254096089445143891e-01	-1.258931279372288714e-01	3.053555989080283251e-01	-4.833762553785826421e-01	2.097900458164549675e-01	-1.666187833371489124e-01	9.985980483575898625e-02	-1.379628241633816810e-01	1.434911108333467300e-01	-1.577427989163686928e-01	9.776650710501061381e-02	-8.069691251326506498e-02	8.991620978906145201e-02	-9.578544467034881549e-02	1.020708179869814769e-01	-8.288917154392845543e-02	8.895954151316200209e-02	-5.467785530158322110e-02	4.073856454392799087e-02	-7.958125979422389640e-02	7.848565123730549820e-02	-8.674774810307196715e-02
9.584770618607402204e-02	-9.085973509259989700e-02	1.119324185882468459e-01	-1.093390839961924099e-01	1.102211678754549395e-01	-6.703816768077765220e-02	1.102901967048523640e-01	-1.521557156006504152e-01	1.509639905080247257e-01	-9.593829494862934903e-02	1.421748066458382864e-01	-1.606324822596046642e-01	1.458718959904054535e-01	-2.111603336429733746e-01	1.024594620247347015e-01	-2.961529725230456211e-01	2.539938642613429609e-01	-5.117358754824901101e-01	2.268551859782821645e-01	-1.152762098751871078e-01	2.665623164843807236e-01	-4.510576504111409868e-01	1.000000000000001776e+00	-2.135421750618478609e-01	1.873953503584890878e-01	-2.427111852402242531e-01	2.465279150437998390e-01	-4.209358407533325130e-01	2.383044518878342788e-01	-1.497693747107173567e-01	1.571834474139005289e-01	-1.706931875169332147e-01	2.205177336409360478e-01	-1.443017446107408286e-01	1.175287195329272200e-01	-1.133541447261714880e-01	1.174528807960875526e-01	-1.506779963754611706e-01	1.186923310989228403e-01	-1.314931209011712954e-01	6.835570633607683522e-02	-5.123239516683214534e-02	1.134056860805618128e-01	-1.148297715694614890e-01	1.238768668380499927e-01
-8.319360974925212038e-02	8.368952109348896939e-02	-1.085338748232612949e-01	1.069820494789415072e-01	-1.159083020355859278e-01	5.740775909711998831e-02	-1.016037934668479886e-01	1.303876428436553936e-01	-1.591406702751696212e-01	1.003209640301820915e-01	-1.216298619003165077e-01	1.263640828024956420e-01	-1.231467093136764113e-01	2.304732924284955409e-01	-1.254198890529253652e-01	1.481069244887663061e-01	-1.352679282984359521e-01	2.127667328478705100e-01	-4.310311976983445259e-01	1.384444630836951795e-01	-1.298770330703870601e-01	1.254096089445143891e-01	-2.135421750618478609e-01	1.000000000000000666e+00	-6.999392425540408302e-01	1.142735688923618292e-01	-1.193641768654687546e-01	1.743344854685339729e-01	-3.766416987167602315e-01	2.235312580650028746e-01	-1.060360162055458411e-01	1.045588394177695279e-01	-1.412467709804939020e-01	1.255783826704835460e-01	-1.565616540348650221e-01	7.881621344058871437e-02	-8.524747443855106022e-02	1.193506071245515471e-01	-1.031283763152770483e-01	1.491534609770163167e-01	-5.099256168259985733e-02	3.774022563897913574e-02	-9.862073703408300029e-02	1.057912122602696486e-01	-1.273287699085538516e-01
8.820815635024292778e-02	-8.990672753925096905e-02	1.114832948087697284e-01	-1.135934314638244041e-01	1.175312755373795620e-01	-6.127027900439213637e-02	1.064298007468530427e-01	-1.407844185965230754e-01	1.557347359836467326e-01	-1.055403314603087228e-01	1.282135478807624185e-01	-1.378535263241091879e-01	1.262220085467880282e-01	-2.444201449596721254e-01	1.209183508028287141e-01	-1.588243783481678717e-01	1.329369939589270522e-01	-2.108041467364498434e-01	2.555268416347265537e-01	-1.467360090448953380e-01	1.295876994127425907e-01	-1.258931279372288714e-01	1.873953503584890878e-01	-6.999392425540408302e-01	9.999999999999993339e-01	-1.208174571287176507e-01	1.213046118925009687e-01	-1.821478915994417247e-01	2.904771126335283227e-01	-3.857775798686838287e-01	1.132550775643411667e-01	-1.136717404897908679e-01	1.499431493072297394e-01	-1.546855997832382035e-01	2.008463371254246843e-01	-8.735912147332218491e-02	9.267946262130659363e-02	-1.427330442882550621e-01	1.215145892638658659e-01	-2.073464185828934603e-01	5.575726269865874385e-02	-4.148408144491981531e-02	1.158323172551031510e-01	-1.321168142100495047e-01	1.533835631500873875e-01
-6.661536160746478474e-02	5.878804203559288843e-02	-7.356876400433497165e-02	6.917544374458638179e-02	-7.237066500295837035e-02	4.577296414427798471e-02	-7.318182824719537960e-02	9.221112618887633561e-02	-9.609377839201384275e-02	6.079210102457298370e-02	-9.778671258298733682e-02	1.006193944613506808e-01	-8.800457833946895292e-02	1.185634136318236137e-01	-6.400854543216785708e-02	2.008824451159403890e-01	-1.770875062111220699e-01	1.772419789184670746e-01	-1.259876542723602499e-01	6.870518291644106545e-02	-5.454797000943858443e-01	3.053555989080283251e-01	-2.427111852402242531e-01	1.142735688923618292e-01	-1.208174571287176507e-01	1.000000000000000222e+00	-6.886597081167546985e-01	2.028203761705018038e-01	-1.722438672262172343e-01	1.007222945420838262e-01	-1.946000126267415919e-01	1.794985637707266490e-01	-1.731095846854636411e-01	1.030764272301533807e-01	-8.327890644402659304e-02	1.115876284262305312e-01	-1.204964864927072360e-01	1.084371461010353171e-01	-8.888152922167526226e-02	9.163168969180164602e-02	-6.749405552171409972e-02	5.004490488564207473e-02	-8.546768368107976466e-02	8.259280598533010054e-02	-9.184991387820577724e-02
6.646544009856711344e-02	-6.019390343738095089e-02	7.434519859407870412e-02	-7.104162835136747234e-02	7.298317912534220409e-02	-4.603158817850433460e-02	7.395906103753775718e-02	-9.612500476298629914e-02	9.751035347912836992e-02	-6.224071712846801496e-02	9.778760693671292858e-02	-1.050038806429570565e-01	9.060395175562466208e-02	-1.251603847115430324e-01	6.503463975701273547e-02	-2.178582855352569903e-01	1.795646041359587886e-01	-1.967551052223349695e-01	1.290836263259695083e-01	-7.110772273537277477e-02	3.152912131979871968e-01	-4.833762553785826421e-01	2.465279150437998390e-01	-1.193641768654687546e-01	1.213046118925009687e-01	-6.886597081167546985e-01	9.999999999999995559e-01	-2.727656576393657772e-01	1.720204359847959386e-01	-1.052492189956660412e-01	1.809050073929376612e-01	-2.345172606964297801e-01	1.858653718086011319e-01	-1.109195488291140758e-01	8.555737469252332195e-02	-1.143124141069641886e-01	1.167319230484669540e-01	-1.175668871482963007e-01	9.280317300349927301e-02	-9.613069984091467124e-02	6.491152735756441916e-02	-4.911496899575083785e-02	8.855526939019642274e-02	-8.731507048054425180e-02	9.369173165084651589e-02
-8.091751722154735815e-02	7.363879256281635755e-02	-9.259091192376366075e-02	8.774321575273182072e-02	-9.245996959121340064e-02	5.543962588918970036e-02	-9.107754512709510808e-02	1.141668080465108315e-01	-1.220635224340618358e-01	7.797994232653242264e-02	-1.174900169399681477e-01	1.190552714469639978e-01	-1.074358470497752127e-01	1.535208118853728931e-01	-8.303133039512762548e-02	1.786518069341853643e-01	-1.575800641119266543e-01	2.159179670637587645e-01	-1.664087120167503098e-01	8.964570509018159050e-02	-2.044788695467351924e-01	2.097900458164549675e-01	-4.209358407533325130e-01	1.743344854685339729e-01	-1.821478915994417247e-01	2.028203761705018038e-01	-2.727656576393657772e-01	1.000000000000001332e+00	-3.932342500840940169e-01	1.748858061778631734e-01	-2.301578907047006073e-01	2.347615852455685881e-01	-5.948408599130856622e-01	1.921087932046304791e-01	-1.456749899142847360e-01	1.391095942522253270e-01	-1.534647983490524670e-01	2.131413276080854902e-01	-1.731447849825264451e-01	1.560072395064186490e-01	-8.647378051960204204e-02	6.453189781910735612e-02	-1.658523755113598397e-01	1.460813754359360783e-01	-1.618142563252810140e-01
1.041466551786355832e-01	-9.955473708885856365e-02	1.221630006341385827e-01	-1.201030410808531512e-01	1.234870207442744366e-01	-7.176806292776634344e-02	1.196971997748081662e-01	-1.532748032017224038e-01	1.618629108130978933e-01	-1.075851857663734923e-01	1.498726066001781765e-01	-1.556642274167538975e-01	1.369016719753229916e-01	-2.229688891007933216e-01	1.128026091948306775e-01	-1.947391677480528049e-01	1.572627654830809352e-01	-2.321527074770267374e-01	2.211823208944165009e-01	-1.275556625391479626e-01	1.688425961269631459e-01	-1.666187833371489124e-01	2.383044518878342788e-01	-3.766416987167602315e-01	2.904771126335283227e-01	-1.722438672262172343e-01	1.720204359847959386e-01	-3.932342500840940169e-01	1.000000000000000888e+00	-4.392107237558571242e-01	1.665185488743098075e-01	-1.762509892527462374e-01	2.427118678274927943e-01	-2.465675338444649478e-01	2.454380325494944781e-01	-1.286460448388191957e-01	1.328154610744695652e-01	-2.280083062765685120e-01	1.834643799497785999e-01	-2.842753485104445033e-01	7.917068258525872260e-02	-5.948694013314857060e-02	1.714922219001921155e-01	-1.986546113414044412e-01	2.098031818666781789e-01
-6.701382756426473020e-02	6.279486553040795893e-02	-7.946290906549106914e-02	7.621613944699576204e-02	-8.220573440361837736e-02	4.572592647460881760e-02	-7.709745646057747370e-02	9.468268811707156174e-02	-1.059980620898084147e-01	6.966678247917670874e-02	-9.619016399327401379e-02	9.536356404718039637e-02	-8.622194439715870351e-02	1.377386966990415684e-01	-7.709184967971427493e-02	1.136364287900738235e-01	-9.620031602570602858e-02	1.378020470514522144e-01	-1.497824752920146885e-01	8.421962671746177631e-02	-1.061626368356963224e-01	9.985980483575898625e-02	-1.497693747107173567e-01	2.235312580650028746e-01	-3.857775798686838287e-01	1.007222945420838262e-01	-1.052492189956660412e-01	1.748858061778631734e-01	-4.392107237558571242e-01	1.000000000000001776e+00	-1.146349247890085243e-01	1.110967453520196602e-01	-1.623872167406184008e-01	1.849825781029339200e-01	-6.500312388502347272e-01	8.359323810219065898e-02	-9.234405605251941318e-02	1.559331903640952532e-01	-1.580230096409492024e-01	2.790140913984262561e-01	-5.568030194948945383e-02	4.125290414158142016e-02	-1.451501237121166632e-01	1.550440732499920871e-01	-2.386098676731872037e-01
5.958817601746020653e-02	-5.394589438323436209e-02	6.640664334154890158e-02	-6.331934979570311151e-02	6.563017660132990094e-02	-4.084855518763569338e-02	6.608489482587556751e-02	-8.284070030651190242e-02	8.548880512901133044e-02	-5.568367903172285333e-02	8.576842652859946459e-02	-8.726361258742920679e-02	7.529201488947652454e-02	-1.070342741735621772e-01	5.683341959900187201e-02	-1.300948737445352110e-01	1.037670812335030057e-01	-1.356313332782504710e-01	1.049175710293414887e-01	-6.197293611393745599e-02	1.400420024842689570e-01	-1.379628241633816810e-01	1.571834474139005289e-01	-1.060360162055458411e-01	1.132550775643411667e-01	-1.946000126267415919e-01	1.809050073929376612e-01	-2.301578907047006073e-01	1.665185488743098075e-01	-1.146349247890085243e-01	1.000000000000005107e+00	-7.124130330218514384e-01	2.450201095038262444e-01	-1.474481411340371750e-01	9.529417650510062232e-02	-4.462953413289205695e-01	2.581802938985645057e-01	-1.611187763953757790e-01	1.175107035458004545e-01	-1.128428947813813060e-01	1.286377434485399263e-01	-1.032009504895866625e-01	1.105612533747730580e-01	-1.114674707952851979e-01	1.088150330336711269e-01
-5.733576968906743676e-02	5.136178373053057467e-02	-6.399035433141335438e-02	6.044096585818888728e-02	-6.348024559654469323e-02	3.916865365140365096e-02	-6.348359944490467033e-02	7.856690525239218292e-02	-8.269475456991330631e-02	5.337604840778844423e-02	-8.263935884853997049e-02	8.269504231133001371e-02	-7.242122920777505080e-02	1.019294533801424624e-01	-5.525537238770893839e-02	1.237984432597862838e-01	-1.034683769829392724e-01	1.313971500992559827e-01	-1.035925835739316819e-01	5.962957358947217762e-02	-1.463024449204411714e-01	1.434911108333467300e-01	-1.706931875169332147e-01	1.045588394177695279e-01	-1.136717404897908679e-01	1.794985637707266490e-01	-2.345172606964297801e-01	2.347615852455685881e-01	-1.762509892527462374e-01	1.110967453520196602e-01	-7.124130330218514384e-01	1.000000000000001554e+00	-4.243362059660674146e-01	1.460486536774603106e-01	-9.550180051924681002e-02	2.503446120855823409e-01	-2.933020961282853389e-01	1.647027689774926418e-01	-1.272733592509909806e-01	1.086136631281467979e-01	-1.355983698080327760e-01	1.043321121418126218e-01	-1.199205306484696087e-01	1.087614457748214414e-01	-1.118724093007429921e-01
6.959439808095826963e-02	-6.377560366595540209e-02	7.898855172885861642e-02	-7.556657595275659278e-02	7.862404775676255786e-02	-4.777541805922185664e-02	7.811173938551556339e-02	-9.858108302372865783e-02	1.029291863215819891e-01	-6.686926279023887310e-02	1.004992327291465148e-01	-1.029160442712395152e-01	9.031625702151209467e-02	-1.312413118903684173e-01	6.947417923215827573e-02	-1.506423699963273521e-01	1.232690282303823409e-01	-1.728265848387235681e-01	1.321607642780215919e-01	-7.595921057968588186e-02	1.523134899774405970e-01	-1.577427989163686928e-01	2.205177336409360478e-01	-1.412467709804939020e-01	1.499431493072297394e-01	-1.731095846854636411e-01	1.858653718086011319e-01	-5.948408599130856622e-01	2.427118678274927943e-01	-1.623872167406184008e-01	2.450201095038262444e-01	-4.243362059660674146e-01	1.000000000000002220e+00	-2.850818091656693309e-01	1.402568479676186974e-01	-1.587014481013095113e-01	1.578303161958918011e-01	-3.737223683882714975e-01	2.141964176412928800e-01	-1.612823724311311935e-01	8.683015498013268996e-02	-6.737883854328256816e-02	1.932781120403262443e-01	-1.763985869763985415e-01	1.638209059006405233e-01
-5.793816406831463206e-02	5.206533808994143891e-02	-6.572986199335589808e-02	6.177422787322933012e-02	-6.647062014707666444e-02	3.932862348577122885e-02	-6.468243249783708904e-02	7.797003944004345100e-02	-8.522448263152854198e-02	5.543070994705896759e-02	-8.288004407076170199e-02	8.030319630763717298e-02	-7.138258777384608178e-02	1.041691451305235688e-01	-5.855752443600190094e-02	1.022738383293336356e-01	-8.616799492493001922e-02	1.175208273239010115e-01	-1.079894360516566315e-01	6.275879618885107925e-02	-1.042746236393287812e-01	9.776650710501061381e-02	-1.443017446107408286e-01	1.255783826704835460e-01	-1.546855997832382035e-01	1.030764272301533807e-01	-1.109195488291140758e-01	1.921087932046304791e-01	-2.465675338444649478e-01	1.849825781029339200e-01	-1.474481411340371750e-01	1.460486536774603106e-01	-2.850818091656693309e-01	1.000000000000004663e+00	-2.454289558463440823e-01	9.857033430557768372e-02	-1.102496487515314261e-01	2.774866505527511795e-01	-7.737747835453362422e-01	1.934407302732037703e-01	-6.518515751629769261e-02	4.879100076598491542e-02	-2.215952516049007892e-01	1.841360205701860209e-01	-2.133960053883273422e-01
