1.000000000000000222e+00	-6.790719111961462939e-01	2.858658273041143616e-01	-1.910026356524850977e-01	1.732439330539884137e-01	-4.214835315970187346e-01	3.036150719855202906e-01	-2.623469027774399387e-01	1.539929418511463144e-01	-1.581500999064434365e-01	2.220237137602552591e-01	-2.166459597124463787e-01	2.033490391699770417e-01	-1.321575855198719174e-01	1.164963218235119807e-01	-1.559726514273868658e-01	1.209640303878469630e-01	-1.251605171010235218e-01	1.173148030625447286e-01	-1.323661015512704875e-01	7.801754075268584054e-02	-8.118251041792934330e-02	9.944636159984508728e-02	-6.845504731432050516e-02	7.110971033902713234e-02	-6.955317037053861118e-02	8.756103878729357137e-02	-8.659246189597026577e-02	6.955945328616235102e-02	-6.150937754912143979e-02	8.401935161134667374e-02	-6.646607229206773215e-02	8.591242314959772475e-02	-6.913724856117084427e-02	5.636148474194174057e-02	-2.465034716038003518e-02	4.869445892535378961e-02	-5.183108582268051295e-02	4.544306492986842361e-02	-5.479787191271848212e-02	2.681856649202544324e-02	-4.833936946118221056e-02	5.802581880623802757e-02	-4.802445118330241070e-02	5.233200916944310416e-02
-6.790719111961462939e-01	1.000000000000000222e+00	-4.899285819597913316e-01	1.794482155994612804e-01	-1.634599331907808373e-01	2.516002458778727191e-01	-4.101315996656824114e-01	2.189929012493704308e-01	-1.377259887563786755e-01	1.306040150000921385e-01	-1.841197060940599206e-01	1.742088719563970045e-01	-1.760579391450510789e-01	1.101920236389063168e-01	-9.757920671604547458e-02	1.182163286092934307e-01	-9.598037977093730466e-02	9.715446655692996925e-02	-9.582662246435579012e-02	1.054908818821935212e-01	-6.089752920450446777e-02	6.282984318782962319e-02	-7.819133820892976150e-02	5.467654305853453245e-02	-5.673072789515868491e-02	5.385802875032768416e-02	-6.828551398341271839e-02	6.702389636388386696e-02	-5.542310401209788601e-02	4.859652163604621933e-02	-6.542828601426742274e-02	5.143321105506207247e-02	-6.696503105941832568e-02	5.355943788707158426e-02	-4.394617293592300439e-02	1.898546392830455579e-02	-3.757269954974058052e-02	3.987171234340556453e-02	-3.508739494841234263e-02	4.230080654570671922e-02	-2.066886205498563722e-02	3.718920768341529154e-02	-4.471456912174336107e-02	3.694065942762611576e-02	-4.044722221973862109e-02
2.858658273041143616e-01	-4.899285819597913316e-01	1.000000000000000666e+00	-4.639534455828587811e-01	2.777028700532317429e-01	-2.078077677679938950e-01	2.509084628577391562e-01	-3.583442463141686130e-01	2.369682099431026367e-01	-2.330962494168324906e-01	1.762049429074115658e-01	-1.831817706749591657e-01	2.281774194786666266e-01	-1.891634182513954876e-01	1.642508046413169720e-01	-1.549260158651857289e-01	1.220986303923787680e-01	-1.382308367964561191e-01	1.554473207144092539e-01	-1.775313297191133399e-01	8.546912067805795266e-02	-8.872047648208356008e-02	1.118697142475116452e-01	-8.823810804329890178e-02	9.165351234775798162e-02	-7.940938204718071824e-02	1.003551358203230576e-01	-9.933127914529628344e-02	8.880970393490127124e-02	-7.852153342245461742e-02	9.738859448780083639e-02	-7.764135350031166338e-02	9.992889977327493178e-02	-8.504972574063469903e-02	6.974970989991807757e-02	-2.950005929250900868e-02	5.825556014588610665e-02	-6.300738655369693408e-02	5.539548807398781555e-02	-6.740962435281730447e-02	3.215125574506243200e-02	-5.798945452687004343e-02	7.051499533583377444e-02	-5.854972492317014887e-02	6.405825071579063223e-02
-1.910026356524850977e-01	1.794482155994612804e-01	-4.639534455828587811e-01	1.000000000000000666e+00	-6.520519735181894427e-01	1.271447628277418140e-01	-1.687110175178492266e-01	2.293389327415317203e-01	-4.360757913970098598e-01	2.606871682716915273e-01	-1.238071126847360842e-01	1.235639122778248167e-01	-1.786454939504365791e-01	2.131136441779390989e-01	-1.914990215529470130e-01	1.066760865988562873e-01	-8.779377692968434732e-02	1.020960481822321270e-01	-1.584676581899698011e-01	1.658317801220909049e-01	-6.254704106194564073e-02	6.422531546556695115e-02	-8.479452727585880256e-02	8.110645856232477635e-02	-8.369951873610198545e-02	5.838786884062017318e-02	-7.473391357389266854e-02	7.365670430705359428e-02	-8.010259369043146171e-02	6.883284214836676851e-02	-7.266879631916317583e-02	5.779248825040624038e-02	-7.532494785419711902e-02	6.734396555637796322e-02	-5.662839497507174413e-02	2.207393101165303073e-02	-4.384219933267734931e-02	4.797072042216916216e-02	-4.276685444269232028e-02	5.259961261136911204e-02	-2.411045364403830576e-02	4.346067804753283442e-02	-5.358591741186199964e-02	4.459301665084112326e-02	-4.966853817567910834e-02
1.732439330539884137e-01	-1.634599331907808373e-01	2.777028700532317429e-01	-6.520519735181894427e-01	1.000000000000000222e+00	-1.318711318033072566e-01	1.674998875401252640e-01	-2.564317234250917399e-01	2.900508446206573887e-01	-4.315740557502666941e-01	1.323592841171269130e-01	-1.352980756973539700e-01	1.928502203518867031e-01	-2.441747213608304878e-01	2.253270614081710477e-01	-1.284240889838512423e-01	1.032477138555213669e-01	-1.242489845337271387e-01	1.814284030189141639e-01	-2.189103161249465745e-01	7.621014820985284877e-02	-7.872435408378321287e-02	1.027987965779647850e-01	-9.919248251905535274e-02	1.028208507220785967e-01	-7.264768466560982130e-02	9.238009669256815048e-02	-9.159684632389464287e-02	9.748227337819509453e-02	-8.636032794439242599e-02	9.039620773434624279e-02	-7.262210794017548432e-02	9.361130789691882170e-02	-8.604045172112181894e-02	7.158676905918656685e-02	-2.818765187365238067e-02	5.581899329331462684e-02	-6.170949234385283977e-02	5.471797176183091499e-02	-6.753373554374120236e-02	3.077448581897068713e-02	-5.562969682112645781e-02	6.865252189109867509e-02	-5.739521559013204682e-02	6.346218827810147511e-02
-4.214835315970187346e-01	2.516002458778727191e-01	-2.078077677679938950e-01	1.271447628277418140e-01	-1.318711318033072566e-01	1.000000000000000000e+00	-5.728246618082989405e-01	2.295389910009726642e-01	-1.236408295662138335e-01	1.182150303771474370e-01	-5.699390411243998589e-01	2.819200221990129651e-01	-2.374926415977120786e-01	1.060001142253560458e-01	-9.257608351543508696e-02	1.617080639903381023e-01	-1.362691051849293511e-01	1.183643321029702322e-01	-9.657342933125065421e-02	1.030683043289984530e-01	-7.624564619319912362e-02	7.743239783757357997e-02	-9.510992959509183275e-02	5.617042518900339232e-02	-5.800404754573429411e-02	6.289309778707183329e-02	-8.012809372498946869e-02	7.762929456350899093e-02	-5.724887655496902622e-02	4.989477344644367707e-02	-7.548986570044911859e-02	5.822111877177005290e-02	-7.700029262287569343e-02	5.654377353814366708e-02	-4.632250154815074905e-02	2.067353242176673406e-02	-4.102706120207966212e-02	4.241661283835738289e-02	-3.734217092224804274e-02	4.443102638885837452e-02	-2.246674316158688012e-02	4.030161055747372850e-02	-4.764095863072183301e-02	3.911225893138636084e-02	-4.280285909178110221e-02
3.036150719855202906e-01	-4.101315996656824114e-01	2.509084628577391562e-01	-1.687110175178492266e-01	1.674998875401252640e-01	-5.728246618082989405e-01	1.000000000000000666e+00	-3.787984781787758215e-01	1.641682048275491523e-01	-1.586722409985269755e-01	2.971859520325627613e-01	-3.875505194183676005e-01	2.661812907058499489e-01	-1.400351986990820974e-01	1.205183449935741669e-01	-1.900264570696953426e-01	1.530446691865718356e-01	-1.452382822764066994e-01	1.231886891702665965e-01	-1.350397484214442834e-01	8.913089441614181763e-02	-9.306731153705859183e-02	1.126835956978703979e-01	-7.153270319587570758e-02	7.381490971186149830e-02	-7.609648016978594331e-02	9.588775878944039155e-02	-9.484486113586218514e-02	7.245438383941224525e-02	-6.361882824307200923e-02	9.085328098432005062e-02	-7.120439257536545496e-02	9.299481238169950148e-02	-7.140855801021264715e-02	5.833518402482042869e-02	-2.569434923247264357e-02	5.089575681295984561e-02	-5.340324542554699544e-02	4.691531226026147278e-02	-5.621069144036282966e-02	2.791405329477968794e-02	-5.028005992158127158e-02	5.969210955758709469e-02	-4.928761716261724490e-02	5.380508163371879732e-02
-2.623469027774399387e-01	2.189929012493704308e-01	-3.583442463141686130e-01	2.293389327415317203e-01	-2.564317234250917399e-01	2.295389910009726642e-01	-3.787984781787758215e-01	1.000000000000000444e+00	-3.639846571642269546e-01	2.242859234383142442e-01	-2.617460946245177000e-01	2.646910102777663143e-01	-5.893027470588095840e-01	2.185239571560268212e-01	-1.889513946707120085e-01	1.763827888481113992e-01	-1.558224858461149664e-01	1.632194872786009165e-01	-1.814082951020234979e-01	1.798378092003961315e-01	-1.003702436189198716e-01	1.015154738560153785e-01	-1.351992544300130161e-01	9.678148403050569615e-02	-1.000223215616957151e-01	8.853427681672557115e-02	-1.148921845460467994e-01	1.107130517236318695e-01	-9.792667788766629133e-02	8.337920941810054998e-02	-1.098403331180574510e-01	8.469334039397403979e-02	-1.128475422093292713e-01	8.767372395534382690e-02	-7.336483885480724054e-02	3.076749837818461980e-02	-6.121800923451153204e-02	6.413331220625526075e-02	-5.707743458458242741e-02	6.859742900424836698e-02	-3.357060034342350396e-02	6.000707118760027770e-02	-7.251618110023669295e-02	5.943588848082948656e-02	-6.606546127113589739e-02
1.539929418511463144e-01	-1.377259887563786755e-01	2.369682099431026367e-01	-4.360757913970098598e-01	2.900508446206573887e-01	-1.236408295662138335e-01	1.641682048275491523e-01	-3.639846571642269546e-01	1.000000000000000888e+00	-4.632015509872786652e-01	1.295509023922734038e-01	-1.362924760169086924e-01	2.177738961706943421e-01	-5.380288245077508025e-01	2.863095113235463174e-01	-1.190230348289097462e-01	9.914523776013345335e-02	-1.211112981822124457e-01	2.252209484809096773e-01	-2.437211109664605135e-01	7.085420955014332112e-02	-7.307461907714704608e-02	9.899948628963184394e-02	-1.126680783796102508e-01	1.112903271919511716e-01	-6.641880163148478067e-02	8.499372074439830171e-02	-8.525282749267330817e-02	1.045534311347415257e-01	-9.094699386537290209e-02	8.253113765056240003e-02	-6.626504409589972777e-02	8.665178090362818386e-02	-8.215122569415890530e-02	6.962508486912427630e-02	-2.536960241029206573e-02	5.059004576319506286e-02	-5.643206904680594244e-02	5.067109443738426755e-02	-6.314470161400562165e-02	2.769077120069279516e-02	-5.019525695467150217e-02	6.210552446445492120e-02	-5.224580433660847012e-02	5.861996666406064233e-02
-1.581500999064434365e-01	1.306040150000921385e-01	-2.330962494168324906e-01	2.606871682716915273e-01	-4.315740557502666941e-01	1.182150303771474370e-01	-1.586722409985269755e-01	2.242859234383142442e-01	-4.632015509872786652e-01	9.999999999999994449e-01	-1.284105323169442703e-01	1.280487381142196013e-01	-2.061163029362875210e-01	3.069573956519515701e-01	-5.988018707685516251e-01	1.169843399100622267e-01	-9.958812312033557546e-02	1.211706937283694163e-01	-2.494246145617059485e-01	2.520072793321410098e-01	-7.369211528355329444e-02	7.489459837339686177e-02	-1.039169349740864667e-01	1.190545453333455850e-01	-1.269326541594435753e-01	6.968820439533870981e-02	-9.045449908039686349e-02	8.865655454761109389e-02	-1.186464906639426858e-01	9.807128413906658626e-02	-8.836896770825361513e-02	7.008132791215634927e-02	-9.258614525219001357e-02	8.715836635291203394e-02	-7.584318719243188234e-02	2.703793639063851312e-02	-5.405403612944749414e-02	5.973958971174211929e-02	-5.419468512585625536e-02	6.734223948943746096e-02	-2.964200335072890088e-02	5.327875468920283131e-02	-6.711648677208201241e-02	5.573970017988164050e-02	-6.357864626899271954e-02
2.220237137602552591e-01	-1.841197060940599206e-01	1.762049429074115658e-01	-1.238071126847360842e-01	1.323592841171269130e-01	-5.699390411243998589e-01	2.971859520325627613e-01	-2.617460946245177000e-01	1.295509023922734038e-01	-1.284105323169442703e-01	1.000000000000001776e+00	-6.060659710824325419e-01	2.643543522227599918e-01	-1.177823311371985066e-01	1.005608507981610444e-01	-2.626449673987303335e-01	1.909023435947446445e-01	-1.556658222280527804e-01	1.083967572822286535e-01	-1.163589327702280324e-01	9.747718655248119313e-02	-1.009172507901535398e-01	1.182067404156324775e-01	-6.430652657686805607e-02	6.594664886734331877e-02	-7.716396573183260943e-02	9.693539584694232936e-02	-9.541180150481656796e-02	6.527766825950558072e-02	-5.713848721372507405e-02	9.029501869360818944e-02	-6.982208069182868626e-02	9.218785216024735774e-02	-6.583356471059859105e-02	5.359486630597408430e-02	-2.431642346709679200e-02	4.827237022067173977e-02	-4.956430728803487562e-02	4.350991507648330203e-02	-5.154755617815025975e-02	2.635531778957127952e-02	-4.742401732652991309e-02	5.532124703439634389e-02	-4.550563152514218446e-02	4.956825403177086975e-02
-2.166459597124463787e-01	1.742088719563970045e-01	-1.831817706749591657e-01	1.235639122778248167e-01	-1.352980756973539700e-01	2.819200221990129651e-01	-3.875505194183676005e-01	2.646910102777663143e-01	-1.362924760169086924e-01	1.280487381142196013e-01	-6.060659710824325419e-01	1.000000000000001776e+00	-5.105968223041328358e-01	1.248266452967804890e-01	-1.053209706702664672e-01	2.251196713794975102e-01	-2.653987582902104236e-01	1.695516495965026793e-01	-1.143029355062438052e-01	1.174256248828172561e-01	-1.031896624033864646e-01	1.062391973776097009e-01	-1.297293146926168095e-01	6.647261330494952380e-02	-6.792222935479105828e-02	7.994709487958734373e-02	-1.020050869163474511e-01	9.948369873439422140e-02	-6.743935474335560620e-02	5.836429272807183710e-02	-9.436318501662728508e-02	7.212633043272215216e-02	-9.669687472146287766e-02	6.671358440254301914e-02	-5.461929914872772074e-02	2.477184390289142654e-02	-4.930725049210760158e-02	5.006873151695282603e-02	-4.411374254336429546e-02	5.202655645349123920e-02	-2.686091413589920471e-02	4.817418480518029927e-02	-5.606486946787166137e-02	4.591935481454793855e-02	-5.023486675033167481e-02
2.033490391699770417e-01	-1.760579391450510789e-01	2.281774194786666266e-01	-1.786454939504365791e-01	1.928502203518867031e-01	-2.374926415977120786e-01	2.661812907058499489e-01	-5.893027470588095840e-01	2.177738961706943421e-01	-2.061163029362875210e-01	2.643543522227599918e-01	-5.105968223041328358e-01	1.000000000000002442e+00	-2.247077198710626389e-01	1.649860352972959687e-01	-2.237804105748621153e-01	1.892960205521034556e-01	-2.169660139641839680e-01	1.669217292471600611e-01	-1.796554642771883981e-01	1.107387269484048781e-01	-1.173386095076665303e-01	1.499558861423865019e-01	-9.483182358911776411e-02	9.626575284672944655e-02	-9.572336333935162200e-02	1.207436628098570580e-01	-1.235581291865214537e-01	9.413758928613494281e-02	-8.250223555798778807e-02	1.136962402597739841e-01	-8.980165025551682667e-02	1.178506074327597825e-01	-9.030447490950066491e-02	7.386218972949319672e-02	-3.200245141927538645e-02	6.351328244095875986e-02	-6.675152476815887637e-02	5.873470260205566201e-02	-7.048170702556022515e-02	3.470993977741359399e-02	-6.273193348090473631e-02	7.403056455173850914e-02	-6.136677564334819951e-02	6.707837501691672755e-02
-1.321575855198719174e-01	1.101920236389063168e-01	-1.891634182513954876e-01	2.131136441779390989e-01	-2.441747213608304878e-01	1.060001142253560458e-01	-1.400351986990820974e-01	2.185239571560268212e-01	-5.380288245077508025e-01	3.069573956519515701e-01	-1.177823311371985066e-01	1.248266452967804890e-01	-2.247077198710626389e-01	9.999999999999975575e-01	-5.464753963179818097e-01	1.126473293236031070e-01	-9.767727822975288965e-02	1.257406512880670790e-01	-4.264799908929355898e-01	2.842532682971176672e-01	-7.020305769237464300e-02	7.214283562325218835e-02	-1.038783508576986148e-01	1.468431587693409257e-01	-1.418523277984208297e-01	6.596954786071780596e-02	-8.520555060121962065e-02	8.626846455941904190e-02	-1.343326781674136772e-01	1.082194245083252793e-01	-8.258859749140702589e-02	6.653551208817989893e-02	-8.813099958133017997e-02	8.809108848900998323e-02	-7.688211972387222481e-02	2.551339262511970879e-02	-5.122665252626944221e-02	5.793074415491671070e-02	-5.283121997410793885e-02	6.664650005479799688e-02	-2.788601294347922005e-02	5.063280435097709808e-02	-6.344183055873967025e-02	5.360931582934928136e-02	-6.129900690249970308e-02
1.164963218235119807e-01	-9.757920671604547458e-02	1.642508046413169720e-01	-1.914990215529470130e-01	2.253270614081710477e-01	-9.257608351543508696e-02	1.205183449935741669e-01	-1.889513946707120085e-01	2.863095113235463174e-01	-5.988018707685516251e-01	1.005608507981610444e-01	-1.053209706702664672e-01	1.649860352972959687e-01	-5.464753963179818097e-01	9.999999999999986677e-01	-1.021643344100681555e-01	8.605406246720757879e-02	-1.116328758855904824e-01	2.680210133363113978e-01	-4.284308833501339620e-01	6.403250619528158549e-02	-6.600576220860715493e-02	9.287778581959123259e-02	-1.316577111244628118e-01	1.369422374908397522e-01	-6.123937138722862494e-02	7.866596825899926926e-02	-7.975166213003935523e-02	1.205246642440034321e-01	-1.061959491495421543e-01	7.682199739884747192e-02	-6.241775658700988993e-02	8.194790577797035624e-02	-8.539272341690991308e-02	7.420754261413697872e-02	-2.432182131455420948e-02	4.879074734671785818e-02	-5.591193634272652313e-02	5.092169524911954737e-02	-6.469661170997860478e-02	2.658823557981926378e-02	-4.840563855604450988e-02	6.093380553010432910e-02	-5.176625236343393444e-02	5.908854863576388367e-02
-1.559726514273868658e-01	1.182163286092934307e-01	-1.549260158651857289e-01	1.066760865988562873e-01	-1.284240889838512423e-01	1.617080639903381023e-01	-1.900264570696953426e-01	1.763827888481113992e-01	-1.190230348289097462e-01	1.169843399100622267e-01	-2.626449673987303335e-01	2.251196713794975102e-01	-2.237804105748621153e-01	1.126473293236031070e-01	-1.021643344100681555e-01	1.000000000000001332e+00	-7.154933139362601446e-01	2.877640605041833499e-01	-1.393150218633673054e-01	1.313116256127611625e-01	-2.805201477656750764e-01	2.302107298609588348e-01	-2.731941008309816676e-01	8.992558969536752767e-02	-9.177561277793945538e-02	1.636716179311103192e-01	-2.128265460676679877e-01	1.854636667123266414e-01	-9.447695550294760158e-02	8.031196602861827294e-02	-1.909737268379381736e-01	1.350649076119456726e-01	-1.898287818879653976e-01	1.027859498910541208e-01	-8.405593504474524746e-02	4.249580601199145352e-02	-8.519871734085382453e-02	7.964767827899153774e-02	-7.040387112114498969e-02	7.939306978118787494e-02	-4.600219963558280223e-02	8.105933857984515267e-02	-9.066864836257595983e-02	7.228854054366162796e-02	-7.914159116838692665e-02
1.209640303878469630e-01	-9.598037977093730466e-02	1.220986303923787680e-01	-8.779377692968434732e-02	1.032477138555213669e-01	-1.362691051849293511e-01	1.530446691865718356e-01	-1.558224858461149664e-01	9.914523776013345335e-02	-9.958812312033557546e-02	1.909023435947446445e-01	-2.653987582902104236e-01	1.892960205521034556e-01	-9.767727822975288965e-02	8.605406246720757879e-02	-7.154933139362601446e-01	1.000000000000002220e+00	-4.760522727429667422e-01	1.211968667802542921e-01	-1.159008469406908187e-01	2.039305575158501527e-01	-2.547596626560196253e-01	2.395447262082069650e-01	-7.723235948343779023e-02	7.603455542536723122e-02	-1.313602006149842683e-01	1.620112895986379198e-01	-1.665010977844666173e-01	7.767318722344961068e-02	-6.675690642855776347e-02	1.416084517058646131e-01	-1.069517081922712470e-01	1.457633193102262359e-01	-8.311530130524527604e-02	6.691515792228532045e-02	-3.316173061930948601e-02	6.641152699362860845e-02	-6.360940772970609391e-02	5.573367154940640084e-02	-6.359629225344544390e-02	3.562157832847144545e-02	-6.414391260854464261e-02	7.032425612916731739e-02	-5.725100793646364927e-02	6.191285601472693023e-02
-1.251605171010235218e-01	9.715446655692996925e-02	-1.382308367964561191e-01	1.020960481822321270e-01	-1.242489845337271387e-01	1.183643321029702322e-01	-1.452382822764066994e-01	1.632194872786009165e-01	-1.211112981822124457e-01	1.211706937283694163e-01	-1.556658222280527804e-01	1.695516495965026793e-01	-2.169660139641839680e-01	1.257406512880670790e-01	-1.116328758855904824e-01	2.877640605041833499e-01	-4.760522727429667422e-01	1.000000000000001998e+00	-2.029111460072850481e-01	1.600293673310815568e-01	-2.145492254154403866e-01	2.182297252654212261e-01	-6.153875250739827552e-01	1.194652250384339170e-01	-1.138489510206486255e-01	1.710213145368301713e-01	-2.408174957323119258e-01	2.586671529119048407e-01	-1.179071834371828165e-01	9.756535617126657622e-02	-2.091398791106011679e-01	1.561939375413775588e-01	-2.376598980164335295e-01	1.192025919587697130e-01	-9.736553576831777357e-02	4.727376202852624082e-02	-9.565307556902782893e-02	8.985210708962665382e-02	-7.969761449582646318e-02	8.976706543272468253e-02	-5.094936230264330429e-02	9.076391525489552192e-02	-9.990166920894716363e-02	8.048526888102357224e-02	-8.825297114605192006e-02
1.173148030625447286e-01	-9.582662246435579012e-02	1.554473207144092539e-01	-1.584676581899698011e-01	1.814284030189141639e-01	-9.657342933125065421e-02	1.231886891702665965e-01	-1.814082951020234979e-01	2.252209484809096773e-01	-2.494246145617059485e-01	1.083967572822286535e-01	-1.143029355062438052e-01	1.669217292471600611e-01	-4.264799908929355898e-01	2.680210133363113978e-01	-1.393150218633673054e-01	1.211968667802542921e-01	-2.029111460072850481e-01	1.000000000000001776e+00	-6.297823697087281403e-01	8.985514883016737508e-02	-9.475291617853430493e-02	1.462954360618981264e-01	-3.842960507354448163e-01	2.447501676880979582e-01	-8.660207066153628730e-02	1.105769550407652846e-01	-1.205485708193255456e-01	2.274836543409541334e-01	-1.999736143898299401e-01	1.069794174226131739e-01	-8.978393844566921744e-02	1.184913508674144966e-01	-1.403146651076918605e-01	1.210408287413364398e-01	-3.487822683740270102e-02	7.057879637177130738e-02	-8.481693819249075394e-02	7.803943540092919684e-02	-1.020686650262806472e-01	3.797234720832082938e-02	-7.034742999463175495e-02	8.826186242136613291e-02	-7.735709235644556980e-02	8.879091122513614598e-02
-1.323661015512704875e-01	1.054908818821935212e-01	-1.775313297191133399e-01	1.658317801220909049e-01	-2.189103161249465745e-01	1.030683043289984530e-01	-1.350397484214442834e-01	1.798378092003961315e-01	-2.437211109664605135e-01	2.520072793321410098e-01	-1.163589327702280324e-01	1.174256248828172561e-01	-1.796554642771883981e-01	2.842532682971176672e-01	-4.284308833501339620e-01	1.313116256127611625e-01	-1.159008469406908187e-01	1.600293673310815568e-01	-6.297823697087281403e-01	1.000000000000000666e+00	-9.099955940840351309e-02	9.261031234298448822e-02	-1.415884765863142103e-01	2.507345181232511488e-01	-3.403495472212058615e-01	8.868495184481982319e-02	-1.160634494690739454e-01	1.172844798638128516e-01	-2.483783923504314928e-01	2.000109256387209711e-01	-1.140542342218771599e-01	9.274998549683188820e-02	-1.243124028010424154e-01	1.398029516882401679e-01	-1.310013444170995689e-01	3.675588655521914300e-02	-7.458760188350731235e-02	8.674573787586351004e-02	-8.144718266372254212e-02	1.050453367613442129e-01	-4.039744672622808119e-02	7.335714154748203264e-02	-9.566823851484704266e-02	8.097870859173238178e-02	-9.639674988361995878e-02
7.801754075268584054e-02	-6.089752920450446777e-02	8.546912067805795266e-02	-6.254704106194564073e-02	7.621014820985284877e-02	-7.624564619319912362e-02	8.913089441614181763e-02	-1.003702436189198716e-01	7.085420955014332112e-02	-7.369211528355329444e-02	9.747718655248119313e-02	-1.031896624033864646e-01	1.107387269484048781e-01	-7.020305769237464300e-02	6.403250619528158549e-02	-2.805201477656750764e-01	2.039305575158501527e-01	-2.145492254154403866e-01	8.985514883016737508e-02	-9.099955940840351309e-02	1.000000000000000222e+00	-8.090151768016027312e-01	2.129544946404909600e-01	-6.440400394155193498e-02	6.448813200181320593e-02	-3.433291967553389057e-01	2.340097560530456644e-01	-1.855134988438116028e-01	6.699922647434651546e-02	-5.906403538238963469e-02	1.894169421877216486e-01	-1.366124130498220790e-01	1.543140160194042543e-01	-8.354221385830400137e-02	6.462704770920407737e-02	-3.744984266918225529e-02	7.443655047583297435e-02	-6.737414735777730312e-02	5.736271828864793199e-02	-6.384807537963821389e-02	3.924326686867173064e-02	-7.283437317841770509e-02	7.172673486995634340e-02	-5.933822370744791519e-02	6.138736708749401028e-02
-8.118251041792934330e-02	6.282984318782962319e-02	-8.872047648208356008e-02	6.422531546556695115e-02	-7.872435408378321287e-02	7.743239783757357997e-02	-9.306731153705859183e-02	1.015154738560153785e-01	-7.307461907714704608e-02	7.489459837339686177e-02	-1.009172507901535398e-01	1.062391973776097009e-01	-1.173386095076665303e-01	7.214283562325218835e-02	-6.600576220860715493e-02	2.302107298609588348e-01	-2.547596626560196253e-01	2.182297252654212261e-01	-9.475291617853430493e-02	9.261031234298448822e-02	-8.090151768016027312e-01	9.999999999999986677e-01	-3.022434461026711761e-01	6.875850250179711687e-02	-6.864237801414262152e-02	2.350420107059691122e-01	-2.687556169982888155e-01	1.940074691736504431e-01	-7.177569860287465187e-02	6.188071754874940184e-02	-2.014886904985985772e-01	1.361510974663270868e-01	-1.722499032814290010e-01	8.627706443833801919e-02	-6.797799814809910024e-02	3.841672569060056858e-02	-7.694062772760734692e-02	6.884056072377239821e-02	-5.949030172926748211e-02	6.572493300552037510e-02	-4.074102120118797132e-02	7.364729694278565608e-02	-7.500174122441456703e-02	6.093426607213552060e-02	-6.425271417744118918e-02
9.944636159984508728e-02	-7.819133820892976150e-02	1.118697142475116452e-01	-8.479452727585880256e-02	1.027987965779647850e-01	-9.510992959509183275e-02	1.126835956978703979e-01	-1.351992544300130161e-01	9.899948628963184394e-02	-1.039169349740864667e-01	1.182067404156324775e-01	-1.297293146926168095e-01	1.499558861423865019e-01	-1.038783508576986148e-01	9.287778581959123259e-02	-2.731941008309816676e-01	2.395447262082069650e-01	-6.153875250739827552e-01	1.462954360618981264e-01	-1.415884765863142103e-01	2.129544946404909600e-01	-3.022434461026711761e-01	1.000000000000000888e+00	-1.249819804347995222e-01	1.059282961644599508e-01	-1.840752620831373199e-01	2.340875473118920469e-01	-5.208639955185778714e-01	1.115030790161224278e-01	-9.387947886388971208e-02	1.889257527954764371e-01	-1.670789470145332689e-01	2.350100062365092779e-01	-1.197856330189738389e-01	9.250940813517588568e-02	-4.619149973352450200e-02	9.353540261931679589e-02	-8.960812727667603894e-02	7.746120380451880505e-02	-8.740159351207582583e-02	4.877593771981013349e-02	-9.111011232143328975e-02	9.362728662566167925e-02	-7.804648360643270943e-02	8.279570543294045848e-02
-6.845504731432050516e-02	5.467654305853453245e-02	-8.823810804329890178e-02	8.110645856232477635e-02	-9.919248251905535274e-02	5.617042518900339232e-02	-7.153270319587570758e-02	9.678148403050569615e-02	-1.126680783796102508e-01	1.190545453333455850e-01	-6.430652657686805607e-02	6.647261330494952380e-02	-9.483182358911776411e-02	1.468431587693409257e-01	-1.316577111244628118e-01	8.992558969536752767e-02	-7.723235948343779023e-02	1.194652250384339170e-01	-3.842960507354448163e-01	2.507345181232511488e-01	-6.440400394155193498e-02	6.875850250179711687e-02	-1.249819804347995222e-01	1.000000000000000888e+00	-5.590641989402438394e-01	6.531542701910936222e-02	-8.335519398241368616e-02	9.770859742506066148e-02	-6.260638876851304380e-01	3.023607126211853013e-01	-8.168042134116683395e-02	7.255673392378970965e-02	-9.696964363115083418e-02	1.549715435906764138e-01	-1.484399817232843755e-01	2.978509997372324331e-02	-6.154259675821279613e-02	7.995337641406599638e-02	-7.795790377142085281e-02	1.067634689251688029e-01	-3.256759298003433778e-02	6.119786798875218037e-02	-8.078402266411734145e-02	7.286073282945339236e-02	-8.857030769187143604e-02
7.110971033902713234e-02	-5.673072789515868491e-02	9.165351234775798162e-02	-8.369951873610198545e-02	1.028208507220785967e-01	-5.800404754573429411e-02	7.381490971186149830e-02	-1.000223215616957151e-01	1.112903271919511716e-01	-1.269326541594435753e-01	6.594664886734331877e-02	-6.792222935479105828e-02	9.626575284672944655e-02	-1.418523277984208297e-01	1.369422374908397522e-01	-9.177561277793945538e-02	7.603455542536723122e-02	-1.138489510206486255e-01	2.447501676880979582e-01	-3.403495472212058615e-01	6.448813200181320593e-02	-6.864237801414262152e-02	1.059282961644599508e-01	-5.590641989402438394e-01	1.000000000000003997e+00	-6.833622574391468030e-02	8.512109614951447745e-02	-9.742574530465020199e-02	3.278849738946820191e-01	-6.105668010465327145e-01	8.641113125712861220e-02	-7.979798296514591105e-02	1.034404213325884059e-01	-2.061464459941665384e-01	1.944296030981301493e-01	-3.452828766392557897e-02	7.151337866648217745e-02	-1.001333659146702859e-01	9.682697538860082775e-02	-1.443320456949896136e-01	3.764684172752642138e-02	-7.221036703088422326e-02	9.562024529270279904e-02	-9.045662927131148390e-02	1.082578490189548825e-01
-6.955317037053861118e-02	5.385802875032768416e-02	-7.940938204718071824e-02	5.838786884062017318e-02	-7.264768466560982130e-02	6.289309778707183329e-02	-7.609648016978594331e-02	8.853427681672557115e-02	-6.641880163148478067e-02	6.968820439533870981e-02	-7.716396573183260943e-02	7.994709487958734373e-02	-9.572336333935162200e-02	6.596954786071780596e-02	-6.123937138722862494e-02	1.636716179311103192e-01	-1.313602006149842683e-01	1.710213145368301713e-01	-8.660207066153628730e-02	8.868495184481982319e-02	-3.433291967553389057e-01	2.350420107059691122e-01	-1.840752620831373199e-01	6.531542701910936222e-02	-6.833622574391468030e-02	1.000000000000000666e+00	-6.600898502810649271e-01	2.389208601711214353e-01	-7.231006801461903333e-02	6.501105682837399202e-02	-5.112640765047479219e-01	2.317270331453519239e-01	-2.352106062331415226e-01	1.053399729377182126e-01	-8.030742372576459009e-02	5.578437695532427465e-02	-1.118142246303429066e-01	8.983410152088866507e-02	-7.556977028954246778e-02	8.045541262876526600e-02	-5.767592977875729554e-02	1.051643216588499657e-01	-9.505508006495116957e-02	7.764217171345830226e-02	-7.825889803920124677e-02
8.756103878729357137e-02	-6.828551398341271839e-02	1.003551358203230576e-01	-7.473391357389266854e-02	9.238009669256815048e-02	-8.012809372498946869e-02	9.588775878944039155e-02	-1.148921845460467994e-01	8.499372074439830171e-02	-9.045449908039686349e-02	9.693539584694232936e-02	-1.020050869163474511e-01	1.207436628098570580e-01	-8.520555060121962065e-02	7.866596825899926926e-02	-2.128265460676679877e-01	1.620112895986379198e-01	-2.408174957323119258e-01	1.105769550407652846e-01	-1.160634494690739454e-01	2.340097560530456644e-01	-2.687556169982888155e-01	2.340875473118920469e-01	-8.335519398241368616e-02	8.512109614951447745e-02	-6.600898502810649271e-01	1.000000000000003553e+00	-4.432550363316041797e-01	8.996189618100118579e-02	-8.150896352813796764e-02	2.865393956177855750e-01	-2.594282581954573397e-01	2.491513299688958571e-01	-1.292354684383496821e-01	9.569414047721999661e-02	-6.231226535636255615e-02	1.241065180573610038e-01	-1.089801821489524702e-01	8.978561599235321267e-02	-9.850228830610163744e-02	6.345549482972244471e-02	-1.256241189010887660e-01	1.102592930481170047e-01	-9.400202815268539347e-02	9.241917821660207422e-02
-8.659246189597026577e-02	6.702389636388386696e-02	-9.933127914529628344e-02	7.365670430705359428e-02	-9.159684632389464287e-02	7.762929456350899093e-02	-9.484486113586218514e-02	1.107130517236318695e-01	-8.525282749267330817e-02	8.865655454761109389e-02	-9.541180150481656796e-02	9.948369873439422140e-02	-1.235581291865214537e-01	8.626846455941904190e-02	-7.975166213003935523e-02	1.854636667123266414e-01	-1.665010977844666173e-01	2.586671529119048407e-01	-1.205485708193255456e-01	1.172844798638128516e-01	-1.855134988438116028e-01	1.940074691736504431e-01	-5.208639955185778714e-01	9.770859742506066148e-02	-9.742574530465020199e-02	2.389208601711214353e-01	-4.432550363316041797e-01	1.000000000000001776e+00	-1.087670680698791109e-01	9.140665910027233332e-02	-2.793564107460959622e-01	2.423817410291522478e-01	-5.276891735166150399e-01	1.438185067926961991e-01	-1.103355288131467049e-01	5.968087268626444397e-02	-1.250301264824375813e-01	1.098122164059738004e-01	-9.612915476426177330e-02	1.013098599687752427e-01	-6.290704843918419609e-02	1.161463013994531446e-01	-1.147342928408292828e-01	9.333427600102184307e-02	-9.920191376369931480e-02
6.955945328616235102e-02	-5.542310401209788601e-02	8.880970393490127124e-02	-8.010259369043146171e-02	9.748227337819509453e-02	-5.724887655496902622e-02	7.245438383941224525e-02	-9.792667788766629133e-02	1.045534311347415257e-01	-1.186464906639426858e-01	6.527766825950558072e-02	-6.743935474335560620e-02	9.413758928613494281e-02	-1.343326781674136772e-01	1.205246642440034321e-01	-9.447695550294760158e-02	7.767318722344961068e-02	-1.179071834371828165e-01	2.274836543409541334e-01	-2.483783923504314928e-01	6.699922647434651546e-02	-7.177569860287465187e-02	1.115030790161224278e-01	-6.260638876851304380e-01	3.278849738946820191e-01	-7.231006801461903333e-02	8.996189618100118579e-02	-1.087670680698791109e-01	1.000000000000001554e+00	-5.742551181276381866e-01	9.099555566572720133e-02	-8.553376297940144812e-02	1.117655100876090435e-01	-2.461313991386153144e-01	2.058065282629725212e-01	-3.683596447847746480e-02	7.659311409578740959e-02	-1.087462325280598302e-01	1.063278839934612002e-01	-1.515936916255478384e-01	4.012741832905597494e-02	-7.719160086322311709e-02	1.021318994272117919e-01	-9.655866408718648264e-02	1.155930396753655498e-01
-6.150937754912143979e-02	4.859652163604621933e-02	-7.852153342245461742e-02	6.883284214836676851e-02	-8.636032794439242599e-02	4.989477344644367707e-02	-6.361882824307200923e-02	8.337920941810054998e-02	-9.094699386537290209e-02	9.807128413906658626e-02	-5.713848721372507405e-02	5.836429272807183710e-02	-8.250223555798778807e-02	1.082194245083252793e-01	-1.061959491495421543e-01	8.031196602861827294e-02	-6.675690642855776347e-02	9.756535617126657622e-02	-1.999736143898299401e-01	2.000109256387209711e-01	-5.906403538238963469e-02	6.188071754874940184e-02	-9.387947886388971208e-02	3.023607126211853013e-01	-6.105668010465327145e-01	6.501105682837399202e-02	-8.150896352813796764e-02	9.140665910027233332e-02	-5.742551181276381866e-01	1.000000000000001110e+00	-8.491359117913614696e-02	7.943545096571012765e-02	-1.049618042766144593e-01	2.267567750279982919e-01	-3.516494460507214037e-01	3.614061637039785169e-02	-7.601393102518705369e-02	1.062912038090435690e-01	-1.098076112572394097e-01	1.658751613465004326e-01	-3.983827287352518370e-02	7.560972079553750225e-02	-1.069335483774615653e-01	9.888409252430176155e-02	-1.307589074206937929e-01
8.401935161134667374e-02	-6.542828601426742274e-02	9.738859448780083639e-02	-7.266879631916317583e-02	9.039620773434624279e-02	-7.548986570044911859e-02	9.085328098432005062e-02	-1.098403331180574510e-01	8.253113765056240003e-02	-8.836896770825361513e-02	9.029501869360818944e-02	-9.436318501662728508e-02	1.136962402597739841e-01	-8.258859749140702589e-02	7.682199739884747192e-02	-1.909737268379381736e-01	1.416084517058646131e-01	-2.091398791106011679e-01	1.069794174226131739e-01	-1.140542342218771599e-01	1.894169421877216486e-01	-2.014886904985985772e-01	1.889257527954764371e-01	-8.168042134116683395e-02	8.641113125712861220e-02	-5.112640765047479219e-01	2.865393956177855750e-01	-2.793564107460959622e-01	9.099555566572720133e-02	-8.491359117913614696e-02	1.000000000000001554e+00	-5.950159330143656167e-01	2.846872011815320125e-01	-1.489786523575726829e-01	1.080033545969771996e-01	-9.567482257245020494e-02	1.847887988987432506e-01	-1.387947578250697811e-01	1.100292820916577430e-01	-1.159579980810803990e-01	9.161293297633606170e-02	-1.839049251351962955e-01	1.365372221019042764e-01	-1.163369111720621712e-01	1.085790644676705996e-01
-6.646607229206773215e-02	5.143321105506207247e-02	-7.764135350031166338e-02	5.779248825040624038e-02	-7.262210794017548432e-02	5.822111877177005290e-02	-7.120439257536545496e-02	8.469334039397403979e-02	-6.626504409589972777e-02	7.008132791215634927e-02	-6.982208069182868626e-02	7.212633043272215216e-02	-8.980165025551682667e-02	6.653551208817989893e-02	-6.241775658700988993e-02	1.350649076119456726e-01	-1.069517081922712470e-01	1.561939375413775588e-01	-8.978393844566921744e-02	9.274998549683188820e-02	-1.366124130498220790e-01	1.361510974663270868e-01	-1.670789470145332689e-01	7.255673392378970965e-02	-7.979798296514591105e-02	2.317270331453519239e-01	-2.594282581954573397e-01	2.423817410291522478e-01	-8.553376297940144812e-02	7.943545096571012765e-02	-5.950159330143656167e-01	1.000000000000001332e+00	-5.667502118440487235e-01	1.547727534505048963e-01	-1.153268357291657720e-01	1.053834751728429109e-01	-3.116830670388874847e-01	1.483159744695642657e-01	-1.223113111526465957e-01	1.163300906603776802e-01	-1.073530023077993723e-01	2.012662772762816576e-01	-1.536154639149791556e-01	1.194280209038247886e-01	-1.151943684556260006e-01
8.591242314959772475e-02	-6.696503105941832568e-02	9.992889977327493178e-02	-7.532494785419711902e-02	9.361130789691882170e-02	-7.700029262287569343e-02	9.299481238169950148e-02	-1.128475422093292713e-01	8.665178090362818386e-02	-9.258614525219001357e-02	9.218785216024735774e-02	-9.669687472146287766e-02	1.178506074327597825e-01	-8.813099958133017997e-02	8.194790577797035624e-02	-1.898287818879653976e-01	1.457633193102262359e-01	-2.376598980164335295e-01	1.184913508674144966e-01	-1.243124028010424154e-01	1.543140160194042543e-01	-1.722499032814290010e-01	2.350100062365092779e-01	-9.696964363115083418e-02	1.034404213325884059e-01	-2.352106062331415226e-01	2.491513299688958571e-01	-5.276891735166150399e-01	1.117655100876090435e-01	-1.049618042766144593e-01	2.846872011815320125e-01	-5.667502118440487235e-01	1.000000000000000666e+00	-2.426941519346936249e-01	1.483116597416577476e-01	-8.593888358122848958e-02	1.860198372342332374e-01	-1.692318086144175560e-01	1.380775924264690258e-01	-1.405614668685253310e-01	8.618311709421405675e-02	-1.794446772581856087e-01	1.515129361544737818e-01	-1.295778983087566838e-01	1.301721835337926736e-01
-6.913724856117084427e-02	5.355943788707158426e-02	-8.504972574063469903e-02	6.734396555637796322e-02	-8.604045172112181894e-02	5.654377353814366708e-02	-7.140855801021264715e-02	8.767372395534382690e-02	-8.215122569415890530e-02	8.715836635291203394e-02	-6.583356471059859105e-02	6.671358440254301914e-02	-9.030447490950066491e-02	8.809108848900998323e-02	-8.539272341690991308e-02	1.027859498910541208e-01	-8.311530130524527604e-02	1.192025919587697130e-01	-1.403146651076918605e-01	1.398029516882401679e-01	-8.354221385830400137e-02	8.627706443833801919e-02	-1.197856330189738389e-01	1.549715435906764138e-01	-2.061464459941665384e-01	1.053399729377182126e-01	-1.292354684383496821e-01	1.438185067926961991e-01	-2.461313991386153144e-01	2.267567750279982919e-01	-1.489786523575726829e-01	1.547727534505048963e-01	-2.426941519346936249e-01	1.000000000000002220e+00	-6.591339634451960361e-01	7.529802305329791334e-02	-1.680326355825128015e-01	2.387382231451938286e-01	-3.576637703042692129e-01	2.918593089641461358e-01	-8.496403131197265146e-02	1.556369635443829169e-01	-2.449283646294906358e-01	2.069625079538995882e-01	-2.940035312442864646e-01
