1.000000000000000000e+00	-1.896519750973855722e-01	5.984340424907498568e-02	-3.545345010958973753e-02	1.394396762144026539e-02	-9.656367084398286282e-01	1.238093959067347871e-01	-3.544652477843770327e-02	2.887408303241956187e-02	-1.528754082921785461e-02	8.952654279424816786e-02	-8.475891007341716799e-02	3.699126866606288616e-02	-2.276894023528462305e-02	2.858683440836069442e-02	-5.797525960298525322e-02	2.838013019998577788e-02	-3.628688885609160364e-02	2.634307161863048974e-02	-2.073774409454269899e-02	5.173399107060665941e-02	-2.660352805850917796e-02	2.009158761204898197e-02	-2.080161838634453364e-02	2.656318839846943947e-02	-2.438507941973561827e-02	2.335037705634611035e-02	-2.202493574489574821e-02	3.056952024090970471e-02	-2.400427712326611701e-02	2.451328627307761826e-02	-2.028473223194597608e-02	2.578483310946282775e-02	-2.275879283973786943e-02	1.830859332698971109e-02	-1.486509503992954929e-02	2.005430459834543766e-02	-1.849432454911674809e-02	3.027227923673533883e-02	-2.511028759957886422e-02	1.799133263378979719e-02	-1.730594164086661155e-02	1.816757640941562765e-02	-1.056766390228795240e-02	1.246303808452173603e-02
-1.896519750973855722e-01	9.999999999999997780e-01	-2.639266369835178150e-01	1.379525113993533836e-01	-5.367240966621633635e-02	1.573231789395684310e-01	-7.753436834953049139e-01	1.369878434834730374e-01	-1.126985876962280086e-01	5.844562512616882644e-02	-2.952421242145919500e-01	2.844980927454038300e-01	-1.396192606985591778e-01	8.576910663148464009e-02	-1.074387604375099670e-01	1.783120493202870471e-01	-1.020618892233888658e-01	1.316611744986339316e-01	-9.796294207499531281e-02	7.668088624832239408e-02	-1.851070117225860900e-01	9.238697331758859155e-02	-7.258570880940133641e-02	7.484163252451055126e-02	-9.731128264057092858e-02	8.707584324179087898e-02	-8.395028657599461208e-02	7.902540637273555713e-02	-1.106860090800937946e-01	8.712653045050090805e-02	-8.797302483841205889e-02	7.264740744306254217e-02	-9.288735319333538132e-02	8.207449447909880014e-02	-6.618574173420471718e-02	5.333339389264538100e-02	-7.204234348816720979e-02	6.655166670958639896e-02	-1.093211930780041002e-01	9.043279957484340326e-02	-6.465724695846451764e-02	6.213532798968429000e-02	-6.535687434201592483e-02	3.800867731310285380e-02	-4.485502085958466972e-02
5.984340424907498568e-02	-2.639266369835178150e-01	9.999999999999995559e-01	-6.468474296012152180e-01	1.695649090113011126e-01	-6.687823937291741128e-02	1.705383439604741258e-01	-3.529150202512734702e-01	2.774870561989830620e-01	-1.988598373244647166e-01	1.613178350640615266e-01	-1.984292172200310955e-01	2.365629430461130833e-01	-1.841843928261480134e-01	1.985929290533924307e-01	-1.913427212679109646e-01	9.883498090116278612e-02	-2.681429250994371016e-01	1.741865546210350779e-01	-1.407989383551495333e-01	1.728211869864752503e-01	-9.900719825605404367e-02	1.139363547548236377e-01	-1.233353292505124793e-01	1.516744841841106695e-01	-1.004895756910512278e-01	1.054478549356749617e-01	-1.055538478543041614e-01	1.542874809852168017e-01	-1.413342459618938118e-01	9.943844467818463428e-02	-8.813697620032724667e-02	1.159863299785218599e-01	-1.202886900552220667e-01	1.009389613302211913e-01	-6.346710736226875149e-02	8.543266406994259876e-02	-8.489593981623343166e-02	1.454515622829485044e-01	-1.450905217924121082e-01	7.572368029657228217e-02	-7.724635442512785277e-02	8.020467514466747549e-02	-4.884118631413020273e-02	5.677505487364968573e-02
-3.545345010958973753e-02	1.379525113993533836e-01	-6.468474296012152180e-01	9.999999999999995559e-01	-2.775687911095389704e-01	3.868860820196718536e-02	-1.131931451285006218e-01	2.777472345165118428e-01	-5.030718718249893584e-01	2.146394356094194489e-01	-1.104620147610311937e-01	1.231698520628002613e-01	-2.286731288795161576e-01	2.020707287176722600e-01	-2.332321023141895600e-01	1.220123092129267867e-01	-6.962354830983111253e-02	1.918993921573054762e-01	-1.818821236585557721e-01	1.342909353707591458e-01	-1.235625653983011552e-01	6.844047604088306092e-02	-8.565355792684938019e-02	9.005048551934978496e-02	-1.360634264044497388e-01	7.303790177405342088e-02	-7.913215026602170299e-02	7.854046406716129469e-02	-1.206631208999274368e-01	1.140367344978298753e-01	-7.291653098394294819e-02	6.442279742526506314e-02	-8.686330287380450432e-02	9.138165217795399253e-02	-7.863337930525339525e-02	4.654406784272006187e-02	-6.292384086268852650e-02	6.335090533705418914e-02	-1.110703819340716492e-01	1.090181818544286724e-01	-5.573481523232964169e-02	5.688999494456727091e-02	-5.949518396960484790e-02	3.623386498955023793e-02	-4.221235644847625562e-02
1.394396762144026539e-02	-5.367240966621633635e-02	1.695649090113011126e-01	-2.775687911095389704e-01	9.999999999999994449e-01	-1.542153114055659462e-02	4.342493897017013493e-02	-1.271390690937794499e-01	1.564226970528268534e-01	-9.265528583739985891e-01	4.478939194494613307e-02	-5.106438497762932210e-02	9.267784612752050233e-02	-9.765920385709500606e-02	1.130764152479656615e-01	-5.203987108455904176e-02	2.955803108748935454e-02	-8.615832633346434677e-02	7.959757424094672518e-02	-6.546170080521741819e-02	5.188768683256207714e-02	-2.933698814642476602e-02	3.744734317159302550e-02	-3.990999084782895223e-02	6.078028522101228820e-02	-3.133006409936231473e-02	3.405527453775526042e-02	-3.417465779955886768e-02	5.248722230192115479e-02	-5.271437634615377260e-02	3.112307813889958821e-02	-2.774002657158614743e-02	3.733511211043939043e-02	-4.061773056400842796e-02	3.537768457354346918e-02	-1.997541411748572290e-02	2.696150176882817703e-02	-2.737682788752215587e-02	4.808342313123897122e-02	-4.979478462611127559e-02	2.384161068283041293e-02	-2.454820334227613560e-02	2.557956884766082045e-02	-1.572887412209514335e-02	1.826212004004881817e-02
-9.656367084398286282e-01	1.573231789395684310e-01	-6.687823937291741128e-02	3.868860820196718536e-02	-1.542153114055659462e-02	9.999999999999992228e-01	-1.388962063077350817e-01	3.901496580252292179e-02	-3.215693224484054979e-02	1.682729317481540879e-02	-1.057089257813258742e-01	8.936648903530378107e-02	-4.143551730884055539e-02	2.548065544831241980e-02	-3.222591128020991375e-02	6.398234467140155590e-02	-3.163974144965319563e-02	4.027709934209419002e-02	-2.970214498486916863e-02	2.334379365948138080e-02	-5.937225115927819569e-02	2.943320099420535657e-02	-2.257869912458432618e-02	2.332229871984497355e-02	-3.010074750130305177e-02	2.777537570166340938e-02	-2.652407151980467476e-02	2.494895078229438651e-02	-3.469910291828469384e-02	2.710016837140303420e-02	-2.800189686328817193e-02	2.310277326219444677e-02	-2.940429266274157197e-02	2.577728689949470783e-02	-2.071495084874194759e-02	1.695628136950424331e-02	-2.288932613857288731e-02	2.106430611434160702e-02	-3.446438292129985759e-02	2.832757774630845909e-02	-2.054896042244740845e-02	1.971674673662130936e-02	-2.072485031133646308e-02	1.203456932180366201e-02	-1.420550397270715394e-02
1.238093959067347871e-01	-7.753436834953049139e-01	1.705383439604741258e-01	-1.131931451285006218e-01	4.342493897017013493e-02	-1.388962063077350817e-01	9.999999999999988898e-01	-1.317082786699603769e-01	9.415272764342519363e-02	-4.811613950309486659e-02	2.350434617324096143e-01	-4.814513131570480331e-01	1.189494121879857147e-01	-7.043761797079726994e-02	8.534909610832704108e-02	-1.595065990461591310e-01	9.437897459070623829e-02	-1.135531680384539305e-01	7.807559813564472762e-02	-6.141376397544619226e-02	1.400059885364739465e-01	-8.845859116610158002e-02	5.980167145613629609e-02	-6.206795743530948983e-02	7.597860521052385296e-02	-6.773608951258225375e-02	6.612368687116050581e-02	-6.289334763141510298e-02	8.649388063061254350e-02	-6.915752311571513045e-02	6.741876849899454405e-02	-5.625608441427376594e-02	7.121015980488661079e-02	-6.449666499141558373e-02	5.211610078399060014e-02	-4.099907223086943220e-02	5.520944056228271890e-02	-5.128600543720419902e-02	8.408995839597480093e-02	-7.192206016373144106e-02	4.939969163460199847e-02	-4.789956973536018542e-02	5.007171858470627068e-02	-2.927994980691173144e-02	3.442579741157370671e-02
-3.544652477843770327e-02	1.369878434834730374e-01	-3.529150202512734702e-01	2.777472345165118428e-01	-1.271390690937794499e-01	3.901496580252292179e-02	-1.317082786699603769e-01	9.999999999999981126e-01	-6.164809438424614374e-01	1.301562335772669388e-01	-1.182416078510363233e-01	1.368581254610300446e-01	-5.015481463598259193e-01	2.389644440372288847e-01	-2.645456476004581226e-01	1.283193408365648491e-01	-7.960671531255614219e-02	2.581779106516111644e-01	-2.138861239124379698e-01	1.529128499439302291e-01	-1.322682335815278110e-01	7.760727891628017849e-02	-1.054938192073895248e-01	1.083608714919766791e-01	-1.517861441266920575e-01	7.984012880735130713e-02	-8.874807791911390464e-02	8.855982427257926004e-02	-1.359424524022924408e-01	1.265779793895676908e-01	-7.942507813922983217e-02	7.019510000095349755e-02	-9.468385527714853755e-02	1.009915682839526291e-01	-8.675428545327219798e-02	5.058081284348540929e-02	-6.838450275402904732e-02	6.910919272311813466e-02	-1.213698519047690105e-01	1.193894025357666450e-01	-6.046484707901806505e-02	6.186089620037723419e-02	-6.462010284891891998e-02	3.935889203854332080e-02	-4.579831402131021717e-02
2.887408303241956187e-02	-1.126985876962280086e-01	2.774870561989830620e-01	-5.030718718249893584e-01	1.564226970528268534e-01	-3.215693224484054979e-02	9.415272764342519363e-02	-6.164809438424614374e-01	9.999999999999978906e-01	-1.836786842366449346e-01	9.386749145177558651e-02	-1.112464357247935909e-01	2.466693561039327021e-01	-3.809040474494270745e-01	2.485201558295417057e-01	-1.102076249106995753e-01	6.512196587027316297e-02	-2.206455457153878030e-01	1.993712224951517398e-01	-1.521704583629349405e-01	1.087275906541772114e-01	-6.482046834176206918e-02	8.698662710918693419e-02	-9.306884902569405316e-02	1.312324250013945648e-01	-6.678702241305019272e-02	7.350570091422134467e-02	-7.455224355891258703e-02	1.132566446743714927e-01	-1.148493006414205153e-01	6.592939966845703936e-02	-5.894637984224991578e-02	7.892184477189047309e-02	-8.753835182995074737e-02	7.617437799073835392e-02	-4.229450412392760095e-02	5.701008599756220846e-02	-5.805196613171564879e-02	1.017155006579223420e-01	-1.074849827775297695e-01	5.033044687527093997e-02	-5.202741700551528209e-02	5.403557529675720450e-02	-3.331913718355546117e-02	3.859815088945449391e-02
-1.528754082921785461e-02	5.844562512616882644e-02	-1.988598373244647166e-01	2.146394356094194489e-01	-9.265528583739985891e-01	1.682729317481540879e-02	-4.811613950309486659e-02	1.301562335772669388e-01	-1.836786842366449346e-01	9.999999999999976685e-01	-4.951100033650698146e-02	5.549767318665360660e-02	-1.037546914569222184e-01	1.063183146562950293e-01	-1.370639688758023000e-01	5.652053118744015947e-02	-3.235720132737267968e-02	9.192517670422689635e-02	-9.008588596966446427e-02	7.229861086536271131e-02	-5.729888905114705056e-02	3.197883937413955463e-02	-4.082382941511502467e-02	4.322279939483046618e-02	-6.834463856039971197e-02	3.446394475184943323e-02	-3.753725439033820527e-02	3.750363154804407101e-02	-5.803757084303223790e-02	5.770271921282547900e-02	-3.432843426418145938e-02	3.051930438037620333e-02	-4.123721375019259033e-02	4.453656129986709872e-02	-3.883263843517322650e-02	2.200830771286255497e-02	-2.973551339084850448e-02	3.018002766328556005e-02	-5.315549659956100848e-02	5.416692182276502260e-02	-2.630544856363106407e-02	2.702642828166266012e-02	-2.821858267246375382e-02	1.730979190808234341e-02	-2.012295060928077917e-02
8.952654279424816786e-02	-2.952421242145919500e-01	1.613178350640615266e-01	-1.104620147610311937e-01	4.478939194494613307e-02	-1.057089257813258742e-01	2.350434617324096143e-01	-1.182416078510363233e-01	9.386749145177558651e-02	-4.951100033650698146e-02	9.999999999999958922e-01	-6.347134148201579729e-01	1.382643282339703905e-01	-8.002214565816630210e-02	1.006120583043548233e-01	-5.594153048034209430e-01	1.431551981783918404e-01	-1.464620306578357789e-01	9.599465935300881270e-02	-7.669458918173222006e-02	2.397360691305173985e-01	-1.414563202365620720e-01	8.364993452526546525e-02	-8.717907868530580529e-02	1.007569424843691441e-01	-1.093722897568715352e-01	9.971699125397942565e-02	-9.438511647137705352e-02	1.229092976381266356e-01	-9.479984190894988338e-02	1.059374963452067581e-01	-8.761757471548763110e-02	1.058166583155777107e-01	-9.238469863233206292e-02	7.330906777836329602e-02	-6.340510763974387121e-02	8.472022115299927825e-02	-7.644205232689656182e-02	1.213771987805911112e-01	-1.018024827380866887e-01	7.580755403995305397e-02	-7.287178169912801595e-02	7.539507554101525233e-02	-4.369083661907059019e-02	5.129957046627976053e-02
-8.475891007341716799e-02	2.844980927454038300e-01	-1.984292172200310955e-01	1.231698520628002613e-01	-5.106438497762932210e-02	8.936648903530378107e-02	-4.814513131570480331e-01	1.368581254610300446e-01	-1.112464357247935909e-01	5.549767318665360660e-02	-6.347134148201579729e-01	9.999999999999965583e-01	-1.811482478368215965e-01	9.306829320633037972e-02	-1.182588809754780285e-01	2.667026783033854542e-01	-2.017198026621212226e-01	1.599871027094860731e-01	-1.111265919415120318e-01	8.726052454335497810e-02	-2.526338612681403029e-01	1.588357125252088942e-01	-9.325984787209047611e-02	9.483411628866404708e-02	-1.146634848049280647e-01	1.146162631473143095e-01	-1.098542277231098069e-01	1.022208394978559448e-01	-1.376345140836656988e-01	1.043233257851469559e-01	-1.145795696942894792e-01	9.342175601173831334e-02	-1.167571475004133552e-01	1.009489315201359261e-01	-8.034923309813993275e-02	6.840119744236826393e-02	-9.215038202561076641e-02	8.363226343555096864e-02	-1.348964526211115789e-01	1.093708418097726481e-01	-8.271556405562793812e-02	7.880170560325679141e-02	-8.257244165004100356e-02	4.763819764393460721e-02	-5.621866655498525267e-02
3.699126866606288616e-02	-1.396192606985591778e-01	2.365629430461130833e-01	-2.286731288795161576e-01	9.267784612752050233e-02	-4.143551730884055539e-02	1.189494121879857147e-01	-5.015481463598259193e-01	2.466693561039327021e-01	-1.037546914569222184e-01	1.382643282339703905e-01	-1.811482478368215965e-01	9.999999999999991118e-01	-2.318471262411962441e-01	2.132642653235417574e-01	-1.608493172985858977e-01	1.108628129368885301e-01	-6.494822466340905986e-01	2.020973132787082516e-01	-1.572584449024313491e-01	1.583820336850780275e-01	-1.105430916447130152e-01	1.722712918413372429e-01	-1.833902092322924338e-01	1.592145967223590475e-01	-9.972316105764816863e-02	1.138766289187949365e-01	-1.183327520340232281e-01	1.691891720989366077e-01	-1.479165342994819554e-01	9.711747141827067886e-02	-8.649376645847210721e-02	1.137568047257889459e-01	-1.245821290953542521e-01	1.033717752719514882e-01	-6.163565515842372999e-02	8.292098315933241204e-02	-8.363840613930970114e-02	1.438387475063866716e-01	-1.452694484820836740e-01	7.302696949124679038e-02	-7.524729748901741455e-02	7.772954817346888756e-02	-4.739619811530364907e-02	5.483324543924924382e-02
-2.276894023528462305e-02	8.576910663148464009e-02	-1.841843928261480134e-01	2.020707287176722600e-01	-9.765920385709500606e-02	2.548065544831241980e-02	-7.043761797079726994e-02	2.389644440372288847e-01	-3.809040474494270745e-01	1.063183146562950293e-01	-8.002214565816630210e-02	9.306829320633037972e-02	-2.318471262411962441e-01	9.999999999999974465e-01	-6.781923241061694752e-01	1.001529818036678426e-01	-5.961271098209029728e-02	2.009707820813226020e-01	-4.781199815502916728e-01	2.605820393372692556e-01	-1.005078043165981427e-01	5.966226279390993148e-02	-8.482864586348108638e-02	9.083106503465974979e-02	-1.797547465617121143e-01	6.472052372720131508e-02	-7.253702643503935621e-02	7.455346646362133456e-02	-1.185840440776850940e-01	1.434549214780583837e-01	-6.361914565582078851e-02	5.776056283619473292e-02	-7.830523841081699077e-02	9.448253812756764181e-02	-8.701965759532638567e-02	4.127573914221809720e-02	-5.559795347480908645e-02	5.815805723454219728e-02	-1.041179827760443238e-01	1.218867406428792294e-01	-4.890649469373956754e-02	5.149858948541437970e-02	-5.336526847942707485e-02	3.364035843140975035e-02	-3.876473426148169255e-02
2.858683440836069442e-02	-1.074387604375099670e-01	1.985929290533924307e-01	-2.332321023141895600e-01	1.130764152479656615e-01	-3.222591128020991375e-02	8.534909610832704108e-02	-2.645456476004581226e-01	2.485201558295417057e-01	-1.370639688758023000e-01	1.006120583043548233e-01	-1.182588809754780285e-01	2.132642653235417574e-01	-6.781923241061694752e-01	9.999999999999981126e-01	-1.326481881269951923e-01	7.525530725623476302e-02	-2.425373578055055879e-01	3.148684921262720482e-01	-4.080963043289672632e-01	1.297154929785704625e-01	-7.633446821667837223e-02	1.045831958260128453e-01	-1.148489275370795648e-01	2.213711096968759839e-01	-8.460596733818331883e-02	9.351227983643389807e-02	-9.717999099403054619e-02	1.536347065036662851e-01	-2.031453363627438169e-01	8.274414802785871881e-02	-7.594286783781983852e-02	1.024562493825884046e-01	-1.281827888707965657e-01	1.189386335634847885e-01	-5.411583312621159186e-02	7.271097269465195967e-02	-7.665408170956636291e-02	1.370344932471594113e-01	-1.724832538525880032e-01	6.389465062291811714e-02	-6.794238149813112970e-02	7.007459365701647347e-02	-4.479315513571706375e-02	5.139940585220286601e-02
-5.797525960298525322e-02	1.783120493202870471e-01	-1.913427212679109646e-01	1.220123092129267867e-01	-5.203987108455904176e-02	6.398234467140155590e-02	-1.595065990461591310e-01	1.283193408365648491e-01	-1.102076249106995753e-01	5.652053118744015947e-02	-5.594153048034209430e-01	2.667026783033854542e-01	-1.608493172985858977e-01	1.001529818036678426e-01	-1.326481881269951923e-01	9.999999999999991118e-01	-1.769717547142616865e-01	1.698871328092505240e-01	-1.288457480072607297e-01	1.030165607802516620e-01	-5.610088137789067675e-01	1.594793743137703779e-01	-1.138281597720902233e-01	1.163156316667639661e-01	-1.451151524316614538e-01	1.974414996450484516e-01	-1.624370002466525020e-01	1.472776207011997074e-01	-1.875829738308969485e-01	1.360267114362246899e-01	-1.960246945038833788e-01	1.499905417266779728e-01	-1.764034267275097490e-01	1.393402512372843294e-01	-1.084496644649503710e-01	1.106644452452491129e-01	-1.482580639950473733e-01	1.258506833231443356e-01	-1.921546579592482429e-01	1.474767936613882446e-01	-1.340865769879906466e-01	1.226085736435593293e-01	-1.280511883325065603e-01	7.204755032705800755e-02	-8.541048282143320902e-02
2.838013019998577788e-02	-1.020618892233888658e-01	9.883498090116278612e-02	-6.962354830983111253e-02	2.955803108748935454e-02	-3.163974144965319563e-02	9.437897459070623829e-02	-7.960671531255614219e-02	6.512196587027316297e-02	-3.235720132737267968e-02	1.431551981783918404e-01	-2.017198026621212226e-01	1.108628129368885301e-01	-5.961271098209029728e-02	7.525530725623476302e-02	-1.769717547142616865e-01	9.999999999999976685e-01	-1.544994862724893281e-01	7.585266952612072788e-02	-6.060780404175104830e-02	1.787824383661016647e-01	-9.115616234114655159e-01	1.198126753413438217e-01	-1.188116290628874611e-01	8.034840929168646229e-02	-1.019623967653171537e-01	1.210689065039758788e-01	-1.147888714053975079e-01	1.143373681878241954e-01	-8.151510121290210520e-02	8.874302472873166203e-02	-7.569291846447917527e-02	8.543771720459845953e-02	-8.106070495598817482e-02	6.224993617172275978e-02	-5.215082874706792465e-02	6.879294110595375600e-02	-6.287695356338574015e-02	9.618312738651063620e-02	-8.607637001106699381e-02	6.019006251040361077e-02	-5.966024219450211108e-02	5.976477036737473658e-02	-3.469737851102982357e-02	4.004653682504026591e-02
-3.628688885609160364e-02	1.316611744986339316e-01	-2.681429250994371016e-01	1.918993921573054762e-01	-8.615832633346434677e-02	4.027709934209419002e-02	-1.135531680384539305e-01	2.581779106516111644e-01	-2.206455457153878030e-01	9.192517670422689635e-02	-1.464620306578357789e-01	1.599871027094860731e-01	-6.494822466340905986e-01	2.009707820813226020e-01	-2.425373578055055879e-01	1.698871328092505240e-01	-1.544994862724893281e-01	9.999999999999974465e-01	-2.724925740504745564e-01	1.805258975356338613e-01	-1.947643727525462665e-01	1.382429278877112810e-01	-3.225909530192277996e-01	2.283634708862528895e-01	-2.073432642039381990e-01	1.251447391186980840e-01	-1.567251920257396736e-01	1.560467884884593481e-01	-2.359660680618756445e-01	1.765400871206589117e-01	-1.239898995593434472e-01	1.080110668017626452e-01	-1.465182380156630770e-01	1.539162712197623406e-01	-1.265477386148143035e-01	7.742992875455183277e-02	-1.050522868581677260e-01	1.060297189609191448e-01	-1.858428724045541880e-01	1.675332013949768217e-01	-9.245144080554414112e-02	9.404050910386872741e-02	-9.834034278477440938e-02	5.888775305245360497e-02	-6.855368672729646173e-02
2.634307161863048974e-02	-9.796294207499531281e-02	1.741865546210350779e-01	-1.818821236585557721e-01	7.959757424094672518e-02	-2.970214498486916863e-02	7.807559813564472762e-02	-2.138861239124379698e-01	1.993712224951517398e-01	-9.008588596966446427e-02	9.599465935300881270e-02	-1.111265919415120318e-01	2.020973132787082516e-01	-4.781199815502916728e-01	3.148684921262720482e-01	-1.288457480072607297e-01	7.585266952612072788e-02	-2.724925740504745564e-01	9.999999999999964473e-01	-6.336680016688379657e-01	1.289906391716389711e-01	-7.685086166151174070e-02	1.137825976784475196e-01	-1.256621785421327964e-01	2.666769281520494639e-01	-8.645571110337928189e-02	9.741922370353485461e-02	-1.022031413840102237e-01	1.652711093494819150e-01	-2.387382614611535947e-01	8.433247314179295739e-02	-7.781988426098870870e-02	1.058013282971829588e-01	-1.384469133803099272e-01	1.318124218559159899e-01	-5.533170395133946845e-02	7.435789533413002250e-02	-7.948362269124784052e-02	1.437688575141694847e-01	-1.887213937067062919e-01	6.520187689705042589e-02	-6.989120215855262885e-02	7.206197618918494530e-02	-4.650702946447547725e-02	5.324786101395880683e-02
-2.073774409454269899e-02	7.668088624832239408e-02	-1.407989383551495333e-01	1.342909353707591458e-01	-6.546170080521741819e-02	2.334379365948138080e-02	-6.141376397544619226e-02	1.529128499439302291e-01	-1.521704583629349405e-01	7.229861086536271131e-02	-7.669458918173222006e-02	8.726052454335497810e-02	-1.572584449024313491e-01	2.605820393372692556e-01	-4.080963043289672632e-01	1.030165607802516620e-01	-6.060780404175104830e-02	1.805258975356338613e-01	-6.336680016688379657e-01	9.999999999999980016e-01	-1.063297216633778408e-01	6.111698010476931259e-02	-9.027622049702357931e-02	9.732256304077151199e-02	-5.224424853610261099e-01	7.256709088691548626e-02	-8.380210521170164406e-02	8.690531819233190958e-02	-1.534196885755707840e-01	2.263547177899417340e-01	-7.123180378876881047e-02	6.570461971085256314e-02	-9.149489640995805972e-02	1.219821121191196345e-01	-1.246723458019285274e-01	4.681151364454541608e-02	-6.313612241099930689e-02	6.855190483648533617e-02	-1.278066467429104236e-01	1.596037038748105152e-01	-5.528856047139007329e-02	5.942778844206197952e-02	-6.170215248903641869e-02	3.973422468352688641e-02	-4.565013110586396694e-02
5.173399107060665941e-02	-1.851070117225860900e-01	1.728211869864752503e-01	-1.235625653983011552e-01	5.188768683256207714e-02	-5.937225115927819569e-02	1.400059885364739465e-01	-1.322682335815278110e-01	1.087275906541772114e-01	-5.729888905114705056e-02	2.397360691305173985e-01	-2.526338612681403029e-01	1.583820336850780275e-01	-1.005078043165981427e-01	1.297154929785704625e-01	-5.610088137789067675e-01	1.787824383661016647e-01	-1.947643727525462665e-01	1.289906391716389711e-01	-1.063297216633778408e-01	9.999999999999970024e-01	-2.170250435516792864e-01	1.307398809614682411e-01	-1.390768964940351793e-01	1.473554195746267503e-01	-4.121765224509849612e-01	2.055979187998378532e-01	-2.014687871259963625e-01	1.997172728205455772e-01	-1.526210813090021767e-01	2.441485513036740218e-01	-2.091192398634024729e-01	1.852149676607064699e-01	-1.573149568154518507e-01	1.209972613590568208e-01	-1.382754992934341620e-01	1.711225873270982856e-01	-1.404109594957296814e-01	1.959188600364143718e-01	-1.743126637946678659e-01	1.489764230786930765e-01	-1.468167610368430187e-01	1.387226834071769999e-01	-7.967092425964777958e-02	9.084717219035484681e-02
-2.660352805850917796e-02	9.238697331758859155e-02	-9.900719825605404367e-02	6.844047604088306092e-02	-2.933698814642476602e-02	2.943320099420535657e-02	-8.845859116610158002e-02	7.760727891628017849e-02	-6.482046834176206918e-02	3.197883937413955463e-02	-1.414563202365620720e-01	1.588357125252088942e-01	-1.105430916447130152e-01	5.966226279390993148e-02	-7.633446821667837223e-02	1.594793743137703779e-01	-9.115616234114655159e-01	1.382429278877112810e-01	-7.685086166151174070e-02	6.111698010476931259e-02	-2.170250435516792864e-01	9.999999999999996669e-01	-1.369875906080333938e-01	1.181983678030099072e-01	-8.265647505562841169e-02	1.088803008179988624e-01	-1.432866505084234576e-01	1.194180032975499933e-01	-1.220528649128106852e-01	8.280905996931249569e-02	-9.640130647186569146e-02	7.923091743409425847e-02	-9.003477693827269257e-02	8.311308113917006968e-02	-6.372146834598339804e-02	5.495997819142441065e-02	-7.286416015978855465e-02	6.561708588620480953e-02	-1.003250374469539380e-01	8.682425339525370878e-02	-6.382907154476052947e-02	6.220476728094549018e-02	-6.270246369384351037e-02	3.602427937519599860e-02	-4.171031562975130447e-02
2.009158761204898197e-02	-7.258570880940133641e-02	1.139363547548236377e-01	-8.565355792684938019e-02	3.744734317159302550e-02	-2.257869912458432618e-02	5.980167145613629609e-02	-1.054938192073895248e-01	8.698662710918693419e-02	-4.082382941511502467e-02	8.364993452526546525e-02	-9.325984787209047611e-02	1.722712918413372429e-01	-8.482864586348108638e-02	1.045831958260128453e-01	-1.138281597720902233e-01	1.198126753413438217e-01	-3.225909530192277996e-01	1.137825976784475196e-01	-9.027622049702357931e-02	1.307398809614682411e-01	-1.369875906080333938e-01	9.999999999999964473e-01	-8.401715168713865811e-01	1.178431651568623284e-01	-1.079325256049537690e-01	1.646128079236413855e-01	-2.336936695359841665e-01	2.240066080912130886e-01	-1.325424073224060195e-01	9.751799983526633631e-02	-8.606865021357557044e-02	1.088339741501147540e-01	-1.329554245576443083e-01	9.604472857517470930e-02	-5.885811404709721806e-02	7.883046271518800996e-02	-8.049771281159914804e-02	1.302687781681665657e-01	-1.269740235656760252e-01	6.798828145661561795e-02	-7.086053870045569414e-02	7.148551744944595110e-02	-4.258460853149388659e-02	4.855904986067435120e-02
-2.080161838634453364e-02	7.484163252451055126e-02	-1.233353292505124793e-01	9.005048551934978496e-02	-3.990999084782895223e-02	2.332229871984497355e-02	-6.206795743530948983e-02	1.083608714919766791e-01	-9.306884902569405316e-02	4.322279939483046618e-02	-8.717907868530580529e-02	9.483411628866404708e-02	-1.833902092322924338e-01	9.083106503465974979e-02	-1.148489275370795648e-01	1.163156316667639661e-01	-1.188116290628874611e-01	2.283634708862528895e-01	-1.256621785421327964e-01	9.732256304077151199e-02	-1.390768964940351793e-01	1.181983678030099072e-01	-8.401715168713865811e-01	9.999999999999958922e-01	-1.335325419204363984e-01	1.099817395916654339e-01	-1.735526584591891852e-01	1.934672170055920515e-01	-3.220371774460819014e-01	1.432694902958030203e-01	-1.037976925416637108e-01	8.988964694290954571e-02	-1.184943468900785807e-01	1.445308036850626587e-01	-1.060072876490711635e-01	6.240561732034907716e-02	-8.430664904429699402e-02	8.650534205774958185e-02	-1.471468100510904264e-01	1.335347586786283236e-01	-7.292552568054548601e-02	7.535655982845110290e-02	-7.716290569717984549e-02	4.576010555801006408e-02	-5.246522201836992250e-02
2.656318839846943947e-02	-9.731128264057092858e-02	1.516744841841106695e-01	-1.360634264044497388e-01	6.078028522101228820e-02	-3.010074750130305177e-02	7.597860521052385296e-02	-1.517861441266920575e-01	1.312324250013945648e-01	-6.834463856039971197e-02	1.007569424843691441e-01	-1.146634848049280647e-01	1.592145967223590475e-01	-1.797547465617121143e-01	2.213711096968759839e-01	-1.451151524316614538e-01	8.034840929168646229e-02	-2.073432642039381990e-01	2.666769281520494639e-01	-5.224424853610261099e-01	1.473554195746267503e-01	-8.265647505562841169e-02	1.178431651568623284e-01	-1.335325419204363984e-01	9.999999999999968914e-01	-1.054175159996561806e-01	1.203409891421426126e-01	-1.298061679450756845e-01	2.331441400405477038e-01	-5.864008124821923351e-01	1.021214365497043475e-01	-9.656995208452465174e-02	1.345768849406983325e-01	-2.090561016889333212e-01	2.235940515327566880e-01	-6.830121133854570592e-02	9.171111157762858179e-02	-1.028982769980936185e-01	1.939987125634481113e-01	-2.959591512322466977e-01	7.997673865758522793e-02	-8.832243418167690097e-02	9.093068861358663546e-02	-6.087635038775086882e-02	6.923659524444020219e-02
-2.438507941973561827e-02	8.707584324179087898e-02	-1.004895756910512278e-01	7.303790177405342088e-02	-3.133006409936231473e-02	2.777537570166340938e-02	-6.773608951258225375e-02	7.984012880735130713e-02	-6.678702241305019272e-02	3.446394475184943323e-02	-1.093722897568715352e-01	1.146162631473143095e-01	-9.972316105764816863e-02	6.472052372720131508e-02	-8.460596733818331883e-02	1.974414996450484516e-01	-1.019623967653171537e-01	1.251447391186980840e-01	-8.645571110337928189e-02	7.256709088691548626e-02	-4.121765224509849612e-01	1.088803008179988624e-01	-1.079325256049537690e-01	1.099817395916654339e-01	-1.054175159996561806e-01	9.999999999999961142e-01	-3.849959694519838882e-01	2.303513105172454167e-01	-1.795070168299086055e-01	1.164182412473478978e-01	-6.645533409539363667e-01	2.460877720978213723e-01	-1.831571600553638102e-01	1.287968247210204698e-01	-9.441812187554558811e-02	1.753098086283512158e-01	-2.174005993221477806e-01	1.346926759962447095e-01	-1.592654739536824848e-01	1.312915410431032548e-01	-1.933715500875523852e-01	1.491061630024902440e-01	-1.423386954357129253e-01	7.269038467514689350e-02	-8.387026706512196172e-02
2.335037705634611035e-02	-8.395028657599461208e-02	1.054478549356749617e-01	-7.913215026602170299e-02	3.405527453775526042e-02	-2.652407151980467476e-02	6.612368687116050581e-02	-8.874807791911390464e-02	7.350570091422134467e-02	-3.753725439033820527e-02	9.971699125397942565e-02	-1.098542277231098069e-01	1.138766289187949365e-01	-7.253702643503935621e-02	9.351227983643389807e-02	-1.624370002466525020e-01	1.210689065039758788e-01	-1.567251920257396736e-01	9.741922370353485461e-02	-8.380210521170164406e-02	2.055979187998378532e-01	-1.432866505084234576e-01	1.646128079236413855e-01	-1.735526584591891852e-01	1.203409891421426126e-01	-3.849959694519838882e-01	9.999999999999972244e-01	-7.617062576184564504e-01	2.358747343940867103e-01	-1.493203008194572690e-01	2.200057934210259969e-01	-1.928992300170830343e-01	1.723549099856164224e-01	-1.615781365440912554e-01	1.130355035815034659e-01	-1.127773037161408365e-01	1.476739993305366538e-01	-1.297275213545002470e-01	1.626708803503248979e-01	-1.559891836259586773e-01	1.210573058856987960e-01	-1.215404787656078761e-01	1.144324791621368215e-01	-6.357628343932356096e-02	7.139188413085101326e-02
-2.202493574489574821e-02	7.902540637273555713e-02	-1.055538478543041614e-01	7.854046406716129469e-02	-3.417465779955886768e-02	2.494895078229438651e-02	-6.289334763141510298e-02	8.855982427257926004e-02	-7.455224355891258703e-02	3.750363154804407101e-02	-9.438511647137705352e-02	1.022208394978559448e-01	-1.183327520340232281e-01	7.455346646362133456e-02	-9.717999099403054619e-02	1.472776207011997074e-01	-1.147888714053975079e-01	1.560467884884593481e-01	-1.022031413840102237e-01	8.690531819233190958e-02	-2.014687871259963625e-01	1.194180032975499933e-01	-2.336936695359841665e-01	1.934672170055920515e-01	-1.298061679450756845e-01	2.303513105172454167e-01	-7.617062576184564504e-01	9.999999999999945599e-01	-3.703308920838891405e-01	1.562707071800178704e-01	-2.074803115778552365e-01	1.601729756835716667e-01	-2.101855541514349446e-01	1.720358088398325214e-01	-1.208610553991430470e-01	1.056925602511311763e-01	-1.444009773338170988e-01	1.377749419776153061e-01	-1.785062487796528485e-01	1.559278012370065858e-01	-1.210612702606622265e-01	1.192322566723538063e-01	-1.191034895207878086e-01	6.493221502667453904e-02	-7.366692749595882272e-02
3.056952024090970471e-02	-1.106860090800937946e-01	1.542874809852168017e-01	-1.206631208999274368e-01	5.248722230192115479e-02	-3.469910291828469384e-02	8.649388063061254350e-02	-1.359424524022924408e-01	1.132566446743714927e-01	-5.803757084303223790e-02	1.229092976381266356e-01	-1.376345140836656988e-01	1.691891720989366077e-01	-1.185840440776850940e-01	1.536347065036662851e-01	-1.875829738308969485e-01	1.143373681878241954e-01	-2.359660680618756445e-01	1.652711093494819150e-01	-1.534196885755707840e-01	1.997172728205455772e-01	-1.220528649128106852e-01	2.240066080912130886e-01	-3.220371774460819014e-01	2.331441400405477038e-01	-1.795070168299086055e-01	2.358747343940867103e-01	-3.703308920838891405e-01	9.999999999999977796e-01	-4.090269492264065887e-01	1.583253838097443411e-01	-1.516667530144152898e-01	1.980911798966761006e-01	-4.623367215886499682e-01	2.539962634092272076e-01	-1.026576248373647915e-01	1.361790686605368339e-01	-1.561170598658190578e-01	2.775913695803745584e-01	-3.133712910997895063e-01	1.166513842758998137e-01	-1.309081335728901618e-01	1.304517027338372159e-01	-8.251356155546851756e-02	9.232371747642692528e-02
-2.400427712326611701e-02	8.712653045050090805e-02	-1.413342459618938118e-01	1.140367344978298753e-01	-5.271437634615377260e-02	2.710016837140303420e-02	-6.915752311571513045e-02	1.265779793895676908e-01	-1.148493006414205153e-01	5.770271921282547900e-02	-9.479984190894988338e-02	1.043233257851469559e-01	-1.479165342994819554e-01	1.434549214780583837e-01	-2.031453363627438169e-01	1.360267114362246899e-01	-8.151510121290210520e-02	1.765400871206589117e-01	-2.387382614611535947e-01	2.263547177899417340e-01	-1.526210813090021767e-01	8.280905996931249569e-02	-1.325424073224060195e-01	1.432694902958030203e-01	-5.864008124821923351e-01	1.164182412473478978e-01	-1.493203008194572690e-01	1.562707071800178704e-01	-4.090269492264065887e-01	9.999999999999956701e-01	-1.146298788617492737e-01	1.071832657790665055e-01	-1.609480555955473680e-01	2.616302354101007199e-01	-4.505384659665368496e-01	7.611633433399102311e-02	-1.034886653363173287e-01	1.213353253905796736e-01	-2.524802160607795276e-01	2.932270335726875343e-01	-8.974525476917714906e-02	9.931457785264549698e-02	-1.046510014920243870e-01	6.827293784391701148e-02	-7.884247577826157538e-02
2.451328627307761826e-02	-8.797302483841205889e-02	9.943844467818463428e-02	-7.291653098394294819e-02	3.112307813889958821e-02	-2.800189686328817193e-02	6.741876849899454405e-02	-7.942507813922983217e-02	6.592939966845703936e-02	-3.432843426418145938e-02	1.059374963452067581e-01	-1.145795696942894792e-01	9.711747141827067886e-02	-6.361914565582078851e-02	8.274414802785871881e-02	-1.960246945038833788e-01	8.874302472873166203e-02	-1.239898995593434472e-01	8.433247314179295739e-02	-7.123180378876881047e-02	2.441485513036740218e-01	-9.640130647186569146e-02	9.751799983526633631e-02	-1.037976925416637108e-01	1.021214365497043475e-01	-6.645533409539363667e-01	2.200057934210259969e-01	-2.074803115778552365e-01	1.583253838097443411e-01	-1.146298788617492737e-01	9.999999999999943379e-01	-4.636797240024880806e-01	1.807264923132986256e-01	-1.276264960380119329e-01	9.333853447340553777e-02	-2.766630358465436701e-01	2.565420701346499688e-01	-1.450694216449871232e-01	1.557268060964209500e-01	-1.345260759689221042e-01	2.136052160225448693e-01	-1.792991964908079439e-01	1.494422482000835606e-01	-7.692729279740374848e-02	8.579431769975119637e-02
-2.028473223194597608e-02	7.264740744306254217e-02	-8.813697620032724667e-02	6.442279742526506314e-02	-2.774002657158614743e-02	2.310277326219444677e-02	-5.625608441427376594e-02	7.019510000095349755e-02	-5.894637984224991578e-02	3.051930438037620333e-02	-8.761757471548763110e-02	9.342175601173831334e-02	-8.649376645847210721e-02	5.776056283619473292e-02	-7.594286783781983852e-02	1.499905417266779728e-01	-7.569291846447917527e-02	1.080110668017626452e-01	-7.781988426098870870e-02	6.570461971085256314e-02	-2.091192398634024729e-01	7.923091743409425847e-02	-8.606865021357557044e-02	8.988964694290954571e-02	-9.656995208452465174e-02	2.460877720978213723e-01	-1.928992300170830343e-01	1.601729756835716667e-01	-1.516667530144152898e-01	1.071832657790665055e-01	-4.636797240024880806e-01	9.999999999999955591e-01	-2.685706578265117939e-01	1.286276872195767085e-01	-9.200503673623694478e-02	2.514489259143834476e-01	-6.678018151795624968e-01	1.933734898442416028e-01	-1.754905267366708987e-01	1.304820831369916112e-01	-2.700163058497752622e-01	2.304761873989205900e-01	-2.147667658161721560e-01	9.664045318325209522e-02	-1.115796002795062802e-01
2.578483310946282775e-02	-9.288735319333538132e-02	1.159863299785218599e-01	-8.686330287380450432e-02	3.733511211043939043e-02	-2.940429266274157197e-02	7.121015980488661079e-02	-9.468385527714853755e-02	7.892184477189047309e-02	-4.123721375019259033e-02	1.058166583155777107e-01	-1.167571475004133552e-01	1.137568047257889459e-01	-7.830523841081699077e-02	1.024562493825884046e-01	-1.764034267275097490e-01	8.543771720459845953e-02	-1.465182380156630770e-01	1.058013282971829588e-01	-9.149489640995805972e-02	1.852149676607064699e-01	-9.003477693827269257e-02	1.088339741501147540e-01	-1.184943468900785807e-01	1.345768849406983325e-01	-1.831571600553638102e-01	1.723549099856164224e-01	-2.101855541514349446e-01	1.980911798966761006e-01	-1.609480555955473680e-01	1.807264923132986256e-01	-2.685706578265117939e-01	9.999999999999924505e-01	-2.379009740822884411e-01	1.476487266279578048e-01	-1.603204748861601359e-01	2.183355224313375531e-01	-6.992253199628201132e-01	2.753834182621830440e-01	-2.203687766950173654e-01	1.694613378846269169e-01	-2.901309330425472233e-01	2.669544887511153819e-01	-1.323022008314809206e-01	1.318858229058262888e-01
-2.275879283973786943e-02	8.207449447909880014e-02	-1.202886900552220667e-01	9.138165217795399253e-02	-4.061773056400842796e-02	2.577728689949470783e-02	-6.449666499141558373e-02	1.009915682839526291e-01	-8.753835182995074737e-02	4.453656129986709872e-02	-9.238469863233206292e-02	1.009489315201359261e-01	-1.245821290953542521e-01	9.448253812756764181e-02	-1.281827888707965657e-01	1.393402512372843294e-01	-8.106070495598817482e-02	1.539162712197623406e-01	-1.384469133803099272e-01	1.219821121191196345e-01	-1.573149568154518507e-01	8.311308113917006968e-02	-1.329554245576443083e-01	1.445308036850626587e-01	-2.090561016889333212e-01	1.287968247210204698e-01	-1.615781365440912554e-01	1.720358088398325214e-01	-4.623367215886499682e-01	2.616302354101007199e-01	-1.276264960380119329e-01	1.286276872195767085e-01	-2.379009740822884411e-01	9.999999999999922284e-01	-4.921314796195473962e-01	9.064425886278802691e-02	-1.244309981376114371e-01	1.854838013860038992e-01	-5.656661831716243150e-01	3.097539376590016658e-01	-1.054929100635386419e-01	1.284205163702187846e-01	-1.382243189666132188e-01	8.778226135904927674e-02	-9.866326952632131775e-02
