1.000000000000000000e+00	-7.013933009205088887e-01	2.053542127922579619e-01	-1.520919611296793206e-01	1.492985325801876595e-01	-5.198297910249645160e-01	2.532457396190713750e-01	-1.430332926991349785e-01	1.275453965486662844e-01	-1.385178139003375442e-01	2.641576607229217388e-01	-1.943314786418350593e-01	1.385921014274184848e-01	-1.547073083755181044e-01	8.273527833930990893e-02	-1.588900525940132313e-01	1.333329024288066600e-01	-1.337348975968808140e-01	1.076781904510612092e-01	-1.046194477299075970e-01	1.185737577687100142e-01	-1.277705700199355532e-01	1.043393062454328613e-01	-8.534392312686758797e-02	9.886243986833143094e-02	-9.851232451647182198e-02	9.324241634684991842e-02	-1.076532355756900788e-01	8.566226626032225067e-02	-7.565335161127829944e-02	6.982775732242790800e-02	-8.247984906563687879e-02	7.270337907705110014e-02	-6.751321255272028921e-02	6.690236648491454385e-02	-2.959335054356291780e-02	5.545556324084012501e-02	-9.430747070609171723e-02	9.167461190366964219e-02	-5.871049318761819430e-02	2.711205472529421359e-02	-3.922555916227311174e-02	6.675426715856302984e-02	-7.064452332013390623e-02	7.679270222455476802e-02
-7.013933009205088887e-01	1.000000000000000222e+00	-3.757288256239014190e-01	1.932509785487565024e-01	-2.024388462986101422e-01	2.760042418040071777e-01	-3.546146286290751126e-01	1.781707298843719367e-01	-1.619216368985509635e-01	1.616303939691403069e-01	-2.869514155721220039e-01	1.909893129774074549e-01	-1.792640700854604974e-01	1.726243609077396102e-01	-9.430571513627829250e-02	1.510740873728214084e-01	-1.387803351354237880e-01	1.431356053397740691e-01	-1.200729399589977320e-01	1.151834001996454165e-01	-1.226590339706028349e-01	1.265624095162867779e-01	-1.100312107664942890e-01	9.164517530241481080e-02	-1.078350777718427161e-01	9.763650244328814232e-02	-9.559754094678298009e-02	1.100463186486962536e-01	-9.254793993728918644e-02	8.075422937103975130e-02	-7.133473098641489318e-02	8.281325528328997709e-02	-7.634842322304331852e-02	7.119539825207646389e-02	-7.141679886311814995e-02	3.063009178952159212e-02	-5.815612685427375833e-02	9.750405703746724273e-02	-9.793286689166376402e-02	6.242416521111752298e-02	-2.820284950771415750e-02	4.092531999172021456e-02	-7.055084611800155336e-02	7.387411566934735940e-02	-8.207731218266570150e-02
2.053542127922579619e-01	-3.757288256239014190e-01	1.000000000000000666e+00	-6.266516985581683796e-01	2.863436787511811077e-01	-1.624032412381308244e-01	2.362761832941960849e-01	-3.442621827200077478e-01	2.769110664551908685e-01	-2.864547949102426716e-01	1.631396842843597927e-01	-1.794126341608092978e-01	2.431444484993344757e-01	-2.944349143678393621e-01	1.505877332806965785e-01	-1.303762631073188960e-01	1.282314232052915726e-01	-1.942851294530954231e-01	1.602451105340382820e-01	-1.880529925872578279e-01	1.077852322452502731e-01	-1.220139685716097044e-01	1.164183240519596485e-01	-1.099958192858427747e-01	1.237906597939401887e-01	-9.652870036027967615e-02	9.427400524155778172e-02	-1.192424849880221877e-01	1.068204027088484609e-01	-9.309175566634844690e-02	7.039251768198641346e-02	-8.366784587281524133e-02	8.343020230256496805e-02	-7.922524220183720101e-02	7.951043900077137128e-02	-3.213616247302896606e-02	6.174582895096808466e-02	-1.085937752570105275e-01	1.070998728556086382e-01	-6.929509929403553092e-02	2.958125389473907629e-02	-4.360086816897670858e-02	7.607011805504872159e-02	-8.119399694294701653e-02	8.994258205949018370e-02
-1.520919611296793206e-01	1.932509785487565024e-01	-6.266516985581683796e-01	1.000000000000000666e+00	-4.962433685463781829e-01	1.159428728886958970e-01	-1.908853919283177991e-01	2.155375431402400954e-01	-4.576055628683977639e-01	2.865683979943490223e-01	-1.269166322379705891e-01	1.342030935343801745e-01	-2.098698459356496404e-01	2.481981712838780274e-01	-1.393725964613804214e-01	9.836489400658557369e-02	-9.918961212218488366e-02	1.512313922826841739e-01	-1.379819430007201697e-01	1.576996490374972804e-01	-8.335114452160993781e-02	9.314857998845352260e-02	-9.265303971733694632e-02	8.937626346667676414e-02	-1.021248923859053581e-01	7.370767082107412826e-02	-7.316524763308475399e-02	9.289772195235714014e-02	-8.749783161513363661e-02	7.492369940912708970e-02	-5.449519236559112467e-02	6.433921398102865341e-02	-6.607482249336375790e-02	6.297677982671870400e-02	-6.381407440572640921e-02	2.510300240301924918e-02	-4.861510690006737301e-02	8.483387895681027135e-02	-8.563830536100147661e-02	5.531439170479176409e-02	-2.317153618111187849e-02	3.423238494324125358e-02	-6.017537203026987469e-02	6.384737144277227716e-02	-7.195318618472316963e-02
1.492985325801876595e-01	-2.024388462986101422e-01	2.863436787511811077e-01	-4.962433685463781829e-01	1.000000000000000888e+00	-1.341290107906262519e-01	2.119110336736546030e-01	-2.194344416644402607e-01	3.158929792563814343e-01	-5.973846368738059409e-01	1.460852961597636501e-01	-1.752960834369782228e-01	2.098923516331736572e-01	-3.280171073446470631e-01	2.154589581868670278e-01	-1.276811775172582708e-01	1.283344218232272682e-01	-2.072376332213747285e-01	1.758370329747967475e-01	-2.734607533986738725e-01	1.082787445512702479e-01	-1.242390660048773021e-01	1.243319220930163699e-01	-1.213677247894635047e-01	1.388419755256672106e-01	-1.000501851945217180e-01	9.829026011585845213e-02	-1.279015800449295193e-01	1.176746616878810714e-01	-1.039016184443772306e-01	7.357892441562417785e-02	-8.769687475922360864e-02	9.138475987194605299e-02	-8.737436711715208804e-02	8.808065300694807587e-02	-3.469441082937628484e-02	6.730015258145106982e-02	-1.196461733168228125e-01	1.185415613563242099e-01	-7.680175142867153026e-02	3.199038600738522004e-02	-4.750338114791252675e-02	8.369394840593515073e-02	-8.956035343385576608e-02	9.966455977519636522e-02
-5.198297910249645160e-01	2.760042418040071777e-01	-1.624032412381308244e-01	1.159428728886958970e-01	-1.341290107906262519e-01	1.000000000000000666e+00	-3.659530765579897538e-01	1.345487683499322906e-01	-1.110791370955012125e-01	1.161567828847550332e-01	-6.570279082860516207e-01	2.106013592175383642e-01	-1.372299279198161137e-01	1.327947931595950259e-01	-7.157986404144454917e-02	1.967243880771371023e-01	-1.590789447864824346e-01	1.271569797273965630e-01	-1.037535400524181722e-01	8.878656196266521139e-02	-1.486843007049085119e-01	1.407536719113600399e-01	-1.097547265665815980e-01	8.416081353168547441e-02	-9.823913433206260537e-02	1.047243702322578074e-01	-1.011954332922883476e-01	1.093695002407153449e-01	-8.552673590243894952e-02	7.461234781538483851e-02	-7.522833786918105281e-02	8.648884916048001081e-02	-7.299738761285982924e-02	6.715558016588127344e-02	-6.658006931498208769e-02	3.021901541491606169e-02	-5.618424947856907187e-02	9.279356896190396609e-02	-9.134319310104010992e-02	5.825459651865474986e-02	-2.771771654802189511e-02	3.961242839501855073e-02	-6.681869870136504519e-02	6.990539419500571561e-02	-7.639963133398780526e-02
2.532457396190713750e-01	-3.546146286290751126e-01	2.362761832941960849e-01	-1.908853919283177991e-01	2.119110336736546030e-01	-3.659530765579897538e-01	1.000000000000001110e+00	-3.410221356639040469e-01	1.936757303377086015e-01	-2.095188810970468885e-01	2.800171587096890180e-01	-4.770016121416750243e-01	2.517540079648108442e-01	-2.471187817874817283e-01	1.292818912167290890e-01	-2.561188055040917733e-01	2.466002475359824753e-01	-2.315393119954203549e-01	1.805246586216828208e-01	-1.640428496705366168e-01	1.946381861048877560e-01	-2.280460896881504884e-01	1.800153240674160771e-01	-1.457728277766127678e-01	1.670388111646041729e-01	-1.717152263715884253e-01	1.620236888088372185e-01	-1.885293452747476284e-01	1.458333567256555885e-01	-1.293305849177840416e-01	1.205621111436665227e-01	-1.448874322408753301e-01	1.256124336637309269e-01	-1.163797237736360068e-01	1.145876694248436911e-01	-5.137107985656955145e-02	9.591973240641980814e-02	-1.644319010323780639e-01	1.571985566926417388e-01	-1.008260659880254734e-01	4.695256265230542125e-02	-6.801685375837981939e-02	1.151859085410095185e-01	-1.225444539897356938e-01	1.316394522226655706e-01
-1.430332926991349785e-01	1.781707298843719367e-01	-3.442621827200077478e-01	2.155375431402400954e-01	-2.194344416644402607e-01	1.345487683499322906e-01	-3.410221356639040469e-01	1.000000000000001332e+00	-2.891073806221832188e-01	2.057184835685180180e-01	-1.405076544854041709e-01	1.760221971030705157e-01	-7.602257893378177034e-01	2.453749980929019192e-01	-1.215030415335508346e-01	1.170343768204630402e-01	-1.218416894160609942e-01	1.829699916017927530e-01	-1.557954099019981109e-01	1.395640972244432121e-01	-9.740073975483545810e-02	1.100433785600976183e-01	-1.051969818636064591e-01	9.887012184339624699e-02	-1.106901952829803804e-01	8.504858161976328046e-02	-8.417102358362543724e-02	1.048888362930251172e-01	-9.684749745628290496e-02	8.165354208736370911e-02	-6.232180463017668315e-02	7.373079886142837325e-02	-7.288815793710862190e-02	6.912147618889266654e-02	-6.966374128545625710e-02	2.796056330323691552e-02	-5.366627369753014520e-02	9.324616782089133193e-02	-9.325256947183213629e-02	6.031521965143342434e-02	-2.575626335730963126e-02	3.782967123848386681e-02	-6.585922076063702169e-02	6.991411593829609250e-02	-7.826409996181199480e-02
1.275453965486662844e-01	-1.619216368985509635e-01	2.769110664551908685e-01	-4.576055628683977639e-01	3.158929792563814343e-01	-1.110791370955012125e-01	1.936757303377086015e-01	-2.891073806221832188e-01	1.000000000000000000e+00	-5.503913822910911913e-01	1.235178302285981078e-01	-1.442003728087083436e-01	2.378709055596551769e-01	-5.042246965746212117e-01	2.012436158544849696e-01	-1.046138466926106458e-01	1.089837088142457250e-01	-1.947081361420447687e-01	1.841423156547490336e-01	-2.145257732925701655e-01	8.942946351774336278e-02	-1.014540354474567779e-01	1.045895634521312595e-01	-1.084102608607362406e-01	1.181736870430685343e-01	-7.974146178414309727e-02	7.982159758701497243e-02	-1.041463865567705260e-01	1.025016425134234604e-01	-8.602417298375074350e-02	5.916424895946093693e-02	-7.001804580934857525e-02	7.348950713017109171e-02	-7.059253494300878062e-02	7.166289565019802466e-02	-2.736900162007303502e-02	5.312186655470674951e-02	-9.376834706765811711e-02	9.466904140730349193e-02	-6.169246499338285061e-02	2.527073172448803320e-02	-3.741267555810444401e-02	6.586187807110671644e-02	-7.019918131551325380e-02	7.957098194304634831e-02
-1.385178139003375442e-01	1.616303939691403069e-01	-2.864547949102426716e-01	2.865683979943490223e-01	-5.973846368738059409e-01	1.161567828847550332e-01	-2.095188810970468885e-01	2.057184835685180180e-01	-5.503913822910911913e-01	1.000000000000002220e+00	-1.339434206742302069e-01	1.450368280752021011e-01	-2.275262585847102892e-01	2.886188309957968268e-01	-3.192769916231557037e-01	1.070271881103890266e-01	-1.105498546584212649e-01	1.707410344565655214e-01	-1.687314732789229610e-01	2.431310778648269888e-01	-9.323591053397618789e-02	1.038656207476673504e-01	-1.091232650258534553e-01	1.077158932230315169e-01	-1.287051812570623732e-01	8.278289065193990270e-02	-8.357622537858226675e-02	1.073501978767124609e-01	-1.068591340390614985e-01	9.112916445295957124e-02	-6.219143077967677347e-02	7.306559511193760903e-02	-7.860039648994700257e-02	7.533884951485800285e-02	-7.740929612443957220e-02	2.929427693904563743e-02	-5.743679090686613919e-02	9.949935857084354907e-02	-1.035909370112837180e-01	6.672279645063550202e-02	-2.713985886907514453e-02	4.031167387391271228e-02	-7.172002434776583724e-02	7.558738737769477023e-02	-8.714579835534530527e-02
2.641576607229217388e-01	-2.869514155721220039e-01	1.631396842843597927e-01	-1.269166322379705891e-01	1.460852961597636501e-01	-6.570279082860516207e-01	2.800171587096890180e-01	-1.405076544854041709e-01	1.235178302285981078e-01	-1.339434206742302069e-01	1.000000000000000000e+00	-3.230085724516758572e-01	1.457687618752406544e-01	-1.580067591699828022e-01	8.455753513862425408e-02	-3.899614690992780908e-01	2.251952135030154400e-01	-1.650518115633574368e-01	1.297550494633324947e-01	-1.063972686962217223e-01	2.109382374466439725e-01	-2.138803612642946050e-01	1.480491314007213177e-01	-1.097855475809558223e-01	1.257106841248527562e-01	-1.551148977543473917e-01	1.423816230936858218e-01	-1.524963121477566907e-01	1.109890844287490796e-01	-9.737764619318542425e-02	1.060437942097206820e-01	-1.246067972957377729e-01	9.734708523001858738e-02	-8.890939315179660629e-02	8.685877248399653805e-02	-4.116773879584766094e-02	7.493870740008444498e-02	-1.248196745091668530e-01	1.186329466624746615e-01	-7.612484515789097461e-02	3.750263587718224989e-02	-5.317124025802219545e-02	8.776211869452915648e-02	-9.274501253153895342e-02	9.912287479270623369e-02
-1.943314786418350593e-01	1.909893129774074549e-01	-1.794126341608092978e-01	1.342030935343801745e-01	-1.752960834369782228e-01	2.106013592175383642e-01	-4.770016121416750243e-01	1.760221971030705157e-01	-1.442003728087083436e-01	1.450368280752021011e-01	-3.230085724516758572e-01	1.000000000000000444e+00	-2.061365552590694317e-01	1.760665295928157403e-01	-9.482716656780157405e-02	2.786029371339558969e-01	-6.109136636894124672e-01	2.107170312797704559e-01	-1.789249998190004243e-01	1.139955062482278098e-01	-2.512731103470831617e-01	2.505104511715464666e-01	-1.978407037665224355e-01	1.378099427683246447e-01	-1.626037640311348564e-01	1.635969905839285699e-01	-1.813943695226617747e-01	1.760060957766191037e-01	-1.429114806288388217e-01	1.196045069202966160e-01	-1.252813870439967447e-01	1.393140955496115219e-01	-1.175273509573926262e-01	1.070723256864779260e-01	-1.074931176114469061e-01	4.833342163776536970e-02	-9.071766245590931477e-02	1.422923352220288040e-01	-1.471085487434116712e-01	9.306570447810509628e-02	-4.466963853587573030e-02	6.323613473253517081e-02	-1.069813108855913464e-01	1.090521659500389706e-01	-1.227624489983225875e-01
1.385921014274184848e-01	-1.792640700854604974e-01	2.431444484993344757e-01	-2.098698459356496404e-01	2.098923516331736572e-01	-1.372299279198161137e-01	2.517540079648108442e-01	-7.602257893378177034e-01	2.378709055596551769e-01	-2.275262585847102892e-01	1.457687618752406544e-01	-2.061365552590694317e-01	9.999999999999976685e-01	-3.455747281449562669e-01	1.435324555181611839e-01	-1.340669153999898278e-01	1.410756041292323126e-01	-2.649988410688293161e-01	1.921711018635938184e-01	-1.737034583262646870e-01	1.109036517780064568e-01	-1.282855019511313366e-01	1.229865163675168405e-01	-1.196645750548655934e-01	1.287482207931501255e-01	-9.881026492670348660e-02	9.731323976205841220e-02	-1.242048838421271895e-01	1.140681906043369831e-01	-9.632559310103601391e-02	7.199846111322895370e-02	-8.578612143624032849e-02	8.499813866256074324e-02	-8.091252471791628154e-02	8.110120591707770110e-02	-3.241235867099873103e-02	6.206605410736208694e-02	-1.095794532047120046e-01	1.077804431583815475e-01	-7.021604241094757393e-02	2.981286979079830757e-02	-4.384454696285626507e-02	7.614649131334504106e-02	-8.148207678378273366e-02	9.046405779962267413e-02
-1.547073083755181044e-01	1.726243609077396102e-01	-2.944349143678393621e-01	2.481981712838780274e-01	-3.280171073446470631e-01	1.327947931595950259e-01	-2.471187817874817283e-01	2.453749980929019192e-01	-5.042246965746212117e-01	2.886188309957968268e-01	-1.580067591699828022e-01	1.760665295928157403e-01	-3.455747281449562669e-01	9.999999999999991118e-01	-3.228386459408036924e-01	1.314060082993795675e-01	-1.441460449186981740e-01	2.675873914215332050e-01	-4.113006603328844824e-01	2.456342513560571261e-01	-1.164604638440904227e-01	1.300647396094210539e-01	-1.463462161864334532e-01	1.632872178823931431e-01	-1.741293808105626173e-01	1.014704520837063639e-01	-1.045974770282464966e-01	1.387314703278509920e-01	-1.558612535938440624e-01	1.205825390615723192e-01	-7.684639859813692520e-02	9.010331196087306704e-02	-9.918392151071458995e-02	9.606975380996954361e-02	-9.895459995589854507e-02	3.570477068147396432e-02	-6.994459353101346866e-02	1.228444255391385187e-01	-1.280960661304940962e-01	8.379649137002335990e-02	-3.308041269158170511e-02	4.908632165323074947e-02	-8.710155839561425917e-02	9.236327429225160701e-02	-1.076913886638547063e-01
8.273527833930990893e-02	-9.430571513627829250e-02	1.505877332806965785e-01	-1.393725964613804214e-01	2.154589581868670278e-01	-7.157986404144454917e-02	1.292818912167290890e-01	-1.215030415335508346e-01	2.012436158544849696e-01	-3.192769916231557037e-01	8.455753513862425408e-02	-9.482716656780157405e-02	1.435324555181611839e-01	-3.228386459408036924e-01	1.000000000000000888e+00	-7.065462920860192397e-02	7.482051273531610536e-02	-1.321178745456526582e-01	1.396024923606899448e-01	-8.465605549759140924e-01	6.233743470619332316e-02	-7.013365353104113187e-02	7.726133520742597960e-02	-8.505297109519371901e-02	1.029570281875587523e-01	-5.569595044982091764e-02	5.682463969723326042e-02	-7.585719601347025443e-02	8.030231755228142698e-02	-7.092494961836910694e-02	4.209566682760296913e-02	-4.959085024484104209e-02	5.552011626394869753e-02	-5.430273646211355304e-02	5.607268479055097649e-02	-1.999549114972004951e-02	3.928725125020081366e-02	-7.018769173743964751e-02	7.219707094207505893e-02	-4.775698892239876869e-02	1.852246356066505548e-02	-2.761625887776683261e-02	4.918283050884321439e-02	-5.261495696047326087e-02	6.086673213341305122e-02
-1.588900525940132313e-01	1.510740873728214084e-01	-1.303762631073188960e-01	9.836489400658557369e-02	-1.276811775172582708e-01	1.967243880771371023e-01	-2.561188055040917733e-01	1.170343768204630402e-01	-1.046138466926106458e-01	1.070271881103890266e-01	-3.899614690992780908e-01	2.786029371339558969e-01	-1.340669153999898278e-01	1.314060082993795675e-01	-7.065462920860192397e-02	9.999999999999978906e-01	-4.949870188383238001e-01	1.675946766500113760e-01	-1.376717758751945520e-01	8.561591670002416388e-02	-5.957163210527696151e-01	2.936641454658012185e-01	-1.805024800015226361e-01	1.136526196792931043e-01	-1.294075509757099396e-01	1.859207830639896530e-01	-1.869799678622353911e-01	1.618318719193752309e-01	-1.167967567410966301e-01	9.756051423637709941e-02	-1.354836650559287647e-01	1.416989926145494350e-01	-1.000197874878650112e-01	8.929672464640135698e-02	-8.753012097525010582e-02	4.384195274732951425e-02	-7.796657016716006250e-02	1.199811801457555255e-01	-1.182748883099016268e-01	7.560442398262545716e-02	-4.019486584741123469e-02	5.469410796889469240e-02	-8.801848773886092325e-02	9.024748582282565712e-02	-9.841508584424507600e-02
1.333329024288066600e-01	-1.387803351354237880e-01	1.282314232052915726e-01	-9.918961212218488366e-02	1.283344218232272682e-01	-1.590789447864824346e-01	2.466002475359824753e-01	-1.218416894160609942e-01	1.089837088142457250e-01	-1.105498546584212649e-01	2.251952135030154400e-01	-6.109136636894124672e-01	1.410756041292323126e-01	-1.441460449186981740e-01	7.482051273531610536e-02	-4.949870188383238001e-01	9.999999999999966693e-01	-2.611573324224967796e-01	1.682543455337879024e-01	-9.029934170345520206e-02	2.788213754874234729e-01	-4.042515052717371438e-01	1.828539086718609652e-01	-1.238765202124960663e-01	1.327860611229689236e-01	-1.711192598783392860e-01	1.798707442345453822e-01	-1.704803299337923905e-01	1.225651720624212071e-01	-1.005796928122653366e-01	1.203200774450061683e-01	-1.411895024523409647e-01	9.989707856712130851e-02	-9.022038439182650249e-02	8.791165733937574001e-02	-4.200121790054148208e-02	7.538391682185029141e-02	-1.209661570973979000e-01	1.168071192433832312e-01	-7.562955162780092555e-02	3.830419183444328662e-02	-5.320547233376932833e-02	8.569120401206514748e-02	-8.937000938254711924e-02	9.724917167522964534e-02
-1.337348975968808140e-01	1.431356053397740691e-01	-1.942851294530954231e-01	1.512313922826841739e-01	-2.072376332213747285e-01	1.271569797273965630e-01	-2.315393119954203549e-01	1.829699916017927530e-01	-1.947081361420447687e-01	1.707410344565655214e-01	-1.650518115633574368e-01	2.107170312797704559e-01	-2.649988410688293161e-01	2.675873914215332050e-01	-1.321178745456526582e-01	1.675946766500113760e-01	-2.611573324224967796e-01	1.000000000000000222e+00	-7.328630209543880447e-01	1.442167658502757355e-01	-1.511360330367083615e-01	1.700979171477605967e-01	-2.118113881250733022e-01	2.260989036008486386e-01	-2.165827300041714976e-01	1.204513208301083022e-01	-1.301085480312681730e-01	1.774295329540460098e-01	-2.164816969356351539e-01	1.476500200298624665e-01	-9.194595315622502985e-02	1.072327743134436073e-01	-1.168077084386896503e-01	1.136456546193430200e-01	-1.163825393076935166e-01	4.031579047831643225e-02	-7.807057073510344225e-02	1.395562018479781508e-01	-1.436526320811368773e-01	9.618528991959730823e-02	-3.728291861746788061e-02	5.482138384848978668e-02	-9.578131151943775068e-02	1.026214732484104775e-01	-1.203480999159097509e-01
1.076781904510612092e-01	-1.200729399589977320e-01	1.602451105340382820e-01	-1.379819430007201697e-01	1.758370329747967475e-01	-1.037535400524181722e-01	1.805246586216828208e-01	-1.557954099019981109e-01	1.841423156547490336e-01	-1.687314732789229610e-01	1.297550494633324947e-01	-1.789249998190004243e-01	1.921711018635938184e-01	-4.113006603328844824e-01	1.396024923606899448e-01	-1.376717758751945520e-01	1.682543455337879024e-01	-7.328630209543880447e-01	9.999999999999982236e-01	-1.610835523021040272e-01	1.194570200448028391e-01	-1.423661187805877748e-01	1.711818511145352106e-01	-3.221288199659551599e-01	1.932284491896705536e-01	-1.032236143567922121e-01	1.081979961599784934e-01	-1.624598475476267956e-01	2.019815257836364009e-01	-1.419087467472816277e-01	7.738569621021235134e-02	-9.232807810272448956e-02	1.032092324685165707e-01	-1.036086012259636729e-01	1.039870940005743344e-01	-3.474698751765342708e-02	6.707188736226224468e-02	-1.265173202459330126e-01	1.241919459533175341e-01	-8.593496542222285595e-02	3.201716461714610579e-02	-4.739467612339912789e-02	8.256627177448180865e-02	-9.063935802705919142e-02	1.042219273285570486e-01
-1.046194477299075970e-01	1.151834001996454165e-01	-1.880529925872578279e-01	1.576996490374972804e-01	-2.734607533986738725e-01	8.878656196266521139e-02	-1.640428496705366168e-01	1.395640972244432121e-01	-2.145257732925701655e-01	2.431310778648269888e-01	-1.063972686962217223e-01	1.139955062482278098e-01	-1.737034583262646870e-01	2.456342513560571261e-01	-8.465605549759140924e-01	8.561591670002416388e-02	-9.029934170345520206e-02	1.442167658502757355e-01	-1.610835523021040272e-01	9.999999999999987788e-01	-7.638005556332477797e-02	8.487506811454716138e-02	-9.473455004705411131e-02	1.009482108576803955e-01	-1.352183642472654934e-01	6.783919878439975681e-02	-6.966192425355559326e-02	9.185769194644811952e-02	-9.882410284371895282e-02	8.739133936960355453e-02	-5.168836072152068611e-02	6.057727417095475769e-02	-6.879626573538952239e-02	6.712333964666981900e-02	-7.009965287047707772e-02	2.474843108804181124e-02	-4.891435116777247127e-02	8.614093930338008465e-02	-9.070502084600638726e-02	5.952999216842742164e-02	-2.297420419934448690e-02	3.430188902003521861e-02	-6.145813576955627688e-02	6.522507907248120684e-02	-7.653346589877166317e-02
1.185737577687100142e-01	-1.226590339706028349e-01	1.077852322452502731e-01	-8.335114452160993781e-02	1.082787445512702479e-01	-1.486843007049085119e-01	1.946381861048877560e-01	-9.740073975483545810e-02	8.942946351774336278e-02	-9.323591053397618789e-02	2.109382374466439725e-01	-2.512731103470831617e-01	1.109036517780064568e-01	-1.164604638440904227e-01	6.233743470619332316e-02	-5.957163210527696151e-01	2.788213754874234729e-01	-1.511360330367083615e-01	1.194570200448028391e-01	-7.638005556332477797e-02	9.999999999999960032e-01	-5.737094896657449761e-01	1.998736011152266456e-01	-1.153416186101989677e-01	1.251968877369312172e-01	-3.107514658437062205e-01	2.354311212151183885e-01	-1.951290487985366529e-01	1.164424740991759216e-01	-9.830792492233723923e-02	1.741600192581386208e-01	-1.906743119604423220e-01	1.065320380417518614e-01	-9.315818758720896542e-02	8.795309060345976593e-02	-4.992335679063484438e-02	8.343443387954799229e-02	-1.277007508205713904e-01	1.170529639120811011e-01	-7.598243318176041428e-02	4.499449903568446263e-02	-5.942869822064419938e-02	8.936371795097389215e-02	-9.308581740179186492e-02	9.707266979801092155e-02
-1.277705700199355532e-01	1.265624095162867779e-01	-1.220139685716097044e-01	9.314857998845352260e-02	-1.242390660048773021e-01	1.407536719113600399e-01	-2.280460896881504884e-01	1.100433785600976183e-01	-1.014540354474567779e-01	1.038656207476673504e-01	-2.138803612642946050e-01	2.505104511715464666e-01	-1.282855019511313366e-01	1.300647396094210539e-01	-7.013365353104113187e-02	2.936641454658012185e-01	-4.042515052717371438e-01	1.700979171477605967e-01	-1.423661187805877748e-01	8.487506811454716138e-02	-5.737094896657449761e-01	9.999999999999963363e-01	-3.495835270596653888e-01	1.423302703866067276e-01	-1.522719831117403666e-01	2.411859669395406414e-01	-4.004182928105038952e-01	2.404652923084614202e-01	-1.445226803548652350e-01	1.167124577948685515e-01	-1.849228934130690005e-01	2.094258832058872311e-01	-1.261644520832723160e-01	1.090078301131662264e-01	-1.040988857689236075e-01	5.483637314239749039e-02	-9.568146824653653293e-02	1.445630755905403519e-01	-1.374655710509799789e-01	8.890408257352880317e-02	-5.002117815134698997e-02	6.702128266037987725e-02	-1.030256552939690928e-01	1.058784009556240080e-01	-1.136940269674762138e-01
1.043393062454328613e-01	-1.100312107664942890e-01	1.164183240519596485e-01	-9.265303971733694632e-02	1.243319220930163699e-01	-1.097547265665815980e-01	1.800153240674160771e-01	-1.051969818636064591e-01	1.045895634521312595e-01	-1.091232650258534553e-01	1.480491314007213177e-01	-1.978407037665224355e-01	1.229865163675168405e-01	-1.463462161864334532e-01	7.726133520742597960e-02	-1.805024800015226361e-01	1.828539086718609652e-01	-2.118113881250733022e-01	1.711818511145352106e-01	-9.473455004705411131e-02	1.998736011152266456e-01	-3.495835270596653888e-01	9.999999999999981126e-01	-3.039310315731238443e-01	2.146671328607344109e-01	-1.923045740223415512e-01	2.246667882004834971e-01	-7.313464062590271375e-01	2.374665414231394711e-01	-1.801649497945062572e-01	1.405303448591034010e-01	-1.785022106666592223e-01	1.819777707436061043e-01	-1.604835015166773682e-01	1.439524169694538780e-01	-5.530447297177876198e-02	1.021594725835062306e-01	-2.083199383280276984e-01	1.746534523691331275e-01	-1.202512821884074712e-01	5.030110435745557135e-02	-7.276513401886709753e-02	1.191238552191634520e-01	-1.312689251346147445e-01	1.431352924532925119e-01
-8.534392312686758797e-02	9.164517530241481080e-02	-1.099958192858427747e-01	8.937626346667676414e-02	-1.213677247894635047e-01	8.416081353168547441e-02	-1.457728277766127678e-01	9.887012184339624699e-02	-1.084102608607362406e-01	1.077158932230315169e-01	-1.097855475809558223e-01	1.378099427683246447e-01	-1.196645750548655934e-01	1.632872178823931431e-01	-8.505297109519371901e-02	1.136526196792931043e-01	-1.238765202124960663e-01	2.260989036008486386e-01	-3.221288199659551599e-01	1.009482108576803955e-01	-1.153416186101989677e-01	1.423302703866067276e-01	-3.039310315731238443e-01	9.999999999999972244e-01	-4.694497695812128724e-01	1.101265336413233403e-01	-1.231536904092935120e-01	2.366428646262654645e-01	-6.692178945778860522e-01	2.699077559388532999e-01	-8.621204950632552211e-02	1.045287806710319400e-01	-1.534604951681647622e-01	1.665597424883843991e-01	-1.718180294434420441e-01	4.165268296296043699e-02	-8.220085514935131232e-02	1.744702115404691278e-01	-1.728901233972079954e-01	1.294201268923806381e-01	-3.846116362165707958e-02	5.832949003018895323e-02	-1.034633273450268620e-01	1.195976226960465405e-01	-1.449839308252370285e-01
9.886243986833143094e-02	-1.078350777718427161e-01	1.237906597939401887e-01	-1.021248923859053581e-01	1.388419755256672106e-01	-9.823913433206260537e-02	1.670388111646041729e-01	-1.106901952829803804e-01	1.181736870430685343e-01	-1.287051812570623732e-01	1.257106841248527562e-01	-1.626037640311348564e-01	1.287482207931501255e-01	-1.741293808105626173e-01	1.029570281875587523e-01	-1.294075509757099396e-01	1.327860611229689236e-01	-2.165827300041714976e-01	1.932284491896705536e-01	-1.352183642472654934e-01	1.251968877369312172e-01	-1.522719831117403666e-01	2.146671328607344109e-01	-4.694497695812128724e-01	9.999999999999974465e-01	-1.319783577660576801e-01	1.376767749824320541e-01	-2.402539741257329053e-01	3.161280820825019267e-01	-5.897710374100043618e-01	1.029968119038950081e-01	-1.267611758370573993e-01	1.968024597492510352e-01	-2.305043249206513434e-01	2.502386004388026386e-01	-5.693865636871620062e-02	1.136596756272106740e-01	-2.686088825276366499e-01	2.348563595895270251e-01	-2.024347960804625812e-01	5.244841937781943852e-02	-8.172306028387302246e-02	1.472308664901085251e-01	-1.825979721770878972e-01	2.043589796645577106e-01
-9.851232451647182198e-02	9.763650244328814232e-02	-9.652870036027967615e-02	7.370767082107412826e-02	-1.000501851945217180e-01	1.047243702322578074e-01	-1.717152263715884253e-01	8.504858161976328046e-02	-7.974146178414309727e-02	8.278289065193990270e-02	-1.551148977543473917e-01	1.635969905839285699e-01	-9.881026492670348660e-02	1.014704520837063639e-01	-5.569595044982091764e-02	1.859207830639896530e-01	-1.711192598783392860e-01	1.204513208301083022e-01	-1.032236143567922121e-01	6.783919878439975681e-02	-3.107514658437062205e-01	2.411859669395406414e-01	-1.923045740223415512e-01	1.101265336413233403e-01	-1.319783577660576801e-01	9.999999999999962252e-01	-4.914652646351740373e-01	1.871517143785898507e-01	-1.200997506286356764e-01	1.030152817379237501e-01	-6.578715298490033225e-01	3.214718775246432347e-01	-1.288269402026021582e-01	1.054212342744761943e-01	-9.848043182334385859e-02	9.024792530484343489e-02	-1.230039148979333863e-01	1.427856705220538203e-01	-1.338366994841439783e-01	8.515748455365272640e-02	-8.313811861702613548e-02	8.622144292104499952e-02	-1.148084185256128126e-01	1.113655580105191306e-01	-1.105988506527955384e-01
9.324241634684991842e-02	-9.559754094678298009e-02	9.427400524155778172e-02	-7.316524763308475399e-02	9.829026011585845213e-02	-1.011954332922883476e-01	1.620236888088372185e-01	-8.417102358362543724e-02	7.982159758701497243e-02	-8.357622537858226675e-02	1.423816230936858218e-01	-1.813943695226617747e-01	9.731323976205841220e-02	-1.045974770282464966e-01	5.682463969723326042e-02	-1.869799678622353911e-01	1.798707442345453822e-01	-1.301085480312681730e-01	1.081979961599784934e-01	-6.966192425355559326e-02	2.354311212151183885e-01	-4.004182928105038952e-01	2.246667882004834971e-01	-1.231536904092935120e-01	1.376767749824320541e-01	-4.914652646351740373e-01	9.999999999999958922e-01	-2.940389105937125658e-01	1.321471164973644641e-01	-1.123387679300955760e-01	3.014100578269212072e-01	-5.896298097984395969e-01	1.477910591276790087e-01	-1.197346762027679673e-01	1.049952390050208073e-01	-7.666634544678806173e-02	1.235240504515033033e-01	-1.636212751140882493e-01	1.380385357900215382e-01	-9.032516277688741602e-02	6.728499768301797468e-02	-8.927461348835674659e-02	1.132189658154682255e-01	-1.176396439459168608e-01	1.134830929155816737e-01
-1.076532355756900788e-01	1.100463186486962536e-01	-1.192424849880221877e-01	9.289772195235714014e-02	-1.279015800449295193e-01	1.093695002407153449e-01	-1.885293452747476284e-01	1.048888362930251172e-01	-1.041463865567705260e-01	1.073501978767124609e-01	-1.524963121477566907e-01	1.760060957766191037e-01	-1.242048838421271895e-01	1.387314703278509920e-01	-7.585719601347025443e-02	1.618318719193752309e-01	-1.704803299337923905e-01	1.774295329540460098e-01	-1.624598475476267956e-01	9.185769194644811952e-02	-1.951290487985366529e-01	2.404652923084614202e-01	-7.313464062590271375e-01	2.366428646262654645e-01	-2.402539741257329053e-01	1.871517143785898507e-01	-2.940389105937125658e-01	9.999999999999957812e-01	-3.015094726480002651e-01	1.891990171040806301e-01	-1.531256653042908367e-01	1.837581316490496941e-01	-2.505086914482431704e-01	1.809953263273151869e-01	-1.663082175017484288e-01	5.900507440969527534e-02	-1.126004933431534738e-01	2.143854011741530008e-01	-2.028246985334804242e-01	1.335351407039199745e-01	-5.441484155919850546e-02	7.854867987704505783e-02	-1.316431539850814181e-01	1.395998539420642559e-01	-1.629080826026378381e-01
8.566226626032225067e-02	-9.254793993728918644e-02	1.068204027088484609e-01	-8.749783161513363661e-02	1.176746616878810714e-01	-8.552673590243894952e-02	1.458333567256555885e-01	-9.684749745628290496e-02	1.025016425134234604e-01	-1.068591340390614985e-01	1.109890844287490796e-01	-1.429114806288388217e-01	1.140681906043369831e-01	-1.558612535938440624e-01	8.030231755228142698e-02	-1.167967567410966301e-01	1.225651720624212071e-01	-2.164816969356351539e-01	2.019815257836364009e-01	-9.882410284371895282e-02	1.164424740991759216e-01	-1.445226803548652350e-01	2.374665414231394711e-01	-6.692178945778860522e-01	3.161280820825019267e-01	-1.200997506286356764e-01	1.321471164973644641e-01	-3.015094726480002651e-01	9.999999999999943379e-01	-4.441706042911924834e-01	9.383191330258444651e-02	-1.164046820125250320e-01	1.848233233730333658e-01	-2.414834292010108463e-01	2.139607046691506531e-01	-4.723878165427668890e-02	9.342503390416134756e-02	-2.165339745402033444e-01	1.998397141125385634e-01	-1.620950137540422553e-01	4.350013171600689704e-02	-6.674950725527936668e-02	1.183815212078695583e-01	-1.416387598146547633e-01	1.672772885661484299e-01
-7.565335161127829944e-02	8.075422937103975130e-02	-9.309175566634844690e-02	7.492369940912708970e-02	-1.039016184443772306e-01	7.461234781538483851e-02	-1.293305849177840416e-01	8.165354208736370911e-02	-8.602417298375074350e-02	9.112916445295957124e-02	-9.737764619318542425e-02	1.196045069202966160e-01	-9.632559310103601391e-02	1.205825390615723192e-01	-7.092494961836910694e-02	9.756051423637709941e-02	-1.005796928122653366e-01	1.476500200298624665e-01	-1.419087467472816277e-01	8.739133936960355453e-02	-9.830792492233723923e-02	1.167124577948685515e-01	-1.801649497945062572e-01	2.699077559388532999e-01	-5.897710374100043618e-01	1.030152817379237501e-01	-1.123387679300955760e-01	1.891990171040806301e-01	-4.441706042911924834e-01	9.999999999999977796e-01	-8.436004115009861082e-02	1.028122630551469574e-01	-2.042711827252446932e-01	2.392329265549370809e-01	-4.823485762100434004e-01	4.773290412080313794e-02	-9.814441946288736396e-02	2.193022239130822115e-01	-2.519124491310876235e-01	2.244747398747300171e-01	-4.441231239064021702e-02	6.987670849206036039e-02	-1.299523753690901007e-01	1.586343717698607825e-01	-2.365964034228985602e-01
6.982775732242790800e-02	-7.133473098641489318e-02	7.039251768198641346e-02	-5.449519236559112467e-02	7.357892441562417785e-02	-7.522833786918105281e-02	1.205621111436665227e-01	-6.232180463017668315e-02	5.916424895946093693e-02	-6.219143077967677347e-02	1.060437942097206820e-01	-1.252813870439967447e-01	7.199846111322895370e-02	-7.684639859813692520e-02	4.209566682760296913e-02	-1.354836650559287647e-01	1.203200774450061683e-01	-9.194595315622502985e-02	7.738569621021235134e-02	-5.168836072152068611e-02	1.741600192581386208e-01	-1.849228934130690005e-01	1.405303448591034010e-01	-8.621204950632552211e-02	1.029968119038950081e-01	-6.578715298490033225e-01	3.014100578269212072e-01	-1.531256653042908367e-01	9.383191330258444651e-02	-8.436004115009861082e-02	9.999999999999946709e-01	-6.232047368453251801e-01	1.200435979782647072e-01	-9.560468670431032656e-02	8.238800607587401514e-02	-1.171874914619249752e-01	1.244945440630518124e-01	-1.343180180671914581e-01	1.105589965338854008e-01	-7.189794156220730148e-02	9.341845386928566974e-02	-9.271978511679108970e-02	1.023257862634536219e-01	-1.024749205600749280e-01	9.141892382559207997e-02
-8.247984906563687879e-02	8.281325528328997709e-02	-8.366784587281524133e-02	6.433921398102865341e-02	-8.769687475922360864e-02	8.648884916048001081e-02	-1.448874322408753301e-01	7.373079886142837325e-02	-7.001804580934857525e-02	7.306559511193760903e-02	-1.246067972957377729e-01	1.393140955496115219e-01	-8.578612143624032849e-02	9.010331196087306704e-02	-4.959085024484104209e-02	1.416989926145494350e-01	-1.411895024523409647e-01	1.072327743134436073e-01	-9.232807810272448956e-02	6.057727417095475769e-02	-1.906743119604423220e-01	2.094258832058872311e-01	-1.785022106666592223e-01	1.045287806710319400e-01	-1.267611758370573993e-01	3.214718775246432347e-01	-5.896298097984395969e-01	1.837581316490496941e-01	-1.164046820125250320e-01	1.028122630551469574e-01	-6.232047368453251801e-01	9.999999999999958922e-01	-1.747030178182392146e-01	1.205909707850231632e-01	-1.032700922420226042e-01	9.685497734053241659e-02	-1.696476709734595079e-01	1.606083505960608226e-01	-1.372797648710384066e-01	8.819687337410231365e-02	-8.729073123529441924e-02	1.080680462630786293e-01	-1.234937141914931730e-01	1.204995401807651412e-01	-1.119548962831596883e-01
7.270337907705110014e-02	-7.634842322304331852e-02	8.343020230256496805e-02	-6.607482249336375790e-02	9.138475987194605299e-02	-7.299738761285982924e-02	1.256124336637309269e-01	-7.288815793710862190e-02	7.348950713017109171e-02	-7.860039648994700257e-02	9.734708523001858738e-02	-1.175273509573926262e-01	8.499813866256074324e-02	-9.918392151071458995e-02	5.552011626394869753e-02	-1.000197874878650112e-01	9.989707856712130851e-02	-1.168077084386896503e-01	1.032092324685165707e-01	-6.879626573538952239e-02	1.065320380417518614e-01	-1.261644520832723160e-01	1.819777707436061043e-01	-1.534604951681647622e-01	1.968024597492510352e-01	-1.288269402026021582e-01	1.477910591276790087e-01	-2.505086914482431704e-01	1.848233233730333658e-01	-2.042711827252446932e-01	1.200435979782647072e-01	-1.747030178182392146e-01	9.999999999999994449e-01	-6.051904655846266357e-01	2.445724231273541938e-01	-6.243213562982086184e-02	1.280345535518541134e-01	-6.022718382304245166e-01	2.726813668183147854e-01	-1.942514841397771364e-01	5.715890957690911850e-02	-9.131263463835666283e-02	1.559464346713450578e-01	-1.762466000306922020e-01	1.960901156062904993e-01
-6.751321255272028921e-02	7.119539825207646389e-02	-7.922524220183720101e-02	6.297677982671870400e-02	-8.737436711715208804e-02	6.715558016588127344e-02	-1.163797237736360068e-01	6.912147618889266654e-02	-7.059253494300878062e-02	7.533884951485800285e-02	-8.890939315179660629e-02	1.070723256864779260e-01	-8.091252471791628154e-02	9.606975380996954361e-02	-5.430273646211355304e-02	8.929672464640135698e-02	-9.022038439182650249e-02	1.136456546193430200e-01	-1.036086012259636729e-01	6.712333964666981900e-02	-9.315818758720896542e-02	1.090078301131662264e-01	-1.604835015166773682e-01	1.665597424883843991e-01	-2.305043249206513434e-01	1.054212342744761943e-01	-1.197346762027679673e-01	1.809953263273151869e-01	-2.414834292010108463e-01	2.392329265549370809e-01	-9.560468670431032656e-02	1.205909707850231632e-01	-6.051904655846266357e-01	9.999999999999974465e-01	-4.841570548482406200e-01	5.327827818163070189e-02	-1.116607530708596391e-01	3.033309073730899308e-01	-4.157510962479404326e-01	2.443396770738358870e-01	-4.958019017405072837e-02	7.889771281407101378e-02	-1.451857788169735874e-01	1.744641702484310275e-01	-2.378125469062611075e-01
