1.000000000000000000e+00	-3.406161081992351569e-01	1.641642482285846916e-01	-1.631065493273753941e-01	6.657455516723385924e-02	-8.076901126894483474e-01	2.728690606376517613e-01	-1.625866650074436204e-01	1.229656175649873895e-01	-6.559087137810615253e-02	2.165613322061521184e-01	-9.075178364397376574e-02	1.187491297054647788e-01	-1.083246845431139749e-01	7.808300657847017101e-02	-1.035277002005038915e-01	8.002178548715244144e-02	-9.080584136545269414e-02	8.667461414371192829e-02	-9.765720751882914219e-02	6.441244436438814391e-02	-6.286910534053735677e-02	5.222294996530744277e-02	-6.138769279844695503e-02	3.357896058414491097e-02	-5.852162126634789102e-02	5.837370811820793981e-02	-5.147756915256264387e-02	4.920963341329809976e-02	-2.781604029067870354e-02	6.388085219796361958e-02	-2.966851024397214320e-02	3.371860759974253108e-02	-4.413607583482660052e-02	5.351124255038468974e-02	-4.442610789146039102e-02	3.278047634397705801e-02	-3.570978733778559094e-02	2.863267946807596456e-02	-2.979194706068896345e-02	6.128760099876884304e-02	-2.288668786059309262e-02	2.197775675477275925e-02	-3.442252111484263299e-02	3.363112047591540477e-02
-3.406161081992351569e-01	1.000000000000000222e+00	-4.219472292878768682e-01	2.117675701414309941e-01	-8.286062373560124095e-02	2.508266594573925756e-01	-7.497374902382010209e-01	2.385440399417654289e-01	-1.792723841484065994e-01	7.817887849783790311e-02	-1.273008924535066200e-01	6.671589837915704868e-02	-1.408907865533714221e-01	1.170987144541602853e-01	-8.248176570152639109e-02	5.849575874492819738e-02	-6.129443696891911930e-02	8.674487296092009414e-02	-8.346242640792950196e-02	9.502946372734394354e-02	-3.855028298010660520e-02	3.801038837883099347e-02	-3.989501070181481618e-02	4.612703115182217178e-02	-2.460881422028819016e-02	3.449201189356245617e-02	-3.638465730289663219e-02	3.590071793302120756e-02	-3.454636619653324997e-02	2.046099645381340565e-02	-3.835760535546191979e-02	1.847749654771872058e-02	-2.144187068168183080e-02	2.974486948494288116e-02	-3.635858761938739331e-02	2.634606868681908798e-02	-2.027111548982990508e-02	2.237369423104827379e-02	-1.853490846584378987e-02	1.917904631968384357e-02	-3.657695159825235381e-02	1.398544192500851546e-02	-1.345263854325819131e-02	2.200196465361460227e-02	-2.153839588082115397e-02
1.641642482285846916e-01	-4.219472292878768682e-01	1.000000000000000222e+00	-5.542242601828195614e-01	1.318182328118010782e-01	-1.466552923280445841e-01	2.604675163090379164e-01	-5.702404154632254585e-01	2.998108163413719107e-01	-1.304140095289021140e-01	1.052739057727417743e-01	-8.008712593927196088e-02	2.056444595367918349e-01	-1.879930039242811157e-01	1.224703496332144037e-01	-5.893156022538415667e-02	7.283889528113815515e-02	-1.267979611863604972e-01	1.155215509266001167e-01	-1.433947446462568720e-01	3.969259184193671408e-02	-4.081872850471202768e-02	5.015309458650223789e-02	-5.829941811500621157e-02	3.033203139659990458e-02	-3.591063654185457088e-02	3.931655675497144203e-02	-4.297289851939307959e-02	4.106917502906049650e-02	-2.546538190774541230e-02	3.972531762802902072e-02	-2.025028199213926156e-02	2.384621020925485266e-02	-3.470534009212766086e-02	4.215345389057450348e-02	-2.747641927629196346e-02	2.200399825687808161e-02	-2.472249132760833898e-02	2.101040054274867785e-02	-2.169134675306256047e-02	3.791539790570373075e-02	-1.509013645714083612e-02	1.449016173574747823e-02	-2.483664245671153917e-02	2.416790480956113735e-02
-1.631065493273753941e-01	2.117675701414309941e-01	-5.542242601828195614e-01	1.000000000000000444e+00	-2.427552030941586003e-01	1.280740786673478238e-01	-2.307410936665700296e-01	3.173887146588892927e-01	-6.329003269683718402e-01	1.925092006067581352e-01	-1.093411260719119593e-01	7.970226443473774069e-02	-2.231456806504294454e-01	2.008597460289882619e-01	-1.491870770406462654e-01	5.981952141651584315e-02	-7.550226826811591574e-02	1.248101686366906715e-01	-1.298288738297829759e-01	1.471924432934638982e-01	-4.096077442262603674e-02	4.194511855178905541e-02	-5.270353223692424843e-02	6.039554002693341833e-02	-3.211717627120199564e-02	3.697806901953689523e-02	-4.085333508316481288e-02	4.461877821928272869e-02	-4.333134300014790385e-02	2.671258460173375066e-02	-4.132572285271877283e-02	2.106315309841706729e-02	-2.490287436034433269e-02	3.631635058023311574e-02	-4.470028343075651417e-02	2.847852146108189111e-02	-2.292119937080155240e-02	2.571111922812811812e-02	-2.195949868489480497e-02	2.266549640929931692e-02	-3.951128930132321443e-02	1.567732258725886355e-02	-1.507995972186593550e-02	2.585174034273117136e-02	-2.534338984269883174e-02
6.657455516723385924e-02	-8.286062373560124095e-02	1.318182328118010782e-01	-2.427552030941586003e-01	1.000000000000000444e+00	-5.661939177505761339e-02	8.293822773796140357e-02	-1.475243993024699940e-01	2.036725432111682610e-01	-9.112366185838595145e-01	6.372807138684045969e-02	-5.505643450735122485e-02	1.281928440892613208e-01	-1.607294346736483914e-01	1.622399285825695536e-01	-3.959256482519408343e-02	5.099618055916125409e-02	-9.253524657564439482e-02	9.579185895486745650e-02	-1.638713793573921829e-01	2.727972206459360408e-02	-2.885926542061906241e-02	3.810561864254820297e-02	-4.499081961366018650e-02	2.582497414168954952e-02	-2.494213451766630341e-02	2.799612132984713800e-02	-3.236739333987843914e-02	3.119813378731485856e-02	-2.188478808522368799e-02	2.761252561127766278e-02	-1.477416619229748179e-02	1.758910232688716893e-02	-2.657134223095733092e-02	3.233990077169842520e-02	-1.924366541067294711e-02	1.594386517378712509e-02	-1.818326723738694639e-02	1.578326053516384414e-02	-1.631100669836553843e-02	2.647941606457425087e-02	-1.090149914905066963e-02	1.045442734812744578e-02	-1.864020532483768450e-02	1.803930988430811622e-02
-8.076901126894483474e-01	2.508266594573925756e-01	-1.466552923280445841e-01	1.280740786673478238e-01	-5.661939177505761339e-02	1.000000000000000444e+00	-4.017574761543915574e-01	1.385117113374569053e-01	-1.079799476100003902e-01	5.438215903631032910e-02	-2.697060505194082136e-01	8.271940029316171561e-02	-1.051292083669328054e-01	8.940682730317751903e-02	-6.574871118405997694e-02	9.013749497562416335e-02	-7.380565937073153837e-02	7.713327403797197446e-02	-7.452290559841273643e-02	7.956873021755128672e-02	-5.653097620185372485e-02	5.300722054627877294e-02	-4.390034951107710942e-02	5.091589792782359042e-02	-2.777847310908412859e-02	4.963006950795226940e-02	-4.975720675032207357e-02	4.288369198893617756e-02	-4.110991085017213359e-02	2.293661772622950998e-02	-5.466825942531870069e-02	2.462432828161245646e-02	-2.796463728594304060e-02	3.644135938027639326e-02	-4.439876274748969648e-02	3.728652103894203318e-02	-2.727072304781176515e-02	2.949814785054329438e-02	-2.356558274241480830e-02	2.444010412269305085e-02	-5.168411203182246560e-02	1.895931581463447188e-02	-1.824208669395582100e-02	2.819375023359476512e-02	-2.761754029503648081e-02
2.728690606376517613e-01	-7.497374902382010209e-01	2.604675163090379164e-01	-2.307410936665700296e-01	8.293822773796140357e-02	-4.017574761543915574e-01	1.000000000000000000e+00	-3.016239726484563066e-01	1.757497085246325919e-01	-8.222896982640580388e-02	1.339531249866452167e-01	-7.360601250334204704e-02	1.441595872074447893e-01	-1.287939904380127620e-01	8.730668496034151016e-02	-6.430911261358360220e-02	6.581797847966866510e-02	-9.501661350514689630e-02	8.816723162935212466e-02	-1.052617724635331181e-01	4.172238185883737904e-02	-4.143917178631155440e-02	4.301618654382655810e-02	-5.013337770001731475e-02	2.658908333482552788e-02	-3.751178120727192977e-02	3.935152048556937038e-02	-3.894691310388518485e-02	3.725508622590217866e-02	-2.219520567830238905e-02	4.135303924579441376e-02	-2.003248191727024022e-02	2.321138506802452109e-02	-3.222201581412927063e-02	3.915108148555170031e-02	-2.853766437928297733e-02	2.194808881975208667e-02	-2.427530875761412660e-02	2.008757957798133070e-02	-2.079646255270884217e-02	3.943841398867841547e-02	-1.516326755380657115e-02	1.456792646705443693e-02	-2.389990160425643426e-02	2.331132987996787850e-02
-1.625866650074436204e-01	2.385440399417654289e-01	-5.702404154632254585e-01	3.173887146588892927e-01	-1.475243993024699940e-01	1.385117113374569053e-01	-3.016239726484563066e-01	9.999999999999996669e-01	-5.325860014025318723e-01	1.392014738135471663e-01	-1.110926171214479258e-01	9.136121725422546858e-02	-3.725475638032302861e-01	2.232868538834217598e-01	-1.464069261826294321e-01	6.288189279273902199e-02	-8.553222807461918764e-02	1.526448544747523173e-01	-1.426511326538214275e-01	1.573765907290811672e-01	-4.272993775270073763e-02	4.395774120151726971e-02	-5.741392518819988383e-02	6.535684607989927786e-02	-3.323149125429467055e-02	3.843152231558404075e-02	-4.263559500489622761e-02	4.755661158807680811e-02	-4.562837697607401155e-02	2.777878261602937521e-02	-4.257986031967877366e-02	2.178573433203398468e-02	-2.577196087737870789e-02	3.785230754640227235e-02	-4.617270896031362010e-02	2.932028757918559922e-02	-2.364688283006622163e-02	2.659006927893248565e-02	-2.273215032021265458e-02	2.341657995488384200e-02	-4.047204743713866265e-02	1.614989967082760755e-02	-1.551985947413589244e-02	2.674316642992595819e-02	-2.610495599128704464e-02
1.229656175649873895e-01	-1.792723841484065994e-01	2.998108163413719107e-01	-6.329003269683718402e-01	2.036725432111682610e-01	-1.079799476100003902e-01	1.757497085246325919e-01	-5.325860014025318723e-01	9.999999999999998890e-01	-2.504595238219295972e-01	9.947862221540113015e-02	-8.524549296234114337e-02	2.396751491850998561e-01	-3.104589561177328871e-01	1.716413301678909320e-01	-5.944540946447369328e-02	7.863479064306604094e-02	-1.433894656448822247e-01	1.393071081803214373e-01	-1.792895314532274853e-01	4.057013296060748425e-02	-4.232928766615538102e-02	5.560981358649622758e-02	-6.450374790173009354e-02	3.395538140020056689e-02	-3.678486704979182925e-02	4.101412265744472374e-02	-4.658414422967469687e-02	4.471204457725657527e-02	-2.852764390127991018e-02	4.068905376286480885e-02	-2.122744837758677033e-02	2.517958936723044272e-02	-3.741767190136992965e-02	4.555932791255788705e-02	-2.817383446083090992e-02	2.298132172930191300e-02	-2.599760086119827507e-02	2.236523593153836448e-02	-2.306474342908745173e-02	3.881637458567660515e-02	-1.570116955742429515e-02	1.507411086371721574e-02	-2.635103507007234211e-02	2.563281609172292363e-02
-6.559087137810615253e-02	7.817887849783790311e-02	-1.304140095289021140e-01	1.925092006067581352e-01	-9.112366185838595145e-01	5.438215903631032910e-02	-8.222896982640580388e-02	1.392014738135471663e-01	-2.504595238219295972e-01	1.000000000000000666e+00	-6.097744606234336423e-02	5.149672391296399032e-02	-1.294562407872324739e-01	1.522875000909964527e-01	-1.948298933702370395e-01	3.712943851003672885e-02	-4.852575311955666798e-02	8.644992506119413000e-02	-9.387535983689028474e-02	1.477986860106006439e-01	-2.570128331584893566e-02	2.704654165686672107e-02	-3.602779940687349941e-02	4.206459375071251727e-02	-2.419675469839887433e-02	2.343074079790796738e-02	-2.636570035705197365e-02	3.034137493297316829e-02	-2.945999067705842162e-02	2.031840768974447348e-02	-2.604808120655920795e-02	1.386356543718154401e-02	-1.652607848646470839e-02	2.491060843636117364e-02	-3.055635118570906167e-02	1.809819457133167789e-02	-1.498222853332830014e-02	1.704334267142696216e-02	-1.480632222535199598e-02	1.529463402608796652e-02	-2.496936348384255419e-02	1.022767300551211296e-02	-9.819319316606333128e-03	1.743979555162768896e-02	-1.696368510278915484e-02
2.165613322061521184e-01	-1.273008924535066200e-01	1.052739057727417743e-01	-1.093411260719119593e-01	6.372807138684045969e-02	-2.697060505194082136e-01	1.339531249866452167e-01	-1.110926171214479258e-01	9.947862221540113015e-02	-6.097744606234336423e-02	9.999999999999995559e-01	-2.923133444538676962e-01	1.470368020006356524e-01	-1.238749544657247736e-01	9.877376961142220191e-02	-3.685921726093046580e-01	2.091151621817440576e-01	-1.498925372859669092e-01	1.404492785598595028e-01	-1.267210232015270888e-01	1.908882284649590644e-01	-1.771209452177140431e-01	1.117115205097260616e-01	-1.303406296077402604e-01	7.070513418682436435e-02	-1.677277837309555653e-01	1.565026174547615723e-01	-1.193930596185414916e-01	1.123749791463481973e-01	-5.809034834271036701e-02	1.728172686012507120e-01	-7.482388807633287564e-02	8.294739705931747364e-02	-1.023372630869217592e-01	1.226958094809062483e-01	-1.191381003804824756e-01	8.304491925187726387e-02	-8.873828162172124612e-02	6.838808202377480439e-02	-7.103260834210121943e-02	1.605265152677959051e-01	-5.808257049510180681e-02	5.565966870168971570e-02	-8.265031208617289182e-02	8.034986211320024885e-02
-9.075178364397376574e-02	6.671589837915704868e-02	-8.008712593927196088e-02	7.970226443473774069e-02	-5.505643450735122485e-02	8.271940029316171561e-02	-7.360601250334204704e-02	9.136121725422546858e-02	-8.524549296234114337e-02	5.149672391296399032e-02	-2.923133444538676962e-01	1.000000000000000444e+00	-2.026506814862756300e-01	1.262775824979470440e-01	-1.053832001004715996e-01	1.740679174649229777e-01	-8.553533235764602116e-01	2.164153879945047987e-01	-2.014741899054794116e-01	1.244147659117357252e-01	-1.135711405171661859e-01	9.085037696318842837e-02	-8.952934326149883382e-02	9.548960841888008699e-02	-4.490395720293478138e-02	8.525707064703531846e-02	-8.936165395244914655e-02	7.650114548707982742e-02	-7.344750159194131378e-02	3.679696844421938284e-02	-9.607831672609044860e-02	3.932298741534138997e-02	-4.490888510390590033e-02	5.944542846493296173e-02	-7.286869972495436942e-02	6.060875126702876259e-02	-4.364731564675965875e-02	4.635285776340683506e-02	-3.703334307562260869e-02	3.772421814205665497e-02	-8.470131650621301467e-02	2.964906659186335169e-02	-2.869531143617280039e-02	4.320203736788390952e-02	-4.256882789105428944e-02
1.187491297054647788e-01	-1.408907865533714221e-01	2.056444595367918349e-01	-2.231456806504294454e-01	1.281928440892613208e-01	-1.051292083669328054e-01	1.441595872074447893e-01	-3.725475638032302861e-01	2.396751491850998561e-01	-1.294562407872324739e-01	1.470368020006356524e-01	-2.026506814862756300e-01	1.000000000000000222e+00	-5.606713437407967460e-01	2.572218259050880196e-01	-1.033750023939924018e-01	1.728565326112228018e-01	-4.508329757576459151e-01	2.793959153314187760e-01	-3.322107681593896578e-01	7.006338532407438424e-02	-7.451875842684840823e-02	1.120180711888475872e-01	-1.277316744992087472e-01	5.940746940918458646e-02	-6.290401384499066939e-02	7.189947756457609751e-02	-8.847144532376267911e-02	8.195578442517838236e-02	-5.035963115008244839e-02	6.836719066158201963e-02	-3.637613506097418098e-02	4.342727562141277670e-02	-6.632400110566101514e-02	7.927257345240244779e-02	-4.716375254603944606e-02	3.907838961297910307e-02	-4.456930194597919642e-02	3.869132123869761797e-02	-3.964933096337091428e-02	6.428939138375622253e-02	-2.650865012514444508e-02	2.541235599950422350e-02	-4.533700574298230729e-02	4.375825926999650506e-02
-1.083246845431139749e-01	1.170987144541602853e-01	-1.879930039242811157e-01	2.008597460289882619e-01	-1.607294346736483914e-01	8.940682730317751903e-02	-1.287939904380127620e-01	2.232868538834217598e-01	-3.104589561177328871e-01	1.522875000909964527e-01	-1.238749544657247736e-01	1.262775824979470440e-01	-5.606713437407967460e-01	1.000000000000000444e+00	-5.604335809271085989e-01	8.055683018968612386e-02	-1.244453663446597191e-01	2.362266909769077938e-01	-3.016036260847971273e-01	3.022339438904813047e-01	-5.644051951655121996e-02	5.979168967178032090e-02	-9.052743655595264782e-02	1.019161835217858164e-01	-5.362441054038450533e-02	5.100032931544384862e-02	-5.895986991322895582e-02	7.088735955584041237e-02	-6.963768006405196553e-02	4.428113694619199847e-02	-5.656325087193831563e-02	3.038658976165686115e-02	-3.657438364806635256e-02	5.605780212953791197e-02	-6.944580172534309259e-02	3.902289389607817294e-02	-3.276144961434260261e-02	3.730258274447891681e-02	-3.279065940111357269e-02	3.368654568876218447e-02	-5.372319445153811435e-02	2.214910887333117195e-02	-2.129880151085795578e-02	3.817969927721717727e-02	-3.747045941634594840e-02
7.808300657847017101e-02	-8.248176570152639109e-02	1.224703496332144037e-01	-1.491870770406462654e-01	1.622399285825695536e-01	-6.574871118405997694e-02	8.730668496034151016e-02	-1.464069261826294321e-01	1.716413301678909320e-01	-1.948298933702370395e-01	9.877376961142220191e-02	-1.053832001004715996e-01	2.572218259050880196e-01	-5.604335809271085989e-01	9.999999999999996669e-01	-6.807018843532491870e-02	9.854782643836856870e-02	-2.062132214476018743e-01	2.357475012918067159e-01	-6.896068947154830875e-01	4.741509394079806289e-02	-5.150084626439065116e-02	7.690789111721924032e-02	-9.123728796187915990e-02	5.845569760013744759e-02	-4.337743760754660810e-02	5.021966905153327915e-02	-6.257373853564025812e-02	6.044525649934050920e-02	-5.007422790470342222e-02	4.755837930669282176e-02	-2.661482682789689108e-02	3.207786992500666345e-02	-5.094283984331771792e-02	6.195488142728129005e-02	-3.321381186367030475e-02	2.844918464141644315e-02	-3.293726981824657979e-02	2.926399443483446161e-02	-3.015872496223422072e-02	4.530665537479717370e-02	-1.928976218060886316e-02	1.847652888320138256e-02	-3.434908489542376486e-02	3.295044782475813755e-02
-1.035277002005038915e-01	5.849575874492819738e-02	-5.893156022538415667e-02	5.981952141651584315e-02	-3.959256482519408343e-02	9.013749497562416335e-02	-6.430911261358360220e-02	6.288189279273902199e-02	-5.944540946447369328e-02	3.712943851003672885e-02	-3.685921726093046580e-01	1.740679174649229777e-01	-1.033750023939924018e-01	8.055683018968612386e-02	-6.807018843532491870e-02	9.999999999999996669e-01	-2.146427972865717071e-01	1.141427738904581823e-01	-1.109755557726487124e-01	8.517253597149618272e-02	-6.514702690274348784e-01	2.597490429379132326e-01	-1.233959721412309501e-01	1.261682093162468377e-01	-7.110410120333714168e-02	2.725977908853869924e-01	-2.744299052098946312e-01	1.365863636768859801e-01	-1.295535515102000101e-01	5.741452973669721599e-02	-3.208444224440616943e-01	9.066917872315100047e-02	-9.729994931219274057e-02	1.063938573377129077e-01	-1.312455037679782222e-01	1.692481212531942725e-01	-1.043527812293827267e-01	1.003917926352573958e-01	-7.057329340321297217e-02	7.014185127879768444e-02	-2.419128348240695836e-01	6.967116955923277621e-02	-6.825802177610323929e-02	8.110881542370826369e-02	-7.969775620882610379e-02
8.002178548715244144e-02	-6.129443696891911930e-02	7.283889528113815515e-02	-7.550226826811591574e-02	5.099618055916125409e-02	-7.380565937073153837e-02	6.581797847966866510e-02	-8.553222807461918764e-02	7.863479064306604094e-02	-4.852575311955666798e-02	2.091151621817440576e-01	-8.553533235764602116e-01	1.728565326112228018e-01	-1.244453663446597191e-01	9.854782643836856870e-02	-2.146427972865717071e-01	1.000000000000000444e+00	-2.994041094688895122e-01	1.866781708406589357e-01	-1.261677490656392953e-01	1.153310116111504469e-01	-9.430738445480556231e-02	9.012988105427446883e-02	-9.816097725748393343e-02	4.367451484901178210e-02	-8.717327124076540423e-02	8.883656453320055990e-02	-7.765461961339484298e-02	7.222562031019581774e-02	-3.606707078919146880e-02	9.332635715911122287e-02	-3.874112993999076493e-02	4.405620007012665817e-02	-5.875921103007804291e-02	7.065555518818152081e-02	-5.956090754297380802e-02	4.274801722438634211e-02	-4.568538935522012401e-02	3.641663483757711511e-02	-3.707737851267466078e-02	8.154694855903434070e-02	-2.905244796948299596e-02	2.801035758707262277e-02	-4.266239732762364123e-02	4.158131754861360552e-02
-9.080584136545269414e-02	8.674487296092009414e-02	-1.267979611863604972e-01	1.248101686366906715e-01	-9.253524657564439482e-02	7.713327403797197446e-02	-9.501661350514689630e-02	1.526448544747523173e-01	-1.433894656448822247e-01	8.644992506119413000e-02	-1.498925372859669092e-01	2.164153879945047987e-01	-4.508329757576459151e-01	2.362266909769077938e-01	-2.062132214476018743e-01	1.141427738904581823e-01	-2.994041094688895122e-01	1.000000000000000000e+00	-6.896850172824406933e-01	2.448799939515201030e-01	-8.012013127439950033e-02	8.616546283778832305e-02	-1.937908813527362273e-01	1.747702309471662052e-01	-6.198776467151639186e-02	7.019067728264229145e-02	-8.554657973706389362e-02	1.155150050636584019e-01	-1.073849093731261140e-01	5.121458527646541997e-02	-7.601310348161717523e-02	4.066435689875903120e-02	-4.941458909188193444e-02	7.692755590407047983e-02	-9.263757794514440591e-02	5.152587960561673397e-02	-4.353524347789173438e-02	4.950962119375933168e-02	-4.364875238171897487e-02	4.407552238967990532e-02	-7.005342303144847238e-02	2.896695788689880244e-02	-2.786611956063683726e-02	4.990234975906593373e-02	-4.900374895463979752e-02
8.667461414371192829e-02	-8.346242640792950196e-02	1.155215509266001167e-01	-1.298288738297829759e-01	9.579185895486745650e-02	-7.452290559841273643e-02	8.816723162935212466e-02	-1.426511326538214275e-01	1.393071081803214373e-01	-9.387535983689028474e-02	1.404492785598595028e-01	-2.014741899054794116e-01	2.793959153314187760e-01	-3.016036260847971273e-01	2.357475012918067159e-01	-1.109755557726487124e-01	1.866781708406589357e-01	-6.896850172824406933e-01	1.000000000000001998e+00	-4.453812661363150127e-01	7.667856351286060634e-02	-8.659025259683370002e-02	1.638555820936929697e-01	-2.175461381449469156e-01	7.036356143654887152e-02	-6.977638652199501246e-02	8.407326178258728300e-02	-1.171932555718672997e-01	1.098589950594336950e-01	-5.934207457168198113e-02	7.443252933691668627e-02	-4.190857156710420250e-02	5.095901085994599539e-02	-8.170480225550201536e-02	9.635953237001169958e-02	-5.160139839580578369e-02	4.452042333281545222e-02	-5.145501516312760842e-02	4.577313895281490824e-02	-4.637160557832837454e-02	6.947873691069239577e-02	-2.974968115868618576e-02	2.851011693714652906e-02	-5.276436880664435447e-02	5.098595285237896013e-02
-9.765720751882914219e-02	9.502946372734394354e-02	-1.433947446462568720e-01	1.471924432934638982e-01	-1.638713793573921829e-01	7.956873021755128672e-02	-1.052617724635331181e-01	1.573765907290811672e-01	-1.792895314532274853e-01	1.477986860106006439e-01	-1.267210232015270888e-01	1.244147659117357252e-01	-3.322107681593896578e-01	3.022339438904813047e-01	-6.896068947154830875e-01	8.517253597149618272e-02	-1.261677490656392953e-01	2.448799939515201030e-01	-4.453812661363150127e-01	1.000000000000000444e+00	-6.070857638893935315e-02	6.578253018284681286e-02	-1.033376919673554967e-01	1.188504938536939781e-01	-8.825535976947472550e-02	5.550399093103393355e-02	-6.529259824723940286e-02	8.159835410753385476e-02	-8.186851586067495079e-02	6.948691066308536335e-02	-6.160459080891910605e-02	3.480689098355033151e-02	-4.231659309223718274e-02	6.795326531550702209e-02	-8.549537968898575369e-02	4.290769619497966647e-02	-3.725469117006401099e-02	4.311517788474191620e-02	-3.882968806942282969e-02	4.003405687494140247e-02	-5.886591945520470298e-02	2.511893380158977673e-02	-2.412432939199854465e-02	4.519964401595275710e-02	-4.394844453116775879e-02
6.441244436438814391e-02	-3.855028298010660520e-02	3.969259184193671408e-02	-4.096077442262603674e-02	2.727972206459360408e-02	-5.653097620185372485e-02	4.172238185883737904e-02	-4.272993775270073763e-02	4.057013296060748425e-02	-2.570128331584893566e-02	1.908882284649590644e-01	-1.135711405171661859e-01	7.006338532407438424e-02	-5.644051951655121996e-02	4.741509394079806289e-02	-6.514702690274348784e-01	1.153310116111504469e-01	-8.012013127439950033e-02	7.667856351286060634e-02	-6.070857638893935315e-02	1.000000000000000222e+00	-4.507740626739909495e-01	1.082597127047295743e-01	-1.103409993058366012e-01	5.485098022375879678e-02	-4.535901688880260574e-01	2.761587403439729194e-01	-1.261486645628017988e-01	1.089745033359613841e-01	-4.488773538065404800e-02	2.528033861131997462e-01	-7.484133826818203938e-02	7.746491197751757818e-02	-8.750232864812680644e-02	1.022580114470682949e-01	-1.431186952060578832e-01	8.275258492508176522e-02	-8.122872604646437511e-02	5.644457955272669247e-02	-5.568830662076018623e-02	1.685194260381547016e-01	-5.365178421801292119e-02	5.135597465068240941e-02	-6.523907331287212563e-02	6.185895115995344862e-02
-6.286910534053735677e-02	3.801038837883099347e-02	-4.081872850471202768e-02	4.194511855178905541e-02	-2.885926542061906241e-02	5.300722054627877294e-02	-4.143917178631155440e-02	4.395774120151726971e-02	-4.232928766615538102e-02	2.704654165686672107e-02	-1.771209452177140431e-01	9.085037696318842837e-02	-7.451875842684840823e-02	5.979168967178032090e-02	-5.150084626439065116e-02	2.597490429379132326e-01	-9.430738445480556231e-02	8.616546283778832305e-02	-8.659025259683370002e-02	6.578253018284681286e-02	-4.507740626739909495e-01	9.999999999999990008e-01	-1.893345810819163921e-01	1.574363681852452290e-01	-7.578799894021619188e-02	2.782275056168872496e-01	-7.211815313206053624e-01	2.007397329926564888e-01	-1.753663852791183808e-01	6.137345317245751497e-02	-2.538450491003308995e-01	8.995524776171559544e-02	-9.771870372560592655e-02	1.199927431018661672e-01	-1.444826627895522686e-01	1.391835240515871541e-01	-9.706535655296573417e-02	9.596624165543204965e-02	-7.226058349576712503e-02	7.058339128475979440e-02	-1.811645658371746070e-01	6.021985215208614656e-02	-5.833815782195456157e-02	8.079252598674521724e-02	-7.907021290742727304e-02
5.222294996530744277e-02	-3.989501070181481618e-02	5.015309458650223789e-02	-5.270353223692424843e-02	3.810561864254820297e-02	-4.390034951107710942e-02	4.301618654382655810e-02	-5.741392518819988383e-02	5.560981358649622758e-02	-3.602779940687349941e-02	1.117115205097260616e-01	-8.952934326149883382e-02	1.120180711888475872e-01	-9.052743655595264782e-02	7.690789111721924032e-02	-1.233959721412309501e-01	9.012988105427446883e-02	-1.937908813527362273e-01	1.638555820936929697e-01	-1.033376919673554967e-01	1.082597127047295743e-01	-1.893345810819163921e-01	9.999999999999988898e-01	-7.304648672890152739e-01	9.587168131550749539e-02	-1.094627175931776331e-01	1.745018013639645926e-01	-5.103215380493035802e-01	2.762257679106824848e-01	-8.072508818147371146e-02	1.039048744479343783e-01	-7.178816402837949473e-02	9.198367738773675917e-02	-1.644931284528644844e-01	1.716927037490610930e-01	-7.302487859794784542e-02	7.209473608666645827e-02	-8.730481556262661980e-02	8.038825406064112333e-02	-7.749159332408696310e-02	9.295596480336659750e-02	-4.571292446058929787e-02	4.364331036568802613e-02	-8.820066443908458620e-02	8.360015540894968900e-02
-6.138769279844695503e-02	4.612703115182217178e-02	-5.829941811500621157e-02	6.039554002693341833e-02	-4.499081961366018650e-02	5.091589792782359042e-02	-5.013337770001731475e-02	6.535684607989927786e-02	-6.450374790173009354e-02	4.206459375071251727e-02	-1.303406296077402604e-01	9.548960841888008699e-02	-1.277316744992087472e-01	1.019161835217858164e-01	-9.123728796187915990e-02	1.261682093162468377e-01	-9.816097725748393343e-02	1.747702309471662052e-01	-2.175461381449469156e-01	1.188504938536939781e-01	-1.103409993058366012e-01	1.574363681852452290e-01	-7.304648672890152739e-01	1.000000000000000222e+00	-1.406148782723520563e-01	1.102092690212509996e-01	-1.703058991409491518e-01	3.062726361041584466e-01	-4.096202994944212472e-01	1.109157370628122141e-01	-1.156441598890075168e-01	8.283042245923956381e-02	-1.103462341925862678e-01	2.010450430141062506e-01	-2.499189155757502445e-01	8.268589219688300684e-02	-8.631455767434996484e-02	1.028336863582063887e-01	-1.028629407635845983e-01	9.984624784809822962e-02	-1.089012339939070123e-01	5.418883285618718987e-02	-5.237356383808766669e-02	1.091295419031223235e-01	-1.118694953522222091e-01
3.357896058414491097e-02	-2.460881422028819016e-02	3.033203139659990458e-02	-3.211717627120199564e-02	2.582497414168954952e-02	-2.777847310908412859e-02	2.658908333482552788e-02	-3.323149125429467055e-02	3.395538140020056689e-02	-2.419675469839887433e-02	7.070513418682436435e-02	-4.490395720293478138e-02	5.940746940918458646e-02	-5.362441054038450533e-02	5.845569760013744759e-02	-7.110410120333714168e-02	4.367451484901178210e-02	-6.198776467151639186e-02	7.036356143654887152e-02	-8.825535976947472550e-02	5.485098022375879678e-02	-7.578799894021619188e-02	9.587168131550749539e-02	-1.406148782723520563e-01	1.000000000000001110e+00	-5.778768926897692032e-02	7.264429956377961572e-02	-1.306820405985166245e-01	1.336578547821094531e-01	-9.099726805923102901e-01	6.049757728869281648e-02	-6.339049205397420672e-02	8.006650797900438654e-02	-1.948980439468159520e-01	2.294351789415363663e-01	-5.036604806726941580e-02	6.162349586458350237e-02	-8.624069371361665903e-02	9.021366464561246523e-02	-9.765188409039599060e-02	6.285594156409317346e-02	-4.232391596763537822e-02	3.924711660958966897e-02	-1.101930948554530054e-01	8.738669808052657029e-02
-5.852162126634789102e-02	3.449201189356245617e-02	-3.591063654185457088e-02	3.697806901953689523e-02	-2.494213451766630341e-02	4.963006950795226940e-02	-3.751178120727192977e-02	3.843152231558404075e-02	-3.678486704979182925e-02	2.343074079790796738e-02	-1.677277837309555653e-01	8.525707064703531846e-02	-6.290401384499066939e-02	5.100032931544384862e-02	-4.337743760754660810e-02	2.725977908853869924e-01	-8.717327124076540423e-02	7.019067728264229145e-02	-6.977638652199501246e-02	5.550399093103393355e-02	-4.535901688880260574e-01	2.782275056168872496e-01	-1.094627175931776331e-01	1.102092690212509996e-01	-5.778768926897692032e-02	1.000000000000002220e+00	-4.112741118201986290e-01	1.368095856659049814e-01	-1.187082002816458037e-01	4.730679794514713182e-02	-6.363918965152034479e-01	9.681620431132233195e-02	-9.594813783819358677e-02	9.528661067851577904e-02	-1.102408718415364974e-01	2.162967849476954141e-01	-1.115722167695793188e-01	1.004960025428123793e-01	-6.393171516584486569e-02	6.173147093278237574e-02	-2.574211867281845922e-01	6.958003219901617853e-02	-6.700557864308680223e-02	7.312995480969772255e-02	-6.815084421444524143e-02
5.837370811820793981e-02	-3.638465730289663219e-02	3.931655675497144203e-02	-4.085333508316481288e-02	2.799612132984713800e-02	-4.975720675032207357e-02	3.935152048556937038e-02	-4.263559500489622761e-02	4.101412265744472374e-02	-2.636570035705197365e-02	1.565026174547615723e-01	-8.936165395244914655e-02	7.189947756457609751e-02	-5.895986991322895582e-02	5.021966905153327915e-02	-2.744299052098946312e-01	8.883656453320055990e-02	-8.554657973706389362e-02	8.407326178258728300e-02	-6.529259824723940286e-02	2.761587403439729194e-01	-7.211815313206053624e-01	1.745018013639645926e-01	-1.703058991409491518e-01	7.264429956377961572e-02	-4.112741118201986290e-01	9.999999999999998890e-01	-2.947226801666141816e-01	1.791617035910616218e-01	-6.034293101286773708e-02	2.329393567467511472e-01	-9.854070990319535595e-02	1.001796963093591480e-01	-1.276143565458690843e-01	1.384076667766416524e-01	-1.419466471593815726e-01	9.809947677906508123e-02	-9.980453817866984101e-02	7.358564048837211435e-02	-7.143098196406168221e-02	1.615821013580616139e-01	-5.982816618691449290e-02	5.681546764935514748e-02	-8.349608988072462767e-02	7.773895038573680472e-02
-5.147756915256264387e-02	3.590071793302120756e-02	-4.297289851939307959e-02	4.461877821928272869e-02	-3.236739333987843914e-02	4.288369198893617756e-02	-3.894691310388518485e-02	4.755661158807680811e-02	-4.658414422967469687e-02	3.034137493297316829e-02	-1.193930596185414916e-01	7.650114548707982742e-02	-8.847144532376267911e-02	7.088735955584041237e-02	-6.257373853564025812e-02	1.365863636768859801e-01	-7.765461961339484298e-02	1.155150050636584019e-01	-1.171932555718672997e-01	8.159835410753385476e-02	-1.261486645628017988e-01	2.007397329926564888e-01	-5.103215380493035802e-01	3.062726361041584466e-01	-1.306820405985166245e-01	1.368095856659049814e-01	-2.947226801666141816e-01	9.999999999999974465e-01	-6.289786404611544812e-01	1.074347922276987083e-01	-1.305137596269042022e-01	9.813676173762389543e-02	-1.381939282111150635e-01	2.358827998807822846e-01	-2.631221698678137266e-01	9.126643845281655343e-02	-9.780749573176160394e-02	1.183454572442427799e-01	-1.137217923358611604e-01	1.056009432415604826e-01	-1.155006853880393147e-01	5.955195517158678314e-02	-5.729807140297808743e-02	1.173277956066299116e-01	-1.152716922014490053e-01
4.920963341329809976e-02	-3.454636619653324997e-02	4.106917502906049650e-02	-4.333134300014790385e-02	3.119813378731485856e-02	-4.110991085017213359e-02	3.725508622590217866e-02	-4.562837697607401155e-02	4.471204457725657527e-02	-2.945999067705842162e-02	1.123749791463481973e-01	-7.344750159194131378e-02	8.195578442517838236e-02	-6.963768006405196553e-02	6.044525649934050920e-02	-1.295535515102000101e-01	7.222562031019581774e-02	-1.073849093731261140e-01	1.098589950594336950e-01	-8.186851586067495079e-02	1.089745033359613841e-01	-1.753663852791183808e-01	2.762257679106824848e-01	-4.096202994944212472e-01	1.336578547821094531e-01	-1.187082002816458037e-01	1.791617035910616218e-01	-6.289786404611544812e-01	9.999999999999990008e-01	-1.268577227272147667e-01	1.127771099974367724e-01	-1.056553101012527446e-01	1.415626191693997449e-01	-4.703535337256204985e-01	2.672353988838462313e-01	-8.684792339433133890e-02	1.010063007782905503e-01	-1.336870914485433492e-01	1.400870684312335301e-01	-1.257949901395584158e-01	1.073269932762427326e-01	-6.346754172372071068e-02	6.021271924461435443e-02	-1.480185183042816432e-01	1.251571736016631464e-01
-2.781604029067870354e-02	2.046099645381340565e-02	-2.546538190774541230e-02	2.671258460173375066e-02	-2.188478808522368799e-02	2.293661772622950998e-02	-2.219520567830238905e-02	2.777878261602937521e-02	-2.852764390127991018e-02	2.031840768974447348e-02	-5.809034834271036701e-02	3.679696844421938284e-02	-5.035963115008244839e-02	4.428113694619199847e-02	-5.007422790470342222e-02	5.741452973669721599e-02	-3.606707078919146880e-02	5.121458527646541997e-02	-5.934207457168198113e-02	6.948691066308536335e-02	-4.488773538065404800e-02	6.137345317245751497e-02	-8.072508818147371146e-02	1.109157370628122141e-01	-9.099726805923102901e-01	4.730679794514713182e-02	-6.034293101286773708e-02	1.074347922276987083e-01	-1.268577227272147667e-01	9.999999999999992228e-01	-5.016474708773390606e-02	5.269239651627845994e-02	-6.855668078405476040e-02	1.676381273150839568e-01	-3.119973091174468860e-01	4.162106743736777859e-02	-5.181679194896712803e-02	7.125951629572815915e-02	-7.802725980709115938e-02	8.446063709351628312e-02	-5.238665970072555605e-02	3.476708560718823338e-02	-3.257688087378290964e-02	9.060465332250483561e-02	-7.795721580866740719e-02
6.388085219796361958e-02	-3.835760535546191979e-02	3.972531762802902072e-02	-4.132572285271877283e-02	2.761252561127766278e-02	-5.466825942531870069e-02	4.135303924579441376e-02	-4.257986031967877366e-02	4.068905376286480885e-02	-2.604808120655920795e-02	1.728172686012507120e-01	-9.607831672609044860e-02	6.836719066158201963e-02	-5.656325087193831563e-02	4.755837930669282176e-02	-3.208444224440616943e-01	9.332635715911122287e-02	-7.601310348161717523e-02	7.443252933691668627e-02	-6.160459080891910605e-02	2.528033861131997462e-01	-2.538450491003308995e-01	1.039048744479343783e-01	-1.156441598890075168e-01	6.049757728869281648e-02	-6.363918965152034479e-01	2.329393567467511472e-01	-1.305137596269042022e-01	1.127771099974367724e-01	-5.016474708773390606e-02	9.999999999999978906e-01	-1.333592319884720767e-01	1.155700046015075561e-01	-1.044312053477941399e-01	1.152591404805081848e-01	-4.589074944991915483e-01	1.465970615806560240e-01	-1.317129091246556083e-01	7.477677300202488497e-02	-7.188699170314703790e-02	2.808083624622385033e-01	-8.747924197546338987e-02	8.032156033570711506e-02	-8.767959074273648512e-02	7.738602004276218249e-02
-2.966851024397214320e-02	1.847749654771872058e-02	-2.025028199213926156e-02	2.106315309841706729e-02	-1.477416619229748179e-02	2.462432828161245646e-02	-2.003248191727024022e-02	2.178573433203398468e-02	-2.122744837758677033e-02	1.386356543718154401e-02	-7.482388807633287564e-02	3.932298741534138997e-02	-3.637613506097418098e-02	3.038658976165686115e-02	-2.661482682789689108e-02	9.066917872315100047e-02	-3.874112993999076493e-02	4.066435689875903120e-02	-4.190857156710420250e-02	3.480689098355033151e-02	-7.484133826818203938e-02	8.995524776171559544e-02	-7.178816402837949473e-02	8.283042245923956381e-02	-6.339049205397420672e-02	9.681620431132233195e-02	-9.854070990319535595e-02	9.813676173762389543e-02	-1.056553101012527446e-01	5.269239651627845994e-02	-1.333592319884720767e-01	9.999999999999991118e-01	-6.032813093368114554e-01	1.431603141952259295e-01	-1.433530618204579554e-01	1.661566223564659994e-01	-6.758512439566630725e-01	3.084568686958623074e-01	-1.178424129981035795e-01	9.596621349690216685e-02	-1.812000731231431794e-01	1.267856967958599645e-01	-1.246250874807779130e-01	1.210132325416335419e-01	-9.915363758356979251e-02
3.371860759974253108e-02	-2.144187068168183080e-02	2.384621020925485266e-02	-2.490287436034433269e-02	1.758910232688716893e-02	-2.796463728594304060e-02	2.321138506802452109e-02	-2.577196087737870789e-02	2.517958936723044272e-02	-1.652607848646470839e-02	8.294739705931747364e-02	-4.490888510390590033e-02	4.342727562141277670e-02	-3.657438364806635256e-02	3.207786992500666345e-02	-9.729994931219274057e-02	4.405620007012665817e-02	-4.941458909188193444e-02	5.095901085994599539e-02	-4.231659309223718274e-02	7.746491197751757818e-02	-9.771870372560592655e-02	9.198367738773675917e-02	-1.103462341925862678e-01	8.006650797900438654e-02	-9.594813783819358677e-02	1.001796963093591480e-01	-1.381939282111150635e-01	1.415626191693997449e-01	-6.855668078405476040e-02	1.155700046015075561e-01	-6.032813093368114554e-01	9.999999999999961142e-01	-2.449629612393977307e-01	1.846158532010095665e-01	-1.407047256536030910e-01	3.176457838403664025e-01	-6.047682694803245829e-01	1.732791012902524519e-01	-1.392550658780482287e-01	1.518113292433819483e-01	-1.691496479044219681e-01	1.529715522199818767e-01	-1.832180600883488997e-01	1.328091869028515948e-01
-4.413607583482660052e-02	2.974486948494288116e-02	-3.470534009212766086e-02	3.631635058023311574e-02	-2.657134223095733092e-02	3.644135938027639326e-02	-3.222201581412927063e-02	3.785230754640227235e-02	-3.741767190136992965e-02	2.491060843636117364e-02	-1.023372630869217592e-01	5.944542846493296173e-02	-6.632400110566101514e-02	5.605780212953791197e-02	-5.094283984331771792e-02	1.063938573377129077e-01	-5.875921103007804291e-02	7.692755590407047983e-02	-8.170480225550201536e-02	6.795326531550702209e-02	-8.750232864812680644e-02	1.199927431018661672e-01	-1.644931284528644844e-01	2.010450430141062506e-01	-1.948980439468159520e-01	9.528661067851577904e-02	-1.276143565458690843e-01	2.358827998807822846e-01	-4.703535337256204985e-01	1.676381273150839568e-01	-1.044312053477941399e-01	1.431603141952259295e-01	-2.449629612393977307e-01	9.999999999999987788e-01	-6.539038763959164058e-01	9.158644014998250371e-02	-1.389156269244417874e-01	1.877484541701805176e-01	-2.919451488692490493e-01	1.981295643081026903e-01	-1.145330767084566936e-01	8.170469495817950234e-02	-7.946334300975431419e-02	2.206383401825257051e-01	-1.988170702035490789e-01
