1.000000000000000000e+00	-6.924398492180516840e-01	2.539838360758600033e-01	-3.243945436410594629e-01	1.638848366695888625e-01	-3.695807082259680576e-01	3.030574609734527636e-01	-2.832399506683230817e-01	1.969879676992007389e-01	-1.449127687006183940e-01	2.380622576723482042e-01	-2.199897478404877482e-01	2.032668953819645741e-01	-1.423378365401835877e-01	8.381797221732679992e-02	-1.286105608680261081e-01	1.933065095514220622e-01	-1.453319856050840353e-01	9.490086032956662754e-02	-9.179948036480974072e-02	1.159077834970242415e-01	-1.344356543484319932e-01	1.100135357143576936e-01	-1.252326767281523590e-01	7.042212414920655250e-02	-1.035994643893644734e-01	1.120960121840654938e-01	-1.063448858356665777e-01	1.150457049718562191e-01	-9.291041101267943914e-02	9.716849242765733530e-02	-1.242427512726481942e-01	1.108981325070926838e-01	-7.915849777317159053e-02	8.025628049174304834e-02	-7.897159736165373922e-02	8.548365903995137904e-02	-9.751230007553952916e-02	9.036808123549354421e-02	-6.393965386024942632e-02	6.503664380631327124e-02	-1.083213992690526539e-01	1.048411205048323802e-01	-7.857311149218215718e-02	9.784305929787878719e-02
-6.924398492180516840e-01	1.000000000000000444e+00	-3.769659408427302738e-01	2.620482651886041348e-01	-1.419012198064066310e-01	2.428987114490265831e-01	-4.661941235229173919e-01	2.517295715510619591e-01	-1.817850250717810145e-01	1.192025802214569524e-01	-2.120079437574534653e-01	1.943879247214040373e-01	-1.820363517689339850e-01	1.134496530111974572e-01	-6.717810502752805113e-02	1.016683273551451522e-01	-1.849883955091825294e-01	1.128374640075903296e-01	-7.528431221384736249e-02	7.222144165022145734e-02	-9.601513603232836314e-02	1.055032522282051272e-01	-8.737749291824306597e-02	9.725785409214632304e-02	-5.502912549502657347e-02	7.991239954020908087e-02	-8.904754714660580162e-02	8.286481253572297589e-02	-9.083533668324006438e-02	7.187120222001641690e-02	-7.698912728891550705e-02	9.424519194739310046e-02	-8.723758112997301306e-02	6.193418969972274563e-02	-6.307517019407821168e-02	5.992396897700549840e-02	-6.550874630175686220e-02	7.532775939571664803e-02	-7.090778141444205318e-02	4.990019426216423665e-02	-4.983149428836421146e-02	8.162351248362069434e-02	-8.184476775217243427e-02	6.080517756871373775e-02	-7.648609836023732844e-02
2.539838360758600033e-01	-3.769659408427302738e-01	1.000000000000000666e+00	-7.533621545380112527e-01	1.581308861934558330e-01	-1.557008172120846190e-01	2.221099193022871288e-01	-4.196960480567871743e-01	2.080384509291439421e-01	-1.345469418202635270e-01	1.484766514338217713e-01	-1.412238030592775917e-01	1.844092130448036493e-01	-1.119940874575639234e-01	6.609492175550847615e-02	-7.863398978189305166e-02	1.397340281517531757e-01	-1.000482724279589536e-01	7.237795930117583987e-02	-7.028139154877233175e-02	7.566326864157423004e-02	-8.825647868429827014e-02	7.667062033652419228e-02	-9.264896488712860700e-02	5.250030447985175319e-02	-6.659621640633124617e-02	7.567914542202280881e-02	-7.251702970647916358e-02	8.201535527244427359e-02	-6.835737564355705287e-02	6.481231286227584487e-02	-8.108455895253272039e-02	7.691200692870586719e-02	-5.569271590653087495e-02	5.727866035456457422e-02	-5.162124455193819322e-02	5.676080463231866768e-02	-6.665819609072930196e-02	6.385534108134513498e-02	-4.511950962334185244e-02	4.303000679985408139e-02	-7.070981266269744936e-02	7.291053242927489353e-02	-5.452528134092961276e-02	6.912832923130018958e-02
-3.243945436410594629e-01	2.620482651886041348e-01	-7.533621545380112527e-01	1.000000000000000888e+00	-2.402180287056041585e-01	1.738388822849993576e-01	-2.424449550764658234e-01	2.910760631982553526e-01	-2.877287203235157076e-01	1.727093784162251622e-01	-1.873884225141338178e-01	1.605844418863925649e-01	-2.348209384382716758e-01	1.359595956505175174e-01	-8.235374910243499491e-02	9.644801873164439432e-02	-1.750098020896120599e-01	1.217509979451708024e-01	-8.930754961684239657e-02	8.621334743627979968e-02	-9.523346842085075870e-02	1.080513065981484333e-01	-9.512539959800787870e-02	1.127098309883543953e-01	-6.454620151315054732e-02	8.214390770975825429e-02	-9.405642222539010999e-02	8.986507250303217564e-02	-1.036612710848867219e-01	8.340776504703009686e-02	-8.128964867671260863e-02	9.941649768147069188e-02	-9.639398558160607033e-02	6.993124944947512467e-02	-7.229707680594013586e-02	6.352704467208504513e-02	-7.017176819238947483e-02	8.309759623708759535e-02	-8.060071990277035969e-02	5.661779133536500724e-02	-5.326082930856152614e-02	8.675667804300928043e-02	-9.185024172704928103e-02	6.846234130255521300e-02	-8.771637591111600130e-02
1.638848366695888625e-01	-1.419012198064066310e-01	1.581308861934558330e-01	-2.402180287056041585e-01	1.000000000000001110e+00	-1.345649938877700458e-01	1.591114835554346962e-01	-2.439578525895471361e-01	3.096240485346154481e-01	-7.196305446985353793e-01	1.486749982666749348e-01	-1.395456466027942544e-01	2.212313908179107391e-01	-1.981753172263982232e-01	1.355791916019661869e-01	-9.624441509180825527e-02	1.553975022766850289e-01	-1.532101788072818271e-01	1.307369777836531188e-01	-1.433489635289358910e-01	9.451095541737067340e-02	-1.270443422097820574e-01	1.163890501025848234e-01	-1.724069236923856663e-01	9.979484186232460974e-02	-9.678445723984094307e-02	1.121570569203107770e-01	-1.143340001885165269e-01	1.381065714414672074e-01	-1.317656121473752828e-01	9.444282594513184192e-02	-1.282310077811360527e-01	1.228421283497869998e-01	-9.412740445320079419e-02	9.863136286963326838e-02	-8.225654523917742822e-02	9.060048526178450523e-02	-1.106397878646909333e-01	1.083200994525684163e-01	-7.768415065893417848e-02	6.831021445952316362e-02	-1.148585447417855288e-01	1.221357665925223157e-01	-9.440562485009390548e-02	1.211315554945598949e-01
-3.695807082259680576e-01	2.428987114490265831e-01	-1.557008172120846190e-01	1.738388822849993576e-01	-1.345649938877700458e-01	1.000000000000001332e+00	-4.635659783233723741e-01	2.171062885185384150e-01	-1.690114185296986982e-01	1.137491140122028621e-01	-6.868672388670725715e-01	2.379420058313279074e-01	-1.869736628533602285e-01	1.191208552108330571e-01	-7.064952013254922891e-02	1.763983749769731380e-01	-2.236166276597384983e-01	1.300333269468405273e-01	-8.070134077720227117e-02	7.648698832898923050e-02	-1.669762843516877648e-01	1.320086107128827235e-01	-1.035068432642516217e-01	1.046826727652023087e-01	-5.920112707447303807e-02	1.075524527704266597e-01	-1.108320924762115217e-01	9.813759280255400508e-02	-1.042270298802040196e-01	7.731854986760963722e-02	-1.044075979387914382e-01	1.129867569776485531e-01	-1.030046169300626036e-01	7.117059614105704368e-02	-7.175418745211363525e-02	7.269218724053218283e-02	-7.858986597171876975e-02	8.787258721150943697e-02	-8.143730674453693308e-02	5.690635110022768811e-02	-6.074013655986829074e-02	9.679323711796361529e-02	-9.527299086773563519e-02	6.973240238732743290e-02	-8.725054751071428805e-02
3.030574609734527636e-01	-4.661941235229173919e-01	2.221099193022871288e-01	-2.424449550764658234e-01	1.591114835554346962e-01	-4.635659783233723741e-01	1.000000000000001110e+00	-4.158302089289857562e-01	2.095153510295257870e-01	-1.425181631054374953e-01	2.769207324986125984e-01	-4.171483629022306183e-01	2.249888903020215714e-01	-1.452535758498929297e-01	8.452525990631054587e-02	-1.389550631963856475e-01	2.548499295848499768e-01	-1.503223939884472671e-01	9.587885697492205817e-02	-9.187936508249354428e-02	1.249354303368507696e-01	-1.433427973707173120e-01	1.144313559519046924e-01	-1.248976117714265394e-01	7.012766610652194921e-02	-1.056976751407709553e-01	1.171682049139275983e-01	-1.084539745655928034e-01	1.153667681423504454e-01	-9.196508790039695236e-02	9.960258696840615378e-02	-1.247281886975509929e-01	1.124972373715640711e-01	-7.914678603192945583e-02	7.997608604557765455e-02	-7.869439582151854795e-02	8.571834105571850271e-02	-9.727375416214263659e-02	9.016446028672076007e-02	-6.362347957693854916e-02	6.505764930158633441e-02	-1.073798753585788190e-01	1.045295306930181245e-01	-7.759237566220092419e-02	9.657281299783057604e-02
-2.832399506683230817e-01	2.517295715510619591e-01	-4.196960480567871743e-01	2.910760631982553526e-01	-2.439578525895471361e-01	2.171062885185384150e-01	-4.158302089289857562e-01	1.000000000000001110e+00	-4.751810587360856819e-01	2.145080355088958002e-01	-2.314585924108254478e-01	2.177227104629882448e-01	-4.082118624511141824e-01	1.924982903323163574e-01	-1.120462029223691924e-01	1.201469133542162337e-01	-2.284412916154401896e-01	1.616524372778407881e-01	-1.219037424740758713e-01	1.166329418744481289e-01	-1.179935294292685649e-01	1.382150278798586485e-01	-1.239667057015172852e-01	1.518470168778274232e-01	-8.619151711597211607e-02	1.028175479283971738e-01	-1.194539907219190206e-01	1.148906993929328102e-01	-1.312857063076964814e-01	1.111122051694994894e-01	-1.011849393185986490e-01	1.258972288595044675e-01	-1.222675334532802444e-01	8.868201151977306296e-02	-9.155483765535614438e-02	8.001305417222510930e-02	-8.856410408995327166e-02	1.049561924797160206e-01	-1.016564864143320590e-01	7.183146976602880485e-02	-6.697145517675501258e-02	1.095325451547181639e-01	-1.152369722128100404e-01	8.592114644672917134e-02	-1.093621613746756649e-01
1.969879676992007389e-01	-1.817850250717810145e-01	2.080384509291439421e-01	-2.877287203235157076e-01	3.096240485346154481e-01	-1.690114185296986982e-01	2.095153510295257870e-01	-4.751810587360856819e-01	1.000000000000001554e+00	-5.532712181750073510e-01	1.748154333292231688e-01	-1.721682221182545547e-01	2.683529200010361104e-01	-2.568427316864188015e-01	1.472421550806537471e-01	-1.090144929486033393e-01	1.799102504254045110e-01	-1.692807429003044817e-01	1.501074084655582563e-01	-1.546449160504724252e-01	1.056876820476562312e-01	-1.392268869842243906e-01	1.272678600418013228e-01	-1.922080474626864655e-01	1.083046513928446614e-01	-1.046714258256083302e-01	1.212036288648151577e-01	-1.223331465579825528e-01	1.443822949312286996e-01	-1.414623987024112572e-01	1.015063256615127696e-01	-1.360022505741431131e-01	1.300136692898438140e-01	-9.836172294363132451e-02	1.025117844080159074e-01	-8.670855785345019107e-02	9.553915815868206651e-02	-1.153914198104644545e-01	1.123156772051691621e-01	-8.082978422097432392e-02	7.197564414009346989e-02	-1.205430748401001700e-01	1.260392185627102479e-01	-9.645009758847325476e-02	1.222195438028476494e-01
-1.449127687006183940e-01	1.192025802214569524e-01	-1.345469418202635270e-01	1.727093784162251622e-01	-7.196305446985353793e-01	1.137491140122028621e-01	-1.425181631054374953e-01	2.145080355088958002e-01	-5.532712181750073510e-01	1.000000000000001332e+00	-1.296905521230644343e-01	1.183576516620583607e-01	-2.037378189287069041e-01	1.677770975348621130e-01	-1.422423886994546305e-01	7.842398632460263752e-02	-1.344275696656380692e-01	1.203550295751089350e-01	-1.119381677260586766e-01	1.252322480252692494e-01	-7.806820852095411323e-02	1.001510132130407210e-01	-9.328374551239441981e-02	1.343336829700711998e-01	-8.166168351945449211e-02	7.574232447757520137e-02	-8.901469919198391756e-02	8.981966812623688734e-02	-1.107821530626684758e-01	1.023232664085729354e-01	-7.507581978842173265e-02	9.795823205296216862e-02	-9.740720001332682509e-02	7.436927145274284390e-02	-7.858136262027799745e-02	6.272622572911649985e-02	-6.975575884436968632e-02	8.582944266457540050e-02	-8.589718507928024993e-02	6.109572726289957956e-02	-5.254961377543881929e-02	8.692518488605741056e-02	-9.572643968399741077e-02	7.275401836758718654e-02	-9.432339871995557012e-02
2.380622576723482042e-01	-2.120079437574534653e-01	1.484766514338217713e-01	-1.873884225141338178e-01	1.486749982666749348e-01	-6.868672388670725715e-01	2.769207324986125984e-01	-2.314585924108254478e-01	1.748154333292231688e-01	-1.296905521230644343e-01	1.000000000000001776e+00	-3.194697277332064766e-01	2.024818155890175941e-01	-1.437487384079050579e-01	8.473447271524228719e-02	-3.207259461749633611e-01	2.383001082256090419e-01	-1.674033619470779444e-01	9.827700242686081278e-02	-9.339840760431918076e-02	2.112194926843960763e-01	-1.745745180406081953e-01	1.298347524192511038e-01	-1.298630176195394725e-01	7.290908426335152015e-02	-1.464891886341669058e-01	1.405231047393967481e-01	-1.254297861193863217e-01	1.284560937836926320e-01	-9.603991914802272045e-02	1.317672823475251886e-01	-1.496604770759793201e-01	1.289935788064153210e-01	-8.877886924656469558e-02	8.859934625488097293e-02	-9.574074482444076828e-02	1.020855967124680297e-01	-1.119021167322388488e-01	1.010222743147527191e-01	-7.093804850250509664e-02	7.880894679405153758e-02	-1.280952471941159132e-01	1.192146726334529366e-01	-8.767029608599097301e-02	1.079371246574627186e-01
-2.199897478404877482e-01	1.943879247214040373e-01	-1.412238030592775917e-01	1.605844418863925649e-01	-1.395456466027942544e-01	2.379420058313279074e-01	-4.171483629022306183e-01	2.177227104629882448e-01	-1.721682221182545547e-01	1.183576516620583607e-01	-3.194697277332064766e-01	1.000000000000002220e+00	-2.666143490257533721e-01	1.438033508785761527e-01	-8.326888929877897250e-02	1.548745937198885425e-01	-7.220644333870900322e-01	1.656886171302276445e-01	-9.656812710805864897e-02	8.999437257498174580e-02	-1.446811137212566378e-01	1.759934956583986965e-01	-1.333141651161758867e-01	1.236481573776861131e-01	-6.945323955300983232e-02	1.131461425808776428e-01	-1.419979829558884743e-01	1.194760582303436708e-01	-1.222546048559677717e-01	9.027923437389852312e-02	-1.088919872435279990e-01	1.321311377525047348e-01	-1.235221609985365648e-01	8.321157566843967457e-02	-8.322103170962390217e-02	8.175497765963890551e-02	-9.112213138231674281e-02	1.020562297331147616e-01	-9.453690810368250985e-02	6.601803546665400979e-02	-6.838932195670663350e-02	1.104675718766411907e-01	-1.098932106255044727e-01	7.982863242219248590e-02	-9.936250928070597399e-02
2.032668953819645741e-01	-1.820363517689339850e-01	1.844092130448036493e-01	-2.348209384382716758e-01	2.212313908179107391e-01	-1.869736628533602285e-01	2.249888903020215714e-01	-4.082118624511141824e-01	2.683529200010361104e-01	-2.037378189287069041e-01	2.024818155890175941e-01	-2.666143490257533721e-01	1.000000000000001554e+00	-4.756738399200210465e-01	2.069439582381925880e-01	-1.367257219314467198e-01	2.368645229612310887e-01	-3.062756066081180895e-01	2.362318537785268735e-01	-2.293351791375074777e-01	1.324766234309592283e-01	-1.949775749973696459e-01	1.960007136062699995e-01	-3.045507906403597809e-01	1.619484271344992510e-01	-1.350184501580584395e-01	1.652135737260585768e-01	-1.730654253674543119e-01	1.919869015860058981e-01	-2.133099639727188135e-01	1.300922573325623555e-01	-1.805757699701747432e-01	1.769398885061665150e-01	-1.314366019414653364e-01	1.354881040483685573e-01	-1.125614537407690768e-01	1.254785011274887341e-01	-1.519431201172788126e-01	1.467175660748634980e-01	-1.076447236531545698e-01	9.335707073712554149e-02	-1.569120182253347928e-01	1.617524949234067089e-01	-1.222353429823996168e-01	1.511964048046554043e-01
-1.423378365401835877e-01	1.134496530111974572e-01	-1.119940874575639234e-01	1.359595956505175174e-01	-1.981753172263982232e-01	1.191208552108330571e-01	-1.452535758498929297e-01	1.924982903323163574e-01	-2.568427316864188015e-01	1.677770975348621130e-01	-1.437487384079050579e-01	1.438033508785761527e-01	-4.756738399200210465e-01	1.000000000000000666e+00	-4.701816461539037872e-01	9.375647984529612844e-02	-1.676868245931129875e-01	1.881170731013890596e-01	-4.881275181913165007e-01	2.939127833296268366e-01	-9.532073440669443232e-02	1.342542363809984263e-01	-1.488208150589193368e-01	2.884546280618404124e-01	-1.803554906742697861e-01	9.561172763179882905e-02	-1.225489089355201178e-01	1.303432964265825167e-01	-1.780968439376603152e-01	1.852195479557878777e-01	-9.653776283744038011e-02	1.280086243569978910e-01	-1.429563492364956667e-01	1.143789352343936860e-01	-1.247529418038782201e-01	8.077014329257004022e-02	-9.281402000365431004e-02	1.205309093511164192e-01	-1.306139829446817113e-01	9.369283638257364100e-02	-6.854032985259558841e-02	1.121404799543855024e-01	-1.346266460831647971e-01	1.009664978320012896e-01	-1.308690633459839714e-01
8.381797221732679992e-02	-6.717810502752805113e-02	6.609492175550847615e-02	-8.235374910243499491e-02	1.355791916019661869e-01	-7.064952013254922891e-02	8.452525990631054587e-02	-1.120462029223691924e-01	1.472421550806537471e-01	-1.422423886994546305e-01	8.473447271524228719e-02	-8.326888929877897250e-02	2.069439582381925880e-01	-4.701816461539037872e-01	1.000000000000005551e+00	-5.700126416498967757e-02	9.756757321214812317e-02	-1.223431234982870208e-01	2.650965827236691497e-01	-7.680943982661193603e-01	5.778102981212568379e-02	-8.417596780274384793e-02	9.344399992065412219e-02	-2.483016605857878700e-01	1.884598132913569701e-01	-5.936666326367156382e-02	7.616327105392230179e-02	-8.281009099906661008e-02	1.116378935932559602e-01	-2.100510308479804078e-01	5.948153291272149229e-02	-8.085013344518850176e-02	8.909897479429212952e-02	-7.445563770923954716e-02	8.333479998834364411e-02	-5.082550744966422146e-02	5.830407123622472626e-02	-7.635053456155217744e-02	8.263651884351727595e-02	-6.388031253008476240e-02	4.292816804181474877e-02	-7.087467252350748703e-02	8.336525332140008737e-02	-6.340188508280815427e-02	8.021201871483321644e-02
-1.286105608680261081e-01	1.016683273551451522e-01	-7.863398978189305166e-02	9.644801873164439432e-02	-9.624441509180825527e-02	1.763983749769731380e-01	-1.389550631963856475e-01	1.201469133542162337e-01	-1.090144929486033393e-01	7.842398632460263752e-02	-3.207259461749633611e-01	1.548745937198885425e-01	-1.367257219314467198e-01	9.375647984529612844e-02	-5.700126416498967757e-02	9.999999999999964473e-01	-2.018926578835839591e-01	1.308217787373719687e-01	-6.809440550156922733e-02	6.214485030733703230e-02	-8.317837699785627370e-01	1.859388778164666467e-01	-1.219580684073062193e-01	8.829884124470803453e-02	-5.027245798263817178e-02	1.965508747371822462e-01	-1.580852881199438786e-01	1.127089469823768786e-01	-1.096124748209997141e-01	6.509601439182721716e-02	-1.973854266799409951e-01	1.312923691021314065e-01	-1.182329398892591615e-01	7.453370738741563195e-02	-7.313732087601521048e-02	8.997461287662127105e-02	-9.355326423489793153e-02	9.519675885743011934e-02	-8.530929647807515559e-02	5.809212704109741748e-02	-7.746839563555316110e-02	1.076911940642757137e-01	-1.038525327908306761e-01	7.170384181101750742e-02	-8.922057456023574362e-02
1.933065095514220622e-01	-1.849883955091825294e-01	1.397340281517531757e-01	-1.750098020896120599e-01	1.553975022766850289e-01	-2.236166276597384983e-01	2.548499295848499768e-01	-2.284412916154401896e-01	1.799102504254045110e-01	-1.344275696656380692e-01	2.383001082256090419e-01	-7.220644333870900322e-01	2.368645229612310887e-01	-1.676868245931129875e-01	9.756757321214812317e-02	-2.018926578835839591e-01	1.000000000000002887e+00	-2.356008610890556465e-01	1.160754845707379218e-01	-1.080737563285313618e-01	1.685874520483346961e-01	-2.843810189423527923e-01	1.758993102908205652e-01	-1.521089275116611350e-01	8.455085854134400392e-02	-1.486316751705344386e-01	1.869787504176995685e-01	-1.597938207394617727e-01	1.514996843930963288e-01	-1.109166796287255063e-01	1.359851870906373383e-01	-1.814672533718401648e-01	1.577480673073455575e-01	-1.048046956792447748e-01	1.029498714823952055e-01	-1.088582123630233572e-01	1.206434260717812873e-01	-1.319176772499912331e-01	1.178597905334726470e-01	-8.271276806714260299e-02	8.966400593874639113e-02	-1.487368914963253241e-01	1.385201116569608759e-01	-1.008240032509161721e-01	1.229674517692410651e-01
-1.453319856050840353e-01	1.128374640075903296e-01	-1.000482724279589536e-01	1.217509979451708024e-01	-1.532101788072818271e-01	1.300333269468405273e-01	-1.503223939884472671e-01	1.616524372778407881e-01	-1.692807429003044817e-01	1.203550295751089350e-01	-1.674033619470779444e-01	1.656886171302276445e-01	-3.062756066081180895e-01	1.881170731013890596e-01	-1.223431234982870208e-01	1.308217787373719687e-01	-2.356008610890556465e-01	1.000000000000000888e+00	-1.931303203633650822e-01	1.296967338240865020e-01	-1.420782347627983222e-01	2.610391747925395189e-01	-7.073485348237184001e-01	1.927163968153258744e-01	-1.059261620197931991e-01	1.427641379704368552e-01	-2.432091736368711399e-01	2.651731487063475057e-01	-2.377195239363691925e-01	1.271543768564002419e-01	-1.466503704558090593e-01	1.956034698498734792e-01	-2.809404240458988067e-01	1.529836846177483611e-01	-1.458119252328492210e-01	1.154731459016267864e-01	-1.408889498393944006e-01	1.752789965699098063e-01	-1.689225269701136734e-01	1.137103090239388881e-01	-9.980121726477700350e-02	1.578656767191958799e-01	-1.886334992073542827e-01	1.297168940517522406e-01	-1.610577637756054337e-01
9.490086032956662754e-02	-7.528431221384736249e-02	7.237795930117583987e-02	-8.930754961684239657e-02	1.307369777836531188e-01	-8.070134077720227117e-02	9.587885697492205817e-02	-1.219037424740758713e-01	1.501074084655582563e-01	-1.119381677260586766e-01	9.827700242686081278e-02	-9.656812710805864897e-02	2.362318537785268735e-01	-4.881275181913165007e-01	2.650965827236691497e-01	-6.809440550156922733e-02	1.160754845707379218e-01	-1.931303203633650822e-01	9.999999999999948930e-01	-3.839815129013150474e-01	6.967197285168212628e-02	-1.071249775167088525e-01	1.357264668850040046e-01	-6.691877657246542155e-01	2.091913718482317219e-01	-7.205326211959431348e-02	9.667071326150127042e-02	-1.081727861738190494e-01	1.455588549633566875e-01	-2.174846906735311280e-01	7.238776053156309453e-02	-9.914091806733019152e-02	1.138452903752781437e-01	-9.495402647308921751e-02	1.000450600702110504e-01	-6.162826537531398974e-02	7.146313945425816772e-02	-9.417448614690415720e-02	1.017388923423665492e-01	-7.673282787760318802e-02	5.219695049729712599e-02	-8.588810243370087472e-02	1.018379961623527008e-01	-7.689604481784165224e-02	9.647892423603215972e-02
-9.179948036480974072e-02	7.222144165022145734e-02	-7.028139154877233175e-02	8.621334743627979968e-02	-1.433489635289358910e-01	7.648698832898923050e-02	-9.187936508249354428e-02	1.166329418744481289e-01	-1.546449160504724252e-01	1.252322480252692494e-01	-9.339840760431918076e-02	8.999437257498174580e-02	-2.293351791375074777e-01	2.939127833296268366e-01	-7.680943982661193603e-01	6.214485030733703230e-02	-1.080737563285313618e-01	1.296967338240865020e-01	-3.839815129013150474e-01	1.000000000000001998e+00	-6.351280348900786854e-02	9.122405068850658605e-02	-1.033143301357236921e-01	2.491706396991271444e-01	-2.683827423887537589e-01	6.473252446843594243e-02	-8.379926648839859660e-02	9.082127402642894975e-02	-1.276298669136761987e-01	2.086583759154211903e-01	-6.550365699234886319e-02	8.781128803606746969e-02	-9.950353876946567422e-02	8.314527930221524143e-02	-9.454984359090079504e-02	5.535246770331684468e-02	-6.390740467703563688e-02	8.452048789354207892e-02	-9.371847129401993104e-02	7.065688076018133978e-02	-4.700380902446218284e-02	7.704549583183575856e-02	-9.367050651930844407e-02	7.076263080557781970e-02	-9.088500301382403113e-02
1.159077834970242415e-01	-9.601513603232836314e-02	7.566326864157423004e-02	-9.523346842085075870e-02	9.451095541737067340e-02	-1.669762843516877648e-01	1.249354303368507696e-01	-1.179935294292685649e-01	1.056876820476562312e-01	-7.806820852095411323e-02	2.112194926843960763e-01	-1.446811137212566378e-01	1.324766234309592283e-01	-9.532073440669443232e-02	5.778102981212568379e-02	-8.317837699785627370e-01	1.685874520483346961e-01	-1.420782347627983222e-01	6.967197285168212628e-02	-6.351280348900786854e-02	9.999999999999997780e-01	-2.488790904254377656e-01	1.287440320351086742e-01	-9.104368617749675208e-02	5.143679571869368833e-02	-2.833324709574922551e-01	1.705800235184346259e-01	-1.213144319831120505e-01	1.105047753965495982e-01	-6.686152346170831651e-02	1.962798432717863528e-01	-1.452704987976647932e-01	1.216656392261523945e-01	-7.615084014846269789e-02	7.370135020834646389e-02	-9.658252689806336166e-02	9.936231498558094344e-02	-9.914252754707675308e-02	8.629143596508420666e-02	-5.914472991188479689e-02	8.070816395920227260e-02	-1.164776400815360491e-01	1.054648208975464269e-01	-7.313325587666508198e-02	8.938512354018089690e-02
-1.344356543484319932e-01	1.055032522282051272e-01	-8.825647868429827014e-02	1.080513065981484333e-01	-1.270443422097820574e-01	1.320086107128827235e-01	-1.433427973707173120e-01	1.382150278798586485e-01	-1.392268869842243906e-01	1.001510132130407210e-01	-1.745745180406081953e-01	1.759934956583986965e-01	-1.949775749973696459e-01	1.342542363809984263e-01	-8.417596780274384793e-02	1.859388778164666467e-01	-2.843810189423527923e-01	2.610391747925395189e-01	-1.071249775167088525e-01	9.122405068850658605e-02	-2.488790904254377656e-01	9.999999999999985567e-01	-4.008255513894313227e-01	1.353034507771099793e-01	-7.659119125334711009e-02	1.929267327141566402e-01	-6.600626267928136892e-01	2.578846970958462714e-01	-1.998499694411574323e-01	9.687341805402842343e-02	-1.910119041616235580e-01	2.462987083269524979e-01	-2.469771550736340193e-01	1.329797875040162614e-01	-1.240104422396342415e-01	1.291424384488328303e-01	-1.690304482877783288e-01	1.660927002966411103e-01	-1.476042456665385971e-01	9.858730967845108495e-02	-1.127407803228504535e-01	1.699927638766813853e-01	-1.766819714511522754e-01	1.172026544149674249e-01	-1.437361617505439892e-01
1.100135357143576936e-01	-8.737749291824306597e-02	7.667062033652419228e-02	-9.512539959800787870e-02	1.163890501025848234e-01	-1.035068432642516217e-01	1.144313559519046924e-01	-1.239667057015172852e-01	1.272678600418013228e-01	-9.328374551239441981e-02	1.298347524192511038e-01	-1.333141651161758867e-01	1.960007136062699995e-01	-1.488208150589193368e-01	9.344399992065412219e-02	-1.219580684073062193e-01	1.758993102908205652e-01	-7.073485348237184001e-01	1.357264668850040046e-01	-1.033143301357236921e-01	1.287440320351086742e-01	-4.008255513894313227e-01	9.999999999999968914e-01	-1.709842970127306294e-01	8.624526930000603331e-02	-1.356664954546346058e-01	2.493364227764179042e-01	-4.038079046913048420e-01	1.932434370870818041e-01	-1.062996241618125032e-01	1.302453692403021390e-01	-1.968530567265842635e-01	2.467474636593463833e-01	-1.324744505912244241e-01	1.163386912677427804e-01	-1.071361852332696207e-01	1.305729110259300496e-01	-1.583728834749321968e-01	1.370766976835469664e-01	-9.460209268623796797e-02	9.046788151616359797e-02	-1.479341005731471259e-01	1.555644833792418635e-01	-1.079245598930906602e-01	1.271906246180477540e-01
-1.252326767281523590e-01	9.725785409214632304e-02	-9.264896488712860700e-02	1.127098309883543953e-01	-1.724069236923856663e-01	1.046826727652023087e-01	-1.248976117714265394e-01	1.518470168778274232e-01	-1.922080474626864655e-01	1.343336829700711998e-01	-1.298630176195394725e-01	1.236481573776861131e-01	-3.045507906403597809e-01	2.884546280618404124e-01	-2.483016605857878700e-01	8.829884124470803453e-02	-1.521089275116611350e-01	1.927163968153258744e-01	-6.691877657246542155e-01	2.491706396991271444e-01	-9.104368617749675208e-02	1.353034507771099793e-01	-1.709842970127306294e-01	9.999999999999970024e-01	-3.585703230809462183e-01	9.370421180922627880e-02	-1.255655103761158242e-01	1.403922821833459844e-01	-2.230357953258179649e-01	2.506519191475207187e-01	-9.526803903840097565e-02	1.286909176039157943e-01	-1.521873566129533228e-01	1.330689328399299043e-01	-1.416447172218669170e-01	8.061499906260308213e-02	-9.409343550615305307e-02	1.266473217616672087e-01	-1.439652396566140080e-01	1.051303276093147610e-01	-6.867792999628200001e-02	1.123005999568107982e-01	-1.393400767885233094e-01	1.050624325973799761e-01	-1.340525707905881880e-01
7.042212414920655250e-02	-5.502912549502657347e-02	5.250030447985175319e-02	-6.454620151315054732e-02	9.979484186232460974e-02	-5.920112707447303807e-02	7.012766610652194921e-02	-8.619151711597211607e-02	1.083046513928446614e-01	-8.166168351945449211e-02	7.290908426335152015e-02	-6.945323955300983232e-02	1.619484271344992510e-01	-1.803554906742697861e-01	1.884598132913569701e-01	-5.027245798263817178e-02	8.455085854134400392e-02	-1.059261620197931991e-01	2.091913718482317219e-01	-2.683827423887537589e-01	5.143679571869368833e-02	-7.659119125334711009e-02	8.624526930000603331e-02	-3.585703230809462183e-01	9.999999999999997780e-01	-5.412413092515006019e-02	7.060678226875538588e-02	-7.954826965765755820e-02	1.177089429214939059e-01	-8.359723566411768614e-01	5.458514502011695829e-02	-7.567521089302321757e-02	8.628738589277898385e-02	-8.372126448352273931e-02	1.109585589215607293e-01	-4.758307230789746850e-02	5.528245653708666746e-02	-7.647386099298757178e-02	8.982782531635598311e-02	-8.459199268359739177e-02	4.029762717571597208e-02	-6.673439378416680390e-02	8.164553179104028224e-02	-6.348031860660310888e-02	7.824231587487937012e-02
-1.035994643893644734e-01	7.991239954020908087e-02	-6.659621640633124617e-02	8.214390770975825429e-02	-9.678445723984094307e-02	1.075524527704266597e-01	-1.056976751407709553e-01	1.028175479283971738e-01	-1.046714258256083302e-01	7.574232447757520137e-02	-1.464891886341669058e-01	1.131461425808776428e-01	-1.350184501580584395e-01	9.561172763179882905e-02	-5.936666326367156382e-02	1.965508747371822462e-01	-1.486316751705344386e-01	1.427641379704368552e-01	-7.205326211959431348e-02	6.473252446843594243e-02	-2.833324709574922551e-01	1.929267327141566402e-01	-1.356664954546346058e-01	9.370421180922627880e-02	-5.412413092515006019e-02	1.000000000000000444e+00	-2.550616401804930433e-01	1.456124861070896281e-01	-1.379505610425863504e-01	6.976533383567712354e-02	-8.210574908283279072e-01	1.993694075769952834e-01	-1.582670686764519885e-01	9.469875994971903299e-02	-9.164700174037786196e-02	1.768774218385372743e-01	-1.522226654298491078e-01	1.297587684306227007e-01	-1.097869408096049521e-01	7.323560866180561790e-02	-1.556616942015672522e-01	1.647125618025841731e-01	-1.433453842084357333e-01	9.265878882533629124e-02	-1.144875431169167235e-01
1.120960121840654938e-01	-8.904754714660580162e-02	7.567914542202280881e-02	-9.405642222539010999e-02	1.121570569203107770e-01	-1.108320924762115217e-01	1.171682049139275983e-01	-1.194539907219190206e-01	1.212036288648151577e-01	-8.901469919198391756e-02	1.405231047393967481e-01	-1.419979829558884743e-01	1.652135737260585768e-01	-1.225489089355201178e-01	7.616327105392230179e-02	-1.580852881199438786e-01	1.869787504176995685e-01	-2.432091736368711399e-01	9.667071326150127042e-02	-8.379926648839859660e-02	1.705800235184346259e-01	-6.600626267928136892e-01	2.493364227764179042e-01	-1.255655103761158242e-01	7.060678226875538588e-02	-2.550616401804930433e-01	1.000000000000001554e+00	-3.665110670211761401e-01	1.888958723656448124e-01	-9.061654767430615820e-02	2.027651266652551465e-01	-4.143247716948351145e-01	2.503818836488605482e-01	-1.324608821310938322e-01	1.168933055750278477e-01	-1.514706116698378568e-01	1.999743849807173735e-01	-1.781888364867461605e-01	1.418890404421138951e-01	-9.597492259504160350e-02	1.264455215142365196e-01	-2.044535520091940173e-01	1.750193300171550559e-01	-1.150003044534504693e-01	1.350027310602784358e-01
-1.063448858356665777e-01	8.286481253572297589e-02	-7.251702970647916358e-02	8.986507250303217564e-02	-1.143340001885165269e-01	9.813759280255400508e-02	-1.084539745655928034e-01	1.148906993929328102e-01	-1.223331465579825528e-01	8.981966812623688734e-02	-1.254297861193863217e-01	1.194760582303436708e-01	-1.730654253674543119e-01	1.303432964265825167e-01	-8.281009099906661008e-02	1.127089469823768786e-01	-1.597938207394617727e-01	2.651731487063475057e-01	-1.081727861738190494e-01	9.082127402642894975e-02	-1.213144319831120505e-01	2.578846970958462714e-01	-4.038079046913048420e-01	1.403922821833459844e-01	-7.954826965765755820e-02	1.456124861070896281e-01	-3.665110670211761401e-01	1.000000000000000444e+00	-3.385907236351152205e-01	1.009434342512496030e-01	-1.452715199580596195e-01	2.339030498142383452e-01	-6.499037974184476152e-01	2.000095102574344086e-01	-1.519578118135593015e-01	1.236628993795417519e-01	-1.621111248538363581e-01	2.227479282543717576e-01	-1.895684955478848521e-01	1.250257290556647527e-01	-1.061031773749660789e-01	1.723749177788961862e-01	-2.079635254595145200e-01	1.351250296943554419e-01	-1.520906194042230264e-01
1.150457049718562191e-01	-9.083533668324006438e-02	8.201535527244427359e-02	-1.036612710848867219e-01	1.381065714414672074e-01	-1.042270298802040196e-01	1.153667681423504454e-01	-1.312857063076964814e-01	1.443822949312286996e-01	-1.107821530626684758e-01	1.284560937836926320e-01	-1.222546048559677717e-01	1.919869015860058981e-01	-1.780968439376603152e-01	1.116378935932559602e-01	-1.096124748209997141e-01	1.514996843930963288e-01	-2.377195239363691925e-01	1.455588549633566875e-01	-1.276298669136761987e-01	1.105047753965495982e-01	-1.998499694411574323e-01	1.932434370870818041e-01	-2.230357953258179649e-01	1.177089429214939059e-01	-1.379505610425863504e-01	1.888958723656448124e-01	-3.385907236351152205e-01	9.999999999999967804e-01	-1.562201951252218668e-01	1.325798506708794344e-01	-2.235071302060481491e-01	2.637037899774408167e-01	-6.383916019079103332e-01	2.352975589627814279e-01	-1.348628265338250587e-01	1.583562781656145946e-01	-2.532653591039836782e-01	2.856768425857091342e-01	-2.242457714390755641e-01	1.109831035426893653e-01	-1.953477900986448357e-01	2.134917509097475352e-01	-1.897326731554126178e-01	1.830770123101505553e-01
-9.291041101267943914e-02	7.187120222001641690e-02	-6.835737564355705287e-02	8.340776504703009686e-02	-1.317656121473752828e-01	7.731854986760963722e-02	-9.196508790039695236e-02	1.111122051694994894e-01	-1.414623987024112572e-01	1.023232664085729354e-01	-9.603991914802272045e-02	9.027923437389852312e-02	-2.133099639727188135e-01	1.852195479557878777e-01	-2.100510308479804078e-01	6.509601439182721716e-02	-1.109166796287255063e-01	1.271543768564002419e-01	-2.174846906735311280e-01	2.086583759154211903e-01	-6.686152346170831651e-02	9.687341805402842343e-02	-1.062996241618125032e-01	2.506519191475207187e-01	-8.359723566411768614e-01	6.976533383567712354e-02	-9.061654767430615820e-02	1.009434342512496030e-01	-1.562201951252218668e-01	9.999999999999994449e-01	-7.092665105622734945e-02	9.688936992545654769e-02	-1.123346342205654574e-01	1.082559065859463182e-01	-1.623716446877135899e-01	6.126178458367269319e-02	-7.143935656801542189e-02	9.943728549480240764e-02	-1.210139157629673279e-01	1.090023206662029259e-01	-5.212095895665627698e-02	8.578482365622309980e-02	-1.083804876692799346e-01	8.353042823733791700e-02	-1.051307972848701533e-01
9.716849242765733530e-02	-7.698912728891550705e-02	6.481231286227584487e-02	-8.128964867671260863e-02	9.444282594513184192e-02	-1.044075979387914382e-01	9.960258696840615378e-02	-1.011849393185986490e-01	1.015063256615127696e-01	-7.507581978842173265e-02	1.317672823475251886e-01	-1.088919872435279990e-01	1.300922573325623555e-01	-9.653776283744038011e-02	5.948153291272149229e-02	-1.973854266799409951e-01	1.359851870906373383e-01	-1.466503704558090593e-01	7.238776053156309453e-02	-6.550365699234886319e-02	1.962798432717863528e-01	-1.910119041616235580e-01	1.302453692403021390e-01	-9.526803903840097565e-02	5.458514502011695829e-02	-8.210574908283279072e-01	2.027651266652551465e-01	-1.452715199580596195e-01	1.325798506708794344e-01	-7.092665105622734945e-02	1.000000000000004441e+00	-2.495704751085237316e-01	1.529612438022792398e-01	-9.377959942607839994e-02	8.954308404094830920e-02	-2.607239562640374375e-01	1.716983508717098705e-01	-1.370837092923773981e-01	1.081214319848795430e-01	-7.299402768699897459e-02	1.730921265219266258e-01	-2.029642006554081279e-01	1.434939028191216104e-01	-9.357756666890408581e-02	1.115902321091457594e-01
-1.242427512726481942e-01	9.424519194739310046e-02	-8.108455895253272039e-02	9.941649768147069188e-02	-1.282310077811360527e-01	1.129867569776485531e-01	-1.247281886975509929e-01	1.258972288595044675e-01	-1.360022505741431131e-01	9.795823205296216862e-02	-1.496604770759793201e-01	1.321311377525047348e-01	-1.805757699701747432e-01	1.280086243569978910e-01	-8.085013344518850176e-02	1.312923691021314065e-01	-1.814672533718401648e-01	1.956034698498734792e-01	-9.914091806733019152e-02	8.781128803606746969e-02	-1.452704987976647932e-01	2.462987083269524979e-01	-1.968530567265842635e-01	1.286909176039157943e-01	-7.567521089302321757e-02	1.993694075769952834e-01	-4.143247716948351145e-01	2.339030498142383452e-01	-2.235071302060481491e-01	9.688936992545654769e-02	-2.495704751085237316e-01	1.000000000000004219e+00	-3.219823947974545519e-01	1.566987256656317551e-01	-1.492197476148602875e-01	2.184284167179489922e-01	-5.857287337784732317e-01	2.412280445664037598e-01	-1.873261649514497695e-01	1.195837276171891062e-01	-2.069657403320020461e-01	2.881194114145799179e-01	-2.622551693517092275e-01	1.511937912719079624e-01	-1.856072267222402816e-01
1.108981325070926838e-01	-8.723758112997301306e-02	7.691200692870586719e-02	-9.639398558160607033e-02	1.228421283497869998e-01	-1.030046169300626036e-01	1.124972373715640711e-01	-1.222675334532802444e-01	1.300136692898438140e-01	-9.740720001332682509e-02	1.289935788064153210e-01	-1.235221609985365648e-01	1.769398885061665150e-01	-1.429563492364956667e-01	8.909897479429212952e-02	-1.182329398892591615e-01	1.577480673073455575e-01	-2.809404240458988067e-01	1.138452903752781437e-01	-9.950353876946567422e-02	1.216656392261523945e-01	-2.469771550736340193e-01	2.467474636593463833e-01	-1.521873566129533228e-01	8.628738589277898385e-02	-1.582670686764519885e-01	2.503818836488605482e-01	-6.499037974184476152e-01	2.637037899774408167e-01	-1.123346342205654574e-01	1.529612438022792398e-01	-3.219823947974545519e-01	1.000000000000000666e+00	-2.496038389528003332e-01	1.649170199487744182e-01	-1.557165062379500531e-01	2.022611949635878537e-01	-3.827374805669942481e-01	2.138604021099186625e-01	-1.466826184280077827e-01	1.290982686535094293e-01	-2.256129953740244887e-01	2.456780720158416309e-01	-1.637003838542651635e-01	1.700972769226075099e-01
-7.915849777317159053e-02	6.193418969972274563e-02	-5.569271590653087495e-02	6.993124944947512467e-02	-9.412740445320079419e-02	7.117059614105704368e-02	-7.914678603192945583e-02	8.868201151977306296e-02	-9.836172294363132451e-02	7.436927145274284390e-02	-8.877886924656469558e-02	8.321157566843967457e-02	-1.314366019414653364e-01	1.143789352343936860e-01	-7.445563770923954716e-02	7.453370738741563195e-02	-1.048046956792447748e-01	1.529836846177483611e-01	-9.495402647308921751e-02	8.314527930221524143e-02	-7.615084014846269789e-02	1.329797875040162614e-01	-1.324744505912244241e-01	1.330689328399299043e-01	-8.372126448352273931e-02	9.469875994971903299e-02	-1.324608821310938322e-01	2.000095102574344086e-01	-6.383916019079103332e-01	1.082559065859463182e-01	-9.377959942607839994e-02	1.566987256656317551e-01	-2.496038389528003332e-01	9.999999999999991118e-01	-3.679782993280561465e-01	9.558799348445475019e-02	-1.191429540812364574e-01	2.139200887640302362e-01	-5.291539357190158110e-01	2.596569225420438110e-01	-8.047996537975680986e-02	1.387955397354292408e-01	-1.879222552541618407e-01	1.588788914262372343e-01	-1.595918436990564349e-01
