1.000000000000000000e+00	-8.298060221272600678e-01	2.732217862654572338e-01	-5.032783345154506760e-02	4.757881506598533178e-02	-2.990724984887301319e-01	2.171858372818412097e-01	-1.918201090590043456e-01	6.693321048348092883e-02	-6.586474039927391055e-02	1.492852360917234777e-01	-1.252246290357940939e-01	1.386435441479821895e-01	-8.013901528874027569e-02	6.367100762367482181e-02	-1.820963029048406623e-01	1.264114276089032263e-01	-1.426288629986808554e-01	1.048622040794548044e-01	-8.766767550446842583e-02	8.968107507014336233e-02	-1.010563749123305349e-01	1.041779645567706691e-01	-8.524032013450079381e-02	6.934606839436789627e-02	-7.215649663075750231e-02	7.890615677634676972e-02	-8.892821922390078959e-02	8.651530438179171056e-02	-9.076425990915343300e-02	7.814931465286509282e-02	-7.589103706826938467e-02	7.722185071246756571e-02	-6.997112302342943513e-02	7.376513285138804055e-02	-8.063245802952749564e-02	6.275260327300676011e-02	-6.683255410102498240e-02	8.339992272416509034e-02	-5.564316151600177951e-02	6.582213514756056483e-02	-5.960823797572088745e-02	7.572936500655080838e-02	-5.757984722751834789e-02	6.477260070942301995e-02
-8.298060221272600678e-01	1.000000000000000000e+00	-4.108993923395851122e-01	4.676606456600144318e-02	-4.468809573668743040e-02	2.060110195875917705e-01	-2.425625047337371387e-01	1.818415270856355848e-01	-5.966463996071491582e-02	5.656521051604771616e-02	-1.217100317581731594e-01	1.137151195732036268e-01	-1.305741986377163821e-01	7.002356910119668376e-02	-5.507836413253116431e-02	1.388606849149453537e-01	-1.151797618519382477e-01	1.228672819823706935e-01	-8.963757596006335926e-02	7.325279583019045360e-02	-7.336251032880480860e-02	8.142823782719346704e-02	-8.932609724116115368e-02	7.196975486028343860e-02	-5.835548116854025191e-02	5.947072859674685380e-02	-6.556212096232935660e-02	7.456691777547491684e-02	-7.281381592214149212e-02	7.553630720384102437e-02	-6.480944648589466450e-02	6.262707942114964510e-02	-6.446160786975264900e-02	5.830197355130798537e-02	-6.155701056746847033e-02	6.574562476569562053e-02	-5.189569550552286525e-02	5.554138970233576250e-02	-6.955598727276805782e-02	4.630340575402972642e-02	-5.415514313410294683e-02	4.913394677002722033e-02	-6.300126518782549201e-02	4.781086648648205650e-02	-5.394259855679523624e-02
2.732217862654572338e-01	-4.108993923395851122e-01	1.000000000000000000e+00	-1.124801181428062569e-01	9.953800971086511351e-02	-3.064015647972161971e-01	2.904016650451018422e-01	-4.799644756954403735e-01	1.262058444003558710e-01	-1.240920133508900819e-01	1.830762421646471017e-01	-2.037207413058801653e-01	2.559565105302597510e-01	-1.520885415025963749e-01	1.176545905722079094e-01	-2.513217117855928717e-01	2.005590659905261419e-01	-2.637535166458695457e-01	1.834942973960940749e-01	-1.587496771337416901e-01	1.345475529162053485e-01	-1.544028428671984088e-01	1.821799377525744890e-01	-1.510028662832416102e-01	1.237467907275628526e-01	-1.215558475225807927e-01	1.330438351672793840e-01	-1.559134748930940118e-01	1.514273849946594641e-01	-1.618347300592070381e-01	1.320008957156199592e-01	-1.298124652294924686e-01	1.333258351862126323e-01	-1.218330009577774653e-01	1.279858263949484598e-01	-1.400623700955324069e-01	1.075773388255189811e-01	-1.158604524081659343e-01	1.440877928679738240e-01	-9.659980825341905886e-02	1.133153615587306484e-01	-1.026817365096667767e-01	1.304371272390803249e-01	-9.973750624420141264e-02	1.118402881654521619e-01
-5.032783345154506760e-02	4.676606456600144318e-02	-1.124801181428062569e-01	1.000000000000000000e+00	-9.239390259355391155e-01	5.787776408640985665e-02	-6.702197557616540458e-02	7.696892842538069490e-02	-2.314535162371002819e-01	1.891656524081061497e-01	-4.037170462846072228e-02	5.303261495000913261e-02	-7.884694074367171179e-02	1.686803493084741423e-01	-1.682475579183996539e-01	5.243328306280874151e-02	-5.720199764892390515e-02	7.649121981319963182e-02	-8.928587441737513564e-02	9.521994723304383346e-02	-3.531558346862072317e-02	3.922940251285331886e-02	-6.777103319087485200e-02	6.582505392534518385e-02	-7.292348285737067226e-02	3.951828604827389152e-02	-4.523381786503721108e-02	5.684134726902155543e-02	-6.519539793527079352e-02	7.141308820902766974e-02	-4.459777436930320582e-02	4.352469500121340651e-02	-4.962413804031665099e-02	4.716148153331559817e-02	-5.121814006262861985e-02	4.425812290279237254e-02	-3.687118121541033133e-02	4.224867186397669727e-02	-5.537495317157261482e-02	3.711739390299471225e-02	-3.768549135013685158e-02	3.479671717438924394e-02	-4.799170062208030219e-02	3.686614325053776120e-02	-4.250456049621016696e-02
4.757881506598533178e-02	-4.468809573668743040e-02	9.953800971086511351e-02	-9.239390259355391155e-01	1.000000000000000444e+00	-5.721671016080323580e-02	6.468805831352117397e-02	-7.551105307151428914e-02	1.864010046189401859e-01	-2.393314085874669872e-01	3.962514834525858454e-02	-5.228510342252044168e-02	7.666176188595265339e-02	-1.814945646950301972e-01	1.588532890424350086e-01	-5.206763340705532206e-02	5.560043972377110705e-02	-7.610862283615761614e-02	8.501232800122619782e-02	-9.768505462502717618e-02	3.464031796600653551e-02	-3.869411233628894387e-02	6.564352511944121504e-02	-6.453941388689728165e-02	7.069387867320511831e-02	-3.872880716558825542e-02	4.407717719327312877e-02	-5.571001487799998042e-02	6.313203022345266480e-02	-7.150551416051846576e-02	4.335424261597498746e-02	-4.257748955179063710e-02	4.801118894796536918e-02	-4.585359216443882918e-02	4.945148406048632123e-02	-4.357786207231618275e-02	3.586535988818567028e-02	-4.107585858941154022e-02	5.333977066890537022e-02	-3.598424483105006760e-02	3.671572831225086014e-02	-3.395978605641432335e-02	4.629539641572809339e-02	-3.574725274197794456e-02	4.094920438688008646e-02
-2.990724984887301319e-01	2.060110195875917705e-01	-3.064015647972161971e-01	5.787776408640985665e-02	-5.721671016080323580e-02	1.000000000000000222e+00	-5.162151633456869559e-01	2.350172883902252596e-01	-8.590571967042621992e-02	7.853190367071058442e-02	-5.704411945435953202e-01	1.957555580519958482e-01	-2.033712097866071100e-01	9.864691695638244662e-02	-7.901753785657482376e-02	2.968854285095774426e-01	-2.185852420147691433e-01	1.794304485663197057e-01	-1.400058273468936243e-01	1.045494356399081226e-01	-1.523773543210647785e-01	1.494007221879124214e-01	-1.407304347081126672e-01	1.085994104469066857e-01	-8.634547864858209409e-02	9.635792800450251883e-02	-1.073652115934418672e-01	1.141254647042820730e-01	-1.120077809843438438e-01	1.103672889194589335e-01	-1.058326594697932832e-01	9.823148835748234109e-02	-1.009207255528746100e-01	8.942214406171762608e-02	-9.529635708360163771e-02	9.754023522776782140e-02	-8.139906412911648848e-02	8.564550109778157339e-02	-1.085339148640693391e-01	7.131008541538794154e-02	-8.344465187923158500e-02	7.575135557198167668e-02	-9.863867727619929360e-02	7.372233503526923193e-02	-8.410814405973396357e-02
2.171858372818412097e-01	-2.425625047337371387e-01	2.904016650451018422e-01	-6.702197557616540458e-02	6.468805831352117397e-02	-5.162151633456869559e-01	1.000000000000000444e+00	-5.056948641111171927e-01	1.059959541919198861e-01	-9.563743224821477651e-02	2.332270411098373575e-01	-3.594730224884044034e-01	2.730554499473339392e-01	-1.272953778994069252e-01	9.360565878998534928e-02	-2.869914168251664344e-01	2.526792076215970684e-01	-2.461708041570097316e-01	1.550455148736617217e-01	-1.243815500755384440e-01	1.423247582212617268e-01	-1.634388247779391401e-01	1.599538995529170560e-01	-1.258444660995241549e-01	9.949444141294719324e-02	-1.052040367923881559e-01	1.156133862787061262e-01	-1.315002305511976666e-01	1.253185741748289173e-01	-1.287502920824606933e-01	1.113251434496159015e-01	-1.079430689128817317e-01	1.086861515496679031e-01	-9.815351662772883734e-02	1.025219552686860019e-01	-1.093087918090917127e-01	8.744920952904802758e-02	-9.355714944066442773e-02	1.154217196605899776e-01	-7.712962187819059900e-02	8.977195061936495135e-02	-8.265833656481352820e-02	1.044222266392544340e-01	-7.957406557241582246e-02	8.914860853645291405e-02
-1.918201090590043456e-01	1.818415270856355848e-01	-4.799644756954403735e-01	7.696892842538069490e-02	-7.551105307151428914e-02	2.350172883902252596e-01	-5.056948641111171927e-01	9.999999999999998890e-01	-1.399771287529815167e-01	1.042665214830137410e-01	-1.547459992681230745e-01	2.415204841950953085e-01	-5.529620057015258716e-01	1.514969083761220359e-01	-1.045384622157874838e-01	1.814838712724562986e-01	-2.355112203273023175e-01	2.529845520370175294e-01	-1.650861170456525417e-01	1.240796511688606885e-01	-1.108769434399165948e-01	1.226968316389733110e-01	-1.724612422575527715e-01	1.277643405184777647e-01	-1.009096564286734027e-01	9.524100104319994931e-02	-1.077340914736820560e-01	1.291946784520834057e-01	-1.261535186271184050e-01	1.259755898593318268e-01	-1.039784135011487809e-01	1.002761013040867760e-01	-1.065119737864147209e-01	9.595552513847330212e-02	-1.009326210770156163e-01	1.008682339494963304e-01	-8.270735825480865500e-02	9.049976117571913170e-02	-1.133598749076209916e-01	7.527751319128124508e-02	-8.445271800720752231e-02	7.774396031468130963e-02	-1.016328958907401769e-01	7.710945947359919284e-02	-8.725469672699162627e-02
6.693321048348092883e-02	-5.966463996071491582e-02	1.262058444003558710e-01	-2.314535162371002819e-01	1.864010046189401859e-01	-8.590571967042621992e-02	1.059959541919198861e-01	-1.399771287529815167e-01	1.000000000000000444e+00	-4.080725277822276342e-01	6.041715389899435934e-02	-9.399963663481396281e-02	1.548816530325901886e-01	-7.966978887897172568e-01	2.588077864189439192e-01	-7.821647132872419639e-02	9.435718566153275533e-02	-1.335303480165729861e-01	1.389916560925754663e-01	-1.530061446146099846e-01	5.349117024249700619e-02	-5.981934334831501970e-02	1.053480918063351285e-01	-1.043427596280168124e-01	1.095647778360768765e-01	-5.929161587936884747e-02	6.767173964412974418e-02	-8.739719083574967740e-02	9.787550220800986245e-02	-1.102085020018137018e-01	6.560763204990101294e-02	-6.468477903171063192e-02	7.279840371675350141e-02	-6.964606612818276254e-02	7.455789876710176844e-02	-6.503858597113980344e-02	5.393901913579542823e-02	-6.218770302776858994e-02	8.009483323240548791e-02	-5.419900129072201950e-02	5.469788624160562551e-02	-5.104465384835198127e-02	6.930458717036561134e-02	-5.371523481782405907e-02	6.128611581129408264e-02
-6.586474039927391055e-02	5.656521051604771616e-02	-1.240920133508900819e-01	1.891656524081061497e-01	-2.393314085874669872e-01	7.853190367071058442e-02	-9.563743224821477651e-02	1.042665214830137410e-01	-4.080725277822276342e-01	1.000000000000000666e+00	-5.739406497898352083e-02	7.864506377826578631e-02	-1.205069405705240237e-01	2.738457304603525433e-01	-7.569592060732830419e-01	7.357177701866318698e-02	-8.729353420350306758e-02	1.204919136519402301e-01	-1.727468356020288309e-01	2.192327149473844439e-01	-5.402845647752052560e-02	5.944968798122155645e-02	-1.186643838744331769e-01	1.235837646160228703e-01	-1.694360616983800194e-01	6.575290272268749514e-02	-7.670654136435088588e-02	9.931031779286064731e-02	-1.232669839583129534e-01	1.357630115543346228e-01	-7.480848651710456099e-02	7.301219433949018844e-02	-8.668217618618954956e-02	8.393566178229748542e-02	-9.284531981394615607e-02	7.214440609270313109e-02	-6.208287033208951394e-02	7.309222400322284985e-02	-9.785844364738753576e-02	6.571919847322309216e-02	-6.242219290409575794e-02	5.836262485598072564e-02	-8.301577565097939537e-02	6.404836414940094647e-02	-7.470752068213526442e-02
1.492852360917234777e-01	-1.217100317581731594e-01	1.830762421646471017e-01	-4.037170462846072228e-02	3.962514834525858454e-02	-5.704411945435953202e-01	2.332270411098373575e-01	-1.547459992681230745e-01	6.041715389899435934e-02	-5.739406497898352083e-02	9.999999999999996669e-01	-1.559871203607715584e-01	1.378122442740901954e-01	-7.090599335615366261e-02	5.729681320719666460e-02	-6.973295640044677723e-01	1.653638261946681898e-01	-1.350486312797370692e-01	1.024312275032143865e-01	-7.889197763999084012e-02	1.788975994169462458e-01	-1.882869560917867224e-01	1.050249445358504702e-01	-8.183359780526346106e-02	6.482532801487250751e-02	-8.728078160255131612e-02	9.330690535263101715e-02	-8.992278640566664372e-02	8.531781283111543324e-02	-8.436812996106216045e-02	8.810029997826694659e-02	-8.247970916130895058e-02	7.743189503398767437e-02	-6.821592763320308284e-02	7.167764888924293976e-02	-7.893905825307093171e-02	6.505820945867792082e-02	-6.621435771602282583e-02	8.157639452840810546e-02	-5.399491487440997994e-02	6.573043449910336011e-02	-6.071883513714856212e-02	7.479998646935159812e-02	-5.624806824465792415e-02	6.317022536258162790e-02
-1.252246290357940939e-01	1.137151195732036268e-01	-2.037207413058801653e-01	5.303261495000913261e-02	-5.228510342252044168e-02	1.957555580519958482e-01	-3.594730224884044034e-01	2.415204841950953085e-01	-9.399963663481396281e-02	7.864506377826578631e-02	-1.559871203607715584e-01	1.000000000000001332e+00	-4.094546831072150006e-01	1.118946274800907553e-01	-7.970606677122094030e-02	1.807918619103799085e-01	-7.485058019848405131e-01	2.508034466721945077e-01	-1.385980333229359929e-01	1.022010020338178504e-01	-1.349655655186306202e-01	1.489260673979922456e-01	-1.515676717135041318e-01	1.096018299528299794e-01	-8.362669870003311412e-02	8.803686095328831784e-02	-9.930192298135523399e-02	1.138670327200818067e-01	-1.074461812304310926e-01	1.061591729095139880e-01	-9.231750461749926862e-02	8.853369894522247763e-02	-9.001264687933516195e-02	8.067690212722249121e-02	-8.377674635020355975e-02	8.575892862908446324e-02	-7.093147028688547018e-02	7.656540517594377648e-02	-9.400709561490594446e-02	6.267777540917869594e-02	-7.132275879308752620e-02	6.647179223583576935e-02	-8.453660531765824770e-02	6.437959938741677490e-02	-7.213178088696188539e-02
1.386435441479821895e-01	-1.305741986377163821e-01	2.559565105302597510e-01	-7.884694074367171179e-02	7.666176188595265339e-02	-2.033712097866071100e-01	2.730554499473339392e-01	-5.529620057015258716e-01	1.548816530325901886e-01	-1.205069405705240237e-01	1.378122442740901954e-01	-4.094546831072150006e-01	9.999999999999963363e-01	-2.217502619424465971e-01	1.203454193165367919e-01	-1.776364548534696552e-01	2.738700026105959084e-01	-4.975333215869846004e-01	1.870297893357869834e-01	-1.457964696341399191e-01	1.150129864416186282e-01	-1.320649696806704965e-01	2.078537347703173777e-01	-1.535309208254520552e-01	1.161690333071357245e-01	-1.060537499633388003e-01	1.191535716218575791e-01	-1.563414167545822409e-01	1.437840326824744164e-01	-1.468279785247597335e-01	1.117376660816168793e-01	-1.107818192321400330e-01	1.161163667255704635e-01	-1.060609774355472240e-01	1.090388971814285901e-01	-1.096759383072521826e-01	8.907303468528947332e-02	-9.955279672217415277e-02	1.211061198101931052e-01	-8.156167208979073213e-02	8.995096154498727348e-02	-8.433865433579100512e-02	1.079412553188304064e-01	-8.322130373972543016e-02	9.265909475176881127e-02
-8.013901528874027569e-02	7.002356910119668376e-02	-1.520885415025963749e-01	1.686803493084741423e-01	-1.814945646950301972e-01	9.864691695638244662e-02	-1.272953778994069252e-01	1.514969083761220359e-01	-7.966978887897172568e-01	2.738457304603525433e-01	-7.090599335615366261e-02	1.118946274800907553e-01	-2.217502619424465971e-01	9.999999999999964473e-01	-3.427289170345306779e-01	9.002258275237584595e-02	-1.168967105236669857e-01	1.555835263824059678e-01	-1.828750683919608544e-01	1.688511705860756273e-01	-6.340377173248885889e-02	7.015101521748390301e-02	-1.293258717631019239e-01	1.253275858801410625e-01	-1.326294714850938805e-01	7.027485039436100200e-02	-8.106582831768946451e-02	1.040257803265457470e-01	-1.189989184931920380e-01	1.265490602965285427e-01	-7.866623564271532643e-02	7.682785720727654255e-02	-8.796486763750405169e-02	8.352251533634602598e-02	-9.022130524393194573e-02	7.640029840140268036e-02	-6.454561482528609062e-02	7.451368425218847513e-02	-9.722013706837520641e-02	6.515882156704796979e-02	-6.522269569953792479e-02	6.076354045401607951e-02	-8.387946466256428202e-02	6.453794826260240980e-02	-7.430385651505899691e-02
6.367100762367482181e-02	-5.507836413253116431e-02	1.176545905722079094e-01	-1.682475579183996539e-01	1.588532890424350086e-01	-7.901753785657482376e-02	9.360565878998534928e-02	-1.045384622157874838e-01	2.588077864189439192e-01	-7.569592060732830419e-01	5.729681320719666460e-02	-7.970606677122094030e-02	1.203454193165367919e-01	-3.427289170345306779e-01	9.999999999999944489e-01	-7.452089889131664757e-02	8.645181665372404789e-02	-1.250940041307735673e-01	1.688992351986943474e-01	-3.718586648637217107e-01	5.414616306339299634e-02	-6.010863156278500874e-02	1.190270524237761057e-01	-1.325484504548294640e-01	1.846675139942825783e-01	-6.670559623862067078e-02	7.708928132916362252e-02	-1.026565883333854373e-01	1.259203524260778528e-01	-1.589879619655369114e-01	7.441444713985841120e-02	-7.374092411676555492e-02	8.609496316722189957e-02	-8.523982043656977425e-02	9.282315867586106439e-02	-7.311983698109519869e-02	6.181234684138259966e-02	-7.331834317866892103e-02	9.631617790434805759e-02	-6.606876532502542476e-02	6.205628148346005457e-02	-5.848794701312484690e-02	8.148313571934533150e-02	-6.387874008065105857e-02	7.342257523616940729e-02
-1.820963029048406623e-01	1.388606849149453537e-01	-2.513217117855928717e-01	5.243328306280874151e-02	-5.206763340705532206e-02	2.968854285095774426e-01	-2.869914168251664344e-01	1.814838712724562986e-01	-7.821647132872419639e-02	7.357177701866318698e-02	-6.973295640044677723e-01	1.807918619103799085e-01	-1.776364548534696552e-01	9.002258275237584595e-02	-7.452089889131664757e-02	9.999999999999981126e-01	-2.395141284519251013e-01	1.691592057833590512e-01	-1.381249293186613825e-01	1.016084040179739412e-01	-3.392484186908934496e-01	2.321333393043561455e-01	-1.411452279358760276e-01	1.077167519709863602e-01	-8.511208647302101471e-02	1.166900103428192698e-01	-1.273770689096311304e-01	1.183667958363081169e-01	-1.140340679748495928e-01	1.096531787858420204e-01	-1.222667480815503582e-01	1.090877806004282580e-01	-1.048758001287453251e-01	9.133100818113965014e-02	-9.700662558693980142e-02	1.026444127352696967e-01	-8.775361303360607046e-02	8.865869794063953313e-02	-1.109716353863659799e-01	7.273845323176079958e-02	-8.826405132648927621e-02	8.069691341192401779e-02	-1.018525846829921866e-01	7.570437918473180150e-02	-8.598439195877996544e-02
1.264114276089032263e-01	-1.151797618519382477e-01	2.005590659905261419e-01	-5.720199764892390515e-02	5.560043972377110705e-02	-2.185852420147691433e-01	2.526792076215970684e-01	-2.355112203273023175e-01	9.435718566153275533e-02	-8.729353420350306758e-02	1.653638261946681898e-01	-7.485058019848405131e-01	2.738700026105959084e-01	-1.168967105236669857e-01	8.645181665372404789e-02	-2.395141284519251013e-01	9.999999999999993339e-01	-3.570149403214179507e-01	1.560175566424081839e-01	-1.199256211465090372e-01	1.664282489574227530e-01	-2.238099652262497408e-01	1.740752173224592025e-01	-1.293755177659895172e-01	9.681240751746940376e-02	-1.074939744939844843e-01	1.192238892372828735e-01	-1.375574001665550716e-01	1.248679487954276468e-01	-1.260672493050262744e-01	1.086793215345081415e-01	-1.062307761660233191e-01	1.044455363034947903e-01	-9.415148559755925906e-02	9.658065602122191395e-02	-1.022077383574514081e-01	8.328145739254576296e-02	-8.972942907800160461e-02	1.080835561224990637e-01	-7.265615192227684038e-02	8.348920044857170708e-02	-7.852373281204388933e-02	9.743571633339852267e-02	-7.480374330590014442e-02	8.289789763486579699e-02
-1.426288629986808554e-01	1.228672819823706935e-01	-2.637535166458695457e-01	7.649121981319963182e-02	-7.610862283615761614e-02	1.794304485663197057e-01	-2.461708041570097316e-01	2.529845520370175294e-01	-1.335303480165729861e-01	1.204919136519402301e-01	-1.350486312797370692e-01	2.508034466721945077e-01	-4.975333215869846004e-01	1.555835263824059678e-01	-1.250940041307735673e-01	1.691592057833590512e-01	-3.570149403214179507e-01	9.999999999999965583e-01	-3.289832266180043319e-01	1.778244592173239269e-01	-1.294191629981176483e-01	1.425201859146159322e-01	-4.873489527669426224e-01	2.329668504521478223e-01	-1.546872083572267687e-01	1.371028464380050216e-01	-1.655097310207545580e-01	2.315659948798083900e-01	-2.148800048631695492e-01	1.903293297959452735e-01	-1.476740781742860720e-01	1.440823404520193973e-01	-1.622440577704222231e-01	1.432109036601457441e-01	-1.465375725581860022e-01	1.345730028542279633e-01	-1.163948605925990976e-01	1.332610885502589770e-01	-1.631275678074167179e-01	1.080978712990890572e-01	-1.138992903145522456e-01	1.082159657765347505e-01	-1.437038352333400715e-01	1.095149197433064603e-01	-1.230423897960582491e-01
1.048622040794548044e-01	-8.963757596006335926e-02	1.834942973960940749e-01	-8.928587441737513564e-02	8.501232800122619782e-02	-1.400058273468936243e-01	1.550455148736617217e-01	-1.650861170456525417e-01	1.389916560925754663e-01	-1.727468356020288309e-01	1.024312275032143865e-01	-1.385980333229359929e-01	1.870297893357869834e-01	-1.828750683919608544e-01	1.688992351986943474e-01	-1.381249293186613825e-01	1.560175566424081839e-01	-3.289832266180043319e-01	1.000000000000002442e+00	-3.587427042902285867e-01	1.029526534942969140e-01	-1.168866124612564505e-01	2.786180825347405743e-01	-6.501253886182268849e-01	2.582218053312144712e-01	-1.401746778587248943e-01	1.581831499249681805e-01	-2.418265177271050614e-01	2.741869146683291736e-01	-3.062626680989303241e-01	1.455734262847750149e-01	-1.518483123645692490e-01	1.672388642319768970e-01	-1.726237312712169958e-01	1.688249689336923098e-01	-1.488791894095150836e-01	1.204553495701331106e-01	-1.459471421739947372e-01	1.769009132150979602e-01	-1.245323359467051111e-01	1.195351427588909887e-01	-1.159497218528221518e-01	1.498944124164050262e-01	-1.215726798305190315e-01	1.326607910749623698e-01
-8.766767550446842583e-02	7.325279583019045360e-02	-1.587496771337416901e-01	9.521994723304383346e-02	-9.768505462502717618e-02	1.045494356399081226e-01	-1.243815500755384440e-01	1.240796511688606885e-01	-1.530061446146099846e-01	2.192327149473844439e-01	-7.889197763999084012e-02	1.022010020338178504e-01	-1.457964696341399191e-01	1.688511705860756273e-01	-3.718586648637217107e-01	1.016084040179739412e-01	-1.199256211465090372e-01	1.778244592173239269e-01	-3.587427042902285867e-01	1.000000000000000888e+00	-8.059769817299862471e-02	8.819244739276811684e-02	-2.097086959008513940e-01	2.518273227890870380e-01	-6.548809474793526597e-01	1.090571095065892837e-01	-1.302373140630919690e-01	1.766634788658039690e-01	-2.498578353615958092e-01	2.873846160883278267e-01	-1.240184421477738830e-01	1.218809501064454376e-01	-1.512256679384654245e-01	1.515302371052606178e-01	-1.729279346893649871e-01	1.168645118339715627e-01	-1.033866058241017516e-01	1.260426900102350478e-01	-1.723236558164099042e-01	1.171478247731637251e-01	-1.018210733954240249e-01	9.696937114602348362e-02	-1.415463894333387762e-01	1.106414699563007253e-01	-1.305061906131118055e-01
8.968107507014336233e-02	-7.336251032880480860e-02	1.345475529162053485e-01	-3.531558346862072317e-02	3.464031796600653551e-02	-1.523773543210647785e-01	1.423247582212617268e-01	-1.108769434399165948e-01	5.349117024249700619e-02	-5.402845647752052560e-02	1.788975994169462458e-01	-1.349655655186306202e-01	1.150129864416186282e-01	-6.340377173248885889e-02	5.414616306339299634e-02	-3.392484186908934496e-01	1.664282489574227530e-01	-1.294191629981176483e-01	1.029526534942969140e-01	-8.059769817299862471e-02	9.999999999999992228e-01	-8.470307365447576897e-01	1.144920978386533422e-01	-8.727704314355205772e-02	6.767770728777930400e-02	-1.931265284404395099e-01	1.740087996363607892e-01	-1.158414975319708995e-01	9.743333743260303159e-02	-9.136999015176611172e-02	1.399419375149073552e-01	-1.276459802083700912e-01	9.079920862675423809e-02	-7.655733111403521807e-02	7.735258832964285458e-02	-9.977177595572231383e-02	8.553805392724349310e-02	-7.777071986894235067e-02	8.836289272288483376e-02	-5.904932499940453161e-02	8.000202407452532138e-02	-7.861395397871359658e-02	8.338548220836614067e-02	-6.293539010973998871e-02	6.799738039177358195e-02
-1.010563749123305349e-01	8.142823782719346704e-02	-1.544028428671984088e-01	3.922940251285331886e-02	-3.869411233628894387e-02	1.494007221879124214e-01	-1.634388247779391401e-01	1.226968316389733110e-01	-5.981934334831501970e-02	5.944968798122155645e-02	-1.882869560917867224e-01	1.489260673979922456e-01	-1.320649696806704965e-01	7.015101521748390301e-02	-6.010863156278500874e-02	2.321333393043561455e-01	-2.238099652262497408e-01	1.425201859146159322e-01	-1.168866124612564505e-01	8.819244739276811684e-02	-8.470307365447576897e-01	9.999999999999951150e-01	-1.316601718185187730e-01	9.713750758636767457e-02	-7.512414834712213829e-02	1.745394397442971979e-01	-2.237335751174425735e-01	1.279475628221273531e-01	-1.102377221366417775e-01	1.000774789319070907e-01	-1.545155882968193284e-01	1.348264601776469618e-01	-1.020230173418305714e-01	8.502694809812999521e-02	-8.683224871598142769e-02	1.052425481495818105e-01	-9.465790434255914876e-02	8.577197687915773250e-02	-9.943171849122020567e-02	6.581672987641534744e-02	-8.783644945803992243e-02	8.461127249191000010e-02	-9.344028872579426825e-02	6.977055400511743277e-02	-7.637982845324459147e-02
1.041779645567706691e-01	-8.932609724116115368e-02	1.821799377525744890e-01	-6.777103319087485200e-02	6.564352511944121504e-02	-1.407304347081126672e-01	1.599538995529170560e-01	-1.724612422575527715e-01	1.053480918063351285e-01	-1.186643838744331769e-01	1.050249445358504702e-01	-1.515676717135041318e-01	2.078537347703173777e-01	-1.293258717631019239e-01	1.190270524237761057e-01	-1.411452279358760276e-01	1.740752173224592025e-01	-4.873489527669426224e-01	2.786180825347405743e-01	-2.097086959008513940e-01	1.144920978386533422e-01	-1.316601718185187730e-01	9.999999999999988898e-01	-4.027030947090933788e-01	1.863031643484505395e-01	-1.813960588549128061e-01	2.103506610250118480e-01	-5.430374457193043458e-01	2.830975938833659722e-01	-2.530428077160323252e-01	1.669227001103246177e-01	-1.820924592760799765e-01	1.943395878184427106e-01	-1.752897218641866484e-01	1.626499796752000626e-01	-1.555227788750912776e-01	1.320528863369550554e-01	-1.656132222664951359e-01	1.770750522247211411e-01	-1.219048097272836667e-01	1.244048037817340330e-01	-1.255672583043626889e-01	1.545031809305532078e-01	-1.232388507976359543e-01	1.309194584873553946e-01
-8.524032013450079381e-02	7.196975486028343860e-02	-1.510028662832416102e-01	6.582505392534518385e-02	-6.453941388689728165e-02	1.085994104469066857e-01	-1.258444660995241549e-01	1.277643405184777647e-01	-1.043427596280168124e-01	1.235837646160228703e-01	-8.183359780526346106e-02	1.096018299528299794e-01	-1.535309208254520552e-01	1.253275858801410625e-01	-1.325484504548294640e-01	1.077167519709863602e-01	-1.293755177659895172e-01	2.329668504521478223e-01	-6.501253886182268849e-01	2.518273227890870380e-01	-8.727704314355205772e-02	9.713750758636767457e-02	-4.027030947090933788e-01	9.999999999999972244e-01	-3.283808591734536098e-01	1.270175008019331642e-01	-1.543985533606994920e-01	2.531711306334298861e-01	-4.277055251690962123e-01	2.748519355049645063e-01	-1.330549770799890619e-01	1.363714655515636531e-01	-1.636490944020614069e-01	1.672651244524901160e-01	-1.640198099141137733e-01	1.247753799968406296e-01	-1.082834949374764655e-01	1.350643690961914056e-01	-1.707369279978256382e-01	1.154631072708280776e-01	-1.038855797768115513e-01	1.020510716776418247e-01	-1.381669643035052797e-01	1.104687872989942726e-01	-1.233665848514909485e-01
6.934606839436789627e-02	-5.835548116854025191e-02	1.237467907275628526e-01	-7.292348285737067226e-02	7.069387867320511831e-02	-8.634547864858209409e-02	9.949444141294719324e-02	-1.009096564286734027e-01	1.095647778360768765e-01	-1.694360616983800194e-01	6.482532801487250751e-02	-8.362669870003311412e-02	1.161690333071357245e-01	-1.326294714850938805e-01	1.846675139942825783e-01	-8.511208647302101471e-02	9.681240751746940376e-02	-1.546872083572267687e-01	2.582218053312144712e-01	-6.548809474793526597e-01	6.767770728777930400e-02	-7.512414834712213829e-02	1.863031643484505395e-01	-3.283808591734536098e-01	9.999999999999993339e-01	-9.674738325604037570e-02	1.137803762329945290e-01	-1.721214135430869374e-01	2.453256443146186738e-01	-5.482816683158953097e-01	1.046144220280857129e-01	-1.068516450873115142e-01	1.296662282490864126e-01	-1.419354403056159453e-01	1.561845015446698404e-01	-1.012315935100966957e-01	8.741002763357111349e-02	-1.103975952172952801e-01	1.451062051659340602e-01	-1.064300168907309774e-01	8.515278429086062251e-02	-8.310444697805624559e-02	1.168535373386879184e-01	-9.573881574513000425e-02	1.090773088942119939e-01
-7.215649663075750231e-02	5.947072859674685380e-02	-1.215558475225807927e-01	3.951828604827389152e-02	-3.872880716558825542e-02	9.635792800450251883e-02	-1.052040367923881559e-01	9.524100104319994931e-02	-5.929161587936884747e-02	6.575290272268749514e-02	-8.728078160255131612e-02	8.803686095328831784e-02	-1.060537499633388003e-01	7.027485039436100200e-02	-6.670559623862067078e-02	1.166900103428192698e-01	-1.074939744939844843e-01	1.371028464380050216e-01	-1.401746778587248943e-01	1.090571095065892837e-01	-1.931265284404395099e-01	1.745394397442971979e-01	-1.813960588549128061e-01	1.270175008019331642e-01	-9.674738325604037570e-02	1.000000000000001554e+00	-6.254298346629988403e-01	2.115569219087038155e-01	-1.660149859840474584e-01	1.343701564366749368e-01	-6.137570035375934374e-01	2.851795416459329546e-01	-1.597838488639570231e-01	1.223755575744867180e-01	-1.195260306238318665e-01	1.818620784696532433e-01	-1.738693764495451433e-01	1.314267935758337558e-01	-1.381775266644246491e-01	9.186835055871940547e-02	-1.483303181860665676e-01	1.464059956551748143e-01	-1.359402394310819384e-01	1.005465002895558901e-01	-1.052027095943217638e-01
7.890615677634676972e-02	-6.556212096232935660e-02	1.330438351672793840e-01	-4.523381786503721108e-02	4.407717719327312877e-02	-1.073652115934418672e-01	1.156133862787061262e-01	-1.077340914736820560e-01	6.767173964412974418e-02	-7.670654136435088588e-02	9.330690535263101715e-02	-9.930192298135523399e-02	1.191535716218575791e-01	-8.106582831768946451e-02	7.708928132916362252e-02	-1.273770689096311304e-01	1.192238892372828735e-01	-1.655097310207545580e-01	1.581831499249681805e-01	-1.302373140630919690e-01	1.740087996363607892e-01	-2.237335751174425735e-01	2.103506610250118480e-01	-1.543985533606994920e-01	1.137803762329945290e-01	-6.254298346629988403e-01	1.000000000000001110e+00	-3.838756959464261764e-01	1.971994618835597179e-01	-1.655308858321173915e-01	3.107505408917386469e-01	-4.403694166074827443e-01	1.849252829366233031e-01	-1.442107562298888812e-01	1.340661491563500118e-01	-1.993036566523838093e-01	1.942145898331616993e-01	-1.565244832658685969e-01	1.532584278624587459e-01	-1.040930513838029259e-01	1.533714768990268595e-01	-1.735229101281393072e-01	1.500430101849958009e-01	-1.140989695568872669e-01	1.159556551430751953e-01
-8.892821922390078959e-02	7.456691777547491684e-02	-1.559134748930940118e-01	5.684134726902155543e-02	-5.571001487799998042e-02	1.141254647042820730e-01	-1.315002305511976666e-01	1.291946784520834057e-01	-8.739719083574967740e-02	9.931031779286064731e-02	-8.992278640566664372e-02	1.138670327200818067e-01	-1.563414167545822409e-01	1.040257803265457470e-01	-1.026565883333854373e-01	1.183667958363081169e-01	-1.375574001665550716e-01	2.315659948798083900e-01	-2.418265177271050614e-01	1.766634788658039690e-01	-1.158414975319708995e-01	1.279475628221273531e-01	-5.430374457193043458e-01	2.531711306334298861e-01	-1.721214135430869374e-01	2.115569219087038155e-01	-3.838756959464261764e-01	9.999999999999973355e-01	-4.982526404264336350e-01	2.420310892674268632e-01	-2.009497099112483864e-01	2.092203763648046444e-01	-2.956478372072435801e-01	2.001395172513300846e-01	-1.812783491742857023e-01	1.571333980853763801e-01	-1.505413454583627297e-01	1.928755203248038452e-01	-2.012314496254845597e-01	1.318749696008026384e-01	-1.313019395758360242e-01	1.353264002192415549e-01	-1.741438841071709098e-01	1.333841391109808761e-01	-1.428169151961888317e-01
8.651530438179171056e-02	-7.281381592214149212e-02	1.514273849946594641e-01	-6.519539793527079352e-02	6.313203022345266480e-02	-1.120077809843438438e-01	1.253185741748289173e-01	-1.261535186271184050e-01	9.787550220800986245e-02	-1.232669839583129534e-01	8.531781283111543324e-02	-1.074461812304310926e-01	1.437840326824744164e-01	-1.189989184931920380e-01	1.259203524260778528e-01	-1.140340679748495928e-01	1.248679487954276468e-01	-2.148800048631695492e-01	2.741869146683291736e-01	-2.498578353615958092e-01	9.743333743260303159e-02	-1.102377221366417775e-01	2.830975938833659722e-01	-4.277055251690962123e-01	2.453256443146186738e-01	-1.660149859840474584e-01	1.971994618835597179e-01	-4.982526404264336350e-01	9.999999999999974465e-01	-5.080431918681670433e-01	1.587154903405589845e-01	-1.743197166282787203e-01	2.113929297130083818e-01	-2.969424925577192620e-01	2.154662295031298525e-01	-1.493939694822987718e-01	1.301903162098070332e-01	-1.780174983434626712e-01	2.163401333389474712e-01	-1.516157432943419925e-01	1.213029530712309567e-01	-1.243856603885759998e-01	1.644758214725891288e-01	-1.384383216047575804e-01	1.489357844747805637e-01
-9.076425990915343300e-02	7.553630720384102437e-02	-1.618347300592070381e-01	7.141308820902766974e-02	-7.150551416051846576e-02	1.103672889194589335e-01	-1.287502920824606933e-01	1.259755898593318268e-01	-1.102085020018137018e-01	1.357630115543346228e-01	-8.436812996106216045e-02	1.061591729095139880e-01	-1.468279785247597335e-01	1.265490602965285427e-01	-1.589879619655369114e-01	1.096531787858420204e-01	-1.260672493050262744e-01	1.903293297959452735e-01	-3.062626680989303241e-01	2.873846160883278267e-01	-9.136999015176611172e-02	1.000774789319070907e-01	-2.530428077160323252e-01	2.748519355049645063e-01	-5.482816683158953097e-01	1.343701564366749368e-01	-1.655308858321173915e-01	2.420310892674268632e-01	-5.080431918681670433e-01	9.999999999999982236e-01	-1.499437945808437256e-01	1.507045845400703521e-01	-1.980784522075246523e-01	2.216612526508058845e-01	-2.957907376152554280e-01	1.398157059440960637e-01	-1.260216685885197085e-01	1.632421717201825717e-01	-2.301494212614219603e-01	1.686039045481600163e-01	-1.207470229331746303e-01	1.186315152723116384e-01	-1.767887542472275086e-01	1.447576856485008612e-01	-1.729964883766930694e-01
7.814931465286509282e-02	-6.480944648589466450e-02	1.320008957156199592e-01	-4.459777436930320582e-02	4.335424261597498746e-02	-1.058326594697932832e-01	1.113251434496159015e-01	-1.039784135011487809e-01	6.560763204990101294e-02	-7.480848651710456099e-02	8.810029997826694659e-02	-9.231750461749926862e-02	1.117376660816168793e-01	-7.866623564271532643e-02	7.441444713985841120e-02	-1.222667480815503582e-01	1.086793215345081415e-01	-1.476740781742860720e-01	1.455734262847750149e-01	-1.240184421477738830e-01	1.399419375149073552e-01	-1.545155882968193284e-01	1.669227001103246177e-01	-1.330549770799890619e-01	1.046144220280857129e-01	-6.137570035375934374e-01	3.107505408917386469e-01	-2.009497099112483864e-01	1.587154903405589845e-01	-1.499437945808437256e-01	9.999999999999998890e-01	-5.212714524033749131e-01	1.800211099874648724e-01	-1.399595901038248047e-01	1.335765734629359713e-01	-3.149411477159311801e-01	2.310187311608558058e-01	-1.614009031228118007e-01	1.554448648694569668e-01	-1.066801166737556122e-01	2.026114353553375436e-01	-2.194413016196364863e-01	1.617426727376148343e-01	-1.224733884837875542e-01	1.210247761621123103e-01
-7.589103706826938467e-02	6.262707942114964510e-02	-1.298124652294924686e-01	4.352469500121340651e-02	-4.257748955179063710e-02	9.823148835748234109e-02	-1.079430689128817317e-01	1.002761013040867760e-01	-6.468477903171063192e-02	7.301219433949018844e-02	-8.247970916130895058e-02	8.853369894522247763e-02	-1.107818192321400330e-01	7.682785720727654255e-02	-7.374092411676555492e-02	1.090877806004282580e-01	-1.062307761660233191e-01	1.440823404520193973e-01	-1.518483123645692490e-01	1.218809501064454376e-01	-1.276459802083700912e-01	1.348264601776469618e-01	-1.820924592760799765e-01	1.363714655515636531e-01	-1.068516450873115142e-01	2.851795416459329546e-01	-4.403694166074827443e-01	2.092203763648046444e-01	-1.743197166282787203e-01	1.507045845400703521e-01	-5.212714524033749131e-01	9.999999999999965583e-01	-2.639010356575066107e-01	1.584234117748042903e-01	-1.519919496588623964e-01	2.408147931862097135e-01	-4.858790425597588891e-01	1.961203137424665510e-01	-1.814028343413443822e-01	1.196636122582626360e-01	-2.294948933245153921e-01	2.544553167593160969e-01	-1.982742528837832530e-01	1.382195055848521592e-01	-1.393853250011855838e-01
7.722185071246756571e-02	-6.446160786975264900e-02	1.333258351862126323e-01	-4.962413804031665099e-02	4.801118894796536918e-02	-1.009207255528746100e-01	1.086861515496679031e-01	-1.065119737864147209e-01	7.279840371675350141e-02	-8.668217618618954956e-02	7.743189503398767437e-02	-9.001264687933516195e-02	1.161163667255704635e-01	-8.796486763750405169e-02	8.609496316722189957e-02	-1.048758001287453251e-01	1.044455363034947903e-01	-1.622440577704222231e-01	1.672388642319768970e-01	-1.512256679384654245e-01	9.079920862675423809e-02	-1.020230173418305714e-01	1.943395878184427106e-01	-1.636490944020614069e-01	1.296662282490864126e-01	-1.597838488639570231e-01	1.849252829366233031e-01	-2.956478372072435801e-01	2.113929297130083818e-01	-1.980784522075246523e-01	1.800211099874648724e-01	-2.639010356575066107e-01	9.999999999999976685e-01	-3.758689356072383858e-01	2.223068572960654743e-01	-1.837407846730298444e-01	1.864422171296333808e-01	-6.843022627703715388e-01	2.756269558025414290e-01	-1.835269420820570541e-01	1.502000347448958495e-01	-1.774992454554755184e-01	2.608360499514450481e-01	-2.096914345633409671e-01	1.823352102374364292e-01
-6.997112302342943513e-02	5.830197355130798537e-02	-1.218330009577774653e-01	4.716148153331559817e-02	-4.585359216443882918e-02	8.942214406171762608e-02	-9.815351662772883734e-02	9.595552513847330212e-02	-6.964606612818276254e-02	8.393566178229748542e-02	-6.821592763320308284e-02	8.067690212722249121e-02	-1.060609774355472240e-01	8.352251533634602598e-02	-8.523982043656977425e-02	9.133100818113965014e-02	-9.415148559755925906e-02	1.432109036601457441e-01	-1.726237312712169958e-01	1.515302371052606178e-01	-7.655733111403521807e-02	8.502694809812999521e-02	-1.752897218641866484e-01	1.672651244524901160e-01	-1.419354403056159453e-01	1.223755575744867180e-01	-1.442107562298888812e-01	2.001395172513300846e-01	-2.969424925577192620e-01	2.216612526508058845e-01	-1.399595901038248047e-01	1.584234117748042903e-01	-3.758689356072383858e-01	9.999999999999951150e-01	-5.487148766014499079e-01	1.454709999982010393e-01	-1.352625189261338345e-01	2.524842263503753181e-01	-5.687326138117945185e-01	2.731990043415988834e-01	-1.221893488701261410e-01	1.312661418620170994e-01	-2.195630687466484932e-01	2.045744444243863813e-01	-2.340002511945359354e-01
