1.000000000000000222e+00	-5.471221329253945775e-01	1.935666671362368807e-01	-1.754127854674300269e-01	1.234979141594682306e-01	-7.264674291724835253e-01	3.256735303372563783e-01	-1.679115886484424947e-01	1.065092553078030996e-01	-1.216155830781406322e-01	7.438356615059706078e-02	-7.016715720964641911e-02	9.364609900221396166e-02	-9.239831612500226665e-02	7.174018842645447924e-02	-3.951716642955439146e-02	6.824281228876605265e-02	-7.482349729571326213e-02	6.810012497312659119e-02	-6.445080913200355865e-02	5.335727046746508578e-02	-6.726228041241356925e-02	5.718902601155086834e-02	-6.166625561464951499e-02	6.685402965948183951e-02	-6.213193807270130098e-02	4.725644309645034291e-02	-5.255976168567982887e-02	4.473114361353169866e-02	-3.930462280778988793e-02	3.669030409524552672e-02	-4.257011327909648868e-02	4.013199597169739286e-02	-3.670214921701632493e-02	4.181129330706451208e-02	-4.594737580879935251e-02	3.258618639454056304e-02	-3.438731795988936996e-02	3.606913328605595298e-02	-3.669905373596149545e-02	5.236091345452845852e-02	-4.202346563158996379e-02	3.138340917742876712e-02	-3.184607431566209568e-02	5.224865997052702965e-02
-5.471221329253945775e-01	1.000000000000000000e+00	-3.542265277759262254e-01	1.923233730323429813e-01	-1.464552238893884750e-01	3.154749082220271172e-01	-6.566948007707710255e-01	2.019458203369194904e-01	-1.278724804796785575e-01	1.299298447780677657e-01	-7.189105929604874823e-02	7.616378020807389182e-02	-1.095130301635174885e-01	1.027832928357918646e-01	-7.921184074512646611e-02	3.791953220104900268e-02	-7.565808100584055229e-02	8.141286822780222088e-02	-7.515934679931982054e-02	6.935754422354629967e-02	-5.394751617603682492e-02	6.977364045259379366e-02	-6.102018400705157969e-02	6.609636585675603138e-02	-7.269028180326102262e-02	6.269718671423250844e-02	-4.902549975490178708e-02	5.468122675265277288e-02	-4.760621633403466779e-02	4.164802388780402403e-02	-3.749266662901827585e-02	4.372808150527430354e-02	-4.158340894543331029e-02	3.785434575334589019e-02	-4.379786164503578216e-02	4.660469049265142383e-02	-3.350320460394638766e-02	3.527224111612068530e-02	-3.730919029664380576e-02	3.815143096809977402e-02	-5.387571319462016589e-02	4.295958565101641591e-02	-3.233322434824647401e-02	3.276559972264429105e-02	-5.416641700384131064e-02
1.935666671362368807e-01	-3.542265277759262254e-01	9.999999999999997780e-01	-6.161593846579207501e-01	2.756542848538264812e-01	-1.735688258652478277e-01	2.260047241895709602e-01	-4.900443398744510626e-01	2.322527269182396992e-01	-2.655425054731050949e-01	1.107310796689956883e-01	-1.299565094753087902e-01	1.941985980342789131e-01	-1.949547521175913345e-01	1.433247996574001093e-01	-5.939628966311279873e-02	1.253276371376162157e-01	-1.491599395912558967e-01	1.335532985671087358e-01	-1.281228722814979903e-01	8.776936319435951761e-02	-1.238871452119983396e-01	1.078850837176199562e-01	-1.190083061540608694e-01	1.280027125901679885e-01	-1.086907495607864621e-01	8.578924880545935050e-02	-9.658510619864454916e-02	8.326115417888810266e-02	-7.339394701188564629e-02	6.511395805169094275e-02	-7.638275489276680208e-02	7.257011740653382392e-02	-6.603392732945612131e-02	7.588238331269359094e-02	-8.089866197214320986e-02	5.823143290511931247e-02	-6.140543289718886077e-02	6.480978979877145829e-02	-6.642348120609060935e-02	9.268815160621102223e-02	-7.447181721746731764e-02	5.591116059957339235e-02	-5.677260946573819966e-02	9.315793799065572034e-02
-1.754127854674300269e-01	1.923233730323429813e-01	-6.161593846579207501e-01	9.999999999999995559e-01	-5.865538255966846748e-01	1.349923600994601680e-01	-1.880697917391035145e-01	2.674030357511121836e-01	-2.416627326693993050e-01	2.613512020219079246e-01	-1.246023320889022568e-01	1.252229923994458149e-01	-1.881105188207544687e-01	1.809961428027026809e-01	-1.544743640590036104e-01	6.531445978056678314e-02	-1.320434720758915381e-01	1.427624316534817639e-01	-1.393361447750269266e-01	1.303197283857123467e-01	-9.859984462311049969e-02	1.257966910982541986e-01	-1.114468608521987786e-01	1.217018843248768856e-01	-1.400729017674603172e-01	1.144877509558066553e-01	-9.031364004822148295e-02	1.002113023009747611e-01	-9.074489546725990341e-02	7.881175309002969032e-02	-6.936865164459582456e-02	8.078151888131214486e-02	-7.733496054962898936e-02	7.061439835311635049e-02	-8.395296446934898127e-02	8.601836312246628757e-02	-6.253298124973115379e-02	6.567703575922807790e-02	-7.013543640236745424e-02	7.236378426351500193e-02	-1.024555175872670643e-01	8.053411542107394294e-02	-6.116896937163150694e-02	6.179314517409052049e-02	-1.040340865560354100e-01
1.234979141594682306e-01	-1.464552238893884750e-01	2.756542848538264812e-01	-5.865538255966846748e-01	9.999999999999997780e-01	-1.141906061349839407e-01	1.393871178890241092e-01	-2.970266229134522762e-01	2.599183659792556056e-01	-5.587373359661362837e-01	1.455375947705760398e-01	-1.503845499568912669e-01	2.014046938428144529e-01	-2.299168124766712284e-01	1.983139870223525059e-01	-7.782955000493760322e-02	1.480747590990106333e-01	-1.773474637581415880e-01	1.650954690575645312e-01	-1.814561993344154522e-01	1.176556746020974570e-01	-1.653016100321018367e-01	1.388468488973174098e-01	-1.549418432626071540e-01	1.682403083863807103e-01	-1.535728021444767721e-01	1.164352664789957692e-01	-1.303000276444355177e-01	1.113174142200614586e-01	-9.915746943839780225e-02	9.107852643107182400e-02	-1.059874696185432869e-01	9.954022197710926667e-02	-9.172327439736606414e-02	1.043115911585887068e-01	-1.147041073707186914e-01	8.122791991048357307e-02	-8.602437101025028898e-02	8.983926065510459968e-02	-9.231521769579238701e-02	1.301291684724233677e-01	-1.055159831324633674e-01	7.832715379592693206e-02	-7.970574657319028089e-02	1.299287544041011211e-01
-7.264674291724835253e-01	3.154749082220271172e-01	-1.735688258652478277e-01	1.349923600994601680e-01	-1.141906061349839407e-01	9.999999999999992228e-01	-5.785001377269179956e-01	1.528000702179909964e-01	-1.020072633354513619e-01	1.033970508807329214e-01	-7.667388967879297523e-02	6.573807841429070431e-02	-8.951856333328767068e-02	8.363308700650969041e-02	-6.564341665448460150e-02	3.916943125966262929e-02	-6.539388170090107422e-02	6.800835436192430306e-02	-6.299054014237415178e-02	5.763856527505113042e-02	-5.142255936608285116e-02	6.079707761032085434e-02	-5.232311051628854570e-02	5.588145506925937256e-02	-6.157923581039273508e-02	5.626227582969071939e-02	-4.297361783237239885e-02	4.757895557302879025e-02	-4.098655622609129190e-02	3.579594554222138847e-02	-3.328284641633835056e-02	3.855250128704486995e-02	-3.647485391969634144e-02	3.327463161406808700e-02	-3.822210211100313809e-02	4.155132270417678103e-02	-2.957281460963520278e-02	3.114517820375064389e-02	-3.280465072136484056e-02	3.335570622176496636e-02	-4.774919428135435823e-02	3.806416158652391191e-02	-2.855035481878749615e-02	2.892274136716478650e-02	-4.775536303544799382e-02
3.256735303372563783e-01	-6.566948007707710255e-01	2.260047241895709602e-01	-1.880697917391035145e-01	1.393871178890241092e-01	-5.785001377269179956e-01	1.000000000000000222e+00	-2.584913464032786434e-01	1.345646700302464138e-01	-1.388378257787288572e-01	7.666397231229565845e-02	-8.452465920375926145e-02	1.164350540320469307e-01	-1.111263993374452391e-01	8.261006917332941457e-02	-4.080341516046422090e-02	8.047886191889384866e-02	-8.735458968473892860e-02	7.892129156621176256e-02	-7.319608592540753633e-02	5.650390865748534941e-02	-7.404089733189324340e-02	6.433970653190441980e-02	-6.979279805252401603e-02	7.559850650679147965e-02	-6.625660965493648802e-02	5.162906610755350900e-02	-5.772931042380593375e-02	4.963857800345089499e-02	-4.356404828507542265e-02	3.945216635199252225e-02	-4.604356618714896404e-02	4.367623395389038515e-02	-3.974347369079297976e-02	4.558650826434146319e-02	-4.909604810140021786e-02	3.516137982933850020e-02	-3.705348989166519502e-02	3.906682711788989071e-02	-3.985687177870039788e-02	5.621833997192923066e-02	-4.504037129746323032e-02	3.379600948339583910e-02	-3.428534810175404290e-02	5.634781837758835732e-02
-1.679115886484424947e-01	2.019458203369194904e-01	-4.900443398744510626e-01	2.674030357511121836e-01	-2.970266229134522762e-01	1.528000702179909964e-01	-2.584913464032786434e-01	9.999999999999992228e-01	-5.191021471806450682e-01	2.750277704343639940e-01	-1.325020724939870997e-01	1.675772328526121402e-01	-3.944872474593305589e-01	2.762998840980390169e-01	-1.894754841761488728e-01	7.066592084825504272e-02	-1.726146229426667178e-01	1.980861868720204533e-01	-1.857223924184636388e-01	1.556314262068572152e-01	-1.045710139975842973e-01	1.457627954322493757e-01	-1.375078579375564880e-01	1.485216901703368952e-01	-1.646992938945689711e-01	1.227162680530362593e-01	-1.017126026953835138e-01	1.144435644836412774e-01	-1.027186767539458451e-01	8.923479991795300881e-02	-7.482168648337987615e-02	8.832010468973339190e-02	-8.542431016816630363e-02	7.664353336678668416e-02	-9.021818937226241952e-02	9.154533910187200030e-02	-6.733865667883448536e-02	7.059678307546747578e-02	-7.565929309794922064e-02	7.771686841543705426e-02	-1.069548037993862943e-01	8.486760260390166510e-02	-6.461984963539001148e-02	6.542144398419440232e-02	-1.085795386577304428e-01
1.065092553078030996e-01	-1.278724804796785575e-01	2.322527269182396992e-01	-2.416627326693993050e-01	2.599183659792556056e-01	-1.020072633354513619e-01	1.345646700302464138e-01	-5.191021471806450682e-01	9.999999999999993339e-01	-5.308603077768770939e-01	1.188953834595240233e-01	-1.538194181390684367e-01	2.685655994955543635e-01	-5.021637909622552742e-01	2.176701973044827265e-01	-6.435230002381138459e-02	1.504918777591832957e-01	-1.916937923030578306e-01	1.863824907983526735e-01	-1.790599239787645514e-01	9.554155746447519360e-02	-1.432701666723148470e-01	1.311401394416533417e-01	-1.538821804382707326e-01	1.643451424498375557e-01	-1.184923897863393166e-01	9.790171606129827175e-02	-1.116489928358958550e-01	9.983011506509317790e-02	-8.835410366839220597e-02	7.185079780213111944e-02	-8.529031926231768479e-02	8.204674147904737758e-02	-7.388297068437850446e-02	8.620665096517790560e-02	-8.811994415936509617e-02	6.454496658914918306e-02	-6.790298841451193612e-02	7.238888688562349072e-02	-7.490529305720423914e-02	1.010220831485521276e-01	-8.122014953133706305e-02	6.148681687856080019e-02	-6.248385787686235038e-02	1.024164636950765650e-01
-1.216155830781406322e-01	1.299298447780677657e-01	-2.655425054731050949e-01	2.613512020219079246e-01	-5.587373359661362837e-01	1.033970508807329214e-01	-1.388378257787288572e-01	2.750277704343639940e-01	-5.308603077768770939e-01	9.999999999999997780e-01	-1.467324896707245807e-01	1.532434723264841925e-01	-2.408723527796999553e-01	2.712576640976531728e-01	-3.320880817939542706e-01	7.764220468537738618e-02	-1.642777180032118367e-01	1.860128863093233609e-01	-1.974942406613192925e-01	2.116736673690488013e-01	-1.177808136460065519e-01	1.589915954260841535e-01	-1.451656536175365275e-01	1.675788729326510296e-01	-2.068968644550052971e-01	1.397276498148829760e-01	-1.136879397787041168e-01	1.272281601187094935e-01	-1.217915176019781776e-01	1.063199307202218336e-01	-8.542501360921109232e-02	1.003447481016142562e-01	-9.696433332799708760e-02	8.809316973430530995e-02	-1.069837541759619259e-01	1.050322326347286062e-01	-7.733036024726984425e-02	8.113525546330410676e-02	-8.736543623036112372e-02	9.145103966119479122e-02	-1.247209700523880249e-01	9.849399335232783548e-02	-7.520733941398027866e-02	7.610807800103532028e-02	-1.278418013903865891e-01
7.438356615059706078e-02	-7.189105929604874823e-02	1.107310796689956883e-01	-1.246023320889022568e-01	1.455375947705760398e-01	-7.667388967879297523e-02	7.666397231229565845e-02	-1.325020724939870997e-01	1.188953834595240233e-01	-1.467324896707245807e-01	9.999999999999993339e-01	-2.253529886364616652e-01	1.510038931393927197e-01	-1.432242407648282312e-01	1.273071757299945317e-01	-5.933254866604473765e-01	1.866883779863499349e-01	-1.615500004313536742e-01	1.416084453353492478e-01	-1.226504914035186772e-01	3.251421301181366963e-01	-2.345503789946771778e-01	1.616670889561457325e-01	-1.466955545361465774e-01	1.530627190657340708e-01	-2.795704628013601645e-01	1.681959779296072210e-01	-1.756174880649035708e-01	1.255577085397402426e-01	-1.097102192358194034e-01	1.468373211342751672e-01	-1.599624985558818491e-01	1.417973965591534102e-01	-1.319026359322181263e-01	1.343981548106495949e-01	-1.917221827250732979e-01	1.217627962287953503e-01	-1.293009337568472028e-01	1.284666498366180964e-01	-1.217493872490771900e-01	1.985891265774457071e-01	-1.613454785308865713e-01	1.154643957640877766e-01	-1.172312896319689379e-01	1.858426122324519092e-01
-7.016715720964641911e-02	7.616378020807389182e-02	-1.299565094753087902e-01	1.252229923994458149e-01	-1.503845499568912669e-01	6.573807841429070431e-02	-8.452465920375926145e-02	1.675772328526121402e-01	-1.538194181390684367e-01	1.532434723264841925e-01	-2.253529886364616652e-01	1.000000000000000222e+00	-3.522199782461076789e-01	1.978780929248333820e-01	-1.511637962280538428e-01	1.168910583789748436e-01	-8.195813911640642546e-01	2.334038043207023738e-01	-1.865683584530641592e-01	1.348535514547080927e-01	-1.455508452337733738e-01	1.730168392251796583e-01	-1.567363575237713247e-01	1.511077620537830402e-01	-1.591475420807251795e-01	1.400597409489574008e-01	-1.156376530429610583e-01	1.273356864845389125e-01	-1.053997292203712327e-01	9.075999244589574855e-02	-8.368134637982703461e-02	9.823425687704710751e-02	-9.439441301309864363e-02	8.348730893623626526e-02	-9.400601020116652884e-02	1.020180888801092978e-01	-7.397073811013528399e-02	7.736427929342527821e-02	-8.213993596673868636e-02	8.156091510809229672e-02	-1.157967924887425698e-01	9.211715092504159375e-02	-6.972200915328476134e-02	7.053341353722711315e-02	-1.152735487000539766e-01
9.364609900221396166e-02	-1.095130301635174885e-01	1.941985980342789131e-01	-1.881105188207544687e-01	2.014046938428144529e-01	-8.951856333328767068e-02	1.164350540320469307e-01	-3.944872474593305589e-01	2.685655994955543635e-01	-2.408723527796999553e-01	1.510038931393927197e-01	-3.522199782461076789e-01	9.999999999999993339e-01	-5.372014947038764587e-01	2.167207014001046317e-01	-8.427306413788383799e-02	2.549501500411591182e-01	-4.627643993443860682e-01	2.621080991932301374e-01	-2.007173065387319877e-01	1.201744601401421725e-01	-2.052039837807760336e-01	1.976113421165666684e-01	-2.085578329883070181e-01	1.979279074346093625e-01	-1.496292840140072411e-01	1.306086219850741414e-01	-1.538548181326881703e-01	1.241958310826360851e-01	-1.096025276179456026e-01	9.084777936573903978e-02	-1.098070424127951944e-01	1.062224804479090096e-01	-9.339830757450774679e-02	1.046827920846911814e-01	-1.098722853902411450e-01	8.110755224209849346e-02	-8.521957725336344602e-02	9.056821598239324367e-02	-9.151859272675670620e-02	1.229154652796196207e-01	-9.954699383242242294e-02	7.541639187813192757e-02	-7.673073387607137752e-02	1.235504562826750391e-01
-9.239831612500226665e-02	1.027832928357918646e-01	-1.949547521175913345e-01	1.809961428027026809e-01	-2.299168124766712284e-01	8.363308700650969041e-02	-1.111263993374452391e-01	2.762998840980390169e-01	-5.021637909622552742e-01	2.712576640976531728e-01	-1.432242407648282312e-01	1.978780929248333820e-01	-5.372014947038764587e-01	9.999999999999985567e-01	-3.660778916848786424e-01	7.770831192066063320e-02	-2.091855981086384597e-01	2.640265266306521252e-01	-3.329680198273211045e-01	2.343060292685835155e-01	-1.152106425052269872e-01	1.760534895769307884e-01	-1.759767456554539589e-01	2.086740230269243657e-01	-2.302298545833060539e-01	1.394638207621069770e-01	-1.210445465042743057e-01	1.384032850912657597e-01	-1.303936249669170322e-01	1.137134963588073283e-01	-8.583866492127442682e-02	1.027122424485396035e-01	-1.005202326216725478e-01	8.921239744290720974e-02	-1.062412033413887291e-01	1.037684595401214549e-01	-7.746737119707411412e-02	8.112817432266697382e-02	-8.761544531263265601e-02	9.106943658725995261e-02	-1.197667315501073221e-01	9.589689243240576144e-02	-7.335284343637514526e-02	7.447960757762159267e-02	-1.224345522053898461e-01
7.174018842645447924e-02	-7.921184074512646611e-02	1.433247996574001093e-01	-1.544743640590036104e-01	1.983139870223525059e-01	-6.564341665448460150e-02	8.261006917332941457e-02	-1.894754841761488728e-01	2.176701973044827265e-01	-3.320880817939542706e-01	1.273071757299945317e-01	-1.511637962280538428e-01	2.167207014001046317e-01	-3.660778916848786424e-01	1.000000000000000666e+00	-7.034921616971810676e-02	1.498749115452627512e-01	-2.172990425791659908e-01	2.307052609739971838e-01	-7.270242004519616996e-01	1.057529901735186212e-01	-1.811882671939449851e-01	1.608349500088430972e-01	-2.257036592205900472e-01	2.615552630269381562e-01	-1.445532461537801794e-01	1.206736929301343159e-01	-1.412932399186616339e-01	1.337264251563425876e-01	-1.292141195210801397e-01	8.735305026969659992e-02	-1.051924350148555620e-01	1.008701487335182251e-01	-9.162727784801537323e-02	1.082530633852909346e-01	-1.070578659674377570e-01	7.851325129860997620e-02	-8.314461259462156695e-02	8.840788638620661333e-02	-9.572411372003401808e-02	1.183400077464233785e-01	-9.802415660023372501e-02	7.367524987679688331e-02	-7.561423814899320694e-02	1.208658230088760499e-01
-3.951716642955439146e-02	3.791953220104900268e-02	-5.939628966311279873e-02	6.531445978056678314e-02	-7.782955000493760322e-02	3.916943125966262929e-02	-4.080341516046422090e-02	7.066592084825504272e-02	-6.435230002381138459e-02	7.764220468537738618e-02	-5.933254866604473765e-01	1.168910583789748436e-01	-8.427306413788383799e-02	7.770831192066063320e-02	-7.034921616971810676e-02	9.999999999999976685e-01	-1.192245778160759551e-01	9.092494364652592420e-02	-8.019477533713513517e-02	6.712274778545369858e-02	-7.266995179533703997e-01	1.427585552600894869e-01	-9.778197214403951121e-02	8.194832043101346608e-02	-8.627373346520851582e-02	1.523992600149900178e-01	-9.797555438887323165e-02	9.772575773859773496e-02	-6.973373838743944508e-02	6.019444646078331990e-02	-8.076505926138990987e-02	8.694962896499561222e-02	-7.843147806165555458e-02	7.078049643747347242e-02	-7.275347105209566123e-02	1.001142050814189527e-01	-6.555696153093103218e-02	6.871735538757105244e-02	-6.953233201319432288e-02	6.505002956158034699e-02	-1.061285782240912051e-01	8.421918247174450811e-02	-6.141870313686925709e-02	6.198295642075370149e-02	-9.915521884816430598e-02
6.824281228876605265e-02	-7.565808100584055229e-02	1.253276371376162157e-01	-1.320434720758915381e-01	1.480747590990106333e-01	-6.539388170090107422e-02	8.047886191889384866e-02	-1.726146229426667178e-01	1.504918777591832957e-01	-1.642777180032118367e-01	1.866883779863499349e-01	-8.195813911640642546e-01	2.549501500411591182e-01	-2.091855981086384597e-01	1.498749115452627512e-01	-1.192245778160759551e-01	9.999999999999993339e-01	-3.095239398799597974e-01	1.919603063333323312e-01	-1.455975969873657405e-01	1.403327418592230647e-01	-2.123009191835829312e-01	1.732092564960688863e-01	-1.693894878956817840e-01	1.620568755003699846e-01	-1.578948947380846568e-01	1.290062553486646946e-01	-1.453978685950694238e-01	1.109235102604208684e-01	-9.733290946329030413e-02	9.280887463890100109e-02	-1.100508785743245094e-01	1.040043527481818858e-01	-9.227548987172957962e-02	9.961174410228440523e-02	-1.139812244142011377e-01	8.138953004805582481e-02	-8.567363830445488826e-02	8.946186823666958665e-02	-8.807958373467086877e-02	1.246230374365284443e-01	-1.011864913209925138e-01	7.558412092349006683e-02	-7.685400204975585681e-02	1.226855092388856594e-01
-7.482349729571326213e-02	8.141286822780222088e-02	-1.491599395912558967e-01	1.427624316534817639e-01	-1.773474637581415880e-01	6.800835436192430306e-02	-8.735458968473892860e-02	1.980861868720204533e-01	-1.916937923030578306e-01	1.860128863093233609e-01	-1.615500004313536742e-01	2.334038043207023738e-01	-4.627643993443860682e-01	2.640265266306521252e-01	-2.172990425791659908e-01	9.092494364652592420e-02	-3.095239398799597974e-01	9.999999999999990008e-01	-5.575966482911443034e-01	2.028790473153368190e-01	-1.354433255481796716e-01	2.487023321171294710e-01	-3.947525992871601108e-01	2.774501403600320160e-01	-2.576525230337168293e-01	1.661949084104510921e-01	-1.656935148297690730e-01	1.948198121315700138e-01	-1.575538910003771720e-01	1.331261253347860996e-01	-1.048697798719315927e-01	1.288254738736030747e-01	-1.309168423906920953e-01	1.091255946287143924e-01	-1.233469916612856127e-01	1.226315197759157843e-01	-9.441211854482946253e-02	9.795064720672366776e-02	-1.066581201306494447e-01	1.055856389544959362e-01	-1.399277229809318956e-01	1.117491401549852437e-01	-8.642420379809444275e-02	8.750603554743517642e-02	-1.416535521113237439e-01
6.810012497312659119e-02	-7.515934679931982054e-02	1.335532985671087358e-01	-1.393361447750269266e-01	1.650954690575645312e-01	-6.299054014237415178e-02	7.892129156621176256e-02	-1.857223924184636388e-01	1.863824907983526735e-01	-1.974942406613192925e-01	1.416084453353492478e-01	-1.865683584530641592e-01	2.621080991932301374e-01	-3.329680198273211045e-01	2.307052609739971838e-01	-8.019477533713513517e-02	1.919603063333323312e-01	-5.575966482911443034e-01	9.999999999999990008e-01	-2.968759244560903454e-01	1.199291831409251968e-01	-2.404336062242957428e-01	2.557155895084221586e-01	-5.477939679646456339e-01	2.819885143359313062e-01	-1.619701820246759461e-01	1.502813503574084164e-01	-1.841415936006563225e-01	1.616334918744322113e-01	-1.460871619580661751e-01	9.967491756986451845e-02	-1.230948600404701276e-01	1.209010184552381656e-01	-1.053370650502710448e-01	1.201224179535958503e-01	-1.188442921953453690e-01	8.953468872549139035e-02	-9.414755702460614328e-02	1.010115023008573421e-01	-1.052136199450159626e-01	1.311196015266117010e-01	-1.076902501462985440e-01	8.201066800353185027e-02	-8.390010878976189579e-02	1.333116433958237701e-01
-6.445080913200355865e-02	6.935754422354629967e-02	-1.281228722814979903e-01	1.303197283857123467e-01	-1.814561993344154522e-01	5.763856527505113042e-02	-7.319608592540753633e-02	1.556314262068572152e-01	-1.790599239787645514e-01	2.116736673690488013e-01	-1.226504914035186772e-01	1.348535514547080927e-01	-2.007173065387319877e-01	2.343060292685835155e-01	-7.270242004519616996e-01	6.712274778545369858e-02	-1.455975969873657405e-01	2.028790473153368190e-01	-2.968759244560903454e-01	9.999999999999980016e-01	-1.019625360044876528e-01	1.675547995422468073e-01	-1.629019339643983100e-01	2.402109705313464905e-01	-4.500814962725480095e-01	1.338856004306191727e-01	-1.166227325235108248e-01	1.356783157170273202e-01	-1.545893060519582529e-01	1.446875250436970295e-01	-8.268547298780502819e-02	9.983868622810047888e-02	-9.803930365812330017e-02	8.859807037022200682e-02	-1.138682451475470508e-01	9.999553082936518678e-02	-7.522389612856557328e-02	7.917687917682927901e-02	-8.637366145542894891e-02	9.605039429842780752e-02	-1.137611116645700637e-01	9.308302604826498849e-02	-7.121387530939912724e-02	7.293457088833948943e-02	-1.190712929114235707e-01
5.335727046746508578e-02	-5.394751617603682492e-02	8.776936319435951761e-02	-9.859984462311049969e-02	1.176556746020974570e-01	-5.142255936608285116e-02	5.650390865748534941e-02	-1.045710139975842973e-01	9.554155746447519360e-02	-1.177808136460065519e-01	3.251421301181366963e-01	-1.455508452337733738e-01	1.201744601401421725e-01	-1.152106425052269872e-01	1.057529901735186212e-01	-7.266995179533703997e-01	1.403327418592230647e-01	-1.354433255481796716e-01	1.199291831409251968e-01	-1.019625360044876528e-01	9.999999999999993339e-01	-2.486373313449461442e-01	1.514825316150434364e-01	-1.266327051219013622e-01	1.314367943388726201e-01	-2.632229134629312517e-01	1.568233770927343063e-01	-1.573240877609499155e-01	1.085687920510905735e-01	-9.413625179384238484e-02	1.311094025011112496e-01	-1.410454131674866440e-01	1.251989433187757905e-01	-1.135903776578944119e-01	1.145069165540855832e-01	-1.643380065419670633e-01	1.052779689811433744e-01	-1.107643436310964263e-01	1.108318673830224754e-01	-1.031137381838463235e-01	1.690823582827200855e-01	-1.355403465218942560e-01	9.804300135438512309e-02	-9.917840329711913316e-02	1.571167190019630566e-01
-6.726228041241356925e-02	6.977364045259379366e-02	-1.238871452119983396e-01	1.257966910982541986e-01	-1.653016100321018367e-01	6.079707761032085434e-02	-7.404089733189324340e-02	1.457627954322493757e-01	-1.432701666723148470e-01	1.589915954260841535e-01	-2.345503789946771778e-01	1.730168392251796583e-01	-2.052039837807760336e-01	1.760534895769307884e-01	-1.811882671939449851e-01	1.427585552600894869e-01	-2.123009191835829312e-01	2.487023321171294710e-01	-2.404336062242957428e-01	1.675547995422468073e-01	-2.486373313449461442e-01	9.999999999999987788e-01	-6.026544772722592924e-01	2.433503242413054546e-01	-2.611142931875886086e-01	2.547875964274456395e-01	-4.211822064820365252e-01	3.021951116784757918e-01	-1.953111031921329621e-01	1.581724748797691815e-01	-1.709043587210214987e-01	2.147205487094743792e-01	-2.169589958193260393e-01	1.636850588359551606e-01	-1.701562860973986346e-01	1.823170109292434060e-01	-1.498683522267883761e-01	1.488150739524330968e-01	-1.648273814760680411e-01	1.439742329032225043e-01	-2.141397878208465833e-01	1.626167808357793787e-01	-1.296126853674635093e-01	1.286198021559959714e-01	-2.091710532862196548e-01
5.718902601155086834e-02	-6.102018400705157969e-02	1.078850837176199562e-01	-1.114468608521987786e-01	1.388468488973174098e-01	-5.232311051628854570e-02	6.433970653190441980e-02	-1.375078579375564880e-01	1.311401394416533417e-01	-1.451656536175365275e-01	1.616670889561457325e-01	-1.567363575237713247e-01	1.976113421165666684e-01	-1.759767456554539589e-01	1.608349500088430972e-01	-9.778197214403951121e-02	1.732092564960688863e-01	-3.947525992871601108e-01	2.557155895084221586e-01	-1.629019339643983100e-01	1.514825316150434364e-01	-6.026544772722592924e-01	9.999999999999994449e-01	-3.686479072980549110e-01	2.362307572390289212e-01	-2.141586317156451980e-01	2.608830886001292648e-01	-4.364801221369798423e-01	1.752502556861238181e-01	-1.494133657858024711e-01	1.358841948958549317e-01	-1.824021990775473723e-01	1.867897272125539632e-01	-1.440274468521176576e-01	1.373201426108039414e-01	-1.518593665971517681e-01	1.206316667778324914e-01	-1.253784158014934480e-01	1.338919524166579944e-01	-1.202279564843306559e-01	1.630748079372609238e-01	-1.320805735551174587e-01	1.026638231375372190e-01	-1.041764027997300335e-01	1.607421586911664813e-01
-6.166625561464951499e-02	6.609636585675603138e-02	-1.190083061540608694e-01	1.217018843248768856e-01	-1.549418432626071540e-01	5.588145506925937256e-02	-6.979279805252401603e-02	1.485216901703368952e-01	-1.538821804382707326e-01	1.675788729326510296e-01	-1.466955545361465774e-01	1.511077620537830402e-01	-2.085578329883070181e-01	2.086740230269243657e-01	-2.257036592205900472e-01	8.194832043101346608e-02	-1.693894878956817840e-01	2.774501403600320160e-01	-5.477939679646456339e-01	2.402109705313464905e-01	-1.266327051219013622e-01	2.433503242413054546e-01	-3.686479072980549110e-01	9.999999999999985567e-01	-5.634868306804906579e-01	1.683146182142917779e-01	-1.678684064916128038e-01	2.010494401060127223e-01	-2.487983669937932074e-01	1.992170887384120403e-01	-1.068930520574665893e-01	1.324136096842892796e-01	-1.354317940983740254e-01	1.162606182708341429e-01	-1.451390265696768100e-01	1.250905662779666638e-01	-9.742021802165955202e-02	1.016309054322644817e-01	-1.126163042307962436e-01	1.220516431078003255e-01	-1.415402104970198138e-01	1.155668348473486706e-01	-8.960303378648294681e-02	9.165111563862790578e-02	-1.476986072986148368e-01
6.685402965948183951e-02	-7.269028180326102262e-02	1.280027125901679885e-01	-1.400729017674603172e-01	1.682403083863807103e-01	-6.157923581039273508e-02	7.559850650679147965e-02	-1.646992938945689711e-01	1.643451424498375557e-01	-2.068968644550052971e-01	1.530627190657340708e-01	-1.591475420807251795e-01	1.979279074346093625e-01	-2.302298545833060539e-01	2.615552630269381562e-01	-8.627373346520851582e-02	1.620568755003699846e-01	-2.576525230337168293e-01	2.819885143359313062e-01	-4.500814962725480095e-01	1.314367943388726201e-01	-2.611142931875886086e-01	2.362307572390289212e-01	-5.634868306804906579e-01	9.999999999999997780e-01	-1.957854506104943215e-01	1.706877661311372862e-01	-2.108065906387024124e-01	2.482041202285912573e-01	-3.339512684723811020e-01	1.191858601771318416e-01	-1.472041207617571790e-01	1.426704492438651828e-01	-1.317410493599142918e-01	1.699807275047255650e-01	-1.447539120740564400e-01	1.081830062091911765e-01	-1.153496154301331539e-01	1.245588577006537523e-01	-1.510167426144825020e-01	1.555679054736745781e-01	-1.331638297159333240e-01	1.002550651921395447e-01	-1.044474660454533799e-01	1.634657887961038225e-01
-6.213193807270130098e-02	6.269718671423250844e-02	-1.086907495607864621e-01	1.144877509558066553e-01	-1.535728021444767721e-01	5.626227582969071939e-02	-6.625660965493648802e-02	1.227162680530362593e-01	-1.184923897863393166e-01	1.397276498148829760e-01	-2.795704628013601645e-01	1.400597409489574008e-01	-1.496292840140072411e-01	1.394638207621069770e-01	-1.445532461537801794e-01	1.523992600149900178e-01	-1.578948947380846568e-01	1.661949084104510921e-01	-1.619701820246759461e-01	1.338856004306191727e-01	-2.632229134629312517e-01	2.547875964274456395e-01	-2.141586317156451980e-01	1.683146182142917779e-01	-1.957854506104943215e-01	9.999999999999986677e-01	-4.387001709507256653e-01	2.646783318374265059e-01	-1.847224301518909650e-01	1.497956779899106694e-01	-4.647611540642145878e-01	2.856603395560895486e-01	-2.582912550366494586e-01	1.989255314425253662e-01	-2.066203021698761466e-01	2.998069804160020113e-01	-2.085688943284180474e-01	1.950091757848058938e-01	-2.111831705284959171e-01	1.743527023373045715e-01	-3.594568396713256342e-01	2.248222540130970781e-01	-1.804523306237741376e-01	1.718677348323360277e-01	-2.931030104401936009e-01
4.725644309645034291e-02	-4.902549975490178708e-02	8.578924880545935050e-02	-9.031364004822148295e-02	1.164352664789957692e-01	-4.297361783237239885e-02	5.162906610755350900e-02	-1.017126026953835138e-01	9.790171606129827175e-02	-1.136879397787041168e-01	1.681959779296072210e-01	-1.156376530429610583e-01	1.306086219850741414e-01	-1.210445465042743057e-01	1.206736929301343159e-01	-9.797555438887323165e-02	1.290062553486646946e-01	-1.656935148297690730e-01	1.502813503574084164e-01	-1.166227325235108248e-01	1.568233770927343063e-01	-4.211822064820365252e-01	2.608830886001292648e-01	-1.678684064916128038e-01	1.706877661311372862e-01	-4.387001709507256653e-01	9.999999999999986677e-01	-5.655446713241281120e-01	1.687389929698093205e-01	-1.410113160835600732e-01	2.281881277510596495e-01	-4.240889272030197721e-01	2.701363575768198633e-01	-1.920086753217118969e-01	1.518747906601919939e-01	-2.234386417209034414e-01	1.785142491055794478e-01	-1.785473331625333782e-01	1.758037198929461864e-01	-1.349098338089261273e-01	2.101140481607902122e-01	-1.681652234055762696e-01	1.302563468778588918e-01	-1.302249106467142648e-01	1.918150236064592729e-01
-5.255976168567982887e-02	5.468122675265277288e-02	-9.658510619864454916e-02	1.002113023009747611e-01	-1.303000276444355177e-01	4.757895557302879025e-02	-5.772931042380593375e-02	1.144435644836412774e-01	-1.116489928358958550e-01	1.272281601187094935e-01	-1.756174880649035708e-01	1.273356864845389125e-01	-1.538548181326881703e-01	1.384032850912657597e-01	-1.412932399186616339e-01	9.772575773859773496e-02	-1.453978685950694238e-01	1.948198121315700138e-01	-1.841415936006563225e-01	1.356783157170273202e-01	-1.573240877609499155e-01	3.021951116784757918e-01	-4.364801221369798423e-01	2.010494401060127223e-01	-2.108065906387024124e-01	2.646783318374265059e-01	-5.655446713241281120e-01	9.999999999999997780e-01	-2.547345475583583374e-01	1.770803643198918531e-01	-1.921216105947222696e-01	2.728470998297350958e-01	-4.122816044626464449e-01	2.109354331662334769e-01	-1.765453180390164356e-01	1.928632308465927092e-01	-1.746971288966735758e-01	1.743637549543338994e-01	-2.002435451320746240e-01	1.506891816222688252e-01	-2.122124051740099937e-01	1.681226763095282906e-01	-1.374711657063020787e-01	1.374990012342985068e-01	-2.082126544192845763e-01
4.473114361353169866e-02	-4.760621633403466779e-02	8.326115417888810266e-02	-9.074489546725990341e-02	1.113174142200614586e-01	-4.098655622609129190e-02	4.963857800345089499e-02	-1.027186767539458451e-01	9.983011506509317790e-02	-1.217915176019781776e-01	1.255577085397402426e-01	-1.053997292203712327e-01	1.241958310826360851e-01	-1.303936249669170322e-01	1.337264251563425876e-01	-6.973373838743944508e-02	1.109235102604208684e-01	-1.575538910003771720e-01	1.616334918744322113e-01	-1.545893060519582529e-01	1.085687920510905735e-01	-1.953111031921329621e-01	1.752502556861238181e-01	-2.487983669937932074e-01	2.482041202285912573e-01	-1.847224301518909650e-01	1.687389929698093205e-01	-2.547345475583583374e-01	9.999999999999984457e-01	-7.981557505225569393e-01	1.159861824013320303e-01	-1.496279492467797179e-01	1.540489509636045751e-01	-1.627704789743578129e-01	2.350293521539424668e-01	-1.395689852871918601e-01	1.107113865127952179e-01	-1.202188436454752207e-01	1.412795456261249916e-01	-2.208432986891294691e-01	1.481022766700073323e-01	-1.363126165799648237e-01	1.041728175531944633e-01	-1.129085344672844105e-01	1.719364334118247128e-01
-3.930462280778988793e-02	4.164802388780402403e-02	-7.339394701188564629e-02	7.881175309002969032e-02	-9.915746943839780225e-02	3.579594554222138847e-02	-4.356404828507542265e-02	8.923479991795300881e-02	-8.835410366839220597e-02	1.063199307202218336e-01	-1.097102192358194034e-01	9.075999244589574855e-02	-1.096025276179456026e-01	1.137134963588073283e-01	-1.292141195210801397e-01	6.019444646078331990e-02	-9.733290946329030413e-02	1.331261253347860996e-01	-1.460871619580661751e-01	1.446875250436970295e-01	-9.413625179384238484e-02	1.581724748797691815e-01	-1.494133657858024711e-01	1.992170887384120403e-01	-3.339512684723811020e-01	1.497956779899106694e-01	-1.410113160835600732e-01	1.770803643198918531e-01	-7.981557505225569393e-01	1.000000000000002220e+00	-9.677274048494875769e-02	1.221180199387759679e-01	-1.294340297209363444e-01	1.303437406461697978e-01	-3.376672315102263733e-01	1.153572969714280194e-01	-9.399816081185252692e-02	1.005632251892194101e-01	-1.240124991432555585e-01	2.021133542869732735e-01	-1.284858879525489217e-01	1.156373090764697825e-01	-9.122418393059408825e-02	9.790193606791923464e-02	-1.613024475137007641e-01
3.669030409524552672e-02	-3.749266662901827585e-02	6.511395805169094275e-02	-6.936865164459582456e-02	9.107852643107182400e-02	-3.328284641633835056e-02	3.945216635199252225e-02	-7.482168648337987615e-02	7.185079780213111944e-02	-8.542501360921109232e-02	1.468373211342751672e-01	-8.368134637982703461e-02	9.084777936573903978e-02	-8.583866492127442682e-02	8.735305026969659992e-02	-8.076505926138990987e-02	9.280887463890100109e-02	-1.048697798719315927e-01	9.967491756986451845e-02	-8.268547298780502819e-02	1.311094025011112496e-01	-1.709043587210214987e-01	1.358841948958549317e-01	-1.068930520574665893e-01	1.191858601771318416e-01	-4.647611540642145878e-01	2.281881277510596495e-01	-1.921216105947222696e-01	1.159861824013320303e-01	-9.677274048494875769e-02	9.999999999999977796e-01	-4.293096289529305110e-01	2.200960421455381844e-01	-1.674401951756177009e-01	1.306511603997430604e-01	-6.795423038190157028e-01	1.959871505041048956e-01	-1.812655555953161524e-01	1.623726314914891722e-01	-1.165352953917626611e-01	2.449268174400323350e-01	-1.765901290622785558e-01	1.293140450002900621e-01	-1.257468013098975712e-01	1.820267753079926054e-01
-4.257011327909648868e-02	4.372808150527430354e-02	-7.638275489276680208e-02	8.078151888131214486e-02	-1.059874696185432869e-01	3.855250128704486995e-02	-4.604356618714896404e-02	8.832010468973339190e-02	-8.529031926231768479e-02	1.003447481016142562e-01	-1.599624985558818491e-01	9.823425687704710751e-02	-1.098070424127951944e-01	1.027122424485396035e-01	-1.051924350148555620e-01	8.694962896499561222e-02	-1.100508785743245094e-01	1.288254738736030747e-01	-1.230948600404701276e-01	9.983868622810047888e-02	-1.410454131674866440e-01	2.147205487094743792e-01	-1.824021990775473723e-01	1.324136096842892796e-01	-1.472041207617571790e-01	2.856603395560895486e-01	-4.240889272030197721e-01	2.728470998297350958e-01	-1.496279492467797179e-01	1.221180199387759679e-01	-4.293096289529305110e-01	9.999999999999993339e-01	-5.347963597070447550e-01	2.431872375855415880e-01	-1.636683113402265244e-01	2.732175321930215284e-01	-3.380546911894309892e-01	2.463143694000506922e-01	-2.441008893958569459e-01	1.449489293221941366e-01	-2.493052116894713122e-01	2.009851941319926449e-01	-1.618996238403794807e-01	1.561961294928838340e-01	-2.181403560478963888e-01
4.013199597169739286e-02	-4.158340894543331029e-02	7.257011740653382392e-02	-7.733496054962898936e-02	9.954022197710926667e-02	-3.647485391969634144e-02	4.367623395389038515e-02	-8.542431016816630363e-02	8.204674147904737758e-02	-9.696433332799708760e-02	1.417973965591534102e-01	-9.439441301309864363e-02	1.062224804479090096e-01	-1.005202326216725478e-01	1.008701487335182251e-01	-7.843147806165555458e-02	1.040043527481818858e-01	-1.309168423906920953e-01	1.209010184552381656e-01	-9.803930365812330017e-02	1.251989433187757905e-01	-2.169589958193260393e-01	1.867897272125539632e-01	-1.354317940983740254e-01	1.426704492438651828e-01	-2.582912550366494586e-01	2.701363575768198633e-01	-4.122816044626464449e-01	1.540489509636045751e-01	-1.294340297209363444e-01	2.200960421455381844e-01	-5.347963597070447550e-01	1.000000000000001332e+00	-5.057916129960178253e-01	1.615735073547930889e-01	-2.349026612874198228e-01	2.309946895296385028e-01	-2.852438527962317671e-01	2.722013673038461978e-01	-1.514599744462394870e-01	2.091428670989862182e-01	-1.930352384243355091e-01	1.565772022780725914e-01	-1.661879065265939870e-01	2.023928184704906208e-01
-3.670214921701632493e-02	3.785434575334589019e-02	-6.603392732945612131e-02	7.061439835311635049e-02	-9.172327439736606414e-02	3.327463161406808700e-02	-3.974347369079297976e-02	7.664353336678668416e-02	-7.388297068437850446e-02	8.809316973430530995e-02	-1.319026359322181263e-01	8.348730893623626526e-02	-9.339830757450774679e-02	8.921239744290720974e-02	-9.162727784801537323e-02	7.078049643747347242e-02	-9.227548987172957962e-02	1.091255946287143924e-01	-1.053370650502710448e-01	8.859807037022200682e-02	-1.135903776578944119e-01	1.636850588359551606e-01	-1.440274468521176576e-01	1.162606182708341429e-01	-1.317410493599142918e-01	1.989255314425253662e-01	-1.920086753217118969e-01	2.109354331662334769e-01	-1.627704789743578129e-01	1.303437406461697978e-01	-1.674401951756177009e-01	2.431872375855415880e-01	-5.057916129960178253e-01	1.000000000000001110e+00	-2.109395327600268044e-01	1.806639869274949961e-01	-2.143630966799155158e-01	2.313236976394844879e-01	-6.730885073908737803e-01	1.865236534988534700e-01	-2.095300610198674029e-01	1.937257710083070683e-01	-1.985655942448260047e-01	2.116797528051950761e-01	-2.418185080259536712e-01
