1.000000000000000000e+00	-3.052555233338145602e-01	8.348292309416129042e-02	-1.274574701101533480e-01	7.272061693663872672e-02	-7.661386107753216379e-01	2.229420156606812808e-01	-9.997707404036222656e-02	1.202047124858709320e-01	-7.666218172028176070e-02	3.006309324626096346e-01	-3.323362335483142638e-01	1.292822283908347802e-01	-9.216850114811156458e-02	8.984385298435498823e-02	-2.037287694435892527e-01	1.857697830918876858e-01	-1.046856865551491073e-01	1.054150820170790814e-01	-9.989740356682447198e-02	1.345570902231086330e-01	-1.321877436154887120e-01	9.828929245865218600e-02	-8.926348859253938062e-02	8.431610039836495707e-02	-8.764195904755764377e-02	1.039713692572794002e-01	-1.078358838866643882e-01	9.340556089975680931e-02	-8.657870460083534614e-02	6.963246691145422163e-02	-8.277064129099678813e-02	9.045227125658754364e-02	-7.222192146386545442e-02	5.125618613451826677e-02	-1.025652281504331048e-01	8.388806812887630859e-02	-7.978749766365259011e-02	6.489225685015778677e-02	-4.441037215308094033e-02	9.746066433438231591e-02	-7.098251257215953958e-02	7.920803032851478354e-02	-6.178144117108962108e-02	5.548772411357699719e-02
-3.052555233338145602e-01	1.000000000000000222e+00	-1.403144261950563243e-01	1.157976329838164564e-01	-7.053548983782341464e-02	2.121279099304538007e-01	-8.288631262896600793e-01	1.367315773773266629e-01	-1.212965008142776885e-01	6.781121801271536298e-02	-2.673995548670486389e-01	2.690859717647487437e-01	-1.242720150723381489e-01	8.464105637494197254e-02	-8.179498416811609163e-02	1.428943790054262586e-01	-1.866238474273471670e-01	8.805958751192415057e-02	-9.230374783184745746e-02	8.287124516409416497e-02	-1.105382220410183469e-01	9.830037984751426039e-02	-8.107029300367940561e-02	7.174092250274914651e-02	-6.998449037487423918e-02	6.326407109670383055e-02	-8.121809223510527420e-02	8.223385899229380958e-02	-7.577408231563226293e-02	6.840924696617302347e-02	-5.204582973911289767e-02	6.176134611817448578e-02	-7.072756731730091284e-02	5.585949690222961894e-02	-4.005364403503993559e-02	7.299610990192702265e-02	-6.425452347737407865e-02	6.071999167368157674e-02	-5.051010120422831651e-02	3.428034766881568607e-02	-7.526833073507209482e-02	5.340190451979905106e-02	-6.148851926946403978e-02	4.708553212841980196e-02	-4.321366824417214453e-02
8.348292309416129042e-02	-1.403144261950563243e-01	1.000000000000000444e+00	-3.752751918665659381e-01	1.483685573762602294e-01	-6.203587439649862340e-02	1.154534655120117437e-01	-8.638577746203339736e-01	1.825586492462017985e-01	-1.183023602527796259e-01	7.866510980259638908e-02	-8.936937011752731086e-02	1.227165857094686258e-01	-1.051951512324079546e-01	1.165748869121395609e-01	-5.664157584639829823e-02	6.799861421092320835e-02	-7.923258471768081235e-02	9.141979781864928434e-02	-9.970102266434865967e-02	5.508535355659479466e-02	-5.192784609395051376e-02	6.780886437981938075e-02	-6.351650581306214627e-02	7.275087184865122736e-02	-4.046948472230197519e-02	5.141912482477711821e-02	-6.662449278906396044e-02	6.788108152587572774e-02	-6.757374246548177033e-02	3.470232712149397963e-02	-4.179619646782677805e-02	5.666873633612669325e-02	-4.729778893572632315e-02	3.428096419050898763e-02	-4.968826157823533207e-02	4.517245834018505934e-02	-4.946093077627614076e-02	4.246765319704267488e-02	-2.911814115155901203e-02	6.139143722617813187e-02	-4.305903225581458882e-02	5.101117483076247211e-02	-3.960526625343824964e-02	3.685801449626577297e-02
-1.274574701101533480e-01	1.157976329838164564e-01	-3.752751918665659381e-01	1.000000000000000000e+00	-5.382508361341598047e-01	8.815220590148212243e-02	-1.023168345942644386e-01	2.563348620740120709e-01	-3.912781857119312368e-01	2.830835127174037846e-01	-1.210106523774433646e-01	1.273606848028144278e-01	-2.762453246606106916e-01	2.133803029326538092e-01	-3.030182664469751042e-01	9.646297025379275969e-02	-1.155946947704292044e-01	1.688490958428685851e-01	-2.087789999679963149e-01	2.201993606138029080e-01	-1.053770567044687995e-01	9.933956958639858503e-02	-1.473272537525029680e-01	1.374582882510783644e-01	-1.673843127617437865e-01	8.120197422617446426e-02	-1.045835702047549221e-01	1.397886999348774695e-01	-1.501871999280816605e-01	1.461515829685518242e-01	-7.096834794762095500e-02	8.562565723998841194e-02	-1.213694095168290632e-01	1.014681860226788884e-01	-7.446697729182874537e-02	1.009407812288336675e-01	-9.403512182767193028e-02	1.049441958275603298e-01	-9.170789893766427558e-02	6.267643166832198576e-02	-1.329334067667771735e-01	9.144769221283750860e-02	-1.104749678215184300e-01	8.467033211326735476e-02	-8.008992079843402223e-02
7.272061693663872672e-02	-7.053548983782341464e-02	1.483685573762602294e-01	-5.382508361341598047e-01	1.000000000000000000e+00	-5.204865473722520425e-02	5.985977770475413989e-02	-1.652750339136650481e-01	2.105571374432453347e-01	-7.098561358575626867e-01	7.060595219332892192e-02	-7.752403352248310453e-02	1.576639270172387752e-01	-1.411340856397332033e-01	2.560977878766215188e-01	-5.921541439052669525e-02	6.989543980963068559e-02	-1.142206384731449392e-01	1.353378758271203686e-01	-2.178927863309098600e-01	6.482770407853739869e-02	-6.260308379355145059e-02	9.531872491350407151e-02	-9.341342167621533021e-02	1.186029985912829543e-01	-5.206184744936858538e-02	6.582946991500239486e-02	-9.406794558528727701e-02	9.845205217383007357e-02	-1.116547248865262520e-01	4.500741386608000244e-02	-5.479485028934900914e-02	7.810405360728366053e-02	-6.721437525154889958e-02	4.811977842875053701e-02	-6.504438146332265636e-02	5.949790771051120114e-02	-6.889869447598252761e-02	5.946513670495575526e-02	-4.100131560861148411e-02	8.241352591978959308e-02	-5.888803113185588772e-02	6.970378538356528098e-02	-5.548632598718329645e-02	5.124925495116540441e-02
-7.661386107753216379e-01	2.121279099304538007e-01	-6.203587439649862340e-02	8.815220590148212243e-02	-5.204865473722520425e-02	1.000000000000000222e+00	-2.304156965729672046e-01	7.252315874540921081e-02	-9.014008679209090102e-02	5.429848097624886960e-02	-5.007237855309923935e-01	2.555308334456652952e-01	-9.933812399498828660e-02	6.840892990878069679e-02	-6.526317269874953864e-02	1.696623105732537051e-01	-1.659225863669936130e-01	7.772412213542730097e-02	-7.853451137632562473e-02	7.126140231772760958e-02	-1.136279667639796959e-01	1.016574709621934774e-01	-7.325252010159809257e-02	6.513228503852452889e-02	-6.095206354867740289e-02	6.372460908910808353e-02	-7.885848037853451786e-02	7.760728434885093285e-02	-6.805706278753324845e-02	6.164018564067854505e-02	-5.103570933723927672e-02	6.062198173835801895e-02	-6.579167612738376358e-02	5.180241091165425915e-02	-3.679351849225263871e-02	7.302995760108609014e-02	-6.161397906043881989e-02	5.707223564769593055e-02	-4.666831571250219107e-02	3.174141556864633340e-02	-6.980882048551692587e-02	5.042200834538319160e-02	-5.682807596275442352e-02	4.391800762669963165e-02	-3.972909994020332874e-02
2.229420156606812808e-01	-8.288631262896600793e-01	1.154534655120117437e-01	-1.023168345942644386e-01	5.985977770475413989e-02	-2.304156965729672046e-01	1.000000000000000000e+00	-1.400946661709740471e-01	1.003251651950691908e-01	-5.823493950906245831e-02	2.257054649820716685e-01	-3.967083449621980895e-01	1.062789128158959928e-01	-7.396026600236574322e-02	6.877222585707841451e-02	-1.321531599096491816e-01	1.613698371810763921e-01	-7.595493170811519479e-02	7.727478599695984662e-02	-7.083939486729817769e-02	9.370690649526493277e-02	-8.675983910289725154e-02	6.833277432386183903e-02	-6.087128412865960847e-02	5.860034151203748903e-02	-5.432232963191450242e-02	6.846880954760388438e-02	-6.998257659159275168e-02	6.338127613178308473e-02	-5.800500959669053352e-02	4.403883813664240254e-02	-5.258201633160922844e-02	5.931964620809244970e-02	-4.705502547101145933e-02	3.351488333623879601e-02	-6.243500306268438826e-02	5.394733104711929572e-02	-5.119551320615791518e-02	4.234644511564375491e-02	-2.878745523200304177e-02	6.255401776776581269e-02	-4.488360897905738223e-02	5.125698912870647883e-02	-3.960370888903047559e-02	3.610030910086013678e-02
-9.997707404036222656e-02	1.367315773773266629e-01	-8.638577746203339736e-01	2.563348620740120709e-01	-1.652750339136650481e-01	7.252315874540921081e-02	-1.400946661709740471e-01	1.000000000000000444e+00	-2.592617616947127668e-01	1.251581502500480891e-01	-9.403578977503619651e-02	1.033974250028710518e-01	-1.586488266187727758e-01	1.312738207104180432e-01	-1.408608536744812290e-01	6.737073623106455689e-02	-8.154149481227287999e-02	9.668828160448848796e-02	-1.132750696224205933e-01	1.159378530045798994e-01	-6.656404808173027599e-02	6.241770201657505929e-02	-8.292793062061770692e-02	7.702026950252147119e-02	-8.805032932618409025e-02	4.868138736033363057e-02	-6.223076647875479261e-02	8.023950817369190913e-02	-8.264338897268760920e-02	8.038619760354194510e-02	-4.190765654564743148e-02	5.044976828873137809e-02	-6.876139493967113603e-02	5.716878852488925522e-02	-4.159278566676257588e-02	5.975826649690928888e-02	-5.469766689520500630e-02	5.971067919621089737e-02	-5.148270775366450835e-02	3.522937205806293132e-02	-7.468453843761808930e-02	5.203672022130456654e-02	-6.197952764092312661e-02	4.783749326103876875e-02	-4.474628859559284105e-02
1.202047124858709320e-01	-1.212965008142776885e-01	1.825586492462017985e-01	-3.912781857119312368e-01	2.105571374432453347e-01	-9.014008679209090102e-02	1.003251651950691908e-01	-2.592617616947127668e-01	1.000000000000000000e+00	-2.731838280462488555e-01	1.208445454709165673e-01	-1.455679983134914590e-01	3.125235108398117800e-01	-6.006169039252318154e-01	2.501727491221507615e-01	-1.049781612695566968e-01	1.213678387181774815e-01	-2.180660221452310199e-01	2.165688475282998571e-01	-2.657260176606293656e-01	1.106498850517376453e-01	-1.095055343411790866e-01	1.614484882777570407e-01	-1.583738036027445006e-01	1.674768587736934489e-01	-9.165082763605716942e-02	1.128265441827318999e-01	-1.662834272761974652e-01	1.583241498416836646e-01	-1.732335473574848905e-01	7.804195853377919601e-02	-9.504703254533107548e-02	1.324801356740718805e-01	-1.142834232408751344e-01	8.055946587562240468e-02	-1.149351387583125161e-01	1.019324996499144237e-01	-1.192556380195571447e-01	1.002489784768190312e-01	-6.966453986303632051e-02	1.395382925378828021e-01	-1.022443573611317436e-01	1.177667395802912131e-01	-9.559253069215074838e-02	8.616306575137469559e-02
-7.666218172028176070e-02	6.781121801271536298e-02	-1.183023602527796259e-01	2.830835127174037846e-01	-7.098561358575626867e-01	5.429848097624886960e-02	-5.823493950906245831e-02	1.251581502500480891e-01	-2.731838280462488555e-01	1.000000000000000444e+00	-7.510019491368648270e-02	8.185048758685195547e-02	-1.906719204602916884e-01	1.713780121091787734e-01	-4.843193473789033088e-01	6.344394392649514713e-02	-7.537182807099288007e-02	1.277768727070992538e-01	-1.588430492268601280e-01	2.333033959347632913e-01	-7.036916189399769483e-02	6.777674792591699415e-02	-1.067608027062526693e-01	1.034025225918123458e-01	-1.374035224106200659e-01	5.599632093578618686e-02	-7.139951947717153302e-02	1.017173455401096244e-01	-1.095102450620128176e-01	1.194947944847457172e-01	-4.856431535806574745e-02	5.921971479353221879e-02	-8.520298059786862721e-02	7.299427371550697152e-02	-5.244447075870400238e-02	6.980235867330539246e-02	-6.442567560004140714e-02	7.437543934136398027e-02	-6.477697030280762935e-02	4.445020117118948788e-02	-8.914743357353338560e-02	6.334458813742797900e-02	-7.563724018436157603e-02	5.987414703333712035e-02	-5.573171436145362562e-02
3.006309324626096346e-01	-2.673995548670486389e-01	7.866510980259638908e-02	-1.210106523774433646e-01	7.060595219332892192e-02	-5.007237855309923935e-01	2.257054649820716685e-01	-9.403578977503619651e-02	1.208445454709165673e-01	-7.510019491368648270e-02	1.000000000000000444e+00	-5.800524613763675674e-01	1.415412684115187336e-01	-9.876368496490628424e-02	8.988374834877203845e-02	-3.824711374370365902e-01	2.725682463879543493e-01	-1.147090701052598111e-01	1.109382617857578995e-01	-1.006229568233593802e-01	1.793863565312872888e-01	-1.685533690149375041e-01	1.060741927923051220e-01	-9.430956577849602951e-02	8.511811944593322687e-02	-9.671961157997423231e-02	1.170898403186403647e-01	-1.130388272012056855e-01	9.608157705657459358e-02	-8.734253506121839039e-02	7.522430069787058859e-02	-9.048085059343151382e-02	9.393563882165817391e-02	-7.379425328847043219e-02	5.179693407142853950e-02	-1.083990730254553170e-01	8.923023987969563864e-02	-8.154872495720084935e-02	6.605283931992596280e-02	-4.488568027575819824e-02	9.730166144496533998e-02	-7.147212990441915992e-02	7.960205699345655750e-02	-6.213825205165093152e-02	5.571787543822579597e-02
-3.323362335483142638e-01	2.690859717647487437e-01	-8.936937011752731086e-02	1.273606848028144278e-01	-7.752403352248310453e-02	2.555308334456652952e-01	-3.967083449621980895e-01	1.033974250028710518e-01	-1.455679983134914590e-01	8.185048758685195547e-02	-5.800524613763675674e-01	1.000000000000000222e+00	-2.036595181266136201e-01	1.208583219579979495e-01	-1.011896800725723272e-01	2.661683274414631817e-01	-4.415909807400076881e-01	1.306345305509346022e-01	-1.271634129796737345e-01	1.093811897241901143e-01	-1.818669065311414312e-01	1.629142653262328211e-01	-1.159628559599721054e-01	1.005411934454185086e-01	-9.180307492331195307e-02	9.368426785187593253e-02	-1.211677356219167251e-01	1.157959166009116247e-01	-1.026840680765280928e-01	9.195165777038726007e-02	-7.522358601014579593e-02	9.010541177161451865e-02	-9.771524146119209275e-02	7.637601572422082763e-02	-5.392154081685701650e-02	1.050298745460661182e-01	-9.115235230188462046e-02	8.342451964561871380e-02	-6.858415445774904140e-02	4.639190111165775871e-02	-1.003343720197247685e-01	7.255708662858006974e-02	-8.243193145756522178e-02	6.374594007716535837e-02	-5.786482908551002224e-02
1.292822283908347802e-01	-1.242720150723381489e-01	1.227165857094686258e-01	-2.762453246606106916e-01	1.576639270172387752e-01	-9.933812399498828660e-02	1.062789128158959928e-01	-1.586488266187727758e-01	3.125235108398117800e-01	-1.906719204602916884e-01	1.415412684115187336e-01	-2.036595181266136201e-01	1.000000000000002887e+00	-6.479611652359732465e-01	2.252699637586058068e-01	-1.209343519273318041e-01	1.431111326578222154e-01	-3.686574998488091337e-01	2.568023704234629889e-01	-2.580706171381052516e-01	1.204458853156878811e-01	-1.211933249134458102e-01	1.935775397401935660e-01	-1.803984589622493750e-01	1.653325275771261871e-01	-9.494034071835055766e-02	1.179692262304561229e-01	-1.787978198051202450e-01	1.655524276329226330e-01	-1.723472786676451540e-01	7.992327701222631808e-02	-9.849701066960844797e-02	1.370994275525578565e-01	-1.173124901906961309e-01	8.099646029199901454e-02	-1.170463521721314126e-01	1.039664514525449474e-01	-1.211906736618277164e-01	1.016793654782624512e-01	-7.015961225281609759e-02	1.358041926294299984e-01	-1.013440366067813042e-01	1.165511418842000990e-01	-9.565270950337559364e-02	8.576739861738676141e-02
-9.216850114811156458e-02	8.464105637494197254e-02	-1.051951512324079546e-01	2.133803029326538092e-01	-1.411340856397332033e-01	6.840892990878069679e-02	-7.396026600236574322e-02	1.312738207104180432e-01	-6.006169039252318154e-01	1.713780121091787734e-01	-9.876368496490628424e-02	1.208583219579979495e-01	-6.479611652359732465e-01	1.000000000000001332e+00	-2.709823331281164260e-01	8.229549249524335808e-02	-9.915098517784627641e-02	2.055380205006564764e-01	-2.283405638519504510e-01	2.092104735068006094e-01	-8.533258313169693465e-02	8.422494498188938528e-02	-1.393056194299854000e-01	1.294626654899520557e-01	-1.289081336967502212e-01	6.655650647286805166e-02	-8.377519174091513365e-02	1.240832539459007650e-01	-1.224726375051582578e-01	1.266805607040101256e-01	-5.652517094023117028e-02	6.953749063876792091e-02	-9.817269119203844707e-02	8.384378584976083515e-02	-5.841056583838543509e-02	8.212510119858588975e-02	-7.400878826365493712e-02	8.586704475693299199e-02	-7.308437725221109127e-02	5.021618625552246029e-02	-9.733373571299377969e-02	7.183264247970570782e-02	-8.362248716849657315e-02	6.808005436150089962e-02	-6.172952588820141556e-02
8.984385298435498823e-02	-8.179498416811609163e-02	1.165748869121395609e-01	-3.030182664469751042e-01	2.560977878766215188e-01	-6.526317269874953864e-02	6.877222585707841451e-02	-1.408608536744812290e-01	2.501727491221507615e-01	-4.843193473789033088e-01	8.988374834877203845e-02	-1.011896800725723272e-01	2.252699637586058068e-01	-2.709823331281164260e-01	1.000000000000002887e+00	-7.999455737424848722e-02	9.385573646490545652e-02	-1.846551777258736704e-01	2.189207794882900016e-01	-6.269416070362903159e-01	8.916704603286343400e-02	-8.801896268344232277e-02	1.438336154811701850e-01	-1.479164870475397076e-01	2.039384624845079486e-01	-7.352409144251950690e-02	9.238904456587392067e-02	-1.411713695260865820e-01	1.487887667109654422e-01	-1.922088552243569615e-01	6.311855319102505080e-02	-7.779638398481848738e-02	1.128349705232530309e-01	-9.969493362820100457e-02	6.969535178758974603e-02	-9.192502159235341197e-02	8.364629432878320503e-02	-1.002231768253534216e-01	8.638146334724623732e-02	-5.976142771956557964e-02	1.130468125578948518e-01	-8.340693375707787516e-02	9.781619043532127633e-02	-8.039899707575362542e-02	7.319028703922632328e-02
-2.037287694435892527e-01	1.428943790054262586e-01	-5.664157584639829823e-02	9.646297025379275969e-02	-5.921541439052669525e-02	1.696623105732537051e-01	-1.321531599096491816e-01	6.737073623106455689e-02	-1.049781612695566968e-01	6.344394392649514713e-02	-3.824711374370365902e-01	2.661683274414631817e-01	-1.209343519273318041e-01	8.229549249524335808e-02	-7.999455737424848722e-02	1.000000000000000666e+00	-6.834497682866320645e-01	1.213534869486267570e-01	-1.147020584529092613e-01	9.097604345762762279e-02	-4.541986252203947805e-01	2.569047408460806703e-01	-1.209632967317692126e-01	9.980974155761923594e-02	-8.264671514957586118e-02	1.175924369915446049e-01	-1.564436160977458745e-01	1.204831513013266409e-01	-9.938528726745884945e-02	8.408181381302827495e-02	-9.025344746116974182e-02	1.079635215729658343e-01	-1.013610859235534178e-01	7.577456495759123112e-02	-5.253767486866000452e-02	1.204530268908910184e-01	-1.034767131696161246e-01	8.457408664938559362e-02	-6.799042386838911878e-02	4.541759989989741647e-02	-9.890460223698541165e-02	7.274386785800174282e-02	-8.106928074110575366e-02	6.240714384500074818e-02	-5.606193534535335726e-02
1.857697830918876858e-01	-1.866238474273471670e-01	6.799861421092320835e-02	-1.155946947704292044e-01	6.989543980963068559e-02	-1.659225863669936130e-01	1.613698371810763921e-01	-8.154149481227287999e-02	1.213678387181774815e-01	-7.537182807099288007e-02	2.725682463879543493e-01	-4.415909807400076881e-01	1.431111326578222154e-01	-9.915098517784627641e-02	9.385573646490545652e-02	-6.834497682866320645e-01	1.000000000000001998e+00	-1.605131573323160254e-01	1.349731245915492261e-01	-1.085674630932731699e-01	2.740290892750671947e-01	-3.237972960343342699e-01	1.392212099583449714e-01	-1.181586850043294945e-01	9.585943374148803153e-02	-1.335372605275207403e-01	1.664631882694466714e-01	-1.415111107805460122e-01	1.141334164415580277e-01	-9.895174632883639576e-02	9.935449841979926422e-02	-1.238185444660268864e-01	1.152286686049612402e-01	-8.780220686547761388e-02	6.039986379898913682e-02	-1.407243645525746434e-01	1.148498880920509058e-01	-9.775344686575494768e-02	7.810993345939853949e-02	-5.248266872800127353e-02	1.122632726184626395e-01	-8.394640862472529941e-02	9.248077720524103262e-02	-7.229581117266054013e-02	6.439160123062179220e-02
-1.046856865551491073e-01	8.805958751192415057e-02	-7.923258471768081235e-02	1.688490958428685851e-01	-1.142206384731449392e-01	7.772412213542730097e-02	-7.595493170811519479e-02	9.668828160448848796e-02	-2.180660221452310199e-01	1.277768727070992538e-01	-1.147090701052598111e-01	1.306345305509346022e-01	-3.686574998488091337e-01	2.055380205006564764e-01	-1.846551777258736704e-01	1.213534869486267570e-01	-1.605131573323160254e-01	9.999999999999987788e-01	-6.519847424343192532e-01	2.236737631537237259e-01	-1.381859904039729470e-01	1.420084493730796316e-01	-4.714320888190974834e-01	2.680230834105986060e-01	-1.795298582068681759e-01	9.791243612500107052e-02	-1.315014322437384198e-01	2.113564766045145094e-01	-2.152086971970453289e-01	1.713724490070155648e-01	-8.281062626294317941e-02	1.055490762261025867e-01	-1.605723707794977917e-01	1.299690162487542044e-01	-8.695562647645239951e-02	1.168808123111840652e-01	-1.099899825902829753e-01	1.276429381824170373e-01	-1.112795809607696890e-01	7.394807859359728286e-02	-1.312188594923896778e-01	9.954832002482474906e-02	-1.188118753812270889e-01	9.762815173171628114e-02	-8.915978536699709078e-02
1.054150820170790814e-01	-9.230374783184745746e-02	9.141979781864928434e-02	-2.087789999679963149e-01	1.353378758271203686e-01	-7.853451137632562473e-02	7.727478599695984662e-02	-1.132750696224205933e-01	2.165688475282998571e-01	-1.588430492268601280e-01	1.109382617857578995e-01	-1.271634129796737345e-01	2.568023704234629889e-01	-2.283405638519504510e-01	2.189207794882900016e-01	-1.147020584529092613e-01	1.349731245915492261e-01	-6.519847424343192532e-01	1.000000000000001776e+00	-3.797882684223007344e-01	1.281400861464621899e-01	-1.346065642173000787e-01	2.875541377409571719e-01	-3.605634247663594416e-01	2.103496841566643571e-01	-1.031322131160829214e-01	1.311875511076631973e-01	-2.286777623492239064e-01	2.273714704308656687e-01	-2.152789165356863432e-01	8.680112498273560850e-02	-1.103971041671355097e-01	1.643787402650634388e-01	-1.463356678092080643e-01	9.549878768748489011e-02	-1.261917767788106326e-01	1.150394830811684310e-01	-1.418512509484334549e-01	1.213986113506302089e-01	-8.268825100924480365e-02	1.429477257211042296e-01	-1.107777923509703638e-01	1.289464548995138404e-01	-1.099186233843292143e-01	9.805570781314092155e-02
-9.989740356682447198e-02	8.287124516409416497e-02	-9.970102266434865967e-02	2.201993606138029080e-01	-2.178927863309098600e-01	7.126140231772760958e-02	-7.083939486729817769e-02	1.159378530045798994e-01	-2.657260176606293656e-01	2.333033959347632913e-01	-1.006229568233593802e-01	1.093811897241901143e-01	-2.580706171381052516e-01	2.092104735068006094e-01	-6.269416070362903159e-01	9.097604345762762279e-02	-1.085674630932731699e-01	2.236737631537237259e-01	-3.797882684223007344e-01	1.000000000000003997e+00	-1.054082589591046754e-01	1.031752778548866156e-01	-1.871083929752758446e-01	1.908432305010184238e-01	-3.887616530056031694e-01	8.444764879601367180e-02	-1.088869127662711322e-01	1.647962161953405169e-01	-1.968972731039587143e-01	2.376408813113430885e-01	-7.318076431066181109e-02	9.075760067838520295e-02	-1.358348431957879243e-01	1.196187017954632031e-01	-8.440027472121307273e-02	1.048738367199001792e-01	-9.812089611413263301e-02	1.169398716085056356e-01	-1.043414128650951428e-01	7.108246849699428882e-02	-1.314047929863370601e-01	9.578457448834157284e-02	-1.154805842125783966e-01	9.396735243920481540e-02	-8.759038859338186267e-02
1.345570902231086330e-01	-1.105382220410183469e-01	5.508535355659479466e-02	-1.053770567044687995e-01	6.482770407853739869e-02	-1.136279667639796959e-01	9.370690649526493277e-02	-6.656404808173027599e-02	1.106498850517376453e-01	-7.036916189399769483e-02	1.793863565312872888e-01	-1.818669065311414312e-01	1.204458853156878811e-01	-8.533258313169693465e-02	8.916704603286343400e-02	-4.541986252203947805e-01	2.740290892750671947e-01	-1.381859904039729470e-01	1.281400861464621899e-01	-1.054082589591046754e-01	1.000000000000002220e+00	-7.016239372188137757e-01	1.631485892288944139e-01	-1.360474816711180479e-01	1.011897421426831284e-01	-2.148102619909102451e-01	2.493540700072153504e-01	-1.745736520064753716e-01	1.283262821892183492e-01	-1.063932248908379674e-01	1.439614632772451830e-01	-1.803775604393505483e-01	1.409100226755850005e-01	-1.028623558298672191e-01	6.953903057470955940e-02	-1.953271560656216765e-01	1.543499750158226491e-01	-1.178088407994026532e-01	9.150471255033806872e-02	-6.079191069392921032e-02	1.324651038140614023e-01	-1.005494147233824270e-01	1.081572454592592269e-01	-8.386451581745724138e-02	7.388777040612445890e-02
-1.321877436154887120e-01	9.830037984751426039e-02	-5.192784609395051376e-02	9.933956958639858503e-02	-6.260308379355145059e-02	1.016574709621934774e-01	-8.675983910289725154e-02	6.241770201657505929e-02	-1.095055343411790866e-01	6.777674792591699415e-02	-1.685533690149375041e-01	1.629142653262328211e-01	-1.211933249134458102e-01	8.422494498188938528e-02	-8.801896268344232277e-02	2.569047408460806703e-01	-3.237972960343342699e-01	1.420084493730796316e-01	-1.346065642173000787e-01	1.031752778548866156e-01	-7.016239372188137757e-01	1.000000000000000000e+00	-2.139156336063134101e-01	1.431038187838122311e-01	-1.027366946807980602e-01	1.930322469655379181e-01	-4.303699568058416691e-01	1.770287843734698885e-01	-1.354241312230811400e-01	1.051605864792032191e-01	-1.460577420945441962e-01	1.893199926978695602e-01	-1.496614803580140762e-01	1.032118827361828972e-01	-6.989259417305403177e-02	1.778711364795541594e-01	-1.711227355921478288e-01	1.173531009528069463e-01	-9.262166283050325688e-02	6.042177437635942033e-02	-1.308396781280855015e-01	9.736131077779222598e-02	-1.082864496269654031e-01	8.232672611350369540e-02	-7.368714724937511229e-02
9.828929245865218600e-02	-8.107029300367940561e-02	6.780886437981938075e-02	-1.473272537525029680e-01	9.531872491350407151e-02	-7.325252010159809257e-02	6.833277432386183903e-02	-8.292793062061770692e-02	1.614484882777570407e-01	-1.067608027062526693e-01	1.060741927923051220e-01	-1.159628559599721054e-01	1.935775397401935660e-01	-1.393056194299854000e-01	1.438336154811701850e-01	-1.209632967317692126e-01	1.392212099583449714e-01	-4.714320888190974834e-01	2.875541377409571719e-01	-1.871083929752758446e-01	1.631485892288944139e-01	-2.139156336063134101e-01	1.000000000000002887e+00	-5.973365951444584709e-01	1.907788298401339733e-01	-1.201625845948167542e-01	1.646526352593148390e-01	-3.963314071051612375e-01	2.760420150278481422e-01	-2.034458974370970674e-01	9.920187516958614560e-02	-1.333664294571083042e-01	2.115508824404813137e-01	-1.717756180533698551e-01	1.055099909599704067e-01	-1.404176489308074927e-01	1.326378659183468367e-01	-1.643492046485549585e-01	1.384683602457871809e-01	-9.139001443309772987e-02	1.476219072004071320e-01	-1.184175796108578593e-01	1.394640997863230703e-01	-1.191802476376801478e-01	1.057804613099925517e-01
-8.926348859253938062e-02	7.174092250274914651e-02	-6.351650581306214627e-02	1.374582882510783644e-01	-9.341342167621533021e-02	6.513228503852452889e-02	-6.087128412865960847e-02	7.702026950252147119e-02	-1.583738036027445006e-01	1.034025225918123458e-01	-9.430956577849602951e-02	1.005411934454185086e-01	-1.803984589622493750e-01	1.294626654899520557e-01	-1.479164870475397076e-01	9.980974155761923594e-02	-1.181586850043294945e-01	2.680230834105986060e-01	-3.605634247663594416e-01	1.908432305010184238e-01	-1.360474816711180479e-01	1.431038187838122311e-01	-5.973365951444584709e-01	1.000000000000001110e+00	-2.693191368007698538e-01	1.022974381100324043e-01	-1.401538490228638467e-01	2.551727096464670996e-01	-5.344508538603127690e-01	2.373341680115388097e-01	-8.745905994759282931e-02	1.152694502846338676e-01	-1.953532994345607288e-01	1.852069825365967315e-01	-1.141465766843563906e-01	1.232242243704884388e-01	-1.202227259976141049e-01	1.538178639011059945e-01	-1.497106975359846492e-01	9.435175016619939958e-02	-1.400037061840202490e-01	1.103549820966691769e-01	-1.351674247047730537e-01	1.184466813553381459e-01	-1.094058511519433591e-01
8.431610039836495707e-02	-6.998449037487423918e-02	7.275087184865122736e-02	-1.673843127617437865e-01	1.186029985912829543e-01	-6.095206354867740289e-02	5.860034151203748903e-02	-8.805032932618409025e-02	1.674768587736934489e-01	-1.374035224106200659e-01	8.511811944593322687e-02	-9.180307492331195307e-02	1.653325275771261871e-01	-1.289081336967502212e-01	2.039384624845079486e-01	-8.264671514957586118e-02	9.585943374148803153e-02	-1.795298582068681759e-01	2.103496841566643571e-01	-3.887616530056031694e-01	1.011897421426831284e-01	-1.027366946807980602e-01	1.907788298401339733e-01	-2.693191368007698538e-01	1.000000000000002665e+00	-8.857881697187347525e-02	1.119388887745183248e-01	-1.968162964553068772e-01	2.618266892902003096e-01	-7.518023708932479732e-01	7.609329406571896381e-02	-9.688247699421111137e-02	1.511214914568368428e-01	-1.508832075783513305e-01	1.009186958140141782e-01	-1.113361412802261613e-01	1.032043316262385990e-01	-1.363113388691468697e-01	1.225709115723630366e-01	-8.638750082666364627e-02	1.343375202170845883e-01	-1.049664917710877304e-01	1.238888088539023269e-01	-1.106003429903111013e-01	9.935738356657047854e-02
-8.764195904755764377e-02	6.326407109670383055e-02	-4.046948472230197519e-02	8.120197422617446426e-02	-5.206184744936858538e-02	6.372460908910808353e-02	-5.432232963191450242e-02	4.868138736033363057e-02	-9.165082763605716942e-02	5.599632093578618686e-02	-9.671961157997423231e-02	9.368426785187593253e-02	-9.494034071835055766e-02	6.655650647286805166e-02	-7.352409144251950690e-02	1.175924369915446049e-01	-1.335372605275207403e-01	9.791243612500107052e-02	-1.031322131160829214e-01	8.444764879601367180e-02	-2.148102619909102451e-01	1.930322469655379181e-01	-1.201625845948167542e-01	1.022974381100324043e-01	-8.857881697187347525e-02	1.000000000000000222e+00	-4.501582391963129259e-01	1.611264723515014319e-01	-1.179619726284970027e-01	9.028877470727626753e-02	-7.190273814182251977e-01	2.331839692723216562e-01	-1.607167187744783787e-01	1.024736852614964860e-01	-7.171160347532459789e-02	2.963894448734123999e-01	-2.640530127349924872e-01	1.276605281955896232e-01	-9.703198076317705312e-02	6.185739056361903160e-02	-1.778159567152740039e-01	1.163088996359780275e-01	-1.259158965211962244e-01	8.569697634875091119e-02	-7.734360745863341768e-02
1.039713692572794002e-01	-8.121809223510527420e-02	5.141912482477711821e-02	-1.045835702047549221e-01	6.582946991500239486e-02	-7.885848037853451786e-02	6.846880954760388438e-02	-6.223076647875479261e-02	1.128265441827318999e-01	-7.139951947717153302e-02	1.170898403186403647e-01	-1.211677356219167251e-01	1.179692262304561229e-01	-8.377519174091513365e-02	9.238904456587392067e-02	-1.564436160977458745e-01	1.664631882694466714e-01	-1.315014322437384198e-01	1.311875511076631973e-01	-1.088869127662711322e-01	2.493540700072153504e-01	-4.303699568058416691e-01	1.646526352593148390e-01	-1.401538490228638467e-01	1.119388887745183248e-01	-4.501582391963129259e-01	9.999999999999994449e-01	-2.655461076369013407e-01	1.516883869293584597e-01	-1.180118575669237696e-01	2.535015179631628923e-01	-5.063564045247861412e-01	2.134511652444353869e-01	-1.341343208458825875e-01	8.886816330515255602e-02	-3.229381933163097962e-01	2.817939423707896962e-01	-1.657274404953324731e-01	1.213684403022089464e-01	-7.795102068387183003e-02	1.776096373301901399e-01	-1.363497054266728514e-01	1.438496304686283367e-01	-1.075076351035050837e-01	9.408266566783829443e-02
-1.078358838866643882e-01	8.223385899229380958e-02	-6.662449278906396044e-02	1.397886999348774695e-01	-9.406794558528727701e-02	7.760728434885093285e-02	-6.998257659159275168e-02	8.023950817369190913e-02	-1.662834272761974652e-01	1.017173455401096244e-01	-1.130388272012056855e-01	1.157959166009116247e-01	-1.787978198051202450e-01	1.240832539459007650e-01	-1.411713695260865820e-01	1.204831513013266409e-01	-1.415111107805460122e-01	2.113564766045145094e-01	-2.286777623492239064e-01	1.647962161953405169e-01	-1.745736520064753716e-01	1.770287843734698885e-01	-3.963314071051612375e-01	2.551727096464670996e-01	-1.968162964553068772e-01	1.611264723515014319e-01	-2.655461076369013407e-01	1.000000000000003775e+00	-3.564739144712011365e-01	1.956574170808816071e-01	-1.430393570630940081e-01	2.104596760694404378e-01	-6.016232724026556733e-01	2.316025676037531400e-01	-1.508824312626454445e-01	1.900582892358032017e-01	-2.123297968615643350e-01	2.507212423409743707e-01	-2.109048916533398932e-01	1.253044907909731109e-01	-2.103793477743497453e-01	1.641547384100132956e-01	-2.164984489011310687e-01	1.614541864645883673e-01	-1.509785350871676035e-01
9.340556089975680931e-02	-7.577408231563226293e-02	6.788108152587572774e-02	-1.501871999280816605e-01	9.845205217383007357e-02	-6.805706278753324845e-02	6.338127613178308473e-02	-8.264338897268760920e-02	1.583241498416836646e-01	-1.095102450620128176e-01	9.608157705657459358e-02	-1.026840680765280928e-01	1.655524276329226330e-01	-1.224726375051582578e-01	1.487887667109654422e-01	-9.938528726745884945e-02	1.141334164415580277e-01	-2.152086971970453289e-01	2.273714704308656687e-01	-1.968972731039587143e-01	1.283262821892183492e-01	-1.354241312230811400e-01	2.760420150278481422e-01	-5.344508538603127690e-01	2.618266892902003096e-01	-1.179619726284970027e-01	1.516883869293584597e-01	-3.564739144712011365e-01	1.000000000000003109e+00	-4.232191420148537775e-01	1.007001999852131652e-01	-1.363362008593951014e-01	2.378495778009620809e-01	-3.768149206949781838e-01	1.625375893417733975e-01	-1.475734498004007689e-01	1.410943423111219730e-01	-2.195154197800068541e-01	2.143896289623694329e-01	-1.404726748937686343e-01	1.696366770637976751e-01	-1.434946016659544299e-01	1.717100215644882799e-01	-1.692696671338367875e-01	1.475118825906168163e-01
-8.657870460083534614e-02	6.840924696617302347e-02	-6.757374246548177033e-02	1.461515829685518242e-01	-1.116547248865262520e-01	6.164018564067854505e-02	-5.800500959669053352e-02	8.038619760354194510e-02	-1.732335473574848905e-01	1.194947944847457172e-01	-8.734253506121839039e-02	9.195165777038726007e-02	-1.723472786676451540e-01	1.266805607040101256e-01	-1.922088552243569615e-01	8.408181381302827495e-02	-9.895174632883639576e-02	1.713724490070155648e-01	-2.152789165356863432e-01	2.376408813113430885e-01	-1.063932248908379674e-01	1.051605864792032191e-01	-2.034458974370970674e-01	2.373341680115388097e-01	-7.518023708932479732e-01	9.028877470727626753e-02	-1.180118575669237696e-01	1.956574170808816071e-01	-4.232191420148537775e-01	1.000000000000004885e+00	-7.910303467719174975e-02	1.010431231904189292e-01	-1.666397631968670190e-01	1.693431098846382432e-01	-1.205230966420359345e-01	1.131677106057721177e-01	-1.096401445623113313e-01	1.430084807337437536e-01	-1.425330665660258789e-01	9.644203513851308529e-02	-1.439825333961264608e-01	1.086453306744353808e-01	-1.356874563896709462e-01	1.185027150190366418e-01	-1.132060930231253149e-01
6.963246691145422163e-02	-5.204582973911289767e-02	3.470232712149397963e-02	-7.096834794762095500e-02	4.500741386608000244e-02	-5.103570933723927672e-02	4.403883813664240254e-02	-4.190765654564743148e-02	7.804195853377919601e-02	-4.856431535806574745e-02	7.522430069787058859e-02	-7.522358601014579593e-02	7.992327701222631808e-02	-5.652517094023117028e-02	6.311855319102505080e-02	-9.025344746116974182e-02	9.935449841979926422e-02	-8.281062626294317941e-02	8.680112498273560850e-02	-7.318076431066181109e-02	1.439614632772451830e-01	-1.460577420945441962e-01	9.920187516958614560e-02	-8.745905994759282931e-02	7.609329406571896381e-02	-7.190273814182251977e-01	2.535015179631628923e-01	-1.430393570630940081e-01	1.007001999852131652e-01	-7.910303467719174975e-02	9.999999999999978906e-01	-2.411285502305221540e-01	1.387824470586924708e-01	-9.162983248660079572e-02	6.317222430313491899e-02	-5.418729067418467382e-01	2.335834283802739608e-01	-1.167689271382912758e-01	8.587960552449117047e-02	-5.521146273042987218e-02	1.641607731877753329e-01	-1.124191000551383324e-01	1.117912990756342040e-01	-7.741194291407332839e-02	6.827641416317199730e-02
-8.277064129099678813e-02	6.176134611817448578e-02	-4.179619646782677805e-02	8.562565723998841194e-02	-5.479485028934900914e-02	6.062198173835801895e-02	-5.258201633160922844e-02	5.044976828873137809e-02	-9.504703254533107548e-02	5.921971479353221879e-02	-9.048085059343151382e-02	9.010541177161451865e-02	-9.849701066960844797e-02	6.953749063876792091e-02	-7.779638398481848738e-02	1.079635215729658343e-01	-1.238185444660268864e-01	1.055490762261025867e-01	-1.103971041671355097e-01	9.075760067838520295e-02	-1.803775604393505483e-01	1.893199926978695602e-01	-1.333664294571083042e-01	1.152694502846338676e-01	-9.688247699421111137e-02	2.331839692723216562e-01	-5.063564045247861412e-01	2.104596760694404378e-01	-1.363362008593951014e-01	1.010431231904189292e-01	-2.411285502305221540e-01	1.000000000000001554e+00	-2.992254591698536026e-01	1.333865648725261477e-01	-8.699235898748371165e-02	2.749840587748484944e-01	-6.708063377188620002e-01	1.788974052977022611e-01	-1.259758102943302482e-01	7.557221278382615648e-02	-1.676721140345514560e-01	1.296011806070439532e-01	-1.456028802562812086e-01	1.026631620332827954e-01	-9.088707865379255790e-02
9.045227125658754364e-02	-7.072756731730091284e-02	5.666873633612669325e-02	-1.213694095168290632e-01	7.810405360728366053e-02	-6.579167612738376358e-02	5.931964620809244970e-02	-6.876139493967113603e-02	1.324801356740718805e-01	-8.520298059786862721e-02	9.393563882165817391e-02	-9.771524146119209275e-02	1.370994275525578565e-01	-9.817269119203844707e-02	1.128349705232530309e-01	-1.013610859235534178e-01	1.152286686049612402e-01	-1.605723707794977917e-01	1.643787402650634388e-01	-1.358348431957879243e-01	1.409100226755850005e-01	-1.496614803580140762e-01	2.115508824404813137e-01	-1.953532994345607288e-01	1.511214914568368428e-01	-1.607167187744783787e-01	2.134511652444353869e-01	-6.016232724026556733e-01	2.378495778009620809e-01	-1.666397631968670190e-01	1.387824470586924708e-01	-2.992254591698536026e-01	1.000000000000000666e+00	-3.319983467058700843e-01	1.623422579508146391e-01	-2.035451900382096724e-01	2.230860845194580777e-01	-4.550236841093389106e-01	2.498379633454871629e-01	-1.456639279348291849e-01	1.993195416565012312e-01	-1.884613147153640644e-01	2.284788898456164286e-01	-1.873939018113005006e-01	1.576527170994193039e-01
-7.222192146386545442e-02	5.585949690222961894e-02	-4.729778893572632315e-02	1.014681860226788884e-01	-6.721437525154889958e-02	5.180241091165425915e-02	-4.705502547101145933e-02	5.716878852488925522e-02	-1.142834232408751344e-01	7.299427371550697152e-02	-7.379425328847043219e-02	7.637601572422082763e-02	-1.173124901906961309e-01	8.384378584976083515e-02	-9.969493362820100457e-02	7.577456495759123112e-02	-8.780220686547761388e-02	1.299690162487542044e-01	-1.463356678092080643e-01	1.196187017954632031e-01	-1.028623558298672191e-01	1.032118827361828972e-01	-1.717756180533698551e-01	1.852069825365967315e-01	-1.508832075783513305e-01	1.024736852614964860e-01	-1.341343208458825875e-01	2.316025676037531400e-01	-3.768149206949781838e-01	1.693431098846382432e-01	-9.162983248660079572e-02	1.333865648725261477e-01	-3.319983467058700843e-01	1.000000000000005107e+00	-3.866283146669374782e-01	1.336155442611302313e-01	-1.445682552188571890e-01	2.805358322394919113e-01	-6.128446486243799285e-01	2.397551223127473707e-01	-1.713921242600112971e-01	1.492867490556347154e-01	-2.127569501205777147e-01	2.385971202239812738e-01	-2.373983600979538977e-01
