1.000000000000000000e+00	-5.218914541668595586e-01	1.782514250538679290e-01	-8.228436173179284885e-02	6.534136019427710940e-02	-7.599805446953418198e-01	3.128949113780112312e-01	-1.964464276156510092e-01	8.179952938403638185e-02	-5.499653265584475426e-02	1.137440742234037405e-01	-8.609043380974873427e-02	7.851341840899932201e-02	-7.994149709413997384e-02	7.455713395279117695e-02	-8.164458807217329916e-02	6.649024430886116277e-02	-8.214437131795440661e-02	4.625765646926989494e-02	-3.375990751478265273e-02	4.365436374329825092e-02	-3.055376259081148821e-02	4.145793625522418285e-02	-3.672839708417922899e-02	2.782956238162324555e-02	-4.905189894399115957e-02	2.757876985708379580e-02	-3.322995534413542701e-02	2.868329821722049797e-02	-3.027228083428292610e-02	3.523168056219950356e-02	-3.629596336152881436e-02	3.215129659741198381e-02	-2.779322426348306355e-02	3.321620298416153721e-02	-2.953389694006747918e-02	2.311601928158701219e-02	-2.881507804750367899e-02	2.658963104412782538e-02	-1.245544970985394510e-02	3.871089974859279192e-02	-2.632305001163054090e-02	1.979361201078216198e-02	-2.170035130073053736e-02	1.201666397330894247e-02
-5.218914541668595586e-01	9.999999999999997780e-01	-3.667205642299375956e-01	1.105956400707728826e-01	-8.683472401651284867e-02	3.102743642369167332e-01	-6.715608817540250630e-01	2.620501973762404679e-01	-1.073525339883368290e-01	6.751634665012963554e-02	-9.559644025475944051e-02	7.900103181966289245e-02	-8.301257079105003878e-02	9.019070733709803889e-02	-9.045330920887759141e-02	6.770223106489865750e-02	-6.233409781520766330e-02	7.839545450810751770e-02	-4.648068784329976999e-02	3.384523730281518983e-02	-3.858787089772474505e-02	2.777377889018564985e-02	-4.045819863227386598e-02	3.566098201463661910e-02	-2.756943025462888636e-02	4.234699583344049556e-02	-2.530574156259565374e-02	3.198382947010905419e-02	-2.782681976063019688e-02	2.961864071943762916e-02	-3.281314762999323204e-02	3.398303289754573547e-02	-3.081959286470691006e-02	2.678905713125322857e-02	-3.247032521139565225e-02	2.741107585815183781e-02	-2.174320939887629603e-02	2.749693316925214820e-02	-2.558507426966181303e-02	1.193236275239036026e-02	-3.704973084209382123e-02	2.475484922338427873e-02	-1.885254868608429030e-02	2.064622256214149187e-02	-1.152402543653593958e-02
1.782514250538679290e-01	-3.667205642299375956e-01	9.999999999999997780e-01	-2.787299383923288465e-01	1.534434300236502124e-01	-1.846465382660029131e-01	2.559264735570558891e-01	-7.972451170575851620e-01	1.951473571736048740e-01	-1.216508043274017181e-01	9.764659305459356953e-02	-9.100939588277270897e-02	1.183569475063142029e-01	-1.545575748155630647e-01	1.405605462728127530e-01	-7.893803018711526009e-02	7.508457182066979874e-02	-1.095372717652838140e-01	6.397315281785086183e-02	-4.753282684626496113e-02	4.680532888850558182e-02	-3.539180056240233407e-02	5.488147237231412456e-02	-4.900703830501882546e-02	3.807337702794241080e-02	-5.184377131752406637e-02	3.222848602914002436e-02	-4.355352016723398889e-02	3.783971345488452986e-02	-4.080172065722624530e-02	4.267511385084492292e-02	-4.503368726104847730e-02	4.137968337131833069e-02	-3.632683457252585540e-02	4.417877029060540695e-02	-3.596324427909303872e-02	2.882640276605806864e-02	-3.715152702891399289e-02	3.455530003716270754e-02	-1.613167202835018993e-02	4.949916363990221335e-02	-3.297303376028239141e-02	2.535301756009818164e-02	-2.785767965653469097e-02	1.556569135084879749e-02
-8.228436173179284885e-02	1.105956400707728826e-01	-2.787299383923288465e-01	9.999999999999995559e-01	-5.756073070869942576e-01	8.069428341646123215e-02	-1.049124975733166792e-01	2.061802241700720351e-01	-5.890487960404606760e-01	2.662981075718403590e-01	-1.091482460008304928e-01	1.028702445948090072e-01	-1.545568076693004389e-01	2.618095870262354685e-01	-3.055717247537821368e-01	9.042429292690717935e-02	-9.038840106954025566e-02	1.363090296561802195e-01	-9.174944338035015412e-02	6.951931797715366068e-02	-5.673295040911086051e-02	4.431806076756622526e-02	-7.424896674548808750e-02	6.652859758941916113e-02	-5.405817339304304359e-02	6.211802998110677043e-02	-4.066750423690982524e-02	5.854166658617457331e-02	-5.149519489955992069e-02	5.652244712865654719e-02	-5.538544827031440659e-02	5.890817086994420970e-02	-5.550245503414683035e-02	4.913365376586353167e-02	-6.088632219147303154e-02	4.664507473627930306e-02	-3.788060025427767569e-02	4.965992277557158829e-02	-4.658476364916515344e-02	2.165409562653213341e-02	-6.611541215426607054e-02	4.335558813577718162e-02	-3.379380812110237275e-02	3.711161176790497840e-02	-2.091178693233567212e-02
6.534136019427710940e-02	-8.683472401651284867e-02	1.534434300236502124e-01	-5.756073070869942576e-01	9.999999999999993339e-01	-6.736715407992667493e-02	8.061559374626897645e-02	-1.587335659663184073e-01	2.691980931611628325e-01	-6.291627670551566132e-01	1.054212659729728968e-01	-1.048384599616807578e-01	1.424476467519352474e-01	-2.694717226507902796e-01	2.935566881627550417e-01	-9.637804899571335293e-02	9.275538220278736756e-02	-1.507291728896380523e-01	9.537045099052392227e-02	-7.568196594309670178e-02	6.014493370891459828e-02	-4.804278222768507828e-02	7.930393983568757854e-02	-7.324004474412652843e-02	5.820059418527340905e-02	-6.753420026315908042e-02	4.372034907735342785e-02	-6.462314916822839428e-02	5.614282772412217820e-02	-6.211096700323558845e-02	6.007697521665180534e-02	-6.504860677724483287e-02	6.054940148409553025e-02	-5.393502337202998875e-02	6.581142265419233361e-02	-5.137408958560228667e-02	4.168906185670213232e-02	-5.513458951117052032e-02	5.109334079902624892e-02	-2.394358181885678297e-02	7.223931788474889648e-02	-4.806405826540660620e-02	3.739367013977815124e-02	-4.133173675083180731e-02	2.306313533343028535e-02
-7.599805446953418198e-01	3.102743642369167332e-01	-1.846465382660029131e-01	8.069428341646123215e-02	-6.736715407992667493e-02	1.000000000000000000e+00	-5.170909755179722289e-01	1.806361437656262281e-01	-8.401324598163338597e-02	5.515515319744634937e-02	-1.459446887795443071e-01	9.376544770195520406e-02	-8.331416567860515376e-02	7.998261941840968670e-02	-7.766888166442187380e-02	8.563765093486556956e-02	-7.146212949948535509e-02	8.328702956554553949e-02	-4.719648664647559805e-02	3.414514185039285721e-02	-4.557263458315029270e-02	3.122180419403464482e-02	-4.219148985497066934e-02	3.703211041125674396e-02	-2.818180923778278515e-02	5.009999385987273790e-02	-2.830608190189340054e-02	3.346964460657665674e-02	-2.898066631974256097e-02	3.051885291623935431e-02	-3.586058560386386901e-02	3.662423214854032549e-02	-3.251652647285951242e-02	2.803056315571181983e-02	-3.361458801726135981e-02	2.983628217484947734e-02	-2.334653750479410636e-02	2.896574509117484653e-02	-2.682006108127671026e-02	1.253339690342513031e-02	-3.914828076791888878e-02	2.650513917415202661e-02	-1.992505335600500485e-02	2.179533012589959101e-02	-1.210113703410783600e-02
3.128949113780112312e-01	-6.715608817540250630e-01	2.559264735570558891e-01	-1.049124975733166792e-01	8.061559374626897645e-02	-5.170909755179722289e-01	9.999999999999998890e-01	-3.718229050731501339e-01	1.049461613313557168e-01	-6.609396050194477068e-02	1.078483910228937998e-01	-9.549597808557667988e-02	9.011362283027812836e-02	-9.446665735618599291e-02	8.752717550315912420e-02	-7.761016979634256796e-02	6.984749931915688881e-02	-8.684780661884740349e-02	4.877531954099335182e-02	-3.559625492505257699e-02	4.265463734633406084e-02	-3.044967997018122735e-02	4.312335124254901980e-02	-3.808372917304774646e-02	2.909337490133559814e-02	-4.723436540657987431e-02	2.761514056581282697e-02	-3.418440079874974363e-02	2.959586501022562835e-02	-3.142398470138667993e-02	3.536904791905912809e-02	-3.662032191384392149e-02	3.288322830258433305e-02	-2.854438951232548052e-02	3.436439953456255775e-02	-2.959950676710677853e-02	2.335781253603719243e-02	-2.939259131443879014e-02	2.724029744511650628e-02	-1.272957987171733328e-02	3.944842941730872243e-02	-2.659888016066832422e-02	2.015254967198109454e-02	-2.208835480021084305e-02	1.228555196100074298e-02
-1.964464276156510092e-01	2.620501973762404679e-01	-7.972451170575851620e-01	2.061802241700720351e-01	-1.587335659663184073e-01	1.806361437656262281e-01	-3.718229050731501339e-01	9.999999999999993339e-01	-2.351745988453004810e-01	1.180556525796425810e-01	-1.056620869731597495e-01	9.641862920426057249e-02	-1.376230377402024585e-01	1.561122703176446580e-01	-1.546498285604377410e-01	8.087845234375537484e-02	-7.952135810580084063e-02	1.115998988407093662e-01	-6.713710689739223192e-02	4.917009626543095840e-02	-4.837669012681066610e-02	3.629513603677265998e-02	-5.695335674075754917e-02	5.023454620638515000e-02	-3.943357864201928187e-02	5.278073125046209985e-02	-3.321699170894681225e-02	4.456864547950604993e-02	-3.894298605602774382e-02	4.191709715263917252e-02	-4.388005194772695572e-02	4.597596505037438580e-02	-4.254256612292359879e-02	3.727196292136877864e-02	-4.565191718144352706e-02	3.672485511287096327e-02	-2.948865762823013603e-02	3.792098983115576444e-02	-3.546549686650932870e-02	1.649846084029912494e-02	-5.088120244884025006e-02	3.363011108355797724e-02	-2.591055825479623639e-02	2.839441737658671833e-02	-1.593733303551921054e-02
8.179952938403638185e-02	-1.073525339883368290e-01	1.951473571736048740e-01	-5.890487960404606760e-01	2.691980931611628325e-01	-8.401324598163338597e-02	1.049461613313557168e-01	-2.351745988453004810e-01	9.999999999999994449e-01	-2.712945727211196201e-01	1.333881427448765367e-01	-1.411133297753414118e-01	2.074100809901940901e-01	-5.777590248745961832e-01	2.615562773338381275e-01	-1.179264316882390889e-01	1.176570198463044586e-01	-1.912818752501345421e-01	1.065420065855322701e-01	-8.078791920256177261e-02	7.126056200273522823e-02	-5.576336886146887606e-02	9.060038300014393309e-02	-8.169438459577244016e-02	6.347103860664006503e-02	-7.910361242199116794e-02	5.071963317345185018e-02	-7.172371186655976394e-02	6.209344386172797881e-02	-6.781781654237850621e-02	6.751853637490949633e-02	-7.236385921940789723e-02	6.706292698929396112e-02	-5.939923569810892645e-02	7.229239644989676750e-02	-5.723545426346059867e-02	4.622261791770800043e-02	-6.044580806203671969e-02	5.614602635028698163e-02	-2.623630994469553293e-02	7.944077813882319261e-02	-5.304260029717462743e-02	4.105134821705848369e-02	-4.524157216210281107e-02	2.528607036110377265e-02
-5.499653265584475426e-02	6.751634665012963554e-02	-1.216508043274017181e-01	2.662981075718403590e-01	-6.291627670551566132e-01	5.515515319744634937e-02	-6.609396050194477068e-02	1.180556525796425810e-01	-2.712945727211196201e-01	9.999999999999996669e-01	-9.672927183836335652e-02	9.200734875159614912e-02	-1.311797759066263558e-01	2.276571575727776298e-01	-6.320072113975896411e-01	8.448355593011606934e-02	-8.292826666553074211e-02	1.295854328978950087e-01	-9.714705202835567655e-02	7.965669448078273318e-02	-5.403995494749084388e-02	4.334742567161457838e-02	-7.469376778727357391e-02	6.893391777364372974e-02	-5.905211045678830650e-02	5.983809672316285633e-02	-3.972437129801694583e-02	6.008606803621389936e-02	-5.316574892969548605e-02	5.993396642670718172e-02	-5.515189809723416298e-02	5.956820687018802435e-02	-5.659504470286217531e-02	5.067309456365989145e-02	-6.341700334632389968e-02	4.685460192191499840e-02	-3.827042765089227333e-02	5.095684102955159306e-02	-4.777178513996614001e-02	2.223195183722936202e-02	-6.688436367011636741e-02	4.397688339952524755e-02	-3.451778957584608620e-02	3.802761127041866251e-02	-2.144639091262428438e-02
1.137440742234037405e-01	-9.559644025475944051e-02	9.764659305459356953e-02	-1.091482460008304928e-01	1.054212659729728968e-01	-1.459446887795443071e-01	1.078483910228937998e-01	-1.056620869731597495e-01	1.333881427448765367e-01	-9.672927183836335652e-02	9.999999999999976685e-01	-5.848389453759722523e-01	2.703184107492004329e-01	-1.964218160578141137e-01	1.548142029960689059e-01	-5.378004470478463528e-01	3.157383384351366562e-01	-3.237704505717319270e-01	1.457489875423709225e-01	-1.060601527191074034e-01	2.044380908734520774e-01	-1.269271357687898616e-01	1.405229068895998967e-01	-1.231954050115933591e-01	8.916738732283754909e-02	-2.330504489110790389e-01	1.121657149543556636e-01	-1.120530702592787697e-01	9.511407282676972996e-02	-9.843178984663250586e-02	1.316493880586392939e-01	-1.314160227168287287e-01	1.095580750910751799e-01	-9.293592498412832359e-02	1.078605145158926942e-01	-1.093977476825053752e-01	8.227646447608885638e-02	-9.726702297900018113e-02	8.849438156192318550e-02	-4.164448039122592427e-02	1.301796374113544097e-01	-9.287051314386983447e-02	6.720669053623115619e-02	-7.345856019185226238e-02	4.010990269353922888e-02
-8.609043380974873427e-02	7.900103181966289245e-02	-9.100939588277270897e-02	1.028702445948090072e-01	-1.048384599616807578e-01	9.376544770195520406e-02	-9.549597808557667988e-02	9.641862920426057249e-02	-1.411133297753414118e-01	9.200734875159614912e-02	-5.848389453759722523e-01	1.000000000000000222e+00	-5.003680409061158629e-01	1.952099754774869744e-01	-1.562252008584443796e-01	2.848906151060317526e-01	-4.989002231762496575e-01	2.959861174743232404e-01	-1.251341537467069442e-01	8.719115551440126399e-02	-1.410243127959513454e-01	9.699392281958137130e-02	-1.187694976237716193e-01	9.870824485932276626e-02	-7.253401512337989687e-02	1.419058089176511717e-01	-8.867652715807740338e-02	8.702148801132314482e-02	-7.477011847088363417e-02	7.788475320828654180e-02	-9.484039992096134075e-02	9.527841070387511879e-02	-8.370950744446267744e-02	7.140474014684619619e-02	-8.515412773114969247e-02	7.679575053498739756e-02	-5.985665708114571576e-02	7.250732524986923389e-02	-6.741560370570992555e-02	3.130233418956754332e-02	-9.776734871427385232e-02	6.703246377245851428e-02	-4.988848208429828845e-02	5.423980263630374249e-02	-3.023030431815261487e-02
7.851341840899932201e-02	-8.301257079105003878e-02	1.183569475063142029e-01	-1.545568076693004389e-01	1.424476467519352474e-01	-8.331416567860515376e-02	9.011362283027812836e-02	-1.376230377402024585e-01	2.074100809901940901e-01	-1.311797759066263558e-01	2.703184107492004329e-01	-5.003680409061158629e-01	1.000000000000000000e+00	-4.542376813021218318e-01	2.078529436931502161e-01	-2.421315068083414734e-01	2.738797341751058601e-01	-5.401238365842379041e-01	1.573710662418655870e-01	-1.142933785374265487e-01	1.278957511319430418e-01	-9.718724109970483527e-02	1.492399300405172768e-01	-1.289252591224712141e-01	9.210080249225985338e-02	-1.397395101401860407e-01	8.717786229830928879e-02	-1.098186694317646039e-01	9.272173960267289516e-02	-9.925541496061134061e-02	1.038858594788565071e-01	-1.101546185063674854e-01	9.968634279087598693e-02	-8.764221439723308971e-02	1.045082549775302877e-01	-8.689695022984228467e-02	6.910675060423261684e-02	-8.812279723737155568e-02	8.155951571248364063e-02	-3.802026531971269135e-02	1.142130060933060076e-01	-7.859938997475592048e-02	5.975561882832920724e-02	-6.565035235599586683e-02	3.659801566046533283e-02
-7.994149709413997384e-02	9.019070733709803889e-02	-1.545575748155630647e-01	2.618095870262354685e-01	-2.694717226507902796e-01	7.998261941840968670e-02	-9.446665735618599291e-02	1.561122703176446580e-01	-5.777590248745961832e-01	2.276571575727776298e-01	-1.964218160578141137e-01	1.952099754774869744e-01	-4.542376813021218318e-01	9.999999999999993339e-01	-4.304256680306534077e-01	1.498686081195526321e-01	-1.650754505456100418e-01	2.357048670610313867e-01	-1.447762087197466130e-01	1.041204009118266438e-01	-9.219090701310592162e-02	7.039523463401797798e-02	-1.185310597331635102e-01	1.021944177715758267e-01	-8.191595484061194032e-02	9.819004837668225683e-02	-6.490649242773564864e-02	8.907888108588278564e-02	-7.837350489303081258e-02	8.515042351847858237e-02	-8.509871901998809773e-02	8.933500207600855725e-02	-8.430465350061364105e-02	7.422677334953549366e-02	-9.214325008404275485e-02	7.071953167980597754e-02	-5.729641646101239078e-02	7.433071098870028259e-02	-7.010532453861859081e-02	3.242914473491151361e-02	-9.941109195219342831e-02	6.515827125039203027e-02	-5.063979064889539972e-02	5.538431589265794402e-02	-3.134763289351888416e-02
7.455713395279117695e-02	-9.045330920887759141e-02	1.405605462728127530e-01	-3.055717247537821368e-01	2.935566881627550417e-01	-7.766888166442187380e-02	8.752717550315912420e-02	-1.546498285604377410e-01	2.615562773338381275e-01	-6.320072113975896411e-01	1.548142029960689059e-01	-1.562252008584443796e-01	2.078529436931502161e-01	-4.304256680306534077e-01	9.999999999999984457e-01	-1.472904050760533712e-01	1.404003424316912496e-01	-2.341538825377451893e-01	1.620064548314308628e-01	-1.490454951647826876e-01	9.330629890339538213e-02	-7.623131404445145087e-02	1.293295478958939870e-01	-1.235228747145497852e-01	1.032724572526696888e-01	-1.056001779923163297e-01	6.930613794629657265e-02	-1.072257985139055542e-01	9.360691114577246452e-02	-1.074511266958599887e-01	9.666077125592567598e-02	-1.061698757128642506e-01	9.954804812774725731e-02	-8.980934278525516679e-02	1.103901418478099583e-01	-8.325545923698987605e-02	6.793338559040044966e-02	-9.120809314478214858e-02	8.438200126113928889e-02	-3.960893668726622741e-02	1.176753955976823085e-01	-7.858908684879559181e-02	6.154089900672070346e-02	-6.825053116567812717e-02	3.809626422948191038e-02
-8.164458807217329916e-02	6.770223106489865750e-02	-7.893803018711526009e-02	9.042429292690717935e-02	-9.637804899571335293e-02	8.563765093486556956e-02	-7.761016979634256796e-02	8.087845234375537484e-02	-1.179264316882390889e-01	8.448355593011606934e-02	-5.378004470478463528e-01	2.848906151060317526e-01	-2.421315068083414734e-01	1.498686081195526321e-01	-1.472904050760533712e-01	9.999999999999986677e-01	-5.568909021854270280e-01	2.619773539459173683e-01	-1.393051728332142247e-01	9.473692967111044250e-02	-4.027942734519910917e-01	1.327503143847291178e-01	-1.343375511941686529e-01	1.090965406757435918e-01	-8.166391528140537481e-02	2.481111970267208533e-01	-1.267144864679657645e-01	1.004921809807880900e-01	-8.751619776633721981e-02	8.821005775207109434e-02	-1.400105985428103661e-01	1.235709275945415520e-01	-1.038823795523433624e-01	8.506289282888196412e-02	-1.005244438971658466e-01	1.047776993276638147e-01	-7.863834419881073068e-02	8.771953459467859981e-02	-8.168422331617491983e-02	3.783109266528157655e-02	-1.260264435676304029e-01	8.592740989160685405e-02	-6.171277121236276586e-02	6.609842826076559041e-02	-3.666700503941583422e-02
6.649024430886116277e-02	-6.233409781520766330e-02	7.508457182066979874e-02	-9.038840106954025566e-02	9.275538220278736756e-02	-7.146212949948535509e-02	6.984749931915688881e-02	-7.952135810580084063e-02	1.176570198463044586e-01	-8.292826666553074211e-02	3.157383384351366562e-01	-4.989002231762496575e-01	2.738797341751058601e-01	-1.650754505456100418e-01	1.404003424316912496e-01	-5.568909021854270280e-01	9.999999999999984457e-01	-5.010554442308995382e-01	1.409198980614603525e-01	-9.886312431072712126e-02	1.906402069815408828e-01	-1.470875869789665669e-01	1.408606383999094214e-01	-1.164867073462299979e-01	8.245486312483021885e-02	-1.980261150479321608e-01	1.217530069788810843e-01	-1.018046050425092247e-01	8.620343288963733253e-02	-8.909623628369729709e-02	1.145857270512289777e-01	-1.150894939541585588e-01	9.760378419605748868e-02	-8.240532593159458075e-02	9.669911389776589261e-02	-9.229890742786645008e-02	7.085669952726346421e-02	-8.348412368728212740e-02	7.719564078095690618e-02	-3.584923741082247928e-02	1.119542590521966224e-01	-7.872326060206155662e-02	5.751604495989486032e-02	-6.236469673542169301e-02	3.459087305221618391e-02
-8.214437131795440661e-02	7.839545450810751770e-02	-1.095372717652838140e-01	1.363090296561802195e-01	-1.507291728896380523e-01	8.328702956554553949e-02	-8.684780661884740349e-02	1.115998988407093662e-01	-1.912818752501345421e-01	1.295854328978950087e-01	-3.237704505717319270e-01	2.959861174743232404e-01	-5.401238365842379041e-01	2.357048670610313867e-01	-2.341538825377451893e-01	2.619773539459173683e-01	-5.010554442308995382e-01	9.999999999999996669e-01	-2.598580547211303271e-01	1.550750223815841322e-01	-1.590311207984191344e-01	1.223230111746002186e-01	-2.593245989053589162e-01	1.764643370731856509e-01	-1.277098256683602551e-01	1.550635442019355492e-01	-1.143284455305359909e-01	1.445947031291253404e-01	-1.247151555053572503e-01	1.305728695004576279e-01	-1.293598614549178738e-01	1.347539805137462077e-01	-1.293747365155105133e-01	1.133033260832414790e-01	-1.397056611102665546e-01	1.043861407661638846e-01	-8.492894560010837146e-02	1.091231584018411416e-01	-1.041187601737389723e-01	4.752281207298691273e-02	-1.429976611956053634e-01	9.513462095226367377e-02	-7.385832317317711504e-02	8.021913453646850600e-02	-4.594459954078682073e-02
4.625765646926989494e-02	-4.648068784329976999e-02	6.397315281785086183e-02	-9.174944338035015412e-02	9.537045099052392227e-02	-4.719648664647559805e-02	4.877531954099335182e-02	-6.713710689739223192e-02	1.065420065855322701e-01	-9.714705202835567655e-02	1.457489875423709225e-01	-1.251341537467069442e-01	1.573710662418655870e-01	-1.447762087197466130e-01	1.620064548314308628e-01	-1.393051728332142247e-01	1.409198980614603525e-01	-2.598580547211303271e-01	9.999999999999985567e-01	-6.553250550009236397e-01	1.051693857654993208e-01	-1.050792692216394875e-01	2.360870709249697774e-01	-2.998679424010317618e-01	2.875078324445292655e-01	-1.168155063207768490e-01	9.635776899861633882e-02	-2.186806550355271106e-01	1.956438323912300936e-01	-2.990169916895955571e-01	1.443050722870317937e-01	-1.805241848539226868e-01	1.820838619186302410e-01	-1.849230832207669761e-01	2.322565314064011510e-01	-1.277668156573450453e-01	1.109829954376373162e-01	-1.697625665378171833e-01	1.560199088691714420e-01	-7.331831275958247685e-02	1.840892409629911186e-01	-1.301290353126394739e-01	1.080586958343463522e-01	-1.225737001312279528e-01	6.950105104557194324e-02
-3.375990751478265273e-02	3.384523730281518983e-02	-4.753282684626496113e-02	6.951931797715366068e-02	-7.568196594309670178e-02	3.414514185039285721e-02	-3.559625492505257699e-02	4.917009626543095840e-02	-8.078791920256177261e-02	7.965669448078273318e-02	-1.060601527191074034e-01	8.719115551440126399e-02	-1.142933785374265487e-01	1.041204009118266438e-01	-1.490454951647826876e-01	9.473692967111044250e-02	-9.886312431072712126e-02	1.550750223815841322e-01	-6.553250550009236397e-01	9.999999999999988898e-01	-7.551603552582544787e-02	7.739217282638026496e-02	-2.227547840570051341e-01	2.422111233989906465e-01	-5.706536966447962600e-01	8.187070080897945745e-02	-7.280624771445139143e-02	1.687991947163262341e-01	-1.765702279099898020e-01	2.629713845270301165e-01	-1.067528278097158723e-01	1.298776814031888660e-01	-1.493523387354029341e-01	1.522921436419836794e-01	-2.428036453275842221e-01	9.106554921779093370e-02	-8.051835548180308333e-02	1.245118988786994563e-01	-1.257252679455566069e-01	5.588003053004229198e-02	-1.346578610219066607e-01	9.174819057294125724e-02	-7.918276226496628878e-02	8.732511855247013233e-02	-5.368342999118959347e-02
4.365436374329825092e-02	-3.858787089772474505e-02	4.680532888850558182e-02	-5.673295040911086051e-02	6.014493370891459828e-02	-4.557263458315029270e-02	4.265463734633406084e-02	-4.837669012681066610e-02	7.126056200273522823e-02	-5.403995494749084388e-02	2.044380908734520774e-01	-1.410243127959513454e-01	1.278957511319430418e-01	-9.219090701310592162e-02	9.330629890339538213e-02	-4.027942734519910917e-01	1.906402069815408828e-01	-1.590311207984191344e-01	1.051693857654993208e-01	-7.551603552582544787e-02	9.999999999999994449e-01	-1.936842054906607047e-01	1.095556878528499839e-01	-9.260854404080717805e-02	6.800760835916039304e-02	-7.969922461387748402e-01	1.692345274745438721e-01	-9.362798789370233021e-02	8.003959149880481017e-02	-7.688192667383457468e-02	1.869941072943579474e-01	-1.524268086974885361e-01	1.063736051684032735e-01	-8.246342917434117126e-02	9.065672532457150212e-02	-1.437945246395305743e-01	9.340575105253529076e-02	-8.989076363601701536e-02	8.018473596978557827e-02	-3.784570987012569887e-02	1.300522312768037370e-01	-1.007691867064242075e-01	6.473585588031471882e-02	-6.889195711855622406e-02	3.656307565537909865e-02
-3.055376259081148821e-02	2.777377889018564985e-02	-3.539180056240233407e-02	4.431806076756622526e-02	-4.804278222768507828e-02	3.122180419403464482e-02	-3.044967997018122735e-02	3.629513603677265998e-02	-5.576336886146887606e-02	4.334742567161457838e-02	-1.269271357687898616e-01	9.699392281958137130e-02	-9.718724109970483527e-02	7.039523463401797798e-02	-7.623131404445145087e-02	1.327503143847291178e-01	-1.470875869789665669e-01	1.223230111746002186e-01	-1.050792692216394875e-01	7.739217282638026496e-02	-1.936842054906607047e-01	9.999999999999993339e-01	-1.693652969787772800e-01	1.157597585268745066e-01	-7.554931100286764456e-02	1.868768009482620895e-01	-8.990181388420305231e-01	1.087922592760378893e-01	-9.282009645803458719e-02	8.350615241005440725e-02	-1.467609072395157643e-01	1.802461169276815822e-01	-1.334670423309071152e-01	9.119105305518354632e-02	-1.008561065914683752e-01	1.051762165856323233e-01	-9.440666976035930191e-02	9.014330381237614653e-02	-8.561149405608610430e-02	3.828461136951510912e-02	-1.288327805286143546e-01	9.214620396532846591e-02	-6.453200217941465477e-02	6.617863514963019667e-02	-3.734041569154582935e-02
4.145793625522418285e-02	-4.045819863227386598e-02	5.488147237231412456e-02	-7.424896674548808750e-02	7.930393983568757854e-02	-4.219148985497066934e-02	4.312335124254901980e-02	-5.695335674075754917e-02	9.060038300014393309e-02	-7.469376778727357391e-02	1.405229068895998967e-01	-1.187694976237716193e-01	1.492399300405172768e-01	-1.185310597331635102e-01	1.293295478958939870e-01	-1.343375511941686529e-01	1.408606383999094214e-01	-2.593245989053589162e-01	2.360870709249697774e-01	-2.227547840570051341e-01	1.095556878528499839e-01	-1.693652969787772800e-01	1.000000000000001332e+00	-6.787170303587475306e-01	2.365776675151064767e-01	-1.206276493715722903e-01	1.373048327531107560e-01	-4.099098114668836557e-01	2.585055126220945909e-01	-2.433039259829744561e-01	1.447322271723748555e-01	-1.920130837333560436e-01	2.080024045022251244e-01	-2.005710614747649445e-01	2.214671258462117542e-01	-1.245423464972318511e-01	1.104298093108315171e-01	-1.660647702121121616e-01	1.575912332383519465e-01	-7.055729769047554278e-02	1.714038195641687246e-01	-1.257670499705519362e-01	1.036382157460422893e-01	-1.149231883335491700e-01	6.713719615852357936e-02
-3.672839708417922899e-02	3.566098201463661910e-02	-4.900703830501882546e-02	6.652859758941916113e-02	-7.324004474412652843e-02	3.703211041125674396e-02	-3.808372917304774646e-02	5.023454620638515000e-02	-8.169438459577244016e-02	6.893391777364372974e-02	-1.231954050115933591e-01	9.870824485932276626e-02	-1.289252591224712141e-01	1.021944177715758267e-01	-1.235228747145497852e-01	1.090965406757435918e-01	-1.164867073462299979e-01	1.764643370731856509e-01	-2.998679424010317618e-01	2.422111233989906465e-01	-9.260854404080717805e-02	1.157597585268745066e-01	-6.787170303587475306e-01	1.000000000000000888e+00	-4.215154146063053164e-01	9.909070979800753409e-02	-1.099481154658441262e-01	2.627809976338101872e-01	-3.088571515540486923e-01	2.557047676262582114e-01	-1.291276292496252309e-01	1.603467984834753279e-01	-1.948242018590460034e-01	1.950954061696159869e-01	-2.595866560415086011e-01	1.081675723531309447e-01	-9.692384789568876668e-02	1.490119505130488020e-01	-1.541835137354850560e-01	6.610699198582778435e-02	-1.570655546547418124e-01	1.085092079572725215e-01	-9.387090134704496880e-02	1.022206204420430253e-01	-6.363435144947032773e-02
2.782956238162324555e-02	-2.756943025462888636e-02	3.807337702794241080e-02	-5.405817339304304359e-02	5.820059418527340905e-02	-2.818180923778278515e-02	2.909337490133559814e-02	-3.943357864201928187e-02	6.347103860664006503e-02	-5.905211045678830650e-02	8.916738732283754909e-02	-7.253401512337989687e-02	9.210080249225985338e-02	-8.191595484061194032e-02	1.032724572526696888e-01	-8.166391528140537481e-02	8.245486312483021885e-02	-1.277098256683602551e-01	2.875078324445292655e-01	-5.706536966447962600e-01	6.800760835916039304e-02	-7.554931100286764456e-02	2.365776675151064767e-01	-4.215154146063053164e-01	1.000000000000001998e+00	-7.459937805215362261e-02	7.029603138001568052e-02	-1.914251485257835173e-01	1.993477447884484111e-01	-5.481875443545424220e-01	1.012074108704732328e-01	-1.308529699628114273e-01	1.498272329866215113e-01	-1.689133327976967414e-01	2.509315972990753818e-01	-8.775429623788176536e-02	7.857156570701379072e-02	-1.267228809845388771e-01	1.245513380673911458e-01	-5.619698006238391108e-02	1.258976883334040897e-01	-9.014254131422903826e-02	7.812221176610739670e-02	-8.732212826195569211e-02	5.314348745312770517e-02
-4.905189894399115957e-02	4.234699583344049556e-02	-5.184377131752406637e-02	6.211802998110677043e-02	-6.753420026315908042e-02	5.009999385987273790e-02	-4.723436540657987431e-02	5.278073125046209985e-02	-7.910361242199116794e-02	5.983809672316285633e-02	-2.330504489110790389e-01	1.419058089176511717e-01	-1.397395101401860407e-01	9.819004837668225683e-02	-1.056001779923163297e-01	2.481111970267208533e-01	-1.980261150479321608e-01	1.550635442019355492e-01	-1.168155063207768490e-01	8.187070080897945745e-02	-7.969922461387748402e-01	1.868768009482620895e-01	-1.206276493715722903e-01	9.909070979800753409e-02	-7.459937805215362261e-02	9.999999999999998890e-01	-2.273708604440853875e-01	1.011160969318160435e-01	-8.824890582484481993e-02	8.364786026318289658e-02	-2.886220219391810726e-01	1.669599994381959496e-01	-1.207836072492936286e-01	9.052222654643302113e-02	-1.011619282045071039e-01	1.599112992661963495e-01	-1.069789004739957472e-01	9.758753470435040100e-02	-8.899147701707905977e-02	4.147033341297014924e-02	-1.537580290260793237e-01	1.102473688769314009e-01	-7.161533763268297659e-02	7.480765958666688031e-02	-4.028473772423309812e-02
2.757876985708379580e-02	-2.530574156259565374e-02	3.222848602914002436e-02	-4.066750423690982524e-02	4.372034907735342785e-02	-2.830608190189340054e-02	2.761514056581282697e-02	-3.321699170894681225e-02	5.071963317345185018e-02	-3.972437129801694583e-02	1.121657149543556636e-01	-8.867652715807740338e-02	8.717786229830928879e-02	-6.490649242773564864e-02	6.930613794629657265e-02	-1.267144864679657645e-01	1.217530069788810843e-01	-1.143284455305359909e-01	9.635776899861633882e-02	-7.280624771445139143e-02	1.692345274745438721e-01	-8.990181388420305231e-01	1.373048327531107560e-01	-1.099481154658441262e-01	7.029603138001568052e-02	-2.273708604440853875e-01	1.000000000000004441e+00	-1.058027373729755194e-01	8.750639474442963028e-02	-7.943652899850962845e-02	1.422256452320160847e-01	-2.268933014044263730e-01	1.281218981520052536e-01	-8.867924296685048002e-02	9.411684903458447660e-02	-1.065424403445020679e-01	9.483504483352450665e-02	-8.847238857488866348e-02	8.164905415857452720e-02	-3.694197216189287758e-02	1.209972855721633128e-01	-9.394846186718636138e-02	6.264547795280747677e-02	-6.481609731623225179e-02	3.584988242043498502e-02
-3.322995534413542701e-02	3.198382947010905419e-02	-4.355352016723398889e-02	5.854166658617457331e-02	-6.462314916822839428e-02	3.346964460657665674e-02	-3.418440079874974363e-02	4.456864547950604993e-02	-7.172371186655976394e-02	6.008606803621389936e-02	-1.120530702592787697e-01	8.702148801132314482e-02	-1.098186694317646039e-01	8.907888108588278564e-02	-1.072257985139055542e-01	1.004921809807880900e-01	-1.018046050425092247e-01	1.445947031291253404e-01	-2.186806550355271106e-01	1.687991947163262341e-01	-9.362798789370233021e-02	1.087922592760378893e-01	-4.099098114668836557e-01	2.627809976338101872e-01	-1.914251485257835173e-01	1.011160969318160435e-01	-1.058027373729755194e-01	9.999999999999986677e-01	-6.522681337957908498e-01	2.314369884336558714e-01	-1.608625091481041824e-01	2.131600992937962014e-01	-3.984678915085066442e-01	2.873613757146892267e-01	-2.815489798041667657e-01	1.309481498547568623e-01	-1.236214110057198279e-01	1.955231920688382530e-01	-2.133288712812887178e-01	8.391293443594222135e-02	-1.891353422995019629e-01	1.329550187618055712e-01	-1.188299018193154366e-01	1.258634498619897180e-01	-8.119689326146486974e-02
2.868329821722049797e-02	-2.782681976063019688e-02	3.783971345488452986e-02	-5.149519489955992069e-02	5.614282772412217820e-02	-2.898066631974256097e-02	2.959586501022562835e-02	-3.894298605602774382e-02	6.209344386172797881e-02	-5.316574892969548605e-02	9.511407282676972996e-02	-7.477011847088363417e-02	9.272173960267289516e-02	-7.837350489303081258e-02	9.360691114577246452e-02	-8.751619776633721981e-02	8.620343288963733253e-02	-1.247151555053572503e-01	1.956438323912300936e-01	-1.765702279099898020e-01	8.003959149880481017e-02	-9.282009645803458719e-02	2.585055126220945909e-01	-3.088571515540486923e-01	1.993477447884484111e-01	-8.824890582484481993e-02	8.750639474442963028e-02	-6.522681337957908498e-01	1.000000000000001332e+00	-3.298912854770217895e-01	1.364732675325613653e-01	-1.964954563043457836e-01	2.723809724821338873e-01	-4.716356093438398567e-01	2.796962472448885073e-01	-1.177765505323189327e-01	1.103620106824688973e-01	-2.017381467960743524e-01	2.037089313938013901e-01	-8.422367015418182057e-02	1.625003258029611708e-01	-1.239087052662096455e-01	1.127760880212552996e-01	-1.257615867537725529e-01	7.797018248570419807e-02
-3.027228083428292610e-02	2.961864071943762916e-02	-4.080172065722624530e-02	5.652244712865654719e-02	-6.211096700323558845e-02	3.051885291623935431e-02	-3.142398470138667993e-02	4.191709715263917252e-02	-6.781781654237850621e-02	5.993396642670718172e-02	-9.843178984663250586e-02	7.788475320828654180e-02	-9.925541496061134061e-02	8.515042351847858237e-02	-1.074511266958599887e-01	8.821005775207109434e-02	-8.909623628369729709e-02	1.305728695004576279e-01	-2.990169916895955571e-01	2.629713845270301165e-01	-7.688192667383457468e-02	8.350615241005440725e-02	-2.433039259829744561e-01	2.557047676262582114e-01	-5.481875443545424220e-01	8.364786026318289658e-02	-7.943652899850962845e-02	2.314369884336558714e-01	-3.298912854770217895e-01	1.000000000000000444e+00	-1.223117928498511503e-01	1.575819875828314287e-01	-2.046317737187693109e-01	2.443426201235363859e-01	-5.725125713129192162e-01	1.041373213321674512e-01	-9.516244149981190059e-02	1.597225920721355441e-01	-1.704213725131079882e-01	7.428877291046480369e-02	-1.515659266973162222e-01	1.072501544721030098e-01	-9.724407191539470585e-02	1.071378254675241087e-01	-7.061569616231863633e-02
3.523168056219950356e-02	-3.281314762999323204e-02	4.267511385084492292e-02	-5.538544827031440659e-02	6.007697521665180534e-02	-3.586058560386386901e-02	3.536904791905912809e-02	-4.388005194772695572e-02	6.751853637490949633e-02	-5.515189809723416298e-02	1.316493880586392939e-01	-9.484039992096134075e-02	1.038858594788565071e-01	-8.509871901998809773e-02	9.666077125592567598e-02	-1.400105985428103661e-01	1.145857270512289777e-01	-1.293598614549178738e-01	1.443050722870317937e-01	-1.067528278097158723e-01	1.869941072943579474e-01	-1.467609072395157643e-01	1.447322271723748555e-01	-1.291276292496252309e-01	1.012074108704732328e-01	-2.886220219391810726e-01	1.422256452320160847e-01	-1.608625091481041824e-01	1.364732675325613653e-01	-1.223117928498511503e-01	9.999999999999963363e-01	-4.514382048875977271e-01	2.174283832366066815e-01	-1.563992425062917246e-01	1.542462045155122974e-01	-6.439078158542254071e-01	2.629802608917929940e-01	-1.857450503015513066e-01	1.552135689710312239e-01	-7.535326888820219338e-02	2.866060664932454372e-01	-2.702905669484960693e-01	1.404869354276673532e-01	-1.464414521474265707e-01	7.257837072397881062e-02
-3.629596336152881436e-02	3.398303289754573547e-02	-4.503368726104847730e-02	5.890817086994420970e-02	-6.504860677724483287e-02	3.662423214854032549e-02	-3.662032191384392149e-02	4.597596505037438580e-02	-7.236385921940789723e-02	5.956820687018802435e-02	-1.314160227168287287e-01	9.527841070387511879e-02	-1.101546185063674854e-01	8.933500207600855725e-02	-1.061698757128642506e-01	1.235709275945415520e-01	-1.150894939541585588e-01	1.347539805137462077e-01	-1.805241848539226868e-01	1.298776814031888660e-01	-1.524268086974885361e-01	1.802461169276815822e-01	-1.920130837333560436e-01	1.603467984834753279e-01	-1.308529699628114273e-01	1.669599994381959496e-01	-2.268933014044263730e-01	2.131600992937962014e-01	-1.964954563043457836e-01	1.575819875828314287e-01	-4.514382048875977271e-01	9.999999999999976685e-01	-5.236295362345968485e-01	2.244766973560141099e-01	-2.228279569525503379e-01	2.739874898325032060e-01	-3.722892340241247822e-01	2.187492332322505395e-01	-2.095448028209992430e-01	9.001352813746919812e-02	-3.246976146177532607e-01	2.550598200367920620e-01	-1.647771349153247800e-01	1.572059814024348023e-01	-8.862194947197377104e-02
3.215129659741198381e-02	-3.081959286470691006e-02	4.137968337131833069e-02	-5.550245503414683035e-02	6.054940148409553025e-02	-3.251652647285951242e-02	3.288322830258433305e-02	-4.254256612292359879e-02	6.706292698929396112e-02	-5.659504470286217531e-02	1.095580750910751799e-01	-8.370950744446267744e-02	9.968634279087598693e-02	-8.430465350061364105e-02	9.954804812774725731e-02	-1.038823795523433624e-01	9.760378419605748868e-02	-1.293747365155105133e-01	1.820838619186302410e-01	-1.493523387354029341e-01	1.063736051684032735e-01	-1.334670423309071152e-01	2.080024045022251244e-01	-1.948242018590460034e-01	1.498272329866215113e-01	-1.207836072492936286e-01	1.281218981520052536e-01	-3.984678915085066442e-01	2.723809724821338873e-01	-2.046317737187693109e-01	2.174283832366066815e-01	-5.236295362345968485e-01	9.999999999999986677e-01	-4.796852391827824413e-01	2.575137618807753492e-01	-1.897027686109798994e-01	1.893352978859303426e-01	-3.261683564463348506e-01	2.527855224605320972e-01	-1.051227415138598770e-01	2.254185335037124371e-01	-2.036392362653032251e-01	1.613712046296030267e-01	-1.704543023415729663e-01	9.888474250842888003e-02
-2.779322426348306355e-02	2.678905713125322857e-02	-3.632683457252585540e-02	4.913365376586353167e-02	-5.393502337202998875e-02	2.803056315571181983e-02	-2.854438951232548052e-02	3.727196292136877864e-02	-5.939923569810892645e-02	5.067309456365989145e-02	-9.293592498412832359e-02	7.140474014684619619e-02	-8.764221439723308971e-02	7.422677334953549366e-02	-8.980934278525516679e-02	8.506289282888196412e-02	-8.240532593159458075e-02	1.133033260832414790e-01	-1.849230832207669761e-01	1.522921436419836794e-01	-8.246342917434117126e-02	9.119105305518354632e-02	-2.005710614747649445e-01	1.950954061696159869e-01	-1.689133327976967414e-01	9.052222654643302113e-02	-8.867924296685048002e-02	2.873613757146892267e-01	-4.716356093438398567e-01	2.443426201235363859e-01	-1.563992425062917246e-01	2.244766973560141099e-01	-4.796852391827824413e-01	9.999999999999973355e-01	-4.940439476177337919e-01	1.305470001134172997e-01	-1.279142384073376493e-01	2.531723370544913254e-01	-3.866169057037266987e-01	1.124182413861868068e-01	-1.817120127673189645e-01	1.381806271864125246e-01	-1.370724442499265672e-01	1.494603426749890884e-01	-1.045732996106325252e-01
