1.000000000000000000e+00	-6.912734542780172298e-01	2.584917050317829812e-01	-1.026780298617892828e-01	1.078618068104723465e-01	-3.248129370978748987e-01	2.914340493103230734e-01	-2.173489067501059857e-01	1.369357528369425647e-01	-1.197406181445461737e-01	1.974277571889457017e-01	-2.533038390766202408e-01	2.221207478862982643e-01	-1.416787504132009934e-01	1.212037018194954824e-01	-1.944507270929753395e-01	2.094985996244509430e-01	-1.974019629442268775e-01	1.556670729648825524e-01	-1.604447586789832514e-01	1.861494407998101897e-01	-2.312801445436347969e-01	1.457624760847411050e-01	-1.378869910733464543e-01	1.490805839012924461e-01	-2.489152053786883589e-01	1.336746759240173554e-01	-1.159431767008177183e-01	9.780001924944828340e-02	-7.620220221220834478e-02	1.178188856621432135e-01	-8.361565182578198363e-02	1.603633221522110242e-01	-8.205571336341424549e-02	9.488898046387597707e-02	-7.602925311865625646e-02	1.069197411108740586e-01	-8.556009304864088671e-02	9.514228046038236686e-02	-1.243527214485192767e-01	8.692134229073286700e-02	-8.254067588890341700e-02	6.805607032695398795e-02	-9.060899431552744965e-02	6.636225410698853855e-02
-6.912734542780172298e-01	1.000000000000000000e+00	-3.701905837747819783e-01	8.552409074048915316e-02	-9.028551657220679205e-02	2.339863449456852929e-01	-4.940824374767077698e-01	2.353303830445857003e-01	-1.214619190745652166e-01	9.653688983271752067e-02	-1.676795965268170485e-01	2.300375438969430586e-01	-2.236730772416268831e-01	1.210890732065120490e-01	-9.999498288911642940e-02	1.492819711957026063e-01	-1.825058437682908208e-01	1.575335674721877466e-01	-1.231853755499524167e-01	1.172663541734658282e-01	-1.404621436141222368e-01	1.593998705308623254e-01	-1.143962605099386604e-01	1.054756727022584939e-01	-1.096142195283376919e-01	1.673448697821731113e-01	-9.555716139717158886e-02	8.314380273239198316e-02	-7.071063347383260700e-02	5.493895758595609274e-02	-8.128566049170923846e-02	5.795341772603299774e-02	-1.136186316960455106e-01	5.732009894817061135e-02	-6.626240037150012141e-02	5.204277443104649015e-02	-7.386102494870884494e-02	5.843093068267046081e-02	-6.538653693387329324e-02	8.347684869078868253e-02	-5.953255805950503909e-02	5.608750978941470094e-02	-4.634066810514843315e-02	6.097864510451979358e-02	-4.482968205980519816e-02
2.584917050317829812e-01	-3.701905837747819783e-01	9.999999999999998890e-01	-1.405951848487817235e-01	1.321912790807938110e-01	-2.713545854390304046e-01	2.898019086776015274e-01	-6.696035840045331256e-01	1.806334273378078503e-01	-1.470856577348945982e-01	1.838730002064024316e-01	-2.660073434993860952e-01	2.960382383240262039e-01	-1.861312541644824792e-01	1.416286453644371723e-01	-1.827393781036022735e-01	2.089563179838718199e-01	-2.237696343525328591e-01	1.659393929858496985e-01	-1.654600543689331293e-01	1.719069980992558311e-01	-2.147971252097966577e-01	1.520239110213938150e-01	-1.471348849963101113e-01	1.455518512094156891e-01	-2.228672333057722665e-01	1.256629307877486224e-01	-1.108348721816686394e-01	9.351057886642288874e-02	-7.331621453455279547e-02	1.068215544348620066e-01	-7.637447821683210347e-02	1.485925976863880782e-01	-7.589271489460158726e-02	8.749093795174174570e-02	-6.892108908596537853e-02	9.717307681602806169e-02	-7.790484789514343089e-02	8.670508979544955253e-02	-1.126875062574334285e-01	7.864000587302373557e-02	-7.487307255330208355e-02	6.175219410160678879e-02	-8.207773277127607126e-02	6.017002128118018045e-02
-1.026780298617892828e-01	8.552409074048915316e-02	-1.405951848487817235e-01	1.000000000000000222e+00	-8.334771634341590074e-01	1.017476532904385278e-01	-1.006558928568465627e-01	1.177978138471815345e-01	-3.953775315570760007e-01	2.326923705080471971e-01	-7.775912554026140344e-02	1.005272595727631224e-01	-1.399975529325936663e-01	2.184125670409662878e-01	-2.153693169357686621e-01	7.893185761091474351e-02	-9.922773509823100413e-02	1.097373264422250166e-01	-1.246536871563319326e-01	1.134859532183785380e-01	-8.101530968173553671e-02	1.036525908039533789e-01	-8.801626777975066207e-02	9.251325192059209335e-02	-9.634626562870969579e-02	1.021391311545903902e-01	-6.576528184697608137e-02	5.860005606257440852e-02	-5.782069300123974381e-02	4.522000154587735299e-02	-5.434285218588193189e-02	3.920246422887392612e-02	-7.871072066938460121e-02	4.091840076989784747e-02	-4.725566688129268639e-02	3.504057932511066981e-02	-4.994139510851128283e-02	4.030423484879167711e-02	-4.535396760678132161e-02	5.750898041407305483e-02	-4.017514365201117765e-02	3.826413690903956999e-02	-3.172091024018550143e-02	4.186149754091818276e-02	-3.084782887514275415e-02
1.078618068104723465e-01	-9.028551657220679205e-02	1.321912790807938110e-01	-8.334771634341590074e-01	1.000000000000000222e+00	-1.136855743767568733e-01	1.042184503739747997e-01	-1.174045498469278165e-01	2.631187940083380417e-01	-3.374004564940197293e-01	8.469908174764000097e-02	-1.083101421579038270e-01	1.406424230245830465e-01	-2.380220616719078697e-01	2.145909363978185935e-01	-8.779006596313604360e-02	1.069325545875310091e-01	-1.211613386728769975e-01	1.303156145395449328e-01	-1.294139251982698025e-01	9.065289053223386795e-02	-1.197015873918732820e-01	9.532969152263663648e-02	-1.028311518751375692e-01	1.049251282815101272e-01	-1.182962882387978004e-01	7.394411594334993065e-02	-6.597574916096457520e-02	6.361532512138280693e-02	-5.013680184947310464e-02	6.194259014468337515e-02	-4.460238825668210588e-02	8.850024583145364721e-02	-4.624977953898147531e-02	5.335024323997222817e-02	-4.010814727331809409e-02	5.686340244870477512e-02	-4.616540090463602808e-02	5.170185230640104990e-02	-6.654701345298630333e-02	4.593876306076579569e-02	-4.397303735129097502e-02	3.639248943365155919e-02	-4.836726437810582452e-02	3.555123458123325697e-02
-3.248129370978748987e-01	2.339863449456852929e-01	-2.713545854390304046e-01	1.017476532904385278e-01	-1.136855743767568733e-01	9.999999999999998890e-01	-4.062429977719540508e-01	2.151082223109882507e-01	-1.492358890700770935e-01	1.174786175364110064e-01	-6.171560718401676304e-01	3.005544031030051855e-01	-2.778430896182870202e-01	1.481119032238140121e-01	-1.281979071026845551e-01	2.844389007270305969e-01	-3.138980490225039555e-01	2.117292580610398989e-01	-1.708376795412140658e-01	1.513443354468511359e-01	-2.650666874307451848e-01	2.159420475430624542e-01	-1.624758074470036007e-01	1.411910173579206396e-01	-1.521695651502291413e-01	2.272029149516285595e-01	-1.360980339615183721e-01	1.157123829064905240e-01	-9.832087164845230987e-02	7.549776030512818370e-02	-1.136660670817175173e-01	8.065540731512933770e-02	-1.617112592885509570e-01	7.896441349540417320e-02	-9.160850889528725227e-02	7.115548615347987160e-02	-1.028135205835434690e-01	7.845666191974537407e-02	-8.897115557424761789e-02	1.080155263203826516e-01	-8.177818583774205952e-02	7.495536218603232603e-02	-6.220097989762790602e-02	7.953601093719531168e-02	-5.894590830447477003e-02
2.914340493103230734e-01	-4.940824374767077698e-01	2.898019086776015274e-01	-1.006558928568465627e-01	1.042184503739747997e-01	-4.062429977719540508e-01	9.999999999999998890e-01	-3.861811267374999357e-01	1.453142492451568735e-01	-1.159149390319740708e-01	2.431727625938432669e-01	-4.977614987834329541e-01	2.819654563220435062e-01	-1.507213939819653792e-01	1.183815516496932452e-01	-2.094907308274183699e-01	2.413401941720372534e-01	-2.049765268733145240e-01	1.485497187056154522e-01	-1.407352879984945238e-01	1.767816255854606500e-01	-1.955265240635222779e-01	1.401623889533448741e-01	-1.298078201343744742e-01	1.290618625728163771e-01	-2.057110403594598069e-01	1.148209675453128326e-01	-1.002823352363352155e-01	8.320818082672441773e-02	-6.483944690345430639e-02	9.626767000815078523e-02	-6.874758986199548672e-02	1.347759667524006943e-01	-6.771110368393480627e-02	7.811593920119776213e-02	-6.154457176009253683e-02	8.724737457958749165e-02	-6.888079588296028288e-02	7.696220842573062160e-02	-9.816412787480931212e-02	7.017613890036211721e-02	-6.613555553439209866e-02	5.458509862603667939e-02	-7.174032727525087028e-02	5.272999744738041117e-02
-2.173489067501059857e-01	2.353303830445857003e-01	-6.696035840045331256e-01	1.177978138471815345e-01	-1.174045498469278165e-01	2.151082223109882507e-01	-3.861811267374999357e-01	1.000000000000000222e+00	-2.114048728090291152e-01	1.294203244845509027e-01	-1.627498356427904691e-01	2.512917772261618055e-01	-4.963871532243175344e-01	1.837236103173175983e-01	-1.314131659682107323e-01	1.493657390382700512e-01	-1.893255121826175891e-01	1.923729339192346843e-01	-1.456727578223130648e-01	1.305978761993510651e-01	-1.377376205208787618e-01	1.608131885709816467e-01	-1.312636795107457732e-01	1.218606853749861635e-01	-1.163907880766258535e-01	1.642057762401563370e-01	-9.775225919707944411e-02	8.647525195001688758e-02	-7.354837022232563193e-02	5.744864287898526767e-02	-8.039601731557526054e-02	5.774540705336450586e-02	-1.145926265325357823e-01	5.783281812001861422e-02	-6.665549944594129084e-02	5.155912013042374814e-02	-7.324515046924265360e-02	5.821939917511560758e-02	-6.514065704554200531e-02	8.306060521933683605e-02	-5.884676557610026698e-02	5.570780233884609772e-02	-4.602546607630224329e-02	6.061318205670415682e-02	-4.457242618739461204e-02
1.369357528369425647e-01	-1.214619190745652166e-01	1.806334273378078503e-01	-3.953775315570760007e-01	2.631187940083380417e-01	-1.492358890700770935e-01	1.453142492451568735e-01	-2.114048728090291152e-01	1.000000000000000000e+00	-3.909889915085266732e-01	1.121272236883403689e-01	-1.549289257003078624e-01	2.176539815956940460e-01	-6.704641041754576536e-01	2.835392487450786869e-01	-1.149087496531279173e-01	1.422574525315471738e-01	-1.711353296836104210e-01	1.954243060811251820e-01	-1.716513472360185755e-01	1.142741798568444878e-01	-1.487880292600242405e-01	1.300648523724243499e-01	-1.494302962136566104e-01	1.323981642592341745e-01	-1.451713266269929192e-01	9.252743492012521775e-02	-8.365835303123574096e-02	7.911511336060295108e-02	-6.266616706367199308e-02	7.520298340246665825e-02	-5.443246345226050720e-02	1.090277706386054701e-01	-5.667807816025445533e-02	6.520013461469686966e-02	-4.861232956646602960e-02	6.903480913120255136e-02	-5.595839496142790415e-02	6.268694683768538667e-02	-8.022088929848508743e-02	5.553749830852475200e-02	-5.318290343168424750e-02	4.400743861553417513e-02	-5.832445193711033316e-02	4.290343461131350400e-02
-1.197406181445461737e-01	9.653688983271752067e-02	-1.470856577348945982e-01	2.326923705080471971e-01	-3.374004564940197293e-01	1.174786175364110064e-01	-1.159149390319740708e-01	1.294203244845509027e-01	-3.909889915085266732e-01	1.000000000000000000e+00	-9.136909601719393759e-02	1.175503967456611454e-01	-1.674284596067042996e-01	2.838873303684752436e-01	-7.642182524126099885e-01	9.295027029584471134e-02	-1.189302018369015751e-01	1.329977755827179142e-01	-1.624295333555538234e-01	1.626311822613477065e-01	-9.616708058565831552e-02	1.229419624446780185e-01	-1.094622605424241668e-01	1.161059440744899585e-01	-1.372159145169175587e-01	1.198143910333984985e-01	-7.995155402885169293e-02	7.152210765858371677e-02	-7.867041438534289055e-02	6.125939054899463138e-02	-6.548003390181111882e-02	4.739714938512864378e-02	-9.618432957502606739e-02	5.096312238623695173e-02	-5.891211377203550009e-02	4.221171575709369017e-02	-6.036767560201379557e-02	4.901721258917882129e-02	-5.546621618872470821e-02	6.942914519886816960e-02	-4.845912898491962217e-02	4.621129934804735218e-02	-3.840734714771644465e-02	5.051018027765839802e-02	-3.732521239640297639e-02
1.974277571889457017e-01	-1.676795965268170485e-01	1.838730002064024316e-01	-7.775912554026140344e-02	8.469908174764000097e-02	-6.171560718401676304e-01	2.431727625938432669e-01	-1.627498356427904691e-01	1.121272236883403689e-01	-9.136909601719393759e-02	9.999999999999996669e-01	-4.003565405681498990e-01	2.168718328669913820e-01	-1.170099243185983989e-01	9.737600512458573221e-02	-5.363129271737330228e-01	2.799268047450348407e-01	-1.901982939501577485e-01	1.345641962124090318e-01	-1.225206931223530166e-01	2.391517752669599095e-01	-2.001875169012043432e-01	1.323099551497738113e-01	-1.173856220533940620e-01	1.174638574908617034e-01	-2.223880188231827648e-01	1.130632445476707632e-01	-9.651213625412149999e-02	7.653277133041493097e-02	-5.929978056913701862e-02	9.292461197347266777e-02	-6.606091102846077534e-02	1.298187719001058782e-01	-6.346466616558112117e-02	7.319999641011619429e-02	-5.838884522948196987e-02	8.318744598150146219e-02	-6.389895303108145130e-02	7.164617128468392382e-02	-8.883631919176501746e-02	6.624752087902699427e-02	-6.138254630968713321e-02	5.064085571189477081e-02	-6.532393547859541294e-02	4.818124941112681553e-02
-2.533038390766202408e-01	2.300375438969430586e-01	-2.660073434993860952e-01	1.005272595727631224e-01	-1.083101421579038270e-01	3.005544031030051855e-01	-4.977614987834329541e-01	2.512917772261618055e-01	-1.549289257003078624e-01	1.175503967456611454e-01	-4.003565405681498990e-01	1.000000000000007550e+00	-4.661073574146107901e-01	1.627334172061480344e-01	-1.272802622619371160e-01	2.568459818740754241e-01	-4.451792979687522744e-01	2.411353857150233260e-01	-1.660796917654407956e-01	1.438849391602183558e-01	-2.026266401530833761e-01	1.978845167052379617e-01	-1.613670489156878163e-01	1.407622395774185131e-01	-1.340239218910211361e-01	2.043335348373667704e-01	-1.195949720180628228e-01	1.044917244532334311e-01	-8.556445276065476058e-02	6.647060883477855231e-02	-9.649490506647570576e-02	6.920828340448573202e-02	-1.383964156092730435e-01	6.835262119038781892e-02	-7.879124212770971525e-02	6.120511457438854164e-02	-8.745244265415511031e-02	6.824391060668365261e-02	-7.662158708038351029e-02	9.577217046153310709e-02	-6.975151403467171052e-02	6.527398433448217130e-02	-5.394946728662751434e-02	7.016324195499475114e-02	-5.173331894556305877e-02
2.221207478862982643e-01	-2.236730772416268831e-01	2.960382383240262039e-01	-1.399975529325936663e-01	1.406424230245830465e-01	-2.778430896182870202e-01	2.819654563220435062e-01	-4.963871532243175344e-01	2.176539815956940460e-01	-1.674284596067042996e-01	2.168718328669913820e-01	-4.661073574146107901e-01	1.000000000000000000e+00	-3.066434924471388990e-01	1.729076470472596383e-01	-2.118143693651481640e-01	2.664621249307704831e-01	-3.686930875268327190e-01	2.080407064728342637e-01	-1.857974862514511216e-01	1.859028948962415384e-01	-2.249374558623568610e-01	1.954732593091841886e-01	-1.839801554843091824e-01	1.590600920340697888e-01	-2.255466596446170646e-01	1.354600693212148765e-01	-1.221214053911750808e-01	1.002510697250293542e-01	-7.878255144002598021e-02	1.090698739966224351e-01	-7.872102970321449844e-02	1.565812122330868805e-01	-7.896939910674724561e-02	9.071331402595710081e-02	-7.010485079059430857e-02	9.941283584592892908e-02	-7.931777646834507756e-02	8.851720677546294491e-02	-1.133695398561828382e-01	7.978641321909644979e-02	-7.586884399891172248e-02	6.261420531126414557e-02	-8.265940749267598753e-02	6.073013795112919277e-02
-1.416787504132009934e-01	1.210890732065120490e-01	-1.861312541644824792e-01	2.184125670409662878e-01	-2.380220616719078697e-01	1.481119032238140121e-01	-1.507213939819653792e-01	1.837236103173175983e-01	-6.704641041754576536e-01	2.838873303684752436e-01	-1.170099243185983989e-01	1.627334172061480344e-01	-3.066434924471388990e-01	9.999999999999995559e-01	-4.348287572806325829e-01	1.178025631971956894e-01	-1.540583530352923336e-01	1.852531680934379754e-01	-2.968264569040953704e-01	1.832695300168958874e-01	-1.170607427120071015e-01	1.488438668896585881e-01	-1.489146880862947109e-01	1.676165078212360215e-01	-1.449362313348800113e-01	1.437304736100652458e-01	-9.618739073806086004e-02	8.726326271814623114e-02	-8.451087627840242478e-02	6.659361211677260195e-02	-7.603090099830535353e-02	5.529208651681798842e-02	-1.126318641760699346e-01	5.826466837050071207e-02	-6.703170240131914315e-02	4.899049391423865307e-02	-6.994994341059317111e-02	5.651800660155161665e-02	-6.359743967113061502e-02	8.026049133936551117e-02	-5.597826411735287028e-02	5.347878737348269601e-02	-4.432362690914934400e-02	5.840200400627974797e-02	-4.306530273709992251e-02
1.212037018194954824e-01	-9.999498288911642940e-02	1.416286453644371723e-01	-2.153693169357686621e-01	2.145909363978185935e-01	-1.281979071026845551e-01	1.183815516496932452e-01	-1.314131659682107323e-01	2.835392487450786869e-01	-7.642182524126099885e-01	9.737600512458573221e-02	-1.272802622619371160e-01	1.729076470472596383e-01	-4.348287572806325829e-01	9.999999999999964473e-01	-1.011863420225428828e-01	1.259306441055674519e-01	-1.494191840052935538e-01	1.786812804161943824e-01	-2.145521297943732142e-01	1.039025094727003135e-01	-1.372769900681939381e-01	1.188452581370454675e-01	-1.341672195643860144e-01	1.462678666037200703e-01	-1.332913017044852766e-01	8.673542034728805306e-02	-7.825802353533475864e-02	8.336057342556971173e-02	-6.633745312799121940e-02	7.114538340318753151e-02	-5.152315581103636410e-02	1.035094468136475987e-01	-5.518686638322423121e-02	6.355987252280058397e-02	-4.608089112379312041e-02	6.551342562131011460e-02	-5.362000424046944880e-02	6.028436589598063639e-02	-7.677669094111842785e-02	5.276761668585089327e-02	-5.069060395882031556e-02	4.203446810325399408e-02	-5.573688867044441358e-02	4.106398986849599253e-02
-1.944507270929753395e-01	1.492819711957026063e-01	-1.827393781036022735e-01	7.893185761091474351e-02	-8.779006596313604360e-02	2.844389007270305969e-01	-2.094907308274183699e-01	1.493657390382700512e-01	-1.149087496531279173e-01	9.295027029584471134e-02	-5.363129271737330228e-01	2.568459818740754241e-01	-2.118143693651481640e-01	1.178025631971956894e-01	-1.011863420225428828e-01	1.000000000000001554e+00	-4.961037381505119526e-01	2.130338814080540988e-01	-1.509664760189092514e-01	1.306743688135468817e-01	-4.992759547549038834e-01	2.297371601747076886e-01	-1.540003327453556559e-01	1.289560124388158535e-01	-1.296270174779644846e-01	2.551531757401178657e-01	-1.316286896054675859e-01	1.098123619205940704e-01	-8.490169039687994745e-02	6.548495033787730957e-02	-1.060673668183163276e-01	7.500198150011085085e-02	-1.487093692900564312e-01	7.111354343548957624e-02	-8.207226680679180486e-02	6.558834990470154003e-02	-9.427397425578122603e-02	7.087175263222435240e-02	-7.983357460651296922e-02	9.681023442337842455e-02	-7.447776644156446635e-02	6.803279689649505135e-02	-5.619505705414834518e-02	7.148357149193741711e-02	-5.289864717591817589e-02
2.094985996244509430e-01	-1.825058437682908208e-01	2.089563179838718199e-01	-9.922773509823100413e-02	1.069325545875310091e-01	-3.138980490225039555e-01	2.413401941720372534e-01	-1.893255121826175891e-01	1.422574525315471738e-01	-1.189302018369015751e-01	2.799268047450348407e-01	-4.451792979687522744e-01	2.664621249307704831e-01	-1.540583530352923336e-01	1.259306441055674519e-01	-4.961037381505119526e-01	9.999999999999981126e-01	-4.617049103040090086e-01	2.008378685094036054e-01	-1.761299285751518895e-01	2.595624196691743713e-01	-2.780463060942917619e-01	2.158994393491333874e-01	-1.893914202717711381e-01	1.583192946419796354e-01	-2.782873640399772253e-01	1.532420428410950497e-01	-1.364019990381690473e-01	1.020084314290246735e-01	-7.984457289019350479e-02	1.191278638263092993e-01	-8.596398870739477283e-02	1.710840343598750979e-01	-8.379567235493114163e-02	9.599498413211757231e-02	-7.561420880705894965e-02	1.073873873553514990e-01	-8.377598377593219181e-02	9.344105161905881529e-02	-1.175082050197723410e-01	8.537547299464878781e-02	-8.030099873602679350e-02	6.612208895397833630e-02	-8.610400875583458513e-02	6.335691462912881877e-02
-1.974019629442268775e-01	1.575335674721877466e-01	-2.237696343525328591e-01	1.097373264422250166e-01	-1.211613386728769975e-01	2.117292580610398989e-01	-2.049765268733145240e-01	1.923729339192346843e-01	-1.711353296836104210e-01	1.329977755827179142e-01	-1.901982939501577485e-01	2.411353857150233260e-01	-3.686930875268327190e-01	1.852531680934379754e-01	-1.494191840052935538e-01	2.130338814080540988e-01	-4.617049103040090086e-01	9.999999999999991118e-01	-3.670747222750630478e-01	2.087302106701399151e-01	-2.007508771561077321e-01	2.339273245545368252e-01	-5.260218033987357211e-01	2.821946113524388955e-01	-1.955329513027617150e-01	2.134794728051332968e-01	-1.746086927592472859e-01	1.637037784563781517e-01	-1.196056149723273843e-01	9.281182875221884176e-02	-1.157111191939086681e-01	8.633480119222690374e-02	-1.883864452826999880e-01	8.892855935113459787e-02	-1.014510238918337054e-01	7.350280481138968258e-02	-1.069127590154233115e-01	8.370451459611574774e-02	-9.458700043227979970e-02	1.156390059724304586e-01	-8.336976213420939363e-02	7.888981395977340272e-02	-6.536150381699401546e-02	8.456933817471272430e-02	-6.260154014050334226e-02
1.556670729648825524e-01	-1.231853755499524167e-01	1.659393929858496985e-01	-1.246536871563319326e-01	1.303156145395449328e-01	-1.708376795412140658e-01	1.485497187056154522e-01	-1.456727578223130648e-01	1.954243060811251820e-01	-1.624295333555538234e-01	1.345641962124090318e-01	-1.660796917654407956e-01	2.080407064728342637e-01	-2.968264569040953704e-01	1.786812804161943824e-01	-1.509664760189092514e-01	2.008378685094036054e-01	-3.670747222750630478e-01	9.999999999999961142e-01	-4.467825430199161008e-01	1.539593301234008782e-01	-2.183019735960885777e-01	2.914280361362278082e-01	-5.867135480097167566e-01	2.391723029187611260e-01	-1.926807481369126329e-01	1.454380953842998592e-01	-1.415186284189753896e-01	1.317740405171221874e-01	-1.078092376382085438e-01	1.054270304363834898e-01	-7.830870613042534290e-02	1.635446568026349967e-01	-8.537459914733479260e-02	9.709173137750924665e-02	-6.838325806674387664e-02	9.771128453987473761e-02	-8.027076816713353546e-02	9.001962320236316095e-02	-1.139051714048160274e-01	7.765957956242357241e-02	-7.533288920457842375e-02	6.238741351363108478e-02	-8.257610552700404838e-02	6.087782482786420479e-02
-1.604447586789832514e-01	1.172663541734658282e-01	-1.654600543689331293e-01	1.134859532183785380e-01	-1.294139251982698025e-01	1.513443354468511359e-01	-1.407352879984945238e-01	1.305978761993510651e-01	-1.716513472360185755e-01	1.626311822613477065e-01	-1.225206931223530166e-01	1.438849391602183558e-01	-1.857974862514511216e-01	1.832695300168958874e-01	-2.145521297943732142e-01	1.306743688135468817e-01	-1.761299285751518895e-01	2.087302106701399151e-01	-4.467825430199161008e-01	9.999999999999980016e-01	-1.449305761760785738e-01	1.950465569425106349e-01	-2.063658773284638426e-01	2.255925363251056748e-01	-6.640098633379083459e-01	1.815518427018064929e-01	-1.413093673287351970e-01	1.293732700020707449e-01	-2.674070141792891375e-01	2.099326885041045976e-01	-1.133160582485231577e-01	8.338493697206479649e-02	-1.759470087818033324e-01	1.101301106819863873e-01	-1.277489146039594570e-01	7.382474999106580782e-02	-1.062366563694379235e-01	9.224859082952509282e-02	-1.069952225587651184e-01	1.278668560125448272e-01	-8.517043936479737343e-02	8.336929939869063000e-02	-7.021949867022134195e-02	9.210618826157992989e-02	-6.891964399733407909e-02
1.861494407998101897e-01	-1.404621436141222368e-01	1.719069980992558311e-01	-8.101530968173553671e-02	9.065289053223386795e-02	-2.650666874307451848e-01	1.767816255854606500e-01	-1.377376205208787618e-01	1.142741798568444878e-01	-9.616708058565831552e-02	2.391517752669599095e-01	-2.026266401530833761e-01	1.859028948962415384e-01	-1.170607427120071015e-01	1.039025094727003135e-01	-4.992759547549038834e-01	2.595624196691743713e-01	-2.007508771561077321e-01	1.539593301234008782e-01	-1.449305761760785738e-01	1.000000000000000444e+00	-4.432646820261658127e-01	1.596311029836436080e-01	-1.385882925219473483e-01	1.469668656393511574e-01	-5.840162714958254675e-01	1.867338770735428033e-01	-1.489669491732491524e-01	1.008208581473216681e-01	-7.794595851187967328e-02	1.508190400384009644e-01	-1.054634146124901334e-01	1.985522677318296847e-01	-9.300078642381912064e-02	1.068037851448767894e-01	-9.192871484210969613e-02	1.291900504441672315e-01	-9.493077358830036283e-02	1.054822527917501918e-01	-1.281598801209746785e-01	1.016804706456221480e-01	-9.231408978619334849e-02	7.549491830647531154e-02	-9.523994235293174737e-02	7.020451731440940923e-02
-2.312801445436347969e-01	1.593998705308623254e-01	-2.147971252097966577e-01	1.036525908039533789e-01	-1.197015873918732820e-01	2.159420475430624542e-01	-1.955265240635222779e-01	1.608131885709816467e-01	-1.487880292600242405e-01	1.229419624446780185e-01	-2.001875169012043432e-01	1.978845167052379617e-01	-2.249374558623568610e-01	1.488438668896585881e-01	-1.372769900681939381e-01	2.297371601747076886e-01	-2.780463060942917619e-01	2.339273245545368252e-01	-2.183019735960885777e-01	1.950465569425106349e-01	-4.432646820261658127e-01	9.999999999999972244e-01	-2.578553337215531704e-01	1.926843892663960556e-01	-2.171069389462183252e-01	3.145169406324523909e-01	-4.422853201176905058e-01	2.647060677344327817e-01	-1.560529652991261562e-01	1.190399140273910999e-01	-2.171470525843765265e-01	1.637654438162012005e-01	-3.760062923824716297e-01	1.539512119354286557e-01	-1.780556326272873524e-01	1.312769125548622906e-01	-2.024039036406321546e-01	1.420148184688194981e-01	-1.645791255339145720e-01	1.823628863638876996e-01	-1.502445149434404326e-01	1.337867923046207608e-01	-1.116637016552654293e-01	1.360251052535381144e-01	-1.022701585656965312e-01
1.457624760847411050e-01	-1.143962605099386604e-01	1.520239110213938150e-01	-8.801626777975066207e-02	9.532969152263663648e-02	-1.624758074470036007e-01	1.401623889533448741e-01	-1.312636795107457732e-01	1.300648523724243499e-01	-1.094622605424241668e-01	1.323099551497738113e-01	-1.613670489156878163e-01	1.954732593091841886e-01	-1.489146880862947109e-01	1.188452581370454675e-01	-1.540003327453556559e-01	2.158994393491333874e-01	-5.260218033987357211e-01	2.914280361362278082e-01	-2.063658773284638426e-01	1.596311029836436080e-01	-2.578553337215531704e-01	9.999999999999993339e-01	-6.373318068629911792e-01	1.704009455534744033e-01	-1.904910338134022385e-01	1.925614499317122030e-01	-2.475482812563748192e-01	1.076643424564525664e-01	-8.611402633014514363e-02	1.073574329566327062e-01	-8.377994007577192759e-02	1.887621539876221943e-01	-8.629443807451864235e-02	9.568270279559162872e-02	-6.909817980182741959e-02	1.003442626467993259e-01	-7.965421358403004803e-02	8.875132351748725446e-02	-1.107011298216866724e-01	7.730586631155622612e-02	-7.484709504136696778e-02	6.166260637146936396e-02	-8.062291641379749907e-02	5.940835160754040500e-02
-1.378869910733464543e-01	1.054756727022584939e-01	-1.471348849963101113e-01	9.251325192059209335e-02	-1.028311518751375692e-01	1.411910173579206396e-01	-1.298078201343744742e-01	1.218606853749861635e-01	-1.494302962136566104e-01	1.161059440744899585e-01	-1.173856220533940620e-01	1.407622395774185131e-01	-1.839801554843091824e-01	1.676165078212360215e-01	-1.341672195643860144e-01	1.289560124388158535e-01	-1.893914202717711381e-01	2.821946113524388955e-01	-5.867135480097167566e-01	2.255925363251056748e-01	-1.385882925219473483e-01	1.926843892663960556e-01	-6.373318068629911792e-01	9.999999999999997780e-01	-2.092704866317156021e-01	1.626761547584407441e-01	-1.605667792921755821e-01	1.574441380025347892e-01	-1.196500188048525704e-01	9.371585997522954847e-02	-9.651247298597391555e-02	7.380884735032697264e-02	-1.683046323529860944e-01	7.966750580090985190e-02	-9.019373813454960309e-02	6.173491511873604315e-02	-9.036686955314654490e-02	7.197617639975352477e-02	-8.151688847210333821e-02	9.923134532750554904e-02	-6.980082708765378285e-02	6.706683390768460040e-02	-5.565246190009991156e-02	7.227710578578400158e-02	-5.357714434551426319e-02
1.490805839012924461e-01	-1.096142195283376919e-01	1.455518512094156891e-01	-9.634626562870969579e-02	1.049251282815101272e-01	-1.521695651502291413e-01	1.290618625728163771e-01	-1.163907880766258535e-01	1.323981642592341745e-01	-1.372159145169175587e-01	1.174638574908617034e-01	-1.340239218910211361e-01	1.590600920340697888e-01	-1.449362313348800113e-01	1.462678666037200703e-01	-1.296270174779644846e-01	1.583192946419796354e-01	-1.955329513027617150e-01	2.391723029187611260e-01	-6.640098633379083459e-01	1.469668656393511574e-01	-2.171069389462183252e-01	1.704009455534744033e-01	-2.092704866317156021e-01	9.999999999999988898e-01	-2.032297627160922215e-01	1.408011733328529691e-01	-1.315639371226331455e-01	2.730696067590929754e-01	-4.119412751989694477e-01	1.214004290315250506e-01	-8.893255112421491471e-02	1.767049682021128165e-01	-1.257864433959791639e-01	1.405134825553527866e-01	-8.141405668784437721e-02	1.137392416293372677e-01	-1.058080234192931707e-01	1.180107143239269990e-01	-1.557215633106096286e-01	9.349719616004675826e-02	-9.571711063540655484e-02	7.997566762069448221e-02	-1.100667436742853444e-01	8.117018498949075955e-02
-2.489152053786883589e-01	1.673448697821731113e-01	-2.228672333057722665e-01	1.021391311545903902e-01	-1.182962882387978004e-01	2.272029149516285595e-01	-2.057110403594598069e-01	1.642057762401563370e-01	-1.451713266269929192e-01	1.198143910333984985e-01	-2.223880188231827648e-01	2.043335348373667704e-01	-2.255466596446170646e-01	1.437304736100652458e-01	-1.332913017044852766e-01	2.551531757401178657e-01	-2.782873640399772253e-01	2.134794728051332968e-01	-1.926807481369126329e-01	1.815518427018064929e-01	-5.840162714958254675e-01	3.145169406324523909e-01	-1.904910338134022385e-01	1.626761547584407441e-01	-2.032297627160922215e-01	1.000000000000000444e+00	-2.667196576626244542e-01	1.964976057641584506e-01	-1.435132899743100099e-01	1.093612175391362046e-01	-2.846309542509529722e-01	1.731550535058684337e-01	-3.078110635760998859e-01	1.390659102684221327e-01	-1.619552822740228104e-01	1.498002291243766826e-01	-2.183654613007644796e-01	1.429300688691713950e-01	-1.621815802145682162e-01	1.806468120842893987e-01	-1.706679459084921580e-01	1.404451168898631086e-01	-1.160213117339345679e-01	1.370904108948718669e-01	-1.025651968079147047e-01
1.336746759240173554e-01	-9.555716139717158886e-02	1.256629307877486224e-01	-6.576528184697608137e-02	7.394411594334993065e-02	-1.360980339615183721e-01	1.148209675453128326e-01	-9.775225919707944411e-02	9.252743492012521775e-02	-7.995155402885169293e-02	1.130632445476707632e-01	-1.195949720180628228e-01	1.354600693212148765e-01	-9.618739073806086004e-02	8.673542034728805306e-02	-1.316286896054675859e-01	1.532420428410950497e-01	-1.746086927592472859e-01	1.454380953842998592e-01	-1.413093673287351970e-01	1.867338770735428033e-01	-4.422853201176905058e-01	1.925614499317122030e-01	-1.605667792921755821e-01	1.408011733328529691e-01	-2.667196576626244542e-01	1.000000000000000888e+00	-7.259801271851220594e-01	1.135927380570399547e-01	-9.125655345787764272e-02	1.643773572436372510e-01	-1.672624501688775300e-01	2.993691270183026498e-01	-1.303231664018259794e-01	1.327470709824718209e-01	-1.072402006705563404e-01	1.596644490525681026e-01	-1.198806819140445790e-01	1.263400567144034037e-01	-1.631930139757670206e-01	1.121443132011703675e-01	-1.136673113232460341e-01	9.109411522133689654e-02	-1.192197129936260203e-01	8.654455330273032321e-02
-1.159431767008177183e-01	8.314380273239198316e-02	-1.108348721816686394e-01	5.860005606257440852e-02	-6.597574916096457520e-02	1.157123829064905240e-01	-1.002823352363352155e-01	8.647525195001688758e-02	-8.365835303123574096e-02	7.152210765858371677e-02	-9.651213625412149999e-02	1.044917244532334311e-01	-1.221214053911750808e-01	8.726326271814623114e-02	-7.825802353533475864e-02	1.098123619205940704e-01	-1.364019990381690473e-01	1.637037784563781517e-01	-1.415186284189753896e-01	1.293732700020707449e-01	-1.489669491732491524e-01	2.647060677344327817e-01	-2.475482812563748192e-01	1.574441380025347892e-01	-1.315639371226331455e-01	1.964976057641584506e-01	-7.259801271851220594e-01	9.999999999999993339e-01	-1.185607989880483049e-01	9.092127322315161908e-02	-1.484463758874063344e-01	1.405819765793554776e-01	-5.033020224175379642e-01	1.382250593252787318e-01	-1.419692742646441741e-01	9.316009250833895416e-02	-1.468297064933947460e-01	1.078332648520938936e-01	-1.196971287013754021e-01	1.416313161322720338e-01	-9.888638325732046486e-02	9.900193390448250308e-02	-8.075766804334988391e-02	1.033246628718084842e-01	-7.620456616730512944e-02
9.780001924944828340e-02	-7.071063347383260700e-02	9.351057886642288874e-02	-5.782069300123974381e-02	6.361532512138280693e-02	-9.832087164845230987e-02	8.320818082672441773e-02	-7.354837022232563193e-02	7.911511336060295108e-02	-7.867041438534289055e-02	7.653277133041493097e-02	-8.556445276065476058e-02	1.002510697250293542e-01	-8.451087627840242478e-02	8.336057342556971173e-02	-8.490169039687994745e-02	1.020084314290246735e-01	-1.196056149723273843e-01	1.317740405171221874e-01	-2.674070141792891375e-01	1.008208581473216681e-01	-1.560529652991261562e-01	1.076643424564525664e-01	-1.196500188048525704e-01	2.730696067590929754e-01	-1.435132899743100099e-01	1.135927380570399547e-01	-1.185607989880483049e-01	9.999999999999990008e-01	-8.379166211846817980e-01	9.543558074634354849e-02	-7.247382434828712749e-02	1.517844229437083914e-01	-1.865564855506672282e-01	1.744253184175406923e-01	-6.579283073381736457e-02	9.149306860104455819e-02	-1.004449009689721700e-01	1.156531614536150665e-01	-1.384217437323924937e-01	7.548847809340783477e-02	-8.217600147411605049e-02	7.015292000594061661e-02	-9.584279422539403182e-02	7.190381898530691374e-02
-7.620220221220834478e-02	5.493895758595609274e-02	-7.331621453455279547e-02	4.522000154587735299e-02	-5.013680184947310464e-02	7.549776030512818370e-02	-6.483944690345430639e-02	5.744864287898526767e-02	-6.266616706367199308e-02	6.125939054899463138e-02	-5.929978056913701862e-02	6.647060883477855231e-02	-7.878255144002598021e-02	6.659361211677260195e-02	-6.633745312799121940e-02	6.548495033787730957e-02	-7.984457289019350479e-02	9.281182875221884176e-02	-1.078092376382085438e-01	2.099326885041045976e-01	-7.794595851187967328e-02	1.190399140273910999e-01	-8.611402633014514363e-02	9.371585997522954847e-02	-4.119412751989694477e-01	1.093612175391362046e-01	-9.125655345787764272e-02	9.092127322315161908e-02	-8.379166211846817980e-01	9.999999999999988898e-01	-7.587322952481422023e-02	5.781306969488871766e-02	-1.262556934637374950e-01	1.455531357426668448e-01	-1.804228553977569038e-01	5.194491529980203165e-02	-7.312193567704224073e-02	8.019767443460142087e-02	-9.679277831533963927e-02	1.086519348721654288e-01	-5.989846382634506777e-02	6.467929837722247166e-02	-5.589523818600461436e-02	7.498879512574373185e-02	-5.741504147550623161e-02
1.178188856621432135e-01	-8.128566049170923846e-02	1.068215544348620066e-01	-5.434285218588193189e-02	6.194259014468337515e-02	-1.136660670817175173e-01	9.626767000815078523e-02	-8.039601731557526054e-02	7.520298340246665825e-02	-6.548003390181111882e-02	9.292461197347266777e-02	-9.649490506647570576e-02	1.090698739966224351e-01	-7.603090099830535353e-02	7.114538340318753151e-02	-1.060673668183163276e-01	1.191278638263092993e-01	-1.157111191939086681e-01	1.054270304363834898e-01	-1.133160582485231577e-01	1.508190400384009644e-01	-2.171470525843765265e-01	1.073574329566327062e-01	-9.651247298597391555e-02	1.214004290315250506e-01	-2.846309542509529722e-01	1.643773572436372510e-01	-1.484463758874063344e-01	9.543558074634354849e-02	-7.587322952481422023e-02	9.999999999999985567e-01	-5.795738185509478058e-01	2.234989233348224358e-01	-1.281684260028860267e-01	1.389173940457613665e-01	-4.509043343687368366e-01	3.221421260393364516e-01	-2.031921092795143935e-01	1.754897052632002075e-01	-2.468109594473334167e-01	2.622129855400789911e-01	-2.382827105670381473e-01	1.640442948272277102e-01	-1.974938444443008478e-01	1.347229761298888440e-01
-8.361565182578198363e-02	5.795341772603299774e-02	-7.637447821683210347e-02	3.920246422887392612e-02	-4.460238825668210588e-02	8.065540731512933770e-02	-6.874758986199548672e-02	5.774540705336450586e-02	-5.443246345226050720e-02	4.739714938512864378e-02	-6.606091102846077534e-02	6.920828340448573202e-02	-7.872102970321449844e-02	5.529208651681798842e-02	-5.152315581103636410e-02	7.500198150011085085e-02	-8.596398870739477283e-02	8.633480119222690374e-02	-7.830870613042534290e-02	8.338493697206479649e-02	-1.054634146124901334e-01	1.637654438162012005e-01	-8.377994007577192759e-02	7.380884735032697264e-02	-8.893255112421491471e-02	1.731550535058684337e-01	-1.672624501688775300e-01	1.405819765793554776e-01	-7.247382434828712749e-02	5.781306969488871766e-02	-5.795738185509478058e-01	9.999999999999993339e-01	-2.490176607702788425e-01	1.057504579046264770e-01	-1.109253556118085238e-01	2.191944085411880738e-01	-6.884732065789869182e-01	1.526778584540775252e-01	-1.376979075250913398e-01	1.641866986819468244e-01	-1.833587250584965966e-01	1.688399751979782204e-01	-1.242512772236906149e-01	1.324662521241425639e-01	-9.303670843050920736e-02
1.603633221522110242e-01	-1.136186316960455106e-01	1.485925976863880782e-01	-7.871072066938460121e-02	8.850024583145364721e-02	-1.617112592885509570e-01	1.347759667524006943e-01	-1.145926265325357823e-01	1.090277706386054701e-01	-9.618432957502606739e-02	1.298187719001058782e-01	-1.383964156092730435e-01	1.565812122330868805e-01	-1.126318641760699346e-01	1.035094468136475987e-01	-1.487093692900564312e-01	1.710840343598750979e-01	-1.883864452826999880e-01	1.635446568026349967e-01	-1.759470087818033324e-01	1.985522677318296847e-01	-3.760062923824716297e-01	1.887621539876221943e-01	-1.683046323529860944e-01	1.767049682021128165e-01	-3.078110635760998859e-01	2.993691270183026498e-01	-5.033020224175379642e-01	1.517844229437083914e-01	-1.262556934637374950e-01	2.234989233348224358e-01	-2.490176607702788425e-01	9.999999999999991118e-01	-3.260072316501605449e-01	2.395351542219270879e-01	-1.560790954690193522e-01	2.217698951598671420e-01	-1.995487747549030966e-01	2.075189923672979830e-01	-2.708247507998363668e-01	1.612389931020101752e-01	-1.777322253596350654e-01	1.428642381887999246e-01	-1.929477275530244174e-01	1.396892623861717142e-01
-8.205571336341424549e-02	5.732009894817061135e-02	-7.589271489460158726e-02	4.091840076989784747e-02	-4.624977953898147531e-02	7.896441349540417320e-02	-6.771110368393480627e-02	5.783281812001861422e-02	-5.667807816025445533e-02	5.096312238623695173e-02	-6.346466616558112117e-02	6.835262119038781892e-02	-7.896939910674724561e-02	5.826466837050071207e-02	-5.518686638322423121e-02	7.111354343548957624e-02	-8.379567235493114163e-02	8.892855935113459787e-02	-8.537459914733479260e-02	1.101301106819863873e-01	-9.300078642381912064e-02	1.539512119354286557e-01	-8.629443807451864235e-02	7.966750580090985190e-02	-1.257864433959791639e-01	1.390659102684221327e-01	-1.303231664018259794e-01	1.382250593252787318e-01	-1.865564855506672282e-01	1.455531357426668448e-01	-1.281684260028860267e-01	1.057504579046264770e-01	-3.260072316501605449e-01	1.000000000000000000e+00	-7.926280169347094118e-01	9.161163116858621336e-02	-1.308001715906241536e-01	1.983278895075529513e-01	-3.501192663237162606e-01	2.142949378939286442e-01	-1.067697392422698732e-01	1.279106033644203388e-01	-1.188673755688886002e-01	1.468084876049319254e-01	-1.191747293605679159e-01
