1.000000000000000222e+00	-6.079405042592999076e-01	2.120849334172342782e-01	-1.071957634005040738e-01	8.820248888915620256e-02	-6.647132746543561455e-01	3.072965956967191326e-01	-1.804603316358171505e-01	1.204101927047972476e-01	-1.132554029472875728e-01	2.047700775536342166e-01	-1.711678903659754336e-01	1.604468025118600261e-01	-1.040720582409332684e-01	1.174476383247923666e-01	-1.815046410921838660e-01	1.414901313669651717e-01	-1.568978310581371771e-01	8.016695516405950017e-02	-8.615500703992362563e-02	9.075587284069237815e-02	-1.133652874336929378e-01	8.549377557454984622e-02	-6.950285415050899696e-02	6.569773704024668703e-02	-7.265756110335871987e-02	8.608992969328188583e-02	-7.922452939568126740e-02	6.933850996120667631e-02	-6.056050715875422458e-02	7.375744835955609646e-02	-8.067534840575027455e-02	7.223364098854090365e-02	-6.972204035448670290e-02	7.824435612689585595e-02	-4.972381011538613144e-02	7.631632718601139009e-02	-6.439289927552008241e-02	2.925874465144330527e-02	-2.668162550516536141e-02	5.276637307007325112e-02	-4.640212061108375807e-02	6.352406302355834145e-02	-2.561096148916428006e-02	2.302371601862579498e-02
-6.079405042592999076e-01	1.000000000000000222e+00	-3.499798876971012551e-01	1.276548511360285632e-01	-1.088085009192306662e-01	3.209801983490487287e-01	-5.845793748381362676e-01	2.300155501609273123e-01	-1.490902075428695295e-01	1.309445268674888918e-01	-2.063090014519445570e-01	1.856485555737636683e-01	-1.915010381719380039e-01	1.144598654915768288e-01	-1.305950882000737889e-01	1.654177941649540573e-01	-1.568006182763051481e-01	1.650394358137897699e-01	-8.610885805816825833e-02	9.018332805853454537e-02	-9.010850917093961299e-02	1.119670149807081849e-01	-8.795595207421272321e-02	7.119686662709352742e-02	-6.764463330738861024e-02	7.148301018203183366e-02	-8.681315845978523904e-02	8.013055577413238928e-02	-7.049575087624283809e-02	6.150240268555762224e-02	-7.362232288973820371e-02	8.000792582386216656e-02	-7.253564785931282399e-02	7.006271419236639875e-02	-7.930087290088357055e-02	4.919330252405839515e-02	-7.634146010450171271e-02	6.421452765798420226e-02	-2.934123561227147681e-02	2.674647217541423899e-02	-5.255091787894575900e-02	4.625156877734797056e-02	-6.345296406349050511e-02	2.563961065640273096e-02	-2.308291065552485477e-02
2.120849334172342782e-01	-3.499798876971012551e-01	1.000000000000000000e+00	-3.605521300108556204e-01	2.231374646069905210e-01	-2.537656503672487407e-01	2.742978478038303747e-01	-5.792117584990283952e-01	2.661852202894108843e-01	-2.854842415319263083e-01	2.094687704710022080e-01	-2.076103375959772734e-01	2.710684507801146559e-01	-1.985799468916230048e-01	2.063679503816644722e-01	-2.289217862518976021e-01	1.846045554953749668e-01	-2.693573316627910774e-01	1.380280034272794443e-01	-1.494950020310855665e-01	1.215946720984684426e-01	-1.538335662366985546e-01	1.294842037594460815e-01	-1.101713259244495313e-01	1.035570491518987696e-01	-1.004995154824407100e-01	1.220571561986625447e-01	-1.202923370031522138e-01	1.053222420020553524e-01	-9.382340144710105134e-02	1.023615627394312139e-01	-1.156275584236694659e-01	1.056210691093687204e-01	-1.050132286020223626e-01	1.173460880781769522e-01	-7.038876221084955365e-02	1.101800786938947618e-01	-9.442140917989812199e-02	4.343223007526601093e-02	-3.976796924821157653e-02	7.433525859112755096e-02	-6.693295537479662660e-02	9.146566519576833365e-02	-3.798880579939335755e-02	3.411278121999543333e-02
-1.071957634005040738e-01	1.276548511360285632e-01	-3.605521300108556204e-01	1.000000000000000444e+00	-7.938663291502203734e-01	1.156870829037908721e-01	-1.381828115557318937e-01	2.027003147090215285e-01	-3.041271689448990512e-01	2.824910008156687469e-01	-1.184860523928588510e-01	1.064970418568153276e-01	-1.578034776048514443e-01	1.502652251673226025e-01	-1.917420962534431006e-01	1.178929482051634947e-01	-1.011976300735798195e-01	1.345913260061196992e-01	-9.987942449264447520e-02	1.006403008901250590e-01	-6.689453763681872667e-02	8.274611755002581059e-02	-7.427434691811450607e-02	6.836303413762775949e-02	-6.591151099374939482e-02	5.541307913128046270e-02	-6.920368871434462443e-02	6.733541580424182160e-02	-6.467728298811735443e-02	5.783131578767159581e-02	-5.774752864772107752e-02	6.492042085501721627e-02	-6.181659345042216785e-02	6.254286083556558073e-02	-7.224275522684180106e-02	3.989857353665780121e-02	-6.499383547515649728e-02	5.478418499845662953e-02	-2.585188128167046837e-02	2.369292223022972585e-02	-4.265649460758291767e-02	3.905816742167708688e-02	-5.383160397018455640e-02	2.252624786703219528e-02	-2.034019872689303565e-02
8.820248888915620256e-02	-1.088085009192306662e-01	2.231374646069905210e-01	-7.938663291502203734e-01	1.000000000000000666e+00	-1.020919545161316083e-01	1.147583783874140118e-01	-1.809713656561124095e-01	2.476037104393612742e-01	-4.638791844837764633e-01	1.018808101608647404e-01	-9.372112009063936211e-02	1.332209359103796453e-01	-1.395986858243031259e-01	1.617350906024237756e-01	-1.075293872270653012e-01	8.860424218131984775e-02	-1.227870523137396808e-01	8.851066713222244253e-02	-9.289918945527231298e-02	5.977756182495529841e-02	-7.443912161187311860e-02	6.627694315981828843e-02	-6.178696677135821214e-02	5.904284360711357232e-02	-4.979752229375451061e-02	6.172307596408659058e-02	-6.073112108417526300e-02	5.770991952441108935e-02	-5.203800087304798205e-02	5.153652590560369590e-02	-5.837031875666857939e-02	5.516899713619205503e-02	-5.619982011890664597e-02	6.417380209153214499e-02	-3.575897664477563354e-02	5.776841497257758501e-02	-4.911738314368190722e-02	2.312826566622463303e-02	-2.122376328546689631e-02	3.803561183181809746e-02	-3.484136534084658621e-02	4.787090455391201926e-02	-2.017571575567619208e-02	1.818003278174535470e-02
-6.647132746543561455e-01	3.209801983490487287e-01	-2.537656503672487407e-01	1.156870829037908721e-01	-1.020919545161316083e-01	1.000000000000000888e+00	-5.004044897496003896e-01	2.058449459023406758e-01	-1.434299261970520267e-01	1.245102998274900813e-01	-3.343696284777583627e-01	2.113832029730486894e-01	-1.998407472567226562e-01	1.181597038642524938e-01	-1.385483535124194809e-01	1.992756882208068514e-01	-1.779002647726680153e-01	1.759756221801287157e-01	-9.191227350683173203e-02	9.626199376267420560e-02	-1.051185816010522384e-01	1.288579049396904874e-01	-9.820484710321210342e-02	7.845744104947821596e-02	-7.473518638268963898e-02	8.243062944505759326e-02	-9.920082739020506801e-02	8.943708702702268809e-02	-7.895851936941053473e-02	6.839025641632806574e-02	-8.498250890021158410e-02	9.115999214247327842e-02	-8.232778086871925249e-02	7.864767768330904740e-02	-8.931586950064857033e-02	5.641349229240237573e-02	-8.721375723369528821e-02	7.278687758021080978e-02	-3.313983564026237033e-02	3.015935180926863218e-02	-6.046288817845651281e-02	5.280694423996641629e-02	-7.255999287446093793e-02	2.896350978481536387e-02	-2.609558203999251536e-02
3.072965956967191326e-01	-5.845793748381362676e-01	2.742978478038303747e-01	-1.381828115557318937e-01	1.147583783874140118e-01	-5.004044897496003896e-01	1.000000000000000444e+00	-3.704934756406536578e-01	1.729340023050812414e-01	-1.564961931892993874e-01	2.393188466349869536e-01	-3.071506432466219461e-01	2.281572036054433650e-01	-1.364131000402606930e-01	1.477168187335002325e-01	-2.069654552953179294e-01	1.949217958302694176e-01	-2.102558735247493926e-01	1.009501123456625210e-01	-1.068511260508882565e-01	1.092234480736818530e-01	-1.400381266837179839e-01	1.053604146886272241e-01	-8.446597554018525633e-02	7.959849467941040868e-02	-8.665227726309947254e-02	1.040889052836709294e-01	-9.689951144354802537e-02	8.292076571647946648e-02	-7.252162859004142315e-02	8.802643076709482095e-02	-9.628261890761488639e-02	8.583159953061415826e-02	-8.295375347732712734e-02	9.274786269187834664e-02	-5.862383031909475933e-02	8.951481954556056442e-02	-7.612784970751768077e-02	3.457524919913605721e-02	-3.153198798487275717e-02	6.220193099499304878e-02	-5.447912965698589738e-02	7.441250503205773525e-02	-3.023662576977616256e-02	2.715983653129848407e-02
-1.804603316358171505e-01	2.300155501609273123e-01	-5.792117584990283952e-01	2.027003147090215285e-01	-1.809713656561124095e-01	2.058449459023406758e-01	-3.704934756406536578e-01	1.000000000000000444e+00	-4.220281595072135072e-01	2.421289322112473719e-01	-1.926232403896560308e-01	1.984162022786700175e-01	-4.393480520396425559e-01	1.874640040613163861e-01	-1.959663135304856585e-01	1.805606502166426930e-01	-1.737427004862092950e-01	2.375822529893863722e-01	-1.268897456127194012e-01	1.269326150826398936e-01	-1.015961795424155517e-01	1.280133282985853882e-01	-1.119364542035484744e-01	9.270080353665488548e-02	-8.799746614623972507e-02	8.247099389103593192e-02	-1.026209800801360095e-01	1.003358576941535962e-01	-8.823142700234787306e-02	7.795122884027329280e-02	-8.500414638717657123e-02	9.486395107061895704e-02	-8.749094109503111061e-02	8.645712404307737131e-02	-9.783920928459285959e-02	5.739585405486292286e-02	-9.063122274951766755e-02	7.725072563154224137e-02	-3.570070255911123730e-02	3.263772426065760651e-02	-6.108811146108678036e-02	5.479701760320736942e-02	-7.507756386825426009e-02	3.114547298308541212e-02	-2.802737539784770637e-02
1.204101927047972476e-01	-1.490902075428695295e-01	2.661852202894108843e-01	-3.041271689448990512e-01	2.476037104393612742e-01	-1.434299261970520267e-01	1.729340023050812414e-01	-4.220281595072135072e-01	1.000000000000001110e+00	-6.766302328846321990e-01	1.431888735684849756e-01	-1.384508494769310094e-01	2.123840290041058010e-01	-3.210249823495260335e-01	2.504938238131403927e-01	-1.490167067305552540e-01	1.278574973014090510e-01	-1.832640152774032416e-01	1.524884422321877708e-01	-1.526451641855085806e-01	8.409400122644057618e-02	-1.053660523292150736e-01	9.613817085213106906e-02	-9.395138802250993515e-02	8.962589123116261602e-02	-7.007041094945984372e-02	8.757761533090548112e-02	-8.753056101046351178e-02	8.451571113977644767e-02	-7.703809498719445259e-02	7.253286200849473619e-02	-8.259626689008525702e-02	7.845409385354004672e-02	-8.128603862113747969e-02	9.272702538584080834e-02	-5.012887767923606547e-02	8.113458956157172663e-02	-6.961651773197587156e-02	3.307194771910508535e-02	-3.040062291346355694e-02	5.326600733757266837e-02	-4.895111950284612712e-02	6.713590965227501928e-02	-2.881112310190538789e-02	2.594798350116395147e-02
-1.132554029472875728e-01	1.309445268674888918e-01	-2.854842415319263083e-01	2.824910008156687469e-01	-4.638791844837764633e-01	1.245102998274900813e-01	-1.564961931892993874e-01	2.421289322112473719e-01	-6.766302328846321990e-01	1.000000000000000000e+00	-1.334200812291543581e-01	1.212243652360864288e-01	-1.913834570465608731e-01	2.219538997537953140e-01	-3.094565369531123711e-01	1.324596132423439820e-01	-1.158939913394577137e-01	1.551285794118169581e-01	-1.364763686930998421e-01	1.335454579348550885e-01	-7.634124644936828019e-02	9.446927291899845369e-02	-8.717579297110758518e-02	8.451999975106708196e-02	-8.178477469082814921e-02	6.347735400808440787e-02	-7.993014720797363137e-02	7.863516815932258819e-02	-7.777516230535948261e-02	7.031048781223064870e-02	-6.630622385302703536e-02	7.500439268308650709e-02	-7.213199241825792030e-02	7.434073482341553574e-02	-8.607020830566090852e-02	4.588034995099048163e-02	-7.524690672343671560e-02	6.382487962457035480e-02	-3.044980084781368987e-02	2.796449050225368466e-02	-4.902921387230911587e-02	4.519863224263692691e-02	-6.224982985104606653e-02	2.650115569886459660e-02	-2.393100398728087441e-02
2.047700775536342166e-01	-2.063090014519445570e-01	2.094687704710022080e-01	-1.184860523928588510e-01	1.018808101608647404e-01	-3.343696284777583627e-01	2.393188466349869536e-01	-1.926232403896560308e-01	1.431888735684849756e-01	-1.334200812291543581e-01	1.000000000000000444e+00	-5.271101226512996396e-01	2.523715752268341772e-01	-1.517249849129899963e-01	1.727078650014277350e-01	-5.394538859733027936e-01	2.977043683739089563e-01	-2.830766402337764331e-01	1.265946218245340149e-01	-1.373872155250063232e-01	2.034666600787669866e-01	-2.556315925639131570e-01	1.582836214339020664e-01	-1.214667127702438731e-01	1.135758436257101878e-01	-1.558287853424392688e-01	1.718938155025737935e-01	-1.495672832987183509e-01	1.238233712857553376e-01	-1.066346661280443558e-01	1.515104358422031117e-01	-1.616834781272992183e-01	1.356881268732731405e-01	-1.273253331274870059e-01	1.393325275041011335e-01	-9.857741301242760323e-02	1.416329023434742540e-01	-1.209897754762078725e-01	5.352434004695259817e-02	-4.865444965204102079e-02	1.034262826690396236e-01	-8.727246267241979549e-02	1.182893470378482553e-01	-4.695958468953388698e-02	4.202635152540992736e-02
-1.711678903659754336e-01	1.856485555737636683e-01	-2.076103375959772734e-01	1.064970418568153276e-01	-9.372112009063936211e-02	2.113832029730486894e-01	-3.071506432466219461e-01	1.984162022786700175e-01	-1.384508494769310094e-01	1.212243652360864288e-01	-5.271101226512996396e-01	1.000000000000001332e+00	-3.701746128208394104e-01	1.372527656619132730e-01	-1.545623104441734286e-01	2.785559772252063082e-01	-5.946548511063763920e-01	2.807590354590482340e-01	-1.123496357441013810e-01	1.153868551874396853e-01	-1.653483700986701499e-01	2.140486256851243385e-01	-1.398889897350104050e-01	1.002540538171562828e-01	-9.419701257710634545e-02	1.196950769777013340e-01	-1.463816129517779840e-01	1.251451386863635662e-01	-1.004525360944611007e-01	8.583354685375599313e-02	-1.223820463917070361e-01	1.270037264716100955e-01	-1.085963966297379679e-01	1.008178458076259831e-01	-1.115792351475441146e-01	7.615055257354089169e-02	-1.112006792242218045e-01	9.472122894015065631e-02	-4.211292782644052851e-02	3.819834650164794648e-02	-8.140848214343604505e-02	6.806276077772255295e-02	-9.253279246695436666e-02	3.680565914135160155e-02	-3.300465803951778410e-02
1.604468025118600261e-01	-1.915010381719380039e-01	2.710684507801146559e-01	-1.578034776048514443e-01	1.332209359103796453e-01	-1.998407472567226562e-01	2.281572036054433650e-01	-4.393480520396425559e-01	2.123840290041058010e-01	-1.913834570465608731e-01	2.523715752268341772e-01	-3.701746128208394104e-01	1.000000000000003109e+00	-2.520741742040241151e-01	2.189934846313014161e-01	-2.657917127143369918e-01	2.728073503755978901e-01	-5.911525388948845050e-01	1.673066499851791900e-01	-1.704086678588830062e-01	1.494555597838621297e-01	-1.964601119161386023e-01	1.780592752780829624e-01	-1.325819083865373282e-01	1.221205426741917843e-01	-1.216934797947785418e-01	1.520889617226588442e-01	-1.606810498130429865e-01	1.236338844252459629e-01	-1.087493122749084440e-01	1.233306984093481551e-01	-1.402245526909217943e-01	1.256172422001433087e-01	-1.227729819842181685e-01	1.348382315766595840e-01	-8.215101969177635022e-02	1.264787219738024437e-01	-1.106769498733747165e-01	5.012564671766636670e-02	-4.578482805192547744e-02	8.660094605902160514e-02	-7.701155257832553724e-02	1.045956109596661299e-01	-4.376673833300823158e-02	3.918442404106395327e-02
-1.040720582409332684e-01	1.144598654915768288e-01	-1.985799468916230048e-01	1.502652251673226025e-01	-1.395986858243031259e-01	1.181597038642524938e-01	-1.364131000402606930e-01	1.874640040613163861e-01	-3.210249823495260335e-01	2.219538997537953140e-01	-1.517249849129899963e-01	1.372527656619132730e-01	-2.520741742040241151e-01	1.000000000000001332e+00	-6.682191778786994441e-01	1.580040358133978362e-01	-1.388953946752897739e-01	1.971898889067137395e-01	-4.799165309420969083e-01	2.789257911079052188e-01	-9.623550638123218315e-02	1.186678710509468521e-01	-1.248825354759022649e-01	1.499334611278264617e-01	-1.494032601024662399e-01	8.204635406865150304e-02	-1.069239987250034107e-01	1.099851916075734182e-01	-1.258097656411845677e-01	1.157335245913234806e-01	-8.674550360633873081e-02	1.009314394664955622e-01	-1.021279955500887238e-01	1.126210000556743113e-01	-1.340278621906542400e-01	6.077610086973966874e-02	-1.037547913011529765e-01	8.944794516377400917e-02	-4.475004472161913521e-02	4.136103639858410008e-02	-6.495535626432870357e-02	6.194078150758904056e-02	-8.537218998708265283e-02	3.869146401283968251e-02	-3.506092829691515034e-02
1.174476383247923666e-01	-1.305950882000737889e-01	2.063679503816644722e-01	-1.917420962534431006e-01	1.617350906024237756e-01	-1.385483535124194809e-01	1.477168187335002325e-01	-1.959663135304856585e-01	2.504938238131403927e-01	-3.094565369531123711e-01	1.727078650014277350e-01	-1.545623104441734286e-01	2.189934846313014161e-01	-6.682191778786994441e-01	1.000000000000003775e+00	-2.019027265182959940e-01	1.565046858999024071e-01	-2.260946131044000162e-01	2.847495010232218848e-01	-3.680455729460374581e-01	1.172390032678892469e-01	-1.456094868104495788e-01	1.443720487352648796e-01	-1.775992255448778090e-01	1.683853878216519662e-01	-1.015911556864123322e-01	1.286297794007476292e-01	-1.338599986055969415e-01	1.459568210925824561e-01	-1.419558872277885131e-01	1.059365063231141046e-01	-1.248873053352746870e-01	1.237406381216603346e-01	-1.390536196319623885e-01	1.567988776505085669e-01	-7.582645239246328661e-02	1.265985291382892286e-01	-1.111110890131070811e-01	5.491837957534236037e-02	-5.099215756280749828e-02	8.014588422991161809e-02	-7.646523589911202734e-02	1.046150603372934806e-01	-4.783724079432832843e-02	4.296775598814592256e-02
-1.815046410921838660e-01	1.654177941649540573e-01	-2.289217862518976021e-01	1.178929482051634947e-01	-1.075293872270653012e-01	1.992756882208068514e-01	-2.069654552953179294e-01	1.805606502166426930e-01	-1.490167067305552540e-01	1.324596132423439820e-01	-5.394538859733027936e-01	2.785559772252063082e-01	-2.657917127143369918e-01	1.580040358133978362e-01	-2.019027265182959940e-01	1.000000000000002887e+00	-3.745846827677186131e-01	2.587694847093375272e-01	-1.413574558824722271e-01	1.473537904696173850e-01	-4.090719297250334785e-01	2.892965929802247538e-01	-1.946191732065988833e-01	1.422147497436586083e-01	-1.373797807916768143e-01	2.213339526235620081e-01	-2.340691819304321908e-01	1.754071377464348769e-01	-1.558628608475645938e-01	1.289300566567475048e-01	-2.383612679142516622e-01	2.050148957097775726e-01	-1.785086502583897172e-01	1.564014763924263252e-01	-1.794107405472128991e-01	1.358440816200966461e-01	-1.941772617893289532e-01	1.542729938594990524e-01	-6.818359544474032752e-02	6.120586264857062059e-02	-1.522773502034063531e-01	1.184696890264682889e-01	-1.635856916470520561e-01	5.964500559295031479e-02	-5.386348098217960678e-02
1.414901313669651717e-01	-1.568006182763051481e-01	1.846045554953749668e-01	-1.011976300735798195e-01	8.860424218131984775e-02	-1.779002647726680153e-01	1.949217958302694176e-01	-1.737427004862092950e-01	1.278574973014090510e-01	-1.158939913394577137e-01	2.977043683739089563e-01	-5.946548511063763920e-01	2.728073503755978901e-01	-1.388953946752897739e-01	1.565046858999024071e-01	-3.745846827677186131e-01	1.000000000000002442e+00	-4.485161042797871089e-01	1.220956343846883868e-01	-1.272365552837171898e-01	2.149991877971416943e-01	-3.917837941072588315e-01	1.730895766579012007e-01	-1.166358387058991225e-01	1.073151377460598715e-01	-1.554145199947280509e-01	1.856776513166355225e-01	-1.591672343107077836e-01	1.156237266458462615e-01	-9.832488088017879435e-02	1.506563657619250929e-01	-1.601998877461721094e-01	1.288168676164700710e-01	-1.178944490179760080e-01	1.267779766852643042e-01	-9.179909270813493838e-02	1.281798396925039329e-01	-1.120670674392622579e-01	4.871973238540839440e-02	-4.412719457873794104e-02	9.648694197729767996e-02	-7.921283314663309094e-02	1.065771653885702608e-01	-4.261241389722014716e-02	3.801613950458865299e-02
-1.568978310581371771e-01	1.650394358137897699e-01	-2.693573316627910774e-01	1.345913260061196992e-01	-1.227870523137396808e-01	1.759756221801287157e-01	-2.102558735247493926e-01	2.375822529893863722e-01	-1.832640152774032416e-01	1.551285794118169581e-01	-2.830766402337764331e-01	2.807590354590482340e-01	-5.911525388948845050e-01	1.971898889067137395e-01	-2.260946131044000162e-01	2.587694847093375272e-01	-4.485161042797871089e-01	1.000000000000004219e+00	-1.979178593754300775e-01	1.753870364401836635e-01	-1.774042126648656681e-01	2.237913147082475906e-01	-3.027867474896646094e-01	1.570721753661973585e-01	-1.468000182863168079e-01	1.395738927994742973e-01	-1.941499689788712124e-01	2.032902517513769935e-01	-1.492046236481740507e-01	1.255108589690320520e-01	-1.473786456111196297e-01	1.637362433565204001e-01	-1.526605958789302997e-01	1.423548874453199331e-01	-1.603740367309088033e-01	9.429879860396601921e-02	-1.503234450205059025e-01	1.289992705576083476e-01	-5.836014560834567461e-02	5.293684138028638408e-02	-1.015005911048920545e-01	9.001490912593967941e-02	-1.233103231320571147e-01	5.064638785456415659e-02	-4.557342281533538486e-02
8.016695516405950017e-02	-8.610885805816825833e-02	1.380280034272794443e-01	-9.987942449264447520e-02	8.851066713222244253e-02	-9.191227350683173203e-02	1.009501123456625210e-01	-1.268897456127194012e-01	1.524884422321877708e-01	-1.364763686930998421e-01	1.265946218245340149e-01	-1.123496357441013810e-01	1.673066499851791900e-01	-4.799165309420969083e-01	2.847495010232218848e-01	-1.413574558824722271e-01	1.220956343846883868e-01	-1.979178593754300775e-01	1.000000000000004663e+00	-7.206375622066177877e-01	9.040236741964653711e-02	-1.127677588738258269e-01	1.365633947233862999e-01	-2.531988293437199000e-01	2.212131555804612015e-01	-7.963928159751200442e-02	1.067432036394682371e-01	-1.209325631194206746e-01	1.560801086194164022e-01	-1.569267785990659803e-01	8.424173535743589847e-02	-1.027639896828415472e-01	1.075017389874094453e-01	-1.336636184807275529e-01	1.534505844661677998e-01	-5.957296217509019248e-02	1.030018133835183813e-01	-9.403072384141161755e-02	4.953353074460629946e-02	-4.627153321283294235e-02	6.300606126428888454e-02	-6.188653344820884555e-02	8.434904623819561298e-02	-4.265406876258921731e-02	3.838236850652591847e-02
-8.615500703992362563e-02	9.018332805853454537e-02	-1.494950020310855665e-01	1.006403008901250590e-01	-9.289918945527231298e-02	9.626199376267420560e-02	-1.068511260508882565e-01	1.269326150826398936e-01	-1.526451641855085806e-01	1.335454579348550885e-01	-1.373872155250063232e-01	1.153868551874396853e-01	-1.704086678588830062e-01	2.789257911079052188e-01	-3.680455729460374581e-01	1.473537904696173850e-01	-1.272365552837171898e-01	1.753870364401836635e-01	-7.206375622066177877e-01	1.000000000000003775e+00	-9.769023696087335284e-02	1.191144466122487922e-01	-1.504431265760911296e-01	2.387712629132635600e-01	-3.638386295778049395e-01	8.612217337878164125e-02	-1.179722570005117960e-01	1.279496324666730966e-01	-1.865044446363451069e-01	1.837004322835257830e-01	-9.287790468555556789e-02	1.121439360771443600e-01	-1.224549732033413801e-01	1.493808203532161205e-01	-1.965553725969322596e-01	6.583304866441225256e-02	-1.186618677387210330e-01	1.049817589004691243e-01	-5.722976162853120330e-02	5.346685547564094393e-02	-7.046748605028260726e-02	7.026026408590586858e-02	-9.689281375124716988e-02	4.876791053304876944e-02	-4.479357262562012887e-02
9.075587284069237815e-02	-9.010850917093961299e-02	1.215946720984684426e-01	-6.689453763681872667e-02	5.977756182495529841e-02	-1.051185816010522384e-01	1.092234480736818530e-01	-1.015961795424155517e-01	8.409400122644057618e-02	-7.634124644936828019e-02	2.034666600787669866e-01	-1.653483700986701499e-01	1.494555597838621297e-01	-9.623550638123218315e-02	1.172390032678892469e-01	-4.090719297250334785e-01	2.149991877971416943e-01	-1.774042126648656681e-01	9.040236741964653711e-02	-9.769023696087335284e-02	1.000000000000001776e+00	-5.852387421018555580e-01	1.589246945278051937e-01	-1.049633524464227557e-01	9.609518245415414606e-02	-5.375786717682836668e-01	2.476368280942682909e-01	-1.603411221278897014e-01	1.118343937659472126e-01	-9.209108455131197191e-02	2.697450249689468671e-01	-2.345222638759747735e-01	1.453562829605005435e-01	-1.220495195613779255e-01	1.216913113988135065e-01	-1.362350489761607608e-01	1.375947786583724686e-01	-1.257854319953040090e-01	5.034233344862843601e-02	-4.508026583023521522e-02	1.311593584515706179e-01	-9.039029732730072264e-02	1.164250545084525579e-01	-4.427160666709589742e-02	3.891519916314054028e-02
-1.133652874336929378e-01	1.119670149807081849e-01	-1.538335662366985546e-01	8.274611755002581059e-02	-7.443912161187311860e-02	1.288579049396904874e-01	-1.400381266837179839e-01	1.280133282985853882e-01	-1.053660523292150736e-01	9.446927291899845369e-02	-2.556315925639131570e-01	2.140486256851243385e-01	-1.964601119161386023e-01	1.186678710509468521e-01	-1.456094868104495788e-01	2.892965929802247538e-01	-3.917837941072588315e-01	2.237913147082475906e-01	-1.127677588738258269e-01	1.191144466122487922e-01	-5.852387421018555580e-01	1.000000000000006439e+00	-2.314480054289389521e-01	1.305840927428178477e-01	-1.208055309277512313e-01	2.684263050959892483e-01	-4.130067945197449797e-01	2.055430915135414149e-01	-1.378738050871096965e-01	1.117854135277175920e-01	-2.742215011050557760e-01	2.465132542791925729e-01	-1.745227503114754330e-01	1.430335595916043812e-01	-1.489916717693909598e-01	1.340606733419284491e-01	-1.644298767403436501e-01	1.440335464218045480e-01	-5.945473618450172748e-02	5.310400679905077914e-02	-1.448517652335365169e-01	1.036412729063711236e-01	-1.373578681904937815e-01	5.193892119211089564e-02	-4.607335080521836324e-02
8.549377557454984622e-02	-8.795595207421272321e-02	1.294842037594460815e-01	-7.427434691811450607e-02	6.627694315981828843e-02	-9.820484710321210342e-02	1.053604146886272241e-01	-1.119364542035484744e-01	9.613817085213106906e-02	-8.717579297110758518e-02	1.582836214339020664e-01	-1.398889897350104050e-01	1.780592752780829624e-01	-1.248825354759022649e-01	1.443720487352648796e-01	-1.946191732065988833e-01	1.730895766579012007e-01	-3.027867474896646094e-01	1.365633947233862999e-01	-1.504431265760911296e-01	1.589246945278051937e-01	-2.314480054289389521e-01	1.000000000000002442e+00	-2.973540018369398852e-01	1.855089704599128531e-01	-1.538463579642632140e-01	2.530787419425435392e-01	-7.462402256252941291e-01	1.872464120024083523e-01	-1.540047433322072890e-01	1.526832340779860075e-01	-2.234702656706515633e-01	1.997803025376389541e-01	-1.840593692342353815e-01	1.710431569682038522e-01	-9.704222860997026301e-02	1.534251366387126558e-01	-1.645113511127436479e-01	6.656151001037169390e-02	-6.019698970047451803e-02	9.902741841452113170e-02	-9.370618601259494973e-02	1.227087930957037470e-01	-5.752262134229822743e-02	5.011047153271015742e-02
-6.950285415050899696e-02	7.119686662709352742e-02	-1.101713259244495313e-01	6.836303413762775949e-02	-6.178696677135821214e-02	7.845744104947821596e-02	-8.446597554018525633e-02	9.270080353665488548e-02	-9.395138802250993515e-02	8.451999975106708196e-02	-1.214667127702438731e-01	1.002540538171562828e-01	-1.325819083865373282e-01	1.499334611278264617e-01	-1.775992255448778090e-01	1.422147497436586083e-01	-1.166358387058991225e-01	1.570721753661973585e-01	-2.531988293437199000e-01	2.387712629132635600e-01	-1.049633524464227557e-01	1.305840927428178477e-01	-2.973540018369398852e-01	1.000000000000003553e+00	-6.596793754544257871e-01	9.759718573178143008e-02	-1.467000686267420639e-01	1.957256303211773463e-01	-4.601323054963696313e-01	2.823798966838467206e-01	-1.055070166125629816e-01	1.386004576847204572e-01	-1.639519503008331769e-01	2.313832651785994732e-01	-2.700515667180712898e-01	7.385124774953572002e-02	-1.370474126359579325e-01	1.327219982172178903e-01	-7.768927494018794400e-02	7.162263046832859081e-02	-7.783101941214587427e-02	8.119946516402382075e-02	-1.102050775392155735e-01	6.473901304613921548e-02	-5.859244207143113337e-02
6.569773704024668703e-02	-6.764463330738861024e-02	1.035570491518987696e-01	-6.591151099374939482e-02	5.904284360711357232e-02	-7.473518638268963898e-02	7.959849467941040868e-02	-8.799746614623972507e-02	8.962589123116261602e-02	-8.178477469082814921e-02	1.135758436257101878e-01	-9.419701257710634545e-02	1.221205426741917843e-01	-1.494032601024662399e-01	1.683853878216519662e-01	-1.373797807916768143e-01	1.073151377460598715e-01	-1.468000182863168079e-01	2.212131555804612015e-01	-3.638386295778049395e-01	9.609518245415414606e-02	-1.208055309277512313e-01	1.855089704599128531e-01	-6.596793754544257871e-01	1.000000000000008660e+00	-9.002916203928090777e-02	1.266963316816870910e-01	-1.677660122106321150e-01	2.801757423288065985e-01	-4.698828430878927431e-01	9.580098402698196403e-02	-1.270145658654383836e-01	1.431231709103220895e-01	-2.187355095792370974e-01	2.571917140601421292e-01	-6.885701472999637696e-02	1.232623407847125985e-01	-1.239963606937420360e-01	7.254541658675939253e-02	-6.929526049540811472e-02	7.168971441069740824e-02	-7.472446853175872261e-02	1.000782941714883773e-01	-6.177411024895872182e-02	5.534691411978825970e-02
-7.265756110335871987e-02	7.148301018203183366e-02	-1.004995154824407100e-01	5.541307913128046270e-02	-4.979752229375451061e-02	8.243062944505759326e-02	-8.665227726309947254e-02	8.247099389103593192e-02	-7.007041094945984372e-02	6.347735400808440787e-02	-1.558287853424392688e-01	1.196950769777013340e-01	-1.216934797947785418e-01	8.204635406865150304e-02	-1.015911556864123322e-01	2.213339526235620081e-01	-1.554145199947280509e-01	1.395738927994742973e-01	-7.963928159751200442e-02	8.612217337878164125e-02	-5.375786717682836668e-01	2.684263050959892483e-01	-1.538463579642632140e-01	9.759718573178143008e-02	-9.002916203928090777e-02	9.999999999999986677e-01	-3.129417506222175738e-01	1.543272793792243580e-01	-1.081800426959756284e-01	8.675308352685463797e-02	-6.503082121275651772e-01	2.587279959978162069e-01	-1.543422710982977064e-01	1.187252196571516177e-01	-1.164984898005799741e-01	1.728376737666803553e-01	-1.430579085938972761e-01	1.271735317883579686e-01	-4.976413743906575593e-02	4.403834117489029143e-02	-1.788304724514536981e-01	9.819494407000578517e-02	-1.246302028453631777e-01	4.383237745970729182e-02	-3.837745065579394044e-02
8.608992969328188583e-02	-8.681315845978523904e-02	1.220571561986625447e-01	-6.920368871434462443e-02	6.172307596408659058e-02	-9.920082739020506801e-02	1.040889052836709294e-01	-1.026209800801360095e-01	8.757761533090548112e-02	-7.993014720797363137e-02	1.718938155025737935e-01	-1.463816129517779840e-01	1.520889617226588442e-01	-1.069239987250034107e-01	1.286297794007476292e-01	-2.340691819304321908e-01	1.856776513166355225e-01	-1.941499689788712124e-01	1.067432036394682371e-01	-1.179722570005117960e-01	2.476368280942682909e-01	-4.130067945197449797e-01	2.530787419425435392e-01	-1.467000686267420639e-01	1.266963316816870910e-01	-3.129417506222175738e-01	1.000000000000007772e+00	-4.098489978778954712e-01	1.517952796480477318e-01	-1.222504004607985334e-01	2.655112927255608435e-01	-5.940105648810876104e-01	2.322103584770360551e-01	-1.772283705207295668e-01	1.554997577678664256e-01	-1.381383574569074735e-01	1.755837423468157577e-01	-1.869880256186603751e-01	6.728385562949620868e-02	-5.982491773580577571e-02	1.354719107680613377e-01	-1.101977435240275166e-01	1.406699870401236785e-01	-5.862360791876172761e-02	5.058856645400297558e-02
-7.922452939568126740e-02	8.013055577413238928e-02	-1.202923370031522138e-01	6.733541580424182160e-02	-6.073112108417526300e-02	8.943708702702268809e-02	-9.689951144354802537e-02	1.003358576941535962e-01	-8.753056101046351178e-02	7.863516815932258819e-02	-1.495672832987183509e-01	1.251451386863635662e-01	-1.606810498130429865e-01	1.099851916075734182e-01	-1.338599986055969415e-01	1.754071377464348769e-01	-1.591672343107077836e-01	2.032902517513769935e-01	-1.209325631194206746e-01	1.279496324666730966e-01	-1.603411221278897014e-01	2.055430915135414149e-01	-7.462402256252941291e-01	1.957256303211773463e-01	-1.677660122106321150e-01	1.543272793792243580e-01	-4.098489978778954712e-01	1.000000000000003775e+00	-1.854417966325339617e-01	1.380924475861179113e-01	-1.640334454394400121e-01	2.333979747616781453e-01	-2.632344355243885770e-01	1.766475737262530876e-01	-1.690582792621954933e-01	9.755962050728506085e-02	-1.661487486446228956e-01	1.691929653513491449e-01	-6.617350112461993505e-02	5.866594146881968369e-02	-1.020959047643044681e-01	9.706638068009100506e-02	-1.295429633934725988e-01	5.654926060711857466e-02	-4.961860421871751303e-02
6.933850996120667631e-02	-7.049575087624283809e-02	1.053222420020553524e-01	-6.467728298811735443e-02	5.770991952441108935e-02	-7.895851936941053473e-02	8.292076571647946648e-02	-8.823142700234787306e-02	8.451571113977644767e-02	-7.777516230535948261e-02	1.238233712857553376e-01	-1.004525360944611007e-01	1.236338844252459629e-01	-1.258097656411845677e-01	1.459568210925824561e-01	-1.558628608475645938e-01	1.156237266458462615e-01	-1.492046236481740507e-01	1.560801086194164022e-01	-1.865044446363451069e-01	1.118343937659472126e-01	-1.378738050871096965e-01	1.872464120024083523e-01	-4.601323054963696313e-01	2.801757423288065985e-01	-1.081800426959756284e-01	1.517952796480477318e-01	-1.854417966325339617e-01	9.999999999999995559e-01	-4.691460942903353248e-01	1.177224136335787708e-01	-1.668207391127367045e-01	2.183726904764428101e-01	-5.637774110627554736e-01	3.073042994230398839e-01	-8.637661273835410547e-02	1.626282930706313967e-01	-1.833541127393479853e-01	1.188782745576073135e-01	-1.077934833376443247e-01	8.909493419761321809e-02	-9.919904370371193658e-02	1.308960953240025926e-01	-1.001241456707089444e-01	8.253456622451715852e-02
-6.056050715875422458e-02	6.150240268555762224e-02	-9.382340144710105134e-02	5.783131578767159581e-02	-5.203800087304798205e-02	6.839025641632806574e-02	-7.252162859004142315e-02	7.795122884027329280e-02	-7.703809498719445259e-02	7.031048781223064870e-02	-1.066346661280443558e-01	8.583354685375599313e-02	-1.087493122749084440e-01	1.157335245913234806e-01	-1.419558872277885131e-01	1.289300566567475048e-01	-9.832488088017879435e-02	1.255108589690320520e-01	-1.569267785990659803e-01	1.837004322835257830e-01	-9.209108455131197191e-02	1.117854135277175920e-01	-1.540047433322072890e-01	2.823798966838467206e-01	-4.698828430878927431e-01	8.675308352685463797e-02	-1.222504004607985334e-01	1.380924475861179113e-01	-4.691460942903353248e-01	9.999999999999977796e-01	-9.529802596412499660e-02	1.258283006157994155e-01	-1.608291421880951033e-01	2.683586812662866472e-01	-6.342677530784046613e-01	6.999151024981689617e-02	-1.341540117320869363e-01	1.333830009367909242e-01	-9.592689169254491055e-02	9.492952007741095599e-02	-7.356173516989708561e-02	8.038383104776200550e-02	-1.088498489257745394e-01	7.803145574862474509e-02	-7.617129429742189317e-02
7.375744835955609646e-02	-7.362232288973820371e-02	1.023615627394312139e-01	-5.774752864772107752e-02	5.153652590560369590e-02	-8.498250890021158410e-02	8.802643076709482095e-02	-8.500414638717657123e-02	7.253286200849473619e-02	-6.630622385302703536e-02	1.515104358422031117e-01	-1.223820463917070361e-01	1.233306984093481551e-01	-8.674550360633873081e-02	1.059365063231141046e-01	-2.383612679142516622e-01	1.506563657619250929e-01	-1.473786456111196297e-01	8.424173535743589847e-02	-9.287790468555556789e-02	2.697450249689468671e-01	-2.742215011050557760e-01	1.526832340779860075e-01	-1.055070166125629816e-01	9.580098402698196403e-02	-6.503082121275651772e-01	2.655112927255608435e-01	-1.640334454394400121e-01	1.177224136335787708e-01	-9.529802596412499660e-02	1.000000000000003997e+00	-4.519358652609116178e-01	1.808961950479593961e-01	-1.392033882666075528e-01	1.258858239943136392e-01	-3.058726496449467036e-01	1.585314757756929593e-01	-1.545841300549873898e-01	5.648400703193763583e-02	-5.003040753969820176e-02	2.126652761628848587e-01	-1.151927593013696433e-01	1.384269617044970313e-01	-4.999376073289774070e-02	4.311708628370018725e-02
-8.067534840575027455e-02	8.000792582386216656e-02	-1.156275584236694659e-01	6.492042085501721627e-02	-5.837031875666857939e-02	9.115999214247327842e-02	-9.628261890761488639e-02	9.486395107061895704e-02	-8.259626689008525702e-02	7.500439268308650709e-02	-1.616834781272992183e-01	1.270037264716100955e-01	-1.402245526909217943e-01	1.009314394664955622e-01	-1.248873053352746870e-01	2.050148957097775726e-01	-1.601998877461721094e-01	1.637362433565204001e-01	-1.027639896828415472e-01	1.121439360771443600e-01	-2.345222638759747735e-01	2.465132542791925729e-01	-2.234702656706515633e-01	1.386004576847204572e-01	-1.270145658654383836e-01	2.587279959978162069e-01	-5.940105648810876104e-01	2.333979747616781453e-01	-1.668207391127367045e-01	1.258283006157994155e-01	-4.519358652609116178e-01	1.000000000000002887e+00	-3.921614112383304818e-01	1.944452769564055661e-01	-1.719574838983301268e-01	1.623416720235682509e-01	-2.250408751073798841e-01	2.183476797613598808e-01	-7.608874083170048819e-02	6.582860559606847073e-02	-1.693655608904825749e-01	1.315957005420442527e-01	-1.706776174785674116e-01	6.531020461146538891e-02	-5.660917353887480463e-02
7.223364098854090365e-02	-7.253564785931282399e-02	1.056210691093687204e-01	-6.181659345042216785e-02	5.516899713619205503e-02	-8.232778086871925249e-02	8.583159953061415826e-02	-8.749094109503111061e-02	7.845409385354004672e-02	-7.213199241825792030e-02	1.356881268732731405e-01	-1.085963966297379679e-01	1.256172422001433087e-01	-1.021279955500887238e-01	1.237406381216603346e-01	-1.785086502583897172e-01	1.288168676164700710e-01	-1.526605958789302997e-01	1.075017389874094453e-01	-1.224549732033413801e-01	1.453562829605005435e-01	-1.745227503114754330e-01	1.997803025376389541e-01	-1.639519503008331769e-01	1.431231709103220895e-01	-1.543422710982977064e-01	2.322103584770360551e-01	-2.632344355243885770e-01	2.183726904764428101e-01	-1.608291421880951033e-01	1.808961950479593961e-01	-3.921614112383304818e-01	1.000000000000001110e+00	-4.393213621213189479e-01	2.111896539058480404e-01	-1.237827513893388354e-01	2.651494980183558559e-01	-5.889565063270090217e-01	1.137952411570627570e-01	-9.540101310426593595e-02	1.240913050703874587e-01	-1.566351399552254609e-01	1.929666655550564269e-01	-9.551506531819084489e-02	7.698928287857151331e-02
-6.972204035448670290e-02	7.006271419236639875e-02	-1.050132286020223626e-01	6.254286083556558073e-02	-5.619982011890664597e-02	7.864767768330904740e-02	-8.295375347732712734e-02	8.645712404307737131e-02	-8.128603862113747969e-02	7.434073482341553574e-02	-1.273253331274870059e-01	1.008178458076259831e-01	-1.227729819842181685e-01	1.126210000556743113e-01	-1.390536196319623885e-01	1.564014763924263252e-01	-1.178944490179760080e-01	1.423548874453199331e-01	-1.336636184807275529e-01	1.493808203532161205e-01	-1.220495195613779255e-01	1.430335595916043812e-01	-1.840593692342353815e-01	2.313832651785994732e-01	-2.187355095792370974e-01	1.187252196571516177e-01	-1.772283705207295668e-01	1.766475737262530876e-01	-5.637774110627554736e-01	2.683586812662866472e-01	-1.392033882666075528e-01	1.944452769564055661e-01	-4.393213621213189479e-01	1.000000000000002220e+00	-4.454320796608784994e-01	9.987311564680804998e-02	-2.240994321532157885e-01	2.334472559805100822e-01	-2.047058824120498444e-01	1.437390779722836909e-01	-1.059254662919352774e-01	1.267065178962705763e-01	-1.742548206170839165e-01	1.370407789656454267e-01	-1.161367151172963130e-01
