1.000000000000000222e+00	-4.803712222716105540e-01	2.876912845459418389e-01	-3.206459603554663307e-01	1.693706570302696002e-01	-5.841454580781814121e-01	3.056475499226263826e-01	-2.884239209460563447e-01	2.196550997718426934e-01	-1.415818243574844260e-01	2.470421964902686229e-01	-2.552992208688167342e-01	1.856093988371076975e-01	-1.661410475310853285e-01	1.709517686907364442e-01	-2.581564385242945403e-01	2.008809694245164978e-01	-1.456715231701077862e-01	1.407992352634087896e-01	-1.555528128863269410e-01	1.088515703772595655e-01	-1.544246905349683785e-01	1.318677653880225287e-01	-1.375545810524085033e-01	1.623640272931144435e-01	-1.179937712652857906e-01	1.272675858121517511e-01	-1.121199512038470597e-01	1.025589466806891698e-01	-1.280610429251892168e-01	1.427298536004470986e-01	-1.020430265613338772e-01	1.058068244447326334e-01	-9.087807996377340880e-02	1.062968558253375162e-01	-4.542573314802367257e-02	9.036263093404299507e-02	-8.882755936579267431e-02	8.200039094009545226e-02	-6.594683710631361884e-02	4.733792045034629359e-02	-3.357847855366884876e-02	3.516898927806798997e-02	-5.735362217860693473e-02	5.157552239755942847e-02
-4.803712222716105540e-01	1.000000000000000888e+00	-6.924871440849069693e-01	2.021158588792303923e-01	-1.305654938138100796e-01	2.656901627832660706e-01	-4.013465598218775021e-01	2.682565239206586294e-01	-1.986645801166577185e-01	1.103636610739888863e-01	-1.775797283968507112e-01	1.899209951702368893e-01	-1.355062340836888923e-01	1.168172309192443276e-01	-1.237476705114949338e-01	1.609973165994724176e-01	-1.494597406045942989e-01	1.023612448179247597e-01	-9.930580077850470477e-02	1.077731353884161108e-01	-7.180936319051511862e-02	1.049491470272133214e-01	-9.182485470983842157e-02	9.435938773320294570e-02	-1.117699937137808103e-01	7.622248391617167385e-02	-8.689693934742998005e-02	7.527700518623488268e-02	-6.917733604974915518e-02	8.534249693774913215e-02	-9.616712877859791286e-02	6.839659135375150689e-02	-7.125785646305340948e-02	6.087430937875346060e-02	-7.136390871874007114e-02	3.040856926577855876e-02	-6.067567845643661445e-02	5.929533213522621832e-02	-5.495026702183009037e-02	4.407159173077190850e-02	-3.174737985268905049e-02	2.241236564507527451e-02	-2.350739806564018652e-02	3.823881731079916552e-02	-3.447933005543836471e-02
2.876912845459418389e-01	-6.924871440849069693e-01	1.000000000000000666e+00	-2.803593601366826671e-01	1.580736186218845707e-01	-2.659370102289113635e-01	2.821829871702621895e-01	-4.558950374089396629e-01	2.354389474569228424e-01	-1.419244303992751588e-01	1.782470855120127928e-01	-2.042501774285560012e-01	1.558407223799396502e-01	-1.436026704801119658e-01	1.515002980221397400e-01	-1.875720506539992893e-01	1.621448145947815833e-01	-1.204301518944672494e-01	1.187558304008231175e-01	-1.346951468261488871e-01	8.451455014319420034e-02	-1.249587012241839407e-01	1.089008347585814079e-01	-1.142909581185827111e-01	1.367646917572523380e-01	-9.127450767537990950e-02	1.036769438911741420e-01	-9.161438878450006706e-02	8.430826023362718302e-02	-1.053146199104544878e-01	1.164513544415172464e-01	-8.309656752086533316e-02	8.674633911092170802e-02	-7.451974571242847567e-02	8.746747557428614928e-02	-3.713983614655397281e-02	7.395867645699538695e-02	-7.258162386967698110e-02	6.731961454600420003e-02	-5.410317075648286150e-02	3.876338310394600306e-02	-2.749862327358203531e-02	2.882471574438905809e-02	-4.701146399498244699e-02	4.234184505509775570e-02
-3.206459603554663307e-01	2.021158588792303923e-01	-2.803593601366826671e-01	1.000000000000000888e+00	-4.155534204759223083e-01	2.181436381353550891e-01	-2.326489918888639541e-01	2.503794947639209068e-01	-3.900093185731138834e-01	2.600355116171868541e-01	-2.232326638628038817e-01	2.217682106709951695e-01	-2.995347744145649971e-01	2.498966433684049471e-01	-3.533498126787031901e-01	2.384612078832557547e-01	-2.520296253407640630e-01	2.084676364150090666e-01	-2.269659052094757379e-01	2.567016680113776705e-01	-1.384726124379237755e-01	2.126733881079456989e-01	-2.060956627100119232e-01	2.117834638539413672e-01	-3.129247784977879365e-01	1.452126965839703743e-01	-2.003440592173747758e-01	1.749512373305212587e-01	-1.688375859349279529e-01	2.007090188175229273e-01	-2.564670371706994634e-01	1.683169454269750343e-01	-1.825049070967574572e-01	1.526211630200155212e-01	-1.925881787557429392e-01	8.004478662223084295e-02	-1.582529912316635867e-01	1.481594858814843096e-01	-1.448224498389782122e-01	1.138934326457821805e-01	-8.549952407559496814e-02	5.842705337701099150e-02	-6.226768431817730765e-02	9.789366815487504647e-02	-9.083384506698716221e-02
1.693706570302696002e-01	-1.305654938138100796e-01	1.580736186218845707e-01	-4.155534204759223083e-01	1.000000000000001110e+00	-1.490918840510290777e-01	1.506583248795214658e-01	-2.218165473711134483e-01	2.863459513694083802e-01	-7.166264015438316148e-01	1.402126687239204084e-01	-1.528488882909524449e-01	1.822267158764777073e-01	-2.086969166505703299e-01	2.787295514979857836e-01	-1.696242228981124645e-01	1.570299503561117804e-01	-1.419177036989357488e-01	1.573527556268858041e-01	-2.412898408137170436e-01	8.839048626489988403e-02	-1.407346092284501582e-01	1.316597129406222033e-01	-1.467141158551008295e-01	1.889688357320217504e-01	-9.610172339839824496e-02	1.209101874050657888e-01	-1.106529963405558231e-01	1.043915039593590194e-01	-1.334947909310405800e-01	1.390823870168363396e-01	-9.912878740379534037e-02	1.056429036303812158e-01	-9.158112088402196871e-02	1.083485231123571396e-01	-4.497224593538673432e-02	8.965545314792336407e-02	-8.816394291644555348e-02	8.282475860295340775e-02	-6.666615253453130052e-02	4.706994888293671020e-02	-3.363035768862982638e-02	3.528060288657151183e-02	-5.786760572907057726e-02	5.221985265131254272e-02
-5.841454580781814121e-01	2.656901627832660706e-01	-2.659370102289113635e-01	2.181436381353550891e-01	-1.490918840510290777e-01	1.000000000000000666e+00	-5.379758174862073750e-01	2.473219164926650504e-01	-2.153864998707226974e-01	1.213429755539562477e-01	-4.090644596264458310e-01	2.705411304116062121e-01	-1.743362481795776020e-01	1.414775649269996716e-01	-1.458739190351995008e-01	2.328053968007523233e-01	-2.070668403298625837e-01	1.311622328484926547e-01	-1.239862171510857369e-01	1.279471770066642200e-01	-9.770689209251443019e-02	1.348097417420700550e-01	-1.168372012292488576e-01	1.174090734251148765e-01	-1.364399086698764030e-01	1.006920493433403757e-01	-1.110743975272851375e-01	9.408476147565046632e-02	-8.605337651457237169e-02	1.047361695801850845e-01	-1.215471968307677564e-01	8.596093905282424508e-02	-8.897087247710940006e-02	7.551266115659406586e-02	-8.827083956808345899e-02	3.794789699003108668e-02	-7.578750439971330966e-02	7.373581250014162036e-02	-6.809336869623532074e-02	5.449770182541520402e-02	-3.960616844883042137e-02	2.777783803251182224e-02	-2.914578654947199907e-02	4.723063863808587420e-02	-4.261015058237418995e-02
3.056475499226263826e-01	-4.013465598218775021e-01	2.821829871702621895e-01	-2.326489918888639541e-01	1.506583248795214658e-01	-5.379758174862073750e-01	1.000000000000000888e+00	-4.593188687177332530e-01	2.338657040958138089e-01	-1.330377660578046239e-01	2.581975034600341168e-01	-4.087137781345753784e-01	1.731412117614906931e-01	-1.466376517922940437e-01	1.470337746889206210e-01	-2.181094483061997436e-01	2.059073329294884291e-01	-1.339748936585601347e-01	1.241336166965725935e-01	-1.310573567730806688e-01	9.220906008317757141e-02	-1.362039578803840023e-01	1.160985612262780131e-01	-1.184142801199640493e-01	1.353793292354590894e-01	-9.729139026333601115e-02	1.089327456466378102e-01	-9.350661816997353493e-02	8.517697942288625368e-02	-1.046931911072913335e-01	1.176799679857009479e-01	-8.440978758773311219e-02	8.740510107039106691e-02	-7.461916545413847801e-02	8.679597788110826606e-02	-3.711299013025825405e-02	7.422978429405520384e-02	-7.268222356755775493e-02	6.698450734634682491e-02	-5.375455985315299307e-02	3.866751997010468150e-02	-2.730987470055069866e-02	2.861399492836236985e-02	-4.662612324547336928e-02	4.196800123674480909e-02
-2.884239209460563447e-01	2.682565239206586294e-01	-4.558950374089396629e-01	2.503794947639209068e-01	-2.218165473711134483e-01	2.473219164926650504e-01	-4.593188687177332530e-01	1.000000000000000666e+00	-5.730099417776902682e-01	1.994352111428303320e-01	-1.936871959377508279e-01	2.104617685933373172e-01	-1.733025349915638946e-01	1.567910141164998716e-01	-1.812175231355296900e-01	1.783479111165139352e-01	-1.758282742183180369e-01	1.265533960775162281e-01	-1.280864916742010806e-01	1.445424760524574581e-01	-8.347570761811788642e-02	1.256092765013985257e-01	-1.134839037307393550e-01	1.177762460012983792e-01	-1.426030459440538745e-01	8.838356349342492424e-02	-1.050074489738064415e-01	9.133538716744020458e-02	-8.464676702900263139e-02	1.044952066200616342e-01	-1.163386173387850470e-01	8.263475078638068960e-02	-8.670077864615631513e-02	7.411041969332607393e-02	-8.712189899709879559e-02	3.685085862946620161e-02	-7.364037364998245183e-02	7.187138400186422749e-02	-6.691681485775016758e-02	5.363877740752104328e-02	-3.852159534871602009e-02	2.720626008143393199e-02	-2.855453285093390720e-02	4.648636508626046576e-02	-4.197691440845290750e-02
2.196550997718426934e-01	-1.986645801166577185e-01	2.354389474569228424e-01	-3.900093185731138834e-01	2.863459513694083802e-01	-2.153864998707226974e-01	2.338657040958138089e-01	-5.730099417776902682e-01	1.000000000000000444e+00	-4.521407817381730143e-01	1.751394748672177037e-01	-2.011943913551469121e-01	1.965527643579129957e-01	-2.237017371605516114e-01	2.421618064367175582e-01	-1.972076062190646073e-01	1.793961977986837375e-01	-1.504338223550227838e-01	1.612686936755224898e-01	-2.025879843671778702e-01	9.630017328704894297e-02	-1.494343331096368299e-01	1.365912634609773302e-01	-1.480491212396906897e-01	1.823239627836426568e-01	-1.042333830683313256e-01	1.259268450951498142e-01	-1.131979384280135670e-01	1.056134475775212661e-01	-1.330911440756037123e-01	1.427224197028277575e-01	-1.018246126785710970e-01	1.075538310422737287e-01	-9.278204211668687751e-02	1.093440901356386580e-01	-4.582851403750900360e-02	9.138403385874413476e-02	-8.972504260119977537e-02	8.382812456478413998e-02	-6.739709559414140683e-02	4.791062057187033679e-02	-3.410099134538892296e-02	3.576676624557646039e-02	-5.850362379918160050e-02	5.276679526751622273e-02
-1.415818243574844260e-01	1.103636610739888863e-01	-1.419244303992751588e-01	2.600355116171868541e-01	-7.166264015438316148e-01	1.213429755539562477e-01	-1.330377660578046239e-01	1.994352111428303320e-01	-4.521407817381730143e-01	1.000000000000001998e+00	-1.125559472685055962e-01	1.224566067527470548e-01	-1.483663894503249869e-01	1.738495068346207761e-01	-3.954155542150236680e-01	1.299084429656108819e-01	-1.244868771278148656e-01	1.126917330093096664e-01	-1.297916692227103486e-01	1.973840503780708855e-01	-6.731007407675698717e-02	1.078465130565781499e-01	-1.036744208582816712e-01	1.149880446855458260e-01	-1.525333946913776939e-01	7.263646881724637738e-02	-9.207629706342032594e-02	8.345666235168062996e-02	-7.911475322222576156e-02	1.002998484479742519e-01	-1.038754787658463241e-01	7.426784596915941838e-02	-7.928942779797329421e-02	6.858419035040121126e-02	-8.089392634127345882e-02	3.345248861097658427e-02	-6.694347958516913555e-02	6.574470582910439675e-02	-6.178043253911092575e-02	4.967901839933606956e-02	-3.499606965086708710e-02	2.497666956481445905e-02	-2.620233096266430528e-02	4.303440668649620438e-02	-3.885697703535929970e-02
2.470421964902686229e-01	-1.775797283968507112e-01	1.782470855120127928e-01	-2.232326638628038817e-01	1.402126687239204084e-01	-4.090644596264458310e-01	2.581975034600341168e-01	-1.936871959377508279e-01	1.751394748672177037e-01	-1.125559472685055962e-01	1.000000000000000888e+00	-5.636462997102060779e-01	2.081729000073572200e-01	-1.664301839303954922e-01	1.533353972746506755e-01	-5.584946904266711032e-01	2.825724537007100468e-01	-1.697087920820208873e-01	1.479659088663260458e-01	-1.438773898543260488e-01	1.526625128965793943e-01	-1.815595992238768219e-01	1.454760206885793716e-01	-1.445249065142140410e-01	1.565962409455749216e-01	-1.582308197290716867e-01	1.408495714633941076e-01	-1.174015572676118530e-01	1.048191703836776484e-01	-1.269409213630513789e-01	1.502132428337663028e-01	-1.076777399327237955e-01	1.083658511866627538e-01	-9.187887522516488548e-02	1.054233930091160176e-01	-4.633909964057469910e-02	9.247841610286765268e-02	-9.053771207299436685e-02	8.200770355441695803e-02	-6.576881351071267590e-02	4.802218905278517885e-02	-3.363742356597264338e-02	3.517687248824631630e-02	-5.706869627170745030e-02	5.118770863192612791e-02
-2.552992208688167342e-01	1.899209951702368893e-01	-2.042501774285560012e-01	2.217682106709951695e-01	-1.528488882909524449e-01	2.705411304116062121e-01	-4.087137781345753784e-01	2.104617685933373172e-01	-2.011943913551469121e-01	1.224566067527470548e-01	-5.636462997102060779e-01	9.999999999999992228e-01	-2.955696150246580056e-01	1.879730180764899172e-01	-1.678875349140268314e-01	3.021573590730690650e-01	-4.860324025120979496e-01	2.051536779620506679e-01	-1.726742880480644227e-01	1.549051116734468936e-01	-1.289517705191359775e-01	1.971036829100724086e-01	-1.682034095570956178e-01	1.592260193324046558e-01	-1.696904698984805504e-01	1.294210805126582708e-01	-1.532273108919100513e-01	1.230142223533804424e-01	-1.108834741531027623e-01	1.316431254881374469e-01	-1.531784024201527095e-01	1.102673975870630679e-01	-1.134847709177070757e-01	9.548910166865509641e-02	-1.098891772719483712e-01	4.736895231498519654e-02	-9.560716853741629828e-02	9.281644095827668028e-02	-8.504712657762072969e-02	6.796104451636428290e-02	-4.930711492295358767e-02	3.449608697438866223e-02	-3.615789357752804967e-02	5.872325584545380617e-02	-5.290794712507800035e-02
1.856093988371076975e-01	-1.355062340836888923e-01	1.558407223799396502e-01	-2.995347744145649971e-01	1.822267158764777073e-01	-1.743362481795776020e-01	1.731412117614906931e-01	-1.733025349915638946e-01	1.965527643579129957e-01	-1.483663894503249869e-01	2.081729000073572200e-01	-2.955696150246580056e-01	1.000000000000001110e+00	-5.320156186473452564e-01	2.491494845706245798e-01	-2.699212555860455165e-01	2.767798104255655978e-01	-5.008552248933809681e-01	3.103117794548020947e-01	-2.572077529563070453e-01	1.344638513313811679e-01	-2.434993532251487902e-01	2.581857493937699810e-01	-2.792770974468551937e-01	2.463136027944741457e-01	-1.459049260041939133e-01	1.829530632720186567e-01	-1.651173560839212240e-01	1.512607592715483062e-01	-1.879738491629936725e-01	1.839379476583075934e-01	-1.389371078535934223e-01	1.459855257491831371e-01	-1.272084393896719678e-01	1.433099798510234779e-01	-5.952151250908183089e-02	1.207495244665905548e-01	-1.207427933587857938e-01	1.106531513752992552e-01	-8.955286710076716672e-02	6.158394787431652195e-02	-4.454427562882245367e-02	4.641554270413972283e-02	-7.754954503143024480e-02	6.923465939000825187e-02
-1.661410475310853285e-01	1.168172309192443276e-01	-1.436026704801119658e-01	2.498966433684049471e-01	-2.086969166505703299e-01	1.414775649269996716e-01	-1.466376517922940437e-01	1.567910141164998716e-01	-2.237017371605516114e-01	1.738495068346207761e-01	-1.664301839303954922e-01	1.879730180764899172e-01	-5.320156186473452564e-01	1.000000000000000666e+00	-4.017757944211686194e-01	1.973247125358550125e-01	-2.315075654350646217e-01	2.880079028306007927e-01	-5.568406678133331900e-01	2.716129377646142040e-01	-1.096076640404506919e-01	1.936655900782139061e-01	-2.374562306041443083e-01	2.507298339231406881e-01	-2.695009930526252595e-01	1.154612639262648510e-01	-1.612364497858129742e-01	1.406448415948405861e-01	-1.364963910784596779e-01	1.623822419200429412e-01	-1.653550674834444179e-01	1.205476498124511131e-01	-1.304149648804248662e-01	1.117619375770737833e-01	-1.295683281275188392e-01	5.267390136164747799e-02	-1.073073086648098917e-01	1.049077294200072702e-01	-9.873584568266234596e-02	7.905921094101328594e-02	-5.499154394810451540e-02	3.917443423020087329e-02	-4.108802520399550129e-02	6.794618060540658089e-02	-6.146845207358294511e-02
1.709517686907364442e-01	-1.237476705114949338e-01	1.515002980221397400e-01	-3.533498126787031901e-01	2.787295514979857836e-01	-1.458739190351995008e-01	1.470337746889206210e-01	-1.812175231355296900e-01	2.421618064367175582e-01	-3.954155542150236680e-01	1.533353972746506755e-01	-1.678875349140268314e-01	2.491494845706245798e-01	-4.017757944211686194e-01	9.999999999999966693e-01	-1.930588629534981115e-01	1.895983016891246709e-01	-1.994220650122008331e-01	2.483372129885893509e-01	-5.618200057526698821e-01	1.050917209916377160e-01	-1.782025781852831781e-01	1.794382310056095997e-01	-2.120063864366553419e-01	2.811489469445243028e-01	-1.140791386935906954e-01	1.501108549247351653e-01	-1.392468965276710824e-01	1.335008019145535185e-01	-1.734146114401079741e-01	1.645354491851256373e-01	-1.202083544129710496e-01	1.294212355213084087e-01	-1.132532381305914188e-01	1.317335034303813157e-01	-5.356392447113066807e-02	1.078926311398945431e-01	-1.070947042758463447e-01	1.004895365674727953e-01	-8.121697563899607508e-02	5.583924657742068975e-02	-4.035070805535753008e-02	4.220646125945326510e-02	-7.028211043312633521e-02	6.318697496994021834e-02
-2.581564385242945403e-01	1.609973165994724176e-01	-1.875720506539992893e-01	2.384612078832557547e-01	-1.696242228981124645e-01	2.328053968007523233e-01	-2.181094483061997436e-01	1.783479111165139352e-01	-1.972076062190646073e-01	1.299084429656108819e-01	-5.584946904266711032e-01	3.021573590730690650e-01	-2.699212555860455165e-01	1.973247125358550125e-01	-1.930588629534981115e-01	1.000000000000001554e+00	-4.627620199752612296e-01	2.141806788245050608e-01	-1.949471546606253158e-01	1.763678222574433796e-01	-3.110710205593996136e-01	2.387634204363669743e-01	-1.980228113155706737e-01	1.839589489940203770e-01	-2.080065999332635640e-01	2.249576667499122717e-01	-2.030989884609775697e-01	1.572719884878770735e-01	-1.421359965073601683e-01	1.644147557290602524e-01	-2.262747189642426715e-01	1.508892476130805349e-01	-1.515196760754346506e-01	1.249062640161812399e-01	-1.457951822802802666e-01	6.596276644383451682e-02	-1.307923409901302070e-01	1.240545355304401159e-01	-1.132944879682570294e-01	8.972585886509371056e-02	-6.894696821231929840e-02	4.660507629669163876e-02	-4.906156057051294650e-02	7.749976781589118513e-02	-7.021733276677419311e-02
2.008809694245164978e-01	-1.494597406045942989e-01	1.621448145947815833e-01	-2.520296253407640630e-01	1.570299503561117804e-01	-2.070668403298625837e-01	2.059073329294884291e-01	-1.758282742183180369e-01	1.793961977986837375e-01	-1.244868771278148656e-01	2.825724537007100468e-01	-4.860324025120979496e-01	2.767798104255655978e-01	-2.315075654350646217e-01	1.895983016891246709e-01	-4.627620199752612296e-01	1.000000000000001998e+00	-3.883794626670992178e-01	2.262579756889927518e-01	-1.934860357975568823e-01	1.769063900668422229e-01	-3.963414698054060770e-01	2.436191455972232245e-01	-2.282934582146844693e-01	2.098860723242532145e-01	-1.839770289245273027e-01	2.164945208752523109e-01	-1.746403866550262918e-01	1.480125273838283906e-01	-1.768087604238191834e-01	1.926594380255250705e-01	-1.489626652508474758e-01	1.486018952764714685e-01	-1.261901117172372355e-01	1.399306780587298848e-01	-6.046505306282272396e-02	1.236735946187923624e-01	-1.224930781987169370e-01	1.093457345468397263e-01	-8.797217087823576420e-02	6.226609190588572318e-02	-4.424497724918335928e-02	4.608993628028330847e-02	-7.603996386278626118e-02	6.782100865444114224e-02
-1.456715231701077862e-01	1.023612448179247597e-01	-1.204301518944672494e-01	2.084676364150090666e-01	-1.419177036989357488e-01	1.311622328484926547e-01	-1.339748936585601347e-01	1.265533960775162281e-01	-1.504338223550227838e-01	1.126917330093096664e-01	-1.697087920820208873e-01	2.051536779620506679e-01	-5.008552248933809681e-01	2.880079028306007927e-01	-1.994220650122008331e-01	2.141806788245050608e-01	-3.883794626670992178e-01	9.999999999999973355e-01	-4.891374096283226947e-01	2.115996895557748780e-01	-1.187046166421014265e-01	2.418408370990285383e-01	-4.785081048221904165e-01	2.901969123825596242e-01	-2.330805646865085345e-01	1.219158363282712848e-01	-1.781624257101351028e-01	1.473307424521604903e-01	-1.372207819102702897e-01	1.574601668556778467e-01	-1.598576108878853319e-01	1.208781255182266590e-01	-1.289116214544022698e-01	1.095676750178954245e-01	-1.229310601774046552e-01	5.051714496256239084e-02	-1.043445041739728268e-01	1.023721344970638103e-01	-9.454768355453171957e-02	7.575590696124807899e-02	-5.239432658338188942e-02	3.737794628300801503e-02	-3.907158418520374765e-02	6.499941173500733971e-02	-5.845950220954468368e-02
1.407992352634087896e-01	-9.930580077850470477e-02	1.187558304008231175e-01	-2.269659052094757379e-01	1.573527556268858041e-01	-1.239862171510857369e-01	1.241336166965725935e-01	-1.280864916742010806e-01	1.612686936755224898e-01	-1.297916692227103486e-01	1.479659088663260458e-01	-1.726742880480644227e-01	3.103117794548020947e-01	-5.568406678133331900e-01	2.483372129885893509e-01	-1.949471546606253158e-01	2.262579756889927518e-01	-4.891374096283226947e-01	9.999999999999995559e-01	-3.440424944166283194e-01	1.080029652839797905e-01	-2.118622540996595582e-01	2.777397764300655880e-01	-4.297390558685114104e-01	2.647287995960979079e-01	-1.149936327445611611e-01	1.610527374147626700e-01	-1.455438191485390054e-01	1.416548245795108962e-01	-1.685455574999883133e-01	1.551250385874077542e-01	-1.178345965421188912e-01	1.272428120724000966e-01	-1.113126324099047021e-01	1.242645969736369260e-01	-5.001136794831671090e-02	1.027936250453388295e-01	-1.022594322344718004e-01	9.510698989165891626e-02	-7.670663882764003350e-02	5.184132082037105904e-02	-3.749299442648131031e-02	3.913096878750719348e-02	-6.585473531912447442e-02	5.907996752055532513e-02
-1.555528128863269410e-01	1.077731353884161108e-01	-1.346951468261488871e-01	2.567016680113776705e-01	-2.412898408137170436e-01	1.279471770066642200e-01	-1.310573567730806688e-01	1.445424760524574581e-01	-2.025879843671778702e-01	1.973840503780708855e-01	-1.438773898543260488e-01	1.549051116734468936e-01	-2.572077529563070453e-01	2.716129377646142040e-01	-5.618200057526698821e-01	1.763678222574433796e-01	-1.934860357975568823e-01	2.115996895557748780e-01	-3.440424944166283194e-01	9.999999999999994449e-01	-1.024058931189616578e-01	1.795195141279547768e-01	-2.091673002996324304e-01	2.457132001531790455e-01	-5.764323728591165263e-01	1.088307838214771089e-01	-1.559837157312155553e-01	1.421506978240323904e-01	-1.455311971282951533e-01	1.830437391047857743e-01	-1.654400593624671401e-01	1.205648097436888555e-01	-1.337731887033676847e-01	1.162118477152192797e-01	-1.371304468591701131e-01	5.335399651310527430e-02	-1.090897962444051100e-01	1.070112769920314733e-01	-1.027988897612637786e-01	8.246031785027525818e-02	-5.578914482430385319e-02	4.013212224160173786e-02	-4.211759344011396788e-02	7.049194304236661157e-02	-6.404705066447942408e-02
1.088515703772595655e-01	-7.180936319051511862e-02	8.451455014319420034e-02	-1.384726124379237755e-01	8.839048626489988403e-02	-9.770689209251443019e-02	9.220906008317757141e-02	-8.347570761811788642e-02	9.630017328704894297e-02	-6.731007407675698717e-02	1.526625128965793943e-01	-1.289517705191359775e-01	1.344638513313811679e-01	-1.096076640404506919e-01	1.050917209916377160e-01	-3.110710205593996136e-01	1.769063900668422229e-01	-1.187046166421014265e-01	1.080029652839797905e-01	-1.024058931189616578e-01	9.999999999999996669e-01	-2.541056346501929797e-01	1.305330979800813085e-01	-1.195725306909447838e-01	1.230936436076800478e-01	-8.578600402378964151e-01	1.706502627726692589e-01	-1.245133704147959874e-01	1.018582628387457861e-01	-1.183722221469288294e-01	1.914736003473425097e-01	-1.337307595023332907e-01	1.109578080390674765e-01	-9.192382790603263742e-02	9.997382149172616417e-02	-5.245807690066117690e-02	9.954757796593458052e-02	-9.809677745016180672e-02	8.094883602581826043e-02	-6.494614327048300884e-02	5.199832100831216358e-02	-3.496947954453220181e-02	3.610607482308780813e-02	-5.679482899819932734e-02	4.997334738300181212e-02
-1.544246905349683785e-01	1.049491470272133214e-01	-1.249587012241839407e-01	2.126733881079456989e-01	-1.407346092284501582e-01	1.348097417420700550e-01	-1.362039578803840023e-01	1.256092765013985257e-01	-1.494343331096368299e-01	1.078465130565781499e-01	-1.815595992238768219e-01	1.971036829100724086e-01	-2.434993532251487902e-01	1.936655900782139061e-01	-1.782025781852831781e-01	2.387634204363669743e-01	-3.963414698054060770e-01	2.418408370990285383e-01	-2.118622540996595582e-01	1.795195141279547768e-01	-2.541056346501929797e-01	9.999999999999994449e-01	-4.144178245627673784e-01	2.486105745929164945e-01	-2.321344431768213035e-01	2.079466493774821678e-01	-5.571571478680309442e-01	2.479977010320238706e-01	-2.022759240557991944e-01	2.061327993120259383e-01	-2.598203921689695162e-01	2.084297386197641044e-01	-2.071670169405227246e-01	1.617930455722525473e-01	-1.758960088261878052e-01	7.677146050119293408e-02	-1.669397458908403187e-01	1.554757665978783454e-01	-1.382947884465206556e-01	1.088709017755331715e-01	-7.917334116909230390e-02	5.456681366188453203e-02	-5.709427541410783125e-02	9.281370919256212715e-02	-8.357982513810766068e-02
1.318677653880225287e-01	-9.182485470983842157e-02	1.089008347585814079e-01	-2.060956627100119232e-01	1.316597129406222033e-01	-1.168372012292488576e-01	1.160985612262780131e-01	-1.134839037307393550e-01	1.365912634609773302e-01	-1.036744208582816712e-01	1.454760206885793716e-01	-1.682034095570956178e-01	2.581857493937699810e-01	-2.374562306041443083e-01	1.794382310056095997e-01	-1.980228113155706737e-01	2.436191455972232245e-01	-4.785081048221904165e-01	2.777397764300655880e-01	-2.091673002996324304e-01	1.305330979800813085e-01	-4.144178245627673784e-01	9.999999999999984457e-01	-6.134322746563698470e-01	2.478404775431320428e-01	-1.356568792527398093e-01	2.164398319613115573e-01	-1.912894230574981036e-01	1.668540095081604280e-01	-1.865176974728125769e-01	1.714560285156596642e-01	-1.384894466669556456e-01	1.473186497264575290e-01	-1.269821572858253755e-01	1.355177767367421460e-01	-5.489953702105866695e-02	1.154103292505790912e-01	-1.150941150473305946e-01	1.047757049336142943e-01	-8.437985777578159430e-02	5.649083633311407365e-02	-4.089078470078402749e-02	4.254831190001125141e-02	-7.209954920763335384e-02	6.437391643420917187e-02
-1.375545810524085033e-01	9.435938773320294570e-02	-1.142909581185827111e-01	2.117834638539413672e-01	-1.467141158551008295e-01	1.174090734251148765e-01	-1.184142801199640493e-01	1.177762460012983792e-01	-1.480491212396906897e-01	1.149880446855458260e-01	-1.445249065142140410e-01	1.592260193324046558e-01	-2.792770974468551937e-01	2.507298339231406881e-01	-2.120063864366553419e-01	1.839589489940203770e-01	-2.282934582146844693e-01	2.901969123825596242e-01	-4.297390558685114104e-01	2.457132001531790455e-01	-1.195725306909447838e-01	2.486105745929164945e-01	-6.134322746563698470e-01	9.999999999999993339e-01	-4.294157944146548278e-01	1.226866952595053600e-01	-2.069097534203265532e-01	1.803816809181011394e-01	-2.155105243578384622e-01	2.053743899097551506e-01	-1.802349251224720783e-01	1.376447467361905930e-01	-1.568194817907128391e-01	1.363174214829125375e-01	-1.495181508634632062e-01	5.742416986373150706e-02	-1.207397708669835507e-01	1.185958110445427816e-01	-1.131020136333128340e-01	9.030993714223171931e-02	-5.964056566359797473e-02	4.300847830317856141e-02	-4.499488113444467807e-02	7.646226818170398509e-02	-6.916685951459586312e-02
1.623640272931144435e-01	-1.117699937137808103e-01	1.367646917572523380e-01	-3.129247784977879365e-01	1.889688357320217504e-01	-1.364399086698764030e-01	1.353793292354590894e-01	-1.426030459440538745e-01	1.823239627836426568e-01	-1.525333946913776939e-01	1.565962409455749216e-01	-1.696904698984805504e-01	2.463136027944741457e-01	-2.695009930526252595e-01	2.811489469445243028e-01	-2.080065999332635640e-01	2.098860723242532145e-01	-2.330805646865085345e-01	2.647287995960979079e-01	-5.764323728591165263e-01	1.230936436076800478e-01	-2.321344431768213035e-01	2.478404775431320428e-01	-4.294157944146548278e-01	1.000000000000000222e+00	-1.341861352655097650e-01	1.924092687693872983e-01	-1.929803491246846192e-01	2.004462564255523327e-01	-3.118730188767001033e-01	1.955859601321464913e-01	-1.509425901808006953e-01	1.687922013354783979e-01	-1.539038627716675378e-01	1.729296729353143880e-01	-6.521365813322409222e-02	1.343513001553458541e-01	-1.367320984974429721e-01	1.295748678909158236e-01	-1.062356483717996070e-01	6.744472965730989589e-02	-5.022657016153158488e-02	5.221962351468108221e-02	-9.074103284115550561e-02	8.103742284954074115e-02
-1.179937712652857906e-01	7.622248391617167385e-02	-9.127450767537990950e-02	1.452126965839703743e-01	-9.610172339839824496e-02	1.006920493433403757e-01	-9.729139026333601115e-02	8.838356349342492424e-02	-1.042333830683313256e-01	7.263646881724637738e-02	-1.582308197290716867e-01	1.294210805126582708e-01	-1.459049260041939133e-01	1.154612639262648510e-01	-1.140791386935906954e-01	2.249576667499122717e-01	-1.839770289245273027e-01	1.219158363282712848e-01	-1.149936327445611611e-01	1.088307838214771089e-01	-8.578600402378964151e-01	2.079466493774821678e-01	-1.356568792527398093e-01	1.226866952595053600e-01	-1.341861352655097650e-01	1.000000000000001998e+00	-1.979342851472319642e-01	1.332378801382077815e-01	-1.121831191627242208e-01	1.266174301785296663e-01	-2.699137162500077070e-01	1.507940612687407589e-01	-1.260964582519878141e-01	1.016949261404795773e-01	-1.128427763949864243e-01	6.189123574449360843e-02	-1.153473684614234468e-01	1.089117773631972930e-01	-9.120078488729600752e-02	7.231292620245881320e-02	-6.230416167564109542e-02	3.977357622413520144e-02	-4.140759875100261111e-02	6.305838798715904248e-02	-5.601881228131676965e-02
1.272675858121517511e-01	-8.689693934742998005e-02	1.036769438911741420e-01	-2.003440592173747758e-01	1.209101874050657888e-01	-1.110743975272851375e-01	1.089327456466378102e-01	-1.050074489738064415e-01	1.259268450951498142e-01	-9.207629706342032594e-02	1.408495714633941076e-01	-1.532273108919100513e-01	1.829530632720186567e-01	-1.612364497858129742e-01	1.501108549247351653e-01	-2.030989884609775697e-01	2.164945208752523109e-01	-1.781624257101351028e-01	1.610527374147626700e-01	-1.559837157312155553e-01	1.706502627726692589e-01	-5.571571478680309442e-01	2.164398319613115573e-01	-2.069097534203265532e-01	1.924092687693872983e-01	-1.979342851472319642e-01	9.999999999999997780e-01	-5.183388278341986011e-01	2.387080132937923760e-01	-2.579382530165611476e-01	2.578974051707644266e-01	-3.470533238146838451e-01	2.484741530216786620e-01	-2.002942073273914769e-01	1.891186322949541532e-01	-8.352069272583781401e-02	1.959100547970781814e-01	-1.948962513749355197e-01	1.546782909389493310e-01	-1.242922240031214126e-01	8.293391975335580313e-02	-6.054460830614614292e-02	6.211554241237957769e-02	-1.058528919401502677e-01	9.232013629668918420e-02
-1.121199512038470597e-01	7.527700518623488268e-02	-9.161438878450006706e-02	1.749512373305212587e-01	-1.106529963405558231e-01	9.408476147565046632e-02	-9.350661816997353493e-02	9.133538716744020458e-02	-1.131979384280135670e-01	8.345666235168062996e-02	-1.174015572676118530e-01	1.230142223533804424e-01	-1.651173560839212240e-01	1.406448415948405861e-01	-1.392468965276710824e-01	1.572719884878770735e-01	-1.746403866550262918e-01	1.473307424521604903e-01	-1.455438191485390054e-01	1.421506978240323904e-01	-1.245133704147959874e-01	2.479977010320238706e-01	-1.912894230574981036e-01	1.803816809181011394e-01	-1.929803491246846192e-01	1.332378801382077815e-01	-5.183388278341986011e-01	1.000000000000000222e+00	-5.062494667507227986e-01	2.879507523023271398e-01	-2.448030218074557229e-01	2.298044145828408991e-01	-4.594698024723715135e-01	2.630933184839162053e-01	-2.420682321117234859e-01	8.094677195776582568e-02	-1.964603417753229275e-01	1.961397127830418197e-01	-1.859478352141893109e-01	1.433738500472901689e-01	-8.293023609136533636e-02	6.206588798000474416e-02	-6.466721162447473803e-02	1.167813339934232336e-01	-1.059385089950444364e-01
1.025589466806891698e-01	-6.917733604974915518e-02	8.430826023362718302e-02	-1.688375859349279529e-01	1.043915039593590194e-01	-8.605337651457237169e-02	8.517697942288625368e-02	-8.464676702900263139e-02	1.056134475775212661e-01	-7.911475322222576156e-02	1.048191703836776484e-01	-1.108834741531027623e-01	1.512607592715483062e-01	-1.364963910784596779e-01	1.335008019145535185e-01	-1.421359965073601683e-01	1.480125273838283906e-01	-1.372207819102702897e-01	1.416548245795108962e-01	-1.455311971282951533e-01	1.018582628387457861e-01	-2.022759240557991944e-01	1.668540095081604280e-01	-2.155105243578384622e-01	2.004462564255523327e-01	-1.121831191627242208e-01	2.387080132937923760e-01	-5.062494667507227986e-01	9.999999999999997780e-01	-6.518655779867515987e-01	1.944218358922116807e-01	-1.787095339967410268e-01	2.709458983029185974e-01	-3.576009316515091352e-01	2.447445250558297480e-01	-6.909028732289490549e-02	1.575334736339108477e-01	-1.722400521595600920e-01	1.796182038355962907e-01	-1.473889423690943612e-01	7.035289708539708975e-02	-5.696006089255770122e-02	5.868077213616008925e-02	-1.172465119986276227e-01	1.039407544489917568e-01
-1.280610429251892168e-01	8.534249693774913215e-02	-1.053146199104544878e-01	2.007090188175229273e-01	-1.334947909310405800e-01	1.047361695801850845e-01	-1.046931911072913335e-01	1.044952066200616342e-01	-1.330911440756037123e-01	1.002998484479742519e-01	-1.269409213630513789e-01	1.316431254881374469e-01	-1.879738491629936725e-01	1.623822419200429412e-01	-1.734146114401079741e-01	1.644147557290602524e-01	-1.768087604238191834e-01	1.574601668556778467e-01	-1.685455574999883133e-01	1.830437391047857743e-01	-1.183722221469288294e-01	2.061327993120259383e-01	-1.865176974728125769e-01	2.053743899097551506e-01	-3.118730188767001033e-01	1.266174301785296663e-01	-2.579382530165611476e-01	2.879507523023271398e-01	-6.518655779867515987e-01	1.000000000000001110e+00	-2.499851348384107275e-01	1.978896663935035272e-01	-2.891008372992289743e-01	2.691886806878290295e-01	-3.723285161562057688e-01	8.592163567348835851e-02	-1.936472399841515091e-01	1.924645360984800768e-01	-2.233174909934402264e-01	1.796908568668813544e-01	-8.979380059942528025e-02	6.969276117408637616e-02	-7.330067632925743593e-02	1.399050215142520481e-01	-1.337389750389302856e-01
1.427298536004470986e-01	-9.616712877859791286e-02	1.164513544415172464e-01	-2.564670371706994634e-01	1.390823870168363396e-01	-1.215471968307677564e-01	1.176799679857009479e-01	-1.163386173387850470e-01	1.427224197028277575e-01	-1.038754787658463241e-01	1.502132428337663028e-01	-1.531784024201527095e-01	1.839379476583075934e-01	-1.653550674834444179e-01	1.645354491851256373e-01	-2.262747189642426715e-01	1.926594380255250705e-01	-1.598576108878853319e-01	1.551250385874077542e-01	-1.654400593624671401e-01	1.914736003473425097e-01	-2.598203921689695162e-01	1.714560285156596642e-01	-1.802349251224720783e-01	1.955859601321464913e-01	-2.699137162500077070e-01	2.578974051707644266e-01	-2.448030218074557229e-01	1.944218358922116807e-01	-2.499851348384107275e-01	1.000000000000000666e+00	-6.043700542739011139e-01	2.453184864116906561e-01	-2.121653333349893256e-01	2.078446598534175738e-01	-2.010311415077593866e-01	2.739506841824670413e-01	-2.910139921618165593e-01	1.879631860996854309e-01	-1.555407626892121586e-01	1.602639162322723188e-01	-9.945850896185595702e-02	9.807052539787486367e-02	-1.422505154252790560e-01	1.175132881904110693e-01
-1.020430265613338772e-01	6.839659135375150689e-02	-8.309656752086533316e-02	1.683169454269750343e-01	-9.912878740379534037e-02	8.596093905282424508e-02	-8.440978758773311219e-02	8.263475078638068960e-02	-1.018246126785710970e-01	7.426784596915941838e-02	-1.076777399327237955e-01	1.102673975870630679e-01	-1.389371078535934223e-01	1.205476498124511131e-01	-1.202083544129710496e-01	1.508892476130805349e-01	-1.489626652508474758e-01	1.208781255182266590e-01	-1.178345965421188912e-01	1.205648097436888555e-01	-1.337307595023332907e-01	2.084297386197641044e-01	-1.384894466669556456e-01	1.376447467361905930e-01	-1.509425901808006953e-01	1.507940612687407589e-01	-3.470533238146838451e-01	2.298044145828408991e-01	-1.787095339967410268e-01	1.978896663935035272e-01	-6.043700542739011139e-01	9.999999999999992228e-01	-3.253460957048204816e-01	2.031698012077260418e-01	-1.999475935962759243e-01	1.352850426711830478e-01	-5.038674995559204728e-01	2.789591433435312795e-01	-1.874378905219256930e-01	1.396619371452622327e-01	-1.320172587227629035e-01	8.221618893295831731e-02	-8.464909999112082972e-02	1.212240796127429660e-01	-1.054168463586497295e-01
1.058068244447326334e-01	-7.125785646305340948e-02	8.674633911092170802e-02	-1.825049070967574572e-01	1.056429036303812158e-01	-8.897087247710940006e-02	8.740510107039106691e-02	-8.670077864615631513e-02	1.075538310422737287e-01	-7.928942779797329421e-02	1.083658511866627538e-01	-1.134847709177070757e-01	1.459855257491831371e-01	-1.304149648804248662e-01	1.294212355213084087e-01	-1.515196760754346506e-01	1.486018952764714685e-01	-1.289116214544022698e-01	1.272428120724000966e-01	-1.337731887033676847e-01	1.109578080390674765e-01	-2.071670169405227246e-01	1.473186497264575290e-01	-1.568194817907128391e-01	1.687922013354783979e-01	-1.260964582519878141e-01	2.484741530216786620e-01	-4.594698024723715135e-01	2.709458983029185974e-01	-2.891008372992289743e-01	2.453184864116906561e-01	-3.253460957048204816e-01	1.000000000000001776e+00	-5.850144204669528447e-01	2.725144989286631403e-01	-9.260025422102283188e-02	2.377674557028078006e-01	-3.347261137262356745e-01	2.391990730917384067e-01	-1.915847631695295206e-01	9.131740040831598515e-02	-7.597111775563185343e-02	7.716821403401129265e-02	-1.542032250315075181e-01	1.303394387772023044e-01
-9.087807996377340880e-02	6.087430937875346060e-02	-7.451974571242847567e-02	1.526211630200155212e-01	-9.158112088402196871e-02	7.551266115659406586e-02	-7.461916545413847801e-02	7.411041969332607393e-02	-9.278204211668687751e-02	6.858419035040121126e-02	-9.187887522516488548e-02	9.548910166865509641e-02	-1.272084393896719678e-01	1.117619375770737833e-01	-1.132532381305914188e-01	1.249062640161812399e-01	-1.261901117172372355e-01	1.095676750178954245e-01	-1.113126324099047021e-01	1.162118477152192797e-01	-9.192382790603263742e-02	1.617930455722525473e-01	-1.269821572858253755e-01	1.363174214829125375e-01	-1.539038627716675378e-01	1.016949261404795773e-01	-2.002942073273914769e-01	2.630933184839162053e-01	-3.576009316515091352e-01	2.691886806878290295e-01	-2.121653333349893256e-01	2.031698012077260418e-01	-5.850144204669528447e-01	1.000000000000001110e+00	-4.950650352143156629e-01	8.080274436359784207e-02	-2.019325110140946788e-01	2.333502142745560726e-01	-3.766925030163845167e-01	2.395788461031453098e-01	-8.199674002574762477e-02	7.295242945614340002e-02	-7.534977363413919438e-02	1.738287007236963833e-01	-1.603304404063255473e-01
