1.000000000000000222e+00	-7.950745829451602020e-01	2.392621555170968972e-01	-1.240725156519323774e-01	1.166868770563112279e-01	-3.135906283271088224e-01	2.160465016102256774e-01	-1.728040574094229787e-01	1.448900825409129567e-01	-1.600805898664125204e-01	1.933756310454877725e-01	-1.674777848342658970e-01	1.287317296822073909e-01	-1.258787495291512903e-01	1.289784098118257893e-01	-1.921494560666208717e-01	1.166492649948359384e-01	-1.149678590012369883e-01	9.474395964512209722e-02	-8.683958588518105037e-02	1.289980321003543207e-01	-1.266582005445754389e-01	1.087065747706724705e-01	-8.474602035865112792e-02	1.004983968656746468e-01	-9.353088411860974172e-02	1.169785405514832538e-01	-9.496451426734010826e-02	8.053830523306117206e-02	-7.897132619388795571e-02	1.128348790545008890e-01	-7.915896986707052219e-02	8.008755820239399359e-02	-7.987628856198177030e-02	7.343280810324520624e-02	-4.773114558335311841e-02	6.306967675308892962e-02	-5.813501830306494478e-02	5.495958822428695378e-02	-6.259215693593259133e-02	5.590131024099066759e-02	-7.478037268350459787e-02	4.647150082702357354e-02	-5.368075780960206850e-02	7.666149857549167668e-02
-7.950745829451602020e-01	1.000000000000000444e+00	-3.889046079555198987e-01	1.404769975942111726e-01	-1.436248322103043928e-01	2.101573304162944189e-01	-2.616882330512616539e-01	1.957545162101433645e-01	-1.613907486837776462e-01	1.581446967658688973e-01	-1.682973132354232126e-01	1.461234709674557597e-01	-1.179029844839858676e-01	1.143589248901738797e-01	-1.212775732354084285e-01	1.470774201572588313e-01	-1.012033720651258767e-01	9.981459140223868098e-02	-8.406058584755987662e-02	7.667461780835525820e-02	-1.073047346992219570e-01	1.053662473131277838e-01	-9.556461825925735565e-02	7.388973057954173473e-02	-8.936371045300671445e-02	7.717441114228654198e-02	-9.884343556572083855e-02	8.041350358596484338e-02	-6.908654581633515146e-02	6.719627272979142307e-02	-9.457551022437972466e-02	6.603353311392876068e-02	-6.788743014833673040e-02	6.735982815365072762e-02	-6.284622165710156139e-02	3.975219313857793896e-02	-5.268197645898027581e-02	4.840877278895507757e-02	-4.607029893363911305e-02	5.270743236106550239e-02	-4.672023040756188850e-02	6.182338328404651806e-02	-3.870306054748653274e-02	4.453978474522064801e-02	-6.518168721201286764e-02
2.392621555170968972e-01	-3.889046079555198987e-01	1.000000000000000888e+00	-3.671774581837410900e-01	2.385842056097814412e-01	-2.250184679090135587e-01	2.954020083382314366e-01	-5.701407604520362105e-01	2.560405771841660627e-01	-3.050346871570988050e-01	1.626622811755461528e-01	-1.839858884181197751e-01	1.367284440357470487e-01	-1.501011362301927499e-01	1.412000382964411493e-01	-1.716348396170074009e-01	1.154573165512872146e-01	-1.182078764728635295e-01	9.566700847118778106e-02	-8.922794173266074269e-02	1.163156873895695720e-01	-1.255152123518549767e-01	1.077636459949847664e-01	-8.464814412645188524e-02	1.003619897091843904e-01	-8.624059718170981603e-02	1.092333678839358529e-01	-9.218873453702138010e-02	7.822650080306813025e-02	-7.689964960984248254e-02	1.035574046603936482e-01	-7.480430963584622228e-02	7.633314826506019946e-02	-7.683744106069730073e-02	7.070554905477503815e-02	-4.420290418930980514e-02	5.942667375162153515e-02	-5.521330765242756650e-02	5.219898638798076140e-02	-5.982273522578486491e-02	5.161021839881765189e-02	-7.059486414111397490e-02	4.394928105998927026e-02	-5.088146964419848484e-02	7.266900266747126913e-02
-1.240725156519323774e-01	1.404769975942111726e-01	-3.671774581837410900e-01	1.000000000000001110e+00	-8.388682016027457777e-01	1.087026145997747190e-01	-1.699886546343893634e-01	1.829063100919429974e-01	-2.298669071489165272e-01	2.393713502838556717e-01	-8.687248210654283098e-02	9.562333474136711087e-02	-7.916382172280647667e-02	9.250258193751516311e-02	-9.179798574825988322e-02	8.764872114991577312e-02	-6.365085269038356364e-02	6.569025623154195470e-02	-5.527063792830330669e-02	5.188993845094207885e-02	-6.217902108968909741e-02	6.725163994648419852e-02	-6.092569715522389018e-02	4.789136366841172804e-02	-5.830940625101287828e-02	4.617753859218271667e-02	-5.953973549486055172e-02	5.065844775149804663e-02	-4.352808095251659709e-02	4.258965578465174345e-02	-5.600661151469218252e-02	4.054697086381914978e-02	-4.193515735888352775e-02	4.213111996578237928e-02	-3.926937910823450478e-02	2.384979627363349730e-02	-3.224304576486294871e-02	2.994778617913060326e-02	-2.845445533582768860e-02	3.277023317287017928e-02	-2.790061270509356511e-02	3.803991359736981492e-02	-2.382481489224201263e-02	2.752137271890962855e-02	-4.005172724754207242e-02
1.166868770563112279e-01	-1.436248322103043928e-01	2.385842056097814412e-01	-8.388682016027457777e-01	1.000000000000001110e+00	-1.146208099432247107e-01	1.552288615824475027e-01	-1.775432037533673235e-01	2.144456114328588958e-01	-3.675785273764003991e-01	8.865190574731335316e-02	-9.943432894364234720e-02	8.029123655028762296e-02	-9.545482746690521492e-02	9.134453729978093961e-02	-9.424504105087279371e-02	6.603827204750256641e-02	-6.825254657934953784e-02	5.672834508288406019e-02	-5.339695656289677322e-02	6.548259175888015982e-02	-7.104275927499585641e-02	6.287546098854368548e-02	-4.957618045689569236e-02	5.978155862251506580e-02	-4.879179136503117992e-02	6.243094458596678414e-02	-5.308336222154625555e-02	4.535550433704501477e-02	-4.453100624826699522e-02	5.891832351016822872e-02	-4.272742318160383662e-02	4.391794149432739353e-02	-4.421025465320163605e-02	4.096393787527255470e-02	-2.514955984547334600e-02	3.396127121671421029e-02	-3.158109868953538207e-02	2.992941462781054454e-02	-3.441260777933927151e-02	2.938591464261058189e-02	-4.022406518446638296e-02	2.512305054729163309e-02	-2.906191978320788252e-02	4.190453596771059885e-02
-3.135906283271088224e-01	2.101573304162944189e-01	-2.250184679090135587e-01	1.087026145997747190e-01	-1.146208099432247107e-01	1.000000000000001554e+00	-3.783189539939097457e-01	1.851042455017134214e-01	-1.594977235158602791e-01	1.469962960068743052e-01	-7.109449895962898225e-01	2.565055179641728689e-01	-1.968640096510061721e-01	1.560006961217635379e-01	-1.678582429995502112e-01	2.358220687528753690e-01	-1.583709065063967358e-01	1.502521034492521890e-01	-1.230624918911780580e-01	1.092763348322203648e-01	-1.748925394737643191e-01	1.533489591532026242e-01	-1.415339925881282934e-01	1.070336951199274550e-01	-1.282298250797752059e-01	1.147738397695057949e-01	-1.449234938923441574e-01	1.147936087458004961e-01	-9.889410590169132875e-02	9.481837088837012650e-02	-1.385014328429040043e-01	9.385380142461134667e-02	-9.665174641628143659e-02	9.517945870507017736e-02	-8.884096782670199144e-02	5.721495002504130289e-02	-7.464244999829641736e-02	6.776406813982779886e-02	-6.468215052196650550e-02	7.349865350737753988e-02	-6.734790248415609137e-02	8.677795429636388225e-02	-5.424198778056192605e-02	6.217758992311840649e-02	-9.107572329067491201e-02
2.160465016102256774e-01	-2.616882330512616539e-01	2.954020083382314366e-01	-1.699886546343893634e-01	1.552288615824475027e-01	-3.783189539939097457e-01	1.000000000000001332e+00	-5.844304227984135069e-01	2.446978835671121399e-01	-2.630165837184278432e-01	2.394955650053119667e-01	-3.314535345768768737e-01	1.954792733846246189e-01	-1.889336193002658093e-01	1.734694048052680682e-01	-2.199951827138216243e-01	1.553830110498964912e-01	-1.596004164945532822e-01	1.232495821725834717e-01	-1.136929698136863870e-01	1.466905292113859782e-01	-1.650223530444962505e-01	1.397409507379530902e-01	-1.087880047550037754e-01	1.271394895975338224e-01	-1.080783193073053400e-01	1.370098801946027234e-01	-1.169665312531188439e-01	9.906482811354749840e-02	-9.702324865924409625e-02	1.287151902021677341e-01	-9.360550719095049599e-02	9.584886100649403495e-02	-9.667870511714841963e-02	8.882771449749116144e-02	-5.496137186348724890e-02	7.418177035054578095e-02	-6.895709644367337132e-02	6.521571485254033795e-02	-7.476906222284800119e-02	6.409191760389559844e-02	-8.803855395102380688e-02	5.480440784639434987e-02	-6.346069584056694690e-02	9.053084728290936023e-02
-1.728040574094229787e-01	1.957545162101433645e-01	-5.701407604520362105e-01	1.829063100919429974e-01	-1.775432037533673235e-01	1.851042455017134214e-01	-5.844304227984135069e-01	1.000000000000000444e+00	-4.112732514487774105e-01	2.594395528868083112e-01	-1.431621875814180767e-01	1.651937278750857385e-01	-1.262111695707842651e-01	1.356913932123528788e-01	-1.272742421778639832e-01	1.305157492422243382e-01	-9.672396177477220192e-02	9.912026621757627498e-02	-8.049397856498917425e-02	7.475479404908395853e-02	-9.100536110118903621e-02	1.003604624917981553e-01	-8.968039641737768353e-02	6.984020069231108852e-02	-8.373604983858753958e-02	6.714760051072138358e-02	-8.627632461518211504e-02	7.370691324905724595e-02	-6.311611270885734981e-02	6.160872089216428565e-02	-8.085404566238663104e-02	5.868189131879185394e-02	-6.064919082779765547e-02	6.100177520204994736e-02	-5.664293620948942370e-02	3.443654048191110983e-02	-4.658249677772161035e-02	4.326295174966870299e-02	-4.107232394713295626e-02	4.724105703723825711e-02	-4.024185411981300031e-02	5.499498960851172125e-02	-3.439226427500472610e-02	3.974810593980419859e-02	-5.755620230353055561e-02
1.448900825409129567e-01	-1.613907486837776462e-01	2.560405771841660627e-01	-2.298669071489165272e-01	2.144456114328588958e-01	-1.594977235158602791e-01	2.446978835671121399e-01	-4.112732514487774105e-01	1.000000000000000666e+00	-7.515392807094868344e-01	1.274743462375622083e-01	-1.552125701370555833e-01	1.358329340211031355e-01	-2.271059373563467376e-01	1.683817479640219994e-01	-1.302923866739741920e-01	9.913466473813704882e-02	-1.074789402664699661e-01	8.959738044174440919e-02	-8.671560806696863855e-02	9.198241608511267819e-02	-1.047731698044397086e-01	9.611281562402658463e-02	-7.655369174961276779e-02	9.355560325453531056e-02	-6.915072819478959576e-02	8.974856679448882379e-02	-7.871637851818787113e-02	6.773587457935510703e-02	-6.646651513962438529e-02	8.343375466767601056e-02	-6.164766462957925464e-02	6.417954706920030172e-02	-6.499574473197934632e-02	6.062855274098322145e-02	-3.573506830669563594e-02	4.889662485669388908e-02	-4.567662821934530271e-02	4.340652193668884801e-02	-5.023342664118349288e-02	4.171026776631800437e-02	-5.774233123111154053e-02	3.621184697723434792e-02	-4.189720424380010549e-02	6.095802368135118388e-02
-1.600805898664125204e-01	1.581446967658688973e-01	-3.050346871570988050e-01	2.393713502838556717e-01	-3.675785273764003991e-01	1.469962960068743052e-01	-2.630165837184278432e-01	2.594395528868083112e-01	-7.515392807094868344e-01	1.000000000000000666e+00	-1.256781861903709663e-01	1.414736134323218153e-01	-1.294926152859869617e-01	1.690184913736536843e-01	-1.701177603804975291e-01	1.216182371716461319e-01	-9.626360471928674389e-02	1.017090251806408718e-01	-8.842981512643689757e-02	8.422406706313970148e-02	-8.935404648461146848e-02	9.903639383292635323e-02	-9.458233900267760952e-02	7.474018770303873793e-02	-9.343885109938129818e-02	6.677245445645556277e-02	-8.770019267170545141e-02	7.610819636900276186e-02	-6.621560628583894603e-02	6.455735460880276944e-02	-8.144081922661206008e-02	5.960820267036508885e-02	-6.260116756815561900e-02	6.298008029482288217e-02	-5.943503187723195302e-02	3.468967707721919841e-02	-4.738763940476301006e-02	4.410362178116973564e-02	-4.210491385144848192e-02	4.880387714352812933e-02	-4.061076931243839255e-02	5.556727120248318441e-02	-3.501725558037254576e-02	4.039289886875108843e-02	-5.981213671578015229e-02
1.933756310454877725e-01	-1.682973132354232126e-01	1.626622811755461528e-01	-8.687248210654283098e-02	8.865190574731335316e-02	-7.109449895962898225e-01	2.394955650053119667e-01	-1.431621875814180767e-01	1.274743462375622083e-01	-1.256781861903709663e-01	1.000000000000000666e+00	-4.079232844120906365e-01	2.106380657644826015e-01	-1.667556269272968406e-01	1.633835957438757869e-01	-3.576853094261477350e-01	1.711237062116262586e-01	-1.673051821831499086e-01	1.256705583537958970e-01	-1.127903564370751066e-01	1.834094237053285337e-01	-1.723403224063059513e-01	1.448872295010417977e-01	-1.108397898248525831e-01	1.283511994274096346e-01	-1.215577778234699230e-01	1.474351807397613900e-01	-1.196640364417540237e-01	1.012886924933832922e-01	-9.783515912257896574e-02	1.394980935402233835e-01	-9.692192249612548161e-02	9.863099334816213815e-02	-9.833093500477406435e-02	9.018877344062330159e-02	-5.828309841012850601e-02	7.657535295820552812e-02	-6.999264221648335282e-02	6.634099920437545872e-02	-7.520992511118280988e-02	6.804374208392215129e-02	-9.003264498078260292e-02	5.582045268431307106e-02	-6.432168201936856733e-02	9.158107455457638324e-02
-1.674777848342658970e-01	1.461234709674557597e-01	-1.839858884181197751e-01	9.562333474136711087e-02	-9.943432894364234720e-02	2.565055179641728689e-01	-3.314535345768768737e-01	1.651937278750857385e-01	-1.552125701370555833e-01	1.414736134323218153e-01	-4.079232844120906365e-01	1.000000000000001332e+00	-6.081731004191994749e-01	2.433432407392871477e-01	-2.539048774499175765e-01	2.207168926086294225e-01	-2.923721506495051137e-01	2.581679351175140691e-01	-1.870918315745088711e-01	1.573023256346477994e-01	-1.622229669644715544e-01	2.209957498318032010e-01	-2.145719565841616716e-01	1.535607547976945986e-01	-1.796291402402307724e-01	1.197435792082329059e-01	-1.622597200867032796e-01	1.465229790381269992e-01	-1.281603397216388995e-01	1.204482223071481894e-01	-1.432063799353325562e-01	1.077467993702516391e-01	-1.163607627689174084e-01	1.167797950506663518e-01	-1.105306880458461760e-01	6.092909731495329412e-02	-8.495209147400546723e-02	7.890719200555146307e-02	-7.582639788064388098e-02	8.788475700538959934e-02	-7.114214200865560944e-02	9.846435747522738757e-02	-6.233325417325020351e-02	7.174355951248713448e-02	-1.074944415377403484e-01
1.287317296822073909e-01	-1.179029844839858676e-01	1.367284440357470487e-01	-7.916382172280647667e-02	8.029123655028762296e-02	-1.968640096510061721e-01	1.954792733846246189e-01	-1.262111695707842651e-01	1.358329340211031355e-01	-1.294926152859869617e-01	2.106380657644826015e-01	-6.081731004191994749e-01	1.000000000000000888e+00	-4.298849241781023678e-01	2.618563749061321722e-01	-1.989008709341141545e-01	2.265325837723051183e-01	-4.514433101329502485e-01	1.989488143010936794e-01	-1.747861174892423874e-01	1.407176670045777733e-01	-2.187437530218862836e-01	2.182683811595840517e-01	-1.656461811774209147e-01	1.761258132489250117e-01	-1.100611600914345456e-01	1.488811838633573026e-01	-1.503868380783041914e-01	1.274646176417159882e-01	-1.214241077334405339e-01	1.296790665667806874e-01	-1.035358905623557646e-01	1.118860587472767093e-01	-1.158996627879767816e-01	1.069097817626350755e-01	-5.640287076067525274e-02	8.089560872967624383e-02	-7.658356990541087539e-02	7.310154514796800285e-02	-8.536939514833929987e-02	6.534776774720950365e-02	-9.496631280177778023e-02	5.988655211405560091e-02	-6.947387811382658984e-02	1.012736173473709478e-01
-1.258787495291512903e-01	1.143589248901738797e-01	-1.501011362301927499e-01	9.250258193751516311e-02	-9.545482746690521492e-02	1.560006961217635379e-01	-1.889336193002658093e-01	1.356913932123528788e-01	-2.271059373563467376e-01	1.690184913736536843e-01	-1.667556269272968406e-01	2.433432407392871477e-01	-4.298849241781023678e-01	1.000000000000001554e+00	-7.291915050088112471e-01	1.667211279285062409e-01	-1.730435205843029456e-01	2.184255329876022833e-01	-2.011137250969196877e-01	2.081587632951962252e-01	-1.272647310403068610e-01	1.692991829446250374e-01	-1.871955420547818660e-01	1.540877607921767034e-01	-2.053540833297375634e-01	1.004191432865872285e-01	-1.382181297456997471e-01	1.355704598400201411e-01	-1.214482691350424332e-01	1.183918875264854120e-01	-1.214080741519432960e-01	9.630430287346065932e-02	-1.057018476844140686e-01	1.091521423664423285e-01	-1.053866345220068612e-01	5.268045752870441356e-02	-7.590917753166831483e-02	7.210577403398230056e-02	-6.939189224405488410e-02	8.231580703674054589e-02	-6.128067296475451370e-02	8.844201262924052120e-02	-5.646315139778672332e-02	6.532089390289712305e-02	-9.905421972916628182e-02
1.289784098118257893e-01	-1.212775732354084285e-01	1.412000382964411493e-01	-9.179798574825988322e-02	9.134453729978093961e-02	-1.678582429995502112e-01	1.734694048052680682e-01	-1.272742421778639832e-01	1.683817479640219994e-01	-1.701177603804975291e-01	1.633835957438757869e-01	-2.539048774499175765e-01	2.618563749061321722e-01	-7.291915050088112471e-01	1.000000000000000888e+00	-1.976677311835313422e-01	1.777906897389714691e-01	-2.357172868952248090e-01	2.160909200834319477e-01	-3.421046243476040805e-01	1.429045094971480856e-01	-1.970623043680754249e-01	1.921693963193478460e-01	-1.780023404562177392e-01	2.241696096052749609e-01	-1.155080826679675682e-01	1.547780689648744212e-01	-1.582464112297614633e-01	1.371834604866822294e-01	-1.408788377417133919e-01	1.373053495708433103e-01	-1.124543545389536797e-01	1.202242759919642107e-01	-1.279679521887843729e-01	1.194251249761202477e-01	-6.064701291449462600e-02	8.808448255051437581e-02	-8.501737515666170364e-02	8.072073235649079859e-02	-9.627576441150063891e-02	7.004296643427437852e-02	-1.047806957683525275e-01	6.613946322000466282e-02	-7.723913640316969198e-02	1.118159215746096780e-01
-1.921494560666208717e-01	1.470774201572588313e-01	-1.716348396170074009e-01	8.764872114991577312e-02	-9.424504105087279371e-02	2.358220687528753690e-01	-2.199951827138216243e-01	1.305157492422243382e-01	-1.302923866739741920e-01	1.216182371716461319e-01	-3.576853094261477350e-01	2.207168926086294225e-01	-1.989008709341141545e-01	1.667211279285062409e-01	-1.976677311835313422e-01	9.999999999999998890e-01	-2.643390752831575319e-01	1.912744220639540083e-01	-1.656664140258231332e-01	1.443681407753233392e-01	-6.055897886930373675e-01	2.303860880311366099e-01	-1.984172131781700987e-01	1.501748612802159544e-01	-1.779705861895900521e-01	2.673143051144235005e-01	-2.943233863327779920e-01	1.829377816405269030e-01	-1.543612461219749654e-01	1.452628513340395167e-01	-2.998331143811319710e-01	1.699079033967746677e-01	-1.636846009137458702e-01	1.544611747540095281e-01	-1.398169631115821487e-01	1.156513498677049639e-01	-1.345635545709792658e-01	1.147980095702307718e-01	-1.089864880004068337e-01	1.174179343148337162e-01	-1.368618400236751020e-01	1.540164831026886449e-01	-9.360406914331675932e-02	1.058769664509610631e-01	-1.471771629917370539e-01
1.166492649948359384e-01	-1.012033720651258767e-01	1.154573165512872146e-01	-6.365085269038356364e-02	6.603827204750256641e-02	-1.583709065063967358e-01	1.553830110498964912e-01	-9.672396177477220192e-02	9.913466473813704882e-02	-9.626360471928674389e-02	1.711237062116262586e-01	-2.923721506495051137e-01	2.265325837723051183e-01	-1.730435205843029456e-01	1.777906897389714691e-01	-2.643390752831575319e-01	9.999999999999983347e-01	-3.975116173933483377e-01	1.941307037247980705e-01	-1.604964297487902758e-01	1.789496619227447516e-01	-7.486791579794476181e-01	2.439400902996821663e-01	-1.747471925482177724e-01	1.763956856959017216e-01	-1.376017369795131950e-01	1.894944653823927017e-01	-1.696712160464515506e-01	1.404254081328984993e-01	-1.309586305303573062e-01	1.530089862507808540e-01	-1.215127946131843995e-01	1.272060628082447853e-01	-1.295852072566417712e-01	1.170728298870813838e-01	-6.606667204505986546e-02	9.371689296928496782e-02	-8.681413749363725563e-02	8.250813449584250281e-02	-9.400130351413089891e-02	7.618214387903449181e-02	-1.097948067411649575e-01	6.824097859096758811e-02	-7.894242440223185608e-02	1.120783820922900964e-01
-1.149678590012369883e-01	9.981459140223868098e-02	-1.182078764728635295e-01	6.569025623154195470e-02	-6.825254657934953784e-02	1.502521034492521890e-01	-1.596004164945532822e-01	9.912026621757627498e-02	-1.074789402664699661e-01	1.017090251806408718e-01	-1.673051821831499086e-01	2.581679351175140691e-01	-4.514433101329502485e-01	2.184255329876022833e-01	-2.357172868952248090e-01	1.912744220639540083e-01	-3.975116173933483377e-01	1.000000000000000222e+00	-4.213429641287091965e-01	2.332391957884547840e-01	-1.515154506184670791e-01	2.738790412219233028e-01	-4.864361450875530624e-01	2.657850205809725863e-01	-2.569345553071791244e-01	1.244239513149923565e-01	-1.819623080958253925e-01	2.034348746145925591e-01	-1.811788479776001992e-01	1.569318524259357694e-01	-1.480264053589717965e-01	1.242525177291397553e-01	-1.441344314442533636e-01	1.476698216196132285e-01	-1.390240816217747644e-01	6.456146034869329753e-02	-9.662274276068325007e-02	9.151465775069458908e-02	-8.889688830126341035e-02	1.040362670993355554e-01	-7.482976146633818493e-02	1.106505364583657280e-01	-7.100539124205740293e-02	8.193218279418326699e-02	-1.244321028548888708e-01
9.474395964512209722e-02	-8.406058584755987662e-02	9.566700847118778106e-02	-5.527063792830330669e-02	5.672834508288406019e-02	-1.230624918911780580e-01	1.232495821725834717e-01	-8.049397856498917425e-02	8.959738044174440919e-02	-8.842981512643689757e-02	1.256705583537958970e-01	-1.870918315745088711e-01	1.989488143010936794e-01	-2.011137250969196877e-01	2.160909200834319477e-01	-1.656664140258231332e-01	1.941307037247980705e-01	-4.213429641287091965e-01	9.999999999999985567e-01	-5.656904727764100471e-01	1.292195792092219742e-01	-2.174560038422568842e-01	2.890831687157886520e-01	-5.110290454012358374e-01	3.158618694215027389e-01	-1.123375716003278957e-01	1.609095399034940754e-01	-2.095933280376887087e-01	1.968429858867745963e-01	-1.811527657188665708e-01	1.325384402604732614e-01	-1.204951071546608438e-01	1.393932548680467953e-01	-1.584963759464637634e-01	1.431703315454300185e-01	-5.957494897898370223e-02	9.259330848764070476e-02	-9.132206226137883076e-02	8.816495297046213209e-02	-1.059163266412493504e-01	6.841594796397956757e-02	-1.079263967519557277e-01	6.939725581022518353e-02	-8.109126803535018913e-02	1.200172953093822659e-01
-8.683958588518105037e-02	7.667461780835525820e-02	-8.922794173266074269e-02	5.188993845094207885e-02	-5.339695656289677322e-02	1.092763348322203648e-01	-1.136929698136863870e-01	7.475479404908395853e-02	-8.671560806696863855e-02	8.422406706313970148e-02	-1.127903564370751066e-01	1.573023256346477994e-01	-1.747861174892423874e-01	2.081587632951962252e-01	-3.421046243476040805e-01	1.443681407753233392e-01	-1.604964297487902758e-01	2.332391957884547840e-01	-5.656904727764100471e-01	9.999999999999997780e-01	-1.157215480187374079e-01	1.701465230112142735e-01	-2.417353778601967207e-01	2.833217343328006121e-01	-6.188992647749473885e-01	9.989766494583535161e-02	-1.453321718043887878e-01	1.721404634365426845e-01	-1.734119920755771982e-01	1.758410286888757723e-01	-1.205291449762209005e-01	1.069429877958569391e-01	-1.262207660534594988e-01	1.383389924546404026e-01	-1.451819304623742368e-01	5.371889115157631872e-02	-8.341036223850115117e-02	8.206574263994265150e-02	-8.043412011963306518e-02	9.985930567606633723e-02	-6.203050379064885961e-02	9.601102022611607278e-02	-6.282162213519371097e-02	7.299126910620908071e-02	-1.166923159666380938e-01
1.289980321003543207e-01	-1.073047346992219570e-01	1.163156873895695720e-01	-6.217902108968909741e-02	6.548259175888015982e-02	-1.748925394737643191e-01	1.466905292113859782e-01	-9.100536110118903621e-02	9.198241608511267819e-02	-8.935404648461146848e-02	1.834094237053285337e-01	-1.622229669644715544e-01	1.407176670045777733e-01	-1.272647310403068610e-01	1.429045094971480856e-01	-6.055897886930373675e-01	1.789496619227447516e-01	-1.515154506184670791e-01	1.292195792092219742e-01	-1.157215480187374079e-01	1.000000000000001776e+00	-2.163059752123765722e-01	1.578299045705928716e-01	-1.242225467798160482e-01	1.398832540343563080e-01	-5.546327355664079084e-01	2.730765186264811351e-01	-1.735874037074037479e-01	1.360561796464037909e-01	-1.314137911605604281e-01	2.708080173130979484e-01	-1.725629287149390012e-01	1.493946240329627473e-01	-1.463034887649825588e-01	1.223378706540686062e-01	-1.141474762035254581e-01	1.300109465720261925e-01	-1.130930808211916966e-01	1.031737980605201416e-01	-1.070749552058798820e-01	1.222997883079116332e-01	-1.599090342953621569e-01	9.158690799674899796e-02	-1.062090412671849310e-01	1.267387630658030062e-01
-1.266582005445754389e-01	1.053662473131277838e-01	-1.255152123518549767e-01	6.725163994648419852e-02	-7.104275927499585641e-02	1.533489591532026242e-01	-1.650223530444962505e-01	1.003604624917981553e-01	-1.047731698044397086e-01	9.903639383292635323e-02	-1.723403224063059513e-01	2.209957498318032010e-01	-2.187437530218862836e-01	1.692991829446250374e-01	-1.970623043680754249e-01	2.303860880311366099e-01	-7.486791579794476181e-01	2.738790412219233028e-01	-2.174560038422568842e-01	1.701465230112142735e-01	-2.163059752123765722e-01	9.999999999999978906e-01	-3.251921632549014118e-01	1.938393985973367040e-01	-2.117843387403074151e-01	1.624873959925097755e-01	-2.595223299992707733e-01	1.925204855127273795e-01	-1.658208522199408341e-01	1.486252977118480145e-01	-1.850677600024337732e-01	1.425917550689090318e-01	-1.522865135797965841e-01	1.484518972665444247e-01	-1.387769810822289673e-01	7.808133527374261362e-02	-1.105880779654675183e-01	9.964675123483705821e-02	-9.604862550307051439e-02	1.087401542528271259e-01	-9.082641356280166112e-02	1.256578628927162433e-01	-7.898793672716153402e-02	9.027227172412685685e-02	-1.341886166741623199e-01
1.087065747706724705e-01	-9.556461825925735565e-02	1.077636459949847664e-01	-6.092569715522389018e-02	6.287546098854368548e-02	-1.415339925881282934e-01	1.397409507379530902e-01	-8.968039641737768353e-02	9.611281562402658463e-02	-9.458233900267760952e-02	1.448872295010417977e-01	-2.145719565841616716e-01	2.182683811595840517e-01	-1.871955420547818660e-01	1.921693963193478460e-01	-1.984172131781700987e-01	2.439400902996821663e-01	-4.864361450875530624e-01	2.890831687157886520e-01	-2.417353778601967207e-01	1.578299045705928716e-01	-3.251921632549014118e-01	9.999999999999986677e-01	-5.342241866124002314e-01	2.655585975984885438e-01	-1.413627112274070952e-01	2.081745389548279312e-01	-3.710420169683958380e-01	2.475106961286134000e-01	-2.044142875352018551e-01	1.630111565565779963e-01	-1.529964979952828374e-01	1.808494813259348688e-01	-1.961017356052996152e-01	1.667106102327215733e-01	-7.337818105744815800e-02	1.153331219285658460e-01	-1.118938772481547911e-01	1.076120853331437588e-01	-1.251917023720501843e-01	8.399701161802600180e-02	-1.335824624735708066e-01	8.497421042955725923e-02	-9.905102285996966738e-02	1.420014109977085215e-01
-8.474602035865112792e-02	7.388973057954173473e-02	-8.464814412645188524e-02	4.789136366841172804e-02	-4.957618045689569236e-02	1.070336951199274550e-01	-1.087880047550037754e-01	6.984020069231108852e-02	-7.655369174961276779e-02	7.474018770303873793e-02	-1.108397898248525831e-01	1.535607547976945986e-01	-1.656461811774209147e-01	1.540877607921767034e-01	-1.780023404562177392e-01	1.501748612802159544e-01	-1.747471925482177724e-01	2.657850205809725863e-01	-5.110290454012358374e-01	2.833217343328006121e-01	-1.242225467798160482e-01	1.938393985973367040e-01	-5.342241866124002314e-01	1.000000000000000444e+00	-4.646507681152301505e-01	1.121577937669084868e-01	-1.706088380007153293e-01	2.471627927933088553e-01	-3.352163200510159258e-01	2.052331672284029296e-01	-1.340260642186376361e-01	1.264460364203715548e-01	-1.602678080089234014e-01	1.805862273971895193e-01	-1.667915501161350567e-01	6.016810584352962760e-02	-9.713132697692329620e-02	9.562174089946948174e-02	-9.484068003703798044e-02	1.125312048458166070e-01	-6.923893287350156578e-02	1.098902330887634310e-01	-7.216763765624623073e-02	8.372166399112701551e-02	-1.293704720470845726e-01
1.004983968656746468e-01	-8.936371045300671445e-02	1.003619897091843904e-01	-5.830940625101287828e-02	5.978155862251506580e-02	-1.282298250797752059e-01	1.271394895975338224e-01	-8.373604983858753958e-02	9.355560325453531056e-02	-9.343885109938129818e-02	1.283511994274096346e-01	-1.796291402402307724e-01	1.761258132489250117e-01	-2.053540833297375634e-01	2.241696096052749609e-01	-1.779705861895900521e-01	1.763956856959017216e-01	-2.569345553071791244e-01	3.158618694215027389e-01	-6.188992647749473885e-01	1.398832540343563080e-01	-2.117843387403074151e-01	2.655585975984885438e-01	-4.646507681152301505e-01	1.000000000000000444e+00	-1.242775476599173173e-01	1.773634533563840654e-01	-2.320876537643484505e-01	2.246795381566331906e-01	-3.021977910716492910e-01	1.476492917670390037e-01	-1.383410679461730963e-01	1.601457032487955401e-01	-1.888006071629241833e-01	1.912736103314395808e-01	-6.724307775705355705e-02	1.065097355768205578e-01	-1.077536913488480047e-01	1.043804602989809871e-01	-1.343893331520262246e-01	7.702474593655063428e-02	-1.248719163617133671e-01	8.118152864763136800e-02	-9.542540973270620397e-02	1.463479063017096293e-01
-9.353088411860974172e-02	7.717441114228654198e-02	-8.624059718170981603e-02	4.617753859218271667e-02	-4.879179136503117992e-02	1.147738397695057949e-01	-1.080783193073053400e-01	6.714760051072138358e-02	-6.915072819478959576e-02	6.677245445645556277e-02	-1.215577778234699230e-01	1.197435792082329059e-01	-1.100611600914345456e-01	1.004191432865872285e-01	-1.155080826679675682e-01	2.673143051144235005e-01	-1.376017369795131950e-01	1.244239513149923565e-01	-1.123375716003278957e-01	9.989766494583535161e-02	-5.546327355664079084e-01	1.624873959925097755e-01	-1.413627112274070952e-01	1.121577937669084868e-01	-1.242775476599173173e-01	9.999999999999960032e-01	-5.100692436707531252e-01	1.818450371626577911e-01	-1.388782905130237499e-01	1.264262026484944401e-01	-5.150710734655135070e-01	2.051631834069235771e-01	-1.653601037661406314e-01	1.497332793822376829e-01	-1.205023663322894734e-01	1.499837094218454958e-01	-1.501743942219334327e-01	1.161914492542008570e-01	-1.062439444292947871e-01	1.028886709282185452e-01	-1.639598115210714191e-01	1.718423558857331834e-01	-9.571724115331184390e-02	1.080792539986488582e-01	-1.222677246884086022e-01
1.169785405514832538e-01	-9.884343556572083855e-02	1.092333678839358529e-01	-5.953973549486055172e-02	6.243094458596678414e-02	-1.449234938923441574e-01	1.370098801946027234e-01	-8.627632461518211504e-02	8.974856679448882379e-02	-8.770019267170545141e-02	1.474351807397613900e-01	-1.622597200867032796e-01	1.488811838633573026e-01	-1.382181297456997471e-01	1.547780689648744212e-01	-2.943233863327779920e-01	1.894944653823927017e-01	-1.819623080958253925e-01	1.609095399034940754e-01	-1.453321718043887878e-01	2.730765186264811351e-01	-2.595223299992707733e-01	2.081745389548279312e-01	-1.706088380007153293e-01	1.773634533563840654e-01	-5.100692436707531252e-01	1.000000000000001110e+00	-3.754172295462536724e-01	2.213435965507062619e-01	-2.017694312061176776e-01	3.005306045369196544e-01	-3.806954809421040919e-01	2.508717092569826002e-01	-2.448200786119760497e-01	1.805617050658800404e-01	-1.398661870341460223e-01	2.170949705849627709e-01	-1.778579080132479395e-01	1.575678475723098493e-01	-1.532144671821027149e-01	1.486288499607819891e-01	-2.631428361840694730e-01	1.409543139857016014e-01	-1.640016949422990478e-01	1.726387316650417059e-01
-9.496451426734010826e-02	8.041350358596484338e-02	-9.218873453702138010e-02	5.065844775149804663e-02	-5.308336222154625555e-02	1.147936087458004961e-01	-1.169665312531188439e-01	7.370691324905724595e-02	-7.871637851818787113e-02	7.610819636900276186e-02	-1.196640364417540237e-01	1.465229790381269992e-01	-1.503868380783041914e-01	1.355704598400201411e-01	-1.582464112297614633e-01	1.829377816405269030e-01	-1.696712160464515506e-01	2.034348746145925591e-01	-2.095933280376887087e-01	1.721404634365426845e-01	-1.735874037074037479e-01	1.925204855127273795e-01	-3.710420169683958380e-01	2.471627927933088553e-01	-2.320876537643484505e-01	1.818450371626577911e-01	-3.754172295462536724e-01	9.999999999999983347e-01	-5.882718334251860748e-01	2.558520279029525835e-01	-2.129405132243201160e-01	2.228970554864599107e-01	-3.793847461146645506e-01	2.882341391878663339e-01	-2.453662704221575841e-01	9.399776321421510206e-02	-1.645765729810265698e-01	1.479672511152062275e-01	-1.493671894094459607e-01	1.594899728443465448e-01	-1.081625948928146286e-01	1.717263120453198511e-01	-1.120572940352476121e-01	1.268292497920679718e-01	-1.908907607891284497e-01
8.053830523306117206e-02	-6.908654581633515146e-02	7.822650080306813025e-02	-4.352808095251659709e-02	4.535550433704501477e-02	-9.889410590169132875e-02	9.906482811354749840e-02	-6.311611270885734981e-02	6.773587457935510703e-02	-6.621560628583894603e-02	1.012886924933832922e-01	-1.281603397216388995e-01	1.274646176417159882e-01	-1.214482691350424332e-01	1.371834604866822294e-01	-1.543612461219749654e-01	1.404254081328984993e-01	-1.811788479776001992e-01	1.968429858867745963e-01	-1.734119920755771982e-01	1.360561796464037909e-01	-1.658208522199408341e-01	2.475106961286134000e-01	-3.352163200510159258e-01	2.246795381566331906e-01	-1.388782905130237499e-01	2.213435965507062619e-01	-5.882718334251860748e-01	1.000000000000001998e+00	-4.416394279052144323e-01	1.641150047610655527e-01	-1.848156252581729941e-01	2.604849208144762729e-01	-4.337769587027564544e-01	2.639606066811298057e-01	-7.614611921238774450e-02	1.355851598646712342e-01	-1.417579975953162097e-01	1.435366290622106245e-01	-1.635766816212240737e-01	8.673200353271755259e-02	-1.501299448883061660e-01	1.009525039975089633e-01	-1.184209489827770384e-01	1.750753795222779741e-01
-7.897132619388795571e-02	6.719627272979142307e-02	-7.689964960984248254e-02	4.258965578465174345e-02	-4.453100624826699522e-02	9.481837088837012650e-02	-9.702324865924409625e-02	6.160872089216428565e-02	-6.646651513962438529e-02	6.455735460880276944e-02	-9.783515912257896574e-02	1.204482223071481894e-01	-1.214241077334405339e-01	1.183918875264854120e-01	-1.408788377417133919e-01	1.452628513340395167e-01	-1.309586305303573062e-01	1.569318524259357694e-01	-1.811527657188665708e-01	1.758410286888757723e-01	-1.314137911605604281e-01	1.486252977118480145e-01	-2.044142875352018551e-01	2.052331672284029296e-01	-3.021977910716492910e-01	1.264262026484944401e-01	-2.017694312061176776e-01	2.558520279029525835e-01	-4.416394279052144323e-01	9.999999999999992228e-01	-1.608338556787267670e-01	1.611454204113072775e-01	-2.256910746933854794e-01	2.722097254485760787e-01	-6.700358245362547649e-01	7.340131112749291586e-02	-1.286158469344327315e-01	1.372947668200801830e-01	-1.469954105552599144e-01	2.299444096610151200e-01	-8.496265744640768558e-02	1.405093526131661608e-01	-1.024176227081045609e-01	1.187334485657298710e-01	-2.673575858918914028e-01
1.128348790545008890e-01	-9.457551022437972466e-02	1.035574046603936482e-01	-5.600661151469218252e-02	5.891832351016822872e-02	-1.385014328429040043e-01	1.287151902021677341e-01	-8.085404566238663104e-02	8.343375466767601056e-02	-8.144081922661206008e-02	1.394980935402233835e-01	-1.432063799353325562e-01	1.296790665667806874e-01	-1.214080741519432960e-01	1.373053495708433103e-01	-2.998331143811319710e-01	1.530089862507808540e-01	-1.480264053589717965e-01	1.325384402604732614e-01	-1.205291449762209005e-01	2.708080173130979484e-01	-1.850677600024337732e-01	1.630111565565779963e-01	-1.340260642186376361e-01	1.476492917670390037e-01	-5.150710734655135070e-01	3.005306045369196544e-01	-2.129405132243201160e-01	1.641150047610655527e-01	-1.608338556787267670e-01	9.999999999999995559e-01	-3.347659702533172799e-01	2.105830456628091929e-01	-2.022798199124902496e-01	1.508268079721374610e-01	-3.633209709335527005e-01	2.154429961144560535e-01	-1.707313180431155319e-01	1.483830272680560780e-01	-1.366075525165766635e-01	2.506753708502768019e-01	-2.822289476681348330e-01	1.418938343415847292e-01	-1.644029229498727984e-01	1.559042314560050713e-01
-7.915896986707052219e-02	6.603353311392876068e-02	-7.480430963584622228e-02	4.054697086381914978e-02	-4.272742318160383662e-02	9.385380142461134667e-02	-9.360550719095049599e-02	5.868189131879185394e-02	-6.164766462957925464e-02	5.960820267036508885e-02	-9.692192249612548161e-02	1.077467993702516391e-01	-1.035358905623557646e-01	9.630430287346065932e-02	-1.124543545389536797e-01	1.699079033967746677e-01	-1.215127946131843995e-01	1.242525177291397553e-01	-1.204951071546608438e-01	1.069429877958569391e-01	-1.725629287149390012e-01	1.425917550689090318e-01	-1.529964979952828374e-01	1.264460364203715548e-01	-1.383410679461730963e-01	2.051631834069235771e-01	-3.806954809421040919e-01	2.228970554864599107e-01	-1.848156252581729941e-01	1.611454204113072775e-01	-3.347659702533172799e-01	9.999999999999972244e-01	-4.981970130542793807e-01	2.456692927209781219e-01	-1.697300014710982907e-01	1.400064173791837341e-01	-5.461436618220686379e-01	1.931048744837638720e-01	-1.782044540025806700e-01	1.377523931816981850e-01	-1.587501137848247867e-01	2.843259246877681834e-01	-1.581227892426014248e-01	1.596789825954142705e-01	-1.643481124436596830e-01
8.008755820239399359e-02	-6.788743014833673040e-02	7.633314826506019946e-02	-4.193515735888352775e-02	4.391794149432739353e-02	-9.665174641628143659e-02	9.584886100649403495e-02	-6.064919082779765547e-02	6.417954706920030172e-02	-6.260116756815561900e-02	9.863099334816213815e-02	-1.163607627689174084e-01	1.118860587472767093e-01	-1.057018476844140686e-01	1.202242759919642107e-01	-1.636846009137458702e-01	1.272060628082447853e-01	-1.441344314442533636e-01	1.393932548680467953e-01	-1.262207660534594988e-01	1.493946240329627473e-01	-1.522865135797965841e-01	1.808494813259348688e-01	-1.602678080089234014e-01	1.601457032487955401e-01	-1.653601037661406314e-01	2.508717092569826002e-01	-3.793847461146645506e-01	2.604849208144762729e-01	-2.256910746933854794e-01	2.105830456628091929e-01	-4.981970130542793807e-01	9.999999999999973355e-01	-5.901250725694595634e-01	2.210762737228240404e-01	-1.043168756820282567e-01	2.305675382553134256e-01	-2.089593701721848551e-01	1.891505635659923024e-01	-1.655366118320193980e-01	1.154290978042041005e-01	-2.380111314179826354e-01	1.413294599484496705e-01	-1.611484561564283102e-01	1.760011616088447139e-01
-7.987628856198177030e-02	6.735982815365072762e-02	-7.683744106069730073e-02	4.213111996578237928e-02	-4.421025465320163605e-02	9.517945870507017736e-02	-9.667870511714841963e-02	6.100177520204994736e-02	-6.499574473197934632e-02	6.298008029482288217e-02	-9.833093500477406435e-02	1.167797950506663518e-01	-1.158996627879767816e-01	1.091521423664423285e-01	-1.279679521887843729e-01	1.544611747540095281e-01	-1.295852072566417712e-01	1.476698216196132285e-01	-1.584963759464637634e-01	1.383389924546404026e-01	-1.463034887649825588e-01	1.484518972665444247e-01	-1.961017356052996152e-01	1.805862273971895193e-01	-1.888006071629241833e-01	1.497332793822376829e-01	-2.448200786119760497e-01	2.882341391878663339e-01	-4.337769587027564544e-01	2.722097254485760787e-01	-2.022798199124902496e-01	2.456692927209781219e-01	-5.901250725694595634e-01	9.999999999999976685e-01	-3.942390153179140544e-01	9.280766675898709239e-02	-1.903127098904577874e-01	2.005120686271907315e-01	-2.604402409942946361e-01	1.976770911246230611e-01	-1.075100059133693442e-01	1.848234576130217688e-01	-1.375669727902951722e-01	1.566038190480064096e-01	-2.211742576106960345e-01
