1.000000000000000000e+00	-9.641662801365969981e-01	6.970569413289312566e-02	-5.184575566166721439e-02	4.695351179211971343e-02	-1.850695320561288604e-01	1.566323249928914807e-01	-6.896889400393399483e-02	5.435257271077289370e-02	-4.732431806188023421e-02	6.109887899250719678e-02	-5.780506467054269404e-02	5.453232240383345392e-02	-3.873070764138050043e-02	4.184983034951025860e-02	-5.052543907376964849e-02	5.098314830452176788e-02	-4.149316389462736482e-02	3.814839059306618374e-02	-3.218126581216820131e-02	4.683356934009125228e-02	-3.609562508916457774e-02	3.489325982457380099e-02	-4.137740398004521869e-02	3.344190661218163912e-02	-1.636705525954802731e-02	3.312084681626015215e-02	-3.174203315122134383e-02	3.354955341996080503e-02	-1.892518774793980688e-02	1.400590675282571695e-02	-2.319313402161076593e-02	3.003405989381826083e-02	-2.366935434206227443e-02	1.787174830168069065e-02	-1.357759108780107020e-02	2.301938201331353573e-02	-2.368953437931066094e-02	2.103005377409425392e-02	-2.350411303807173335e-02	1.416134299391290027e-02	-2.815525554580590104e-02	2.048366841891058332e-02	-3.073723277722664737e-02	1.841405767851326744e-02
-9.641662801365969981e-01	1.000000000000000000e+00	-7.566719268812741039e-02	5.225780660673105121e-02	-4.808137443676653577e-02	1.565196971668311454e-01	-1.845295786430515839e-01	6.901053600333154070e-02	-5.578222452023216815e-02	4.705703820612274629e-02	-6.013742102717896387e-02	5.667293000964505889e-02	-5.449726440831026419e-02	3.819923511550242512e-02	-4.150321397025499154e-02	4.844707745323213050e-02	-5.034518687740490578e-02	4.058651131427664510e-02	-3.753065392319884785e-02	3.138804076510001706e-02	-4.577783981060943447e-02	3.516607560790573767e-02	-3.411708869569217428e-02	4.013771212397695964e-02	-3.273276835168228982e-02	1.583488739024159833e-02	-3.229250942325346402e-02	3.085770921444824441e-02	-3.263431442722226211e-02	1.830761942679129395e-02	-1.357002712506235644e-02	2.247170083651382766e-02	-2.910583648994723160e-02	2.288073078043915964e-02	-1.731369980395593838e-02	1.311613788014421439e-02	-2.231964258731009357e-02	2.287254232378769375e-02	-2.033868267368831376e-02	2.263934388254363467e-02	-1.369336597361357072e-02	2.712461215455747032e-02	-1.976795112638113361e-02	2.954887959695326471e-02	-1.775318607903243751e-02
6.970569413289312566e-02	-7.566719268812741039e-02	9.999999999999996669e-01	-7.743700369901588276e-01	2.821699899997975880e-01	-1.373316096963984601e-01	1.258167300650329667e-01	-3.382736224535192737e-01	2.606053820970049006e-01	-3.217592623811906805e-01	1.081818270389819231e-01	-1.101453725921642396e-01	1.597046224112799451e-01	-1.301080808728912741e-01	1.307322755046855800e-01	-1.109073725064767257e-01	1.159365098603424710e-01	-1.259820680666476067e-01	1.143983423960077406e-01	-9.964103633731302700e-02	1.137530416796999067e-01	-9.257748415218615412e-02	9.665771767878381104e-02	-1.225924336365760564e-01	9.806452876566175425e-02	-4.489518593799562973e-02	8.826940187747805977e-02	-8.867923822496291686e-02	9.477775547438763160e-02	-5.479981401116523071e-02	3.833147648953566522e-02	-6.370657698860633655e-02	8.407724415867019740e-02	-6.760583213242893352e-02	5.130622938374278935e-02	-3.786820732505402631e-02	6.344287855059577153e-02	-6.708419831754544593e-02	5.983038200140409352e-02	-6.788577900117566399e-02	3.940663838572359967e-02	-7.998888730927158908e-02	5.810592923788427538e-02	-8.903176548716101868e-02	5.291560444048817868e-02
-5.184575566166721439e-02	5.225780660673105121e-02	-7.743700369901588276e-01	1.000000000000000444e+00	-4.568089382341015137e-01	9.615045228015921264e-02	-9.382262031336933983e-02	2.303787774582845005e-01	-3.057881182225615224e-01	2.718301395230388051e-01	-8.018451446792168591e-02	8.055837501496682096e-02	-1.232920350675692500e-01	1.014584051081831584e-01	-1.045774056496205778e-01	7.914409883326307960e-02	-8.506009115230649120e-02	9.173012300530219987e-02	-8.646998573018471745e-02	7.301241061615450223e-02	-8.234091186298478360e-02	6.674731421372696871e-02	-7.046002678027146748e-02	8.789321273764599818e-02	-7.258129447946122526e-02	3.183219405509086358e-02	-6.366071507327175638e-02	6.367124745182982382e-02	-6.828369372405238003e-02	3.894770699566983685e-02	-2.725507045401445727e-02	4.533044906021942155e-02	-5.984906690312463001e-02	4.788584767003711828e-02	-3.659979630877303186e-02	2.674937117911477952e-02	-4.518950542280216615e-02	4.734398246311199987e-02	-4.242130050586587903e-02	4.764983005474721783e-02	-2.789193733071828815e-02	5.615620159182371784e-02	-4.095336038275434326e-02	6.218103546875462101e-02	-3.722273407361981895e-02
4.695351179211971343e-02	-4.808137443676653577e-02	2.821699899997975880e-01	-4.568089382341015137e-01	1.000000000000000666e+00	-1.205435886975422810e-01	1.113774518125764390e-01	-2.789941838484089054e-01	2.769131241419393596e-01	-7.372846090897607896e-01	1.003656755961889746e-01	-1.015205869743467521e-01	1.490772218568321428e-01	-1.283312405419889113e-01	1.320671266156981383e-01	-1.028063658060077712e-01	1.084442695974897480e-01	-1.179224191116506615e-01	1.093919628170316877e-01	-9.583755410602418090e-02	1.064703332355326909e-01	-8.658942978388242673e-02	9.087848415266000512e-02	-1.156579113690106297e-01	9.373492413472706009e-02	-4.195738740433278824e-02	8.277510208500056532e-02	-8.315356151610436841e-02	8.917063374144945653e-02	-5.146429636603940677e-02	3.585224224278431987e-02	-5.960119415679529520e-02	7.876393759552312301e-02	-6.331330097209975083e-02	4.821020964941533093e-02	-3.538179084201684144e-02	5.939313873422662898e-02	-6.271578134277663863e-02	5.603848221971460125e-02	-6.343841673792066649e-02	3.683903076292865952e-02	-7.466864815135670908e-02	5.430659141892097558e-02	-8.307257538862747315e-02	4.946757396022084807e-02
-1.850695320561288604e-01	1.565196971668311454e-01	-1.373316096963984601e-01	9.615045228015921264e-02	-1.205435886975422810e-01	1.000000000000000666e+00	-8.565895411786954572e-01	1.942944898270377863e-01	-1.633564462914947613e-01	1.098894000113238706e-01	-2.617820125881567539e-01	2.002902480633959315e-01	-1.721836823949687845e-01	1.115097125430755398e-01	-1.217367089236532501e-01	1.543784304818733577e-01	-1.641973495692542195e-01	1.196359914746687320e-01	-1.103870513667513514e-01	8.928025678509468599e-02	-1.417207030853464000e-01	1.066916247180053623e-01	-1.011982853385702957e-01	1.143275390296788624e-01	-9.387497456294498221e-02	4.557839775335267851e-02	-9.566386214213025430e-02	8.995008608736389244e-02	-9.389298946183714800e-02	5.158596090196445466e-02	-3.913869124730576937e-02	6.488574411452406598e-02	-8.300065357605461436e-02	6.473027048590955512e-02	-4.894584030178768252e-02	3.733692275620929119e-02	-6.424651656156810109e-02	6.465610448126679621e-02	-5.754435285690191054e-02	6.324928501165270889e-02	-3.904658632774236915e-02	7.628982131498360242e-02	-5.574862626067918908e-02	8.212320842751505423e-02	-4.972420591901896558e-02
1.566323249928914807e-01	-1.845295786430515839e-01	1.258167300650329667e-01	-9.382262031336933983e-02	1.113774518125764390e-01	-8.565895411786954572e-01	1.000000000000000888e+00	-2.541707782715209585e-01	1.572895667732629177e-01	-1.115793334874178866e-01	2.026919121044358785e-01	-2.295445184073839906e-01	1.660800377252618087e-01	-1.107796573776236165e-01	1.147961369364779161e-01	-1.528039149335674585e-01	1.515571521585008241e-01	-1.201788146660752177e-01	1.065672651277731753e-01	-8.796234526118527908e-02	1.305626854803288994e-01	-1.035796338594153071e-01	9.758721885191112833e-02	-1.136902463204975677e-01	9.019180208685678712e-02	-4.471744372166445297e-02	9.159498884159320009e-02	-8.813317785540208948e-02	9.117251833509182335e-02	-5.095209915589164057e-02	3.814841211733634163e-02	-6.351368221265842051e-02	8.094816975183083407e-02	-6.396882693790313656e-02	4.801907010810754772e-02	-3.681360172521698504e-02	6.253221307990888822e-02	-6.396012628045973092e-02	5.666375475859062455e-02	-6.313684001520031286e-02	3.833310981971201070e-02	-7.601084186899970119e-02	5.518367819741004654e-02	-8.242824070787335700e-02	4.942914305833473465e-02
-6.896889400393399483e-02	6.901053600333154070e-02	-3.382736224535192737e-01	2.303787774582845005e-01	-2.789941838484089054e-01	1.942944898270377863e-01	-2.541707782715209585e-01	1.000000000000000444e+00	-6.813956359895634307e-01	2.578847735604142821e-01	-1.612640865684389635e-01	1.668664823677254161e-01	-3.577023766951701322e-01	1.928827279301144337e-01	-1.911700832161359886e-01	1.397629385021639525e-01	-1.572140036067125879e-01	1.785095642372845348e-01	-1.639013272944685740e-01	1.253234851575254494e-01	-1.422061786422224028e-01	1.176640225754795321e-01	-1.275072529159043677e-01	1.494822331185054753e-01	-1.249387866023069227e-01	5.273305295760543493e-02	-1.097119051089522346e-01	1.101849808697204502e-01	-1.160526593510845528e-01	6.404967590726315385e-02	-4.524662963951166933e-02	7.573089657667274321e-02	-9.885962014584839808e-02	7.880255674463294835e-02	-6.037739282093863846e-02	4.382793057668270958e-02	-7.514734586849201869e-02	7.731217691266985270e-02	-6.969216169674906369e-02	7.691076209078073767e-02	-4.577604035124854809e-02	9.093203706009714282e-02	-6.661004670681486273e-02	9.946791398863585876e-02	-6.022046977761391640e-02
5.435257271077289370e-02	-5.578222452023216815e-02	2.606053820970049006e-01	-3.057881182225615224e-01	2.769131241419393596e-01	-1.633564462914947613e-01	1.572895667732629177e-01	-6.813956359895634307e-01	1.000000000000001554e+00	-4.669958464344990956e-01	1.262955898675196531e-01	-1.342690804671126392e-01	2.163730859651981919e-01	-2.096969701594978974e-01	1.719523974008820011e-01	-1.223973887314980941e-01	1.303240264228909540e-01	-1.565813320178827961e-01	1.425871241877659235e-01	-1.165559739117025956e-01	1.229574660151977333e-01	-1.030293084626778266e-01	1.100614838905798060e-01	-1.376295469717568054e-01	1.113212584530001437e-01	-4.772166395480986062e-02	9.643007882093559968e-02	-9.851694187644098599e-02	1.035782946528884529e-01	-5.865114304351633223e-02	4.076594558182075612e-02	-6.822089980821115229e-02	8.923434528647750108e-02	-7.197476235050075111e-02	5.488780135729196680e-02	-3.993948416724892037e-02	6.759278631439667728e-02	-7.072390922269208846e-02	6.347506319805258646e-02	-7.112534524849854767e-02	4.158583264604187590e-02	-8.375996084299393296e-02	6.103458454490352098e-02	-9.252649925997238900e-02	5.546731465952986495e-02
-4.732431806188023421e-02	4.705703820612274629e-02	-3.217592623811906805e-01	2.718301395230388051e-01	-7.372846090897607896e-01	1.098894000113238706e-01	-1.115793334874178866e-01	2.578847735604142821e-01	-4.669958464344990956e-01	1.000000000000002442e+00	-9.945506972776640975e-02	9.860892125311034040e-02	-1.569842455684442584e-01	1.345785262470172994e-01	-1.514784446013821007e-01	9.597664585503735968e-02	-1.057345085154453163e-01	1.133536103200319667e-01	-1.111601224960849926e-01	9.309343491775996793e-02	-1.017683245964872557e-01	8.210127072595699294e-02	-8.760570637234277314e-02	1.084167491027867442e-01	-9.278981835632282849e-02	3.876166557312126643e-02	-7.856317383977604041e-02	7.827276745915411060e-02	-8.448385311178174817e-02	4.772242080554692928e-02	-3.327722164101820645e-02	5.536989926691171515e-02	-7.325923975082100637e-02	5.837860139950028227e-02	-4.499190324973012522e-02	3.249233619612679896e-02	-5.528436219853874456e-02	5.750528206685311117e-02	-5.177247947622631852e-02	5.764777368303398986e-02	-3.394484647646033026e-02	6.787923417923158453e-02	-4.969270224669940922e-02	7.487574759759045573e-02	-4.512020204333103135e-02
6.109887899250719678e-02	-6.013742102717896387e-02	1.081818270389819231e-01	-8.018451446792168591e-02	1.003656755961889746e-01	-2.617820125881567539e-01	2.026919121044358785e-01	-1.612640865684389635e-01	1.262955898675196531e-01	-9.945506972776640975e-02	1.000000000000002665e+00	-6.804987182480130015e-01	2.443199471485087704e-01	-1.576489590883692060e-01	1.575949974592388281e-01	-4.724970497139322489e-01	2.856272851922325717e-01	-1.913868948859397678e-01	1.580456349589183518e-01	-1.315444878762311309e-01	2.443729897605285695e-01	-1.887059260898349133e-01	1.583123336318824070e-01	-1.800089895215936653e-01	1.338721434434631818e-01	-7.476481393365690120e-02	1.525219091781545855e-01	-1.453526327066490542e-01	1.440482114795727242e-01	-8.055945293503442850e-02	6.310937536562878647e-02	-1.055381414755769826e-01	1.295522742336755184e-01	-1.028542977586451995e-01	7.548426252056054941e-02	-6.058915926037801436e-02	1.020061302213349924e-01	-1.038313356513306945e-01	9.067119963752577616e-02	-1.017474868692489348e-01	6.272955683335623700e-02	-1.244822300998245229e-01	8.941933264515219970e-02	-1.335350534759769947e-01	7.943177512661461770e-02
-5.780506467054269404e-02	5.667293000964505889e-02	-1.101453725921642396e-01	8.055837501496682096e-02	-1.015205869743467521e-01	2.002902480633959315e-01	-2.295445184073839906e-01	1.668664823677254161e-01	-1.342690804671126392e-01	9.860892125311034040e-02	-6.804987182480130015e-01	1.000000000000001776e+00	-3.952870211082029628e-01	1.667077471842023095e-01	-1.693935646051262511e-01	2.742789184165637106e-01	-4.231124643765961646e-01	1.990966899810186208e-01	-1.669227235018433397e-01	1.282369526127189463e-01	-2.229041429891130688e-01	1.903855689841186805e-01	-1.633595138358539811e-01	1.713085595291866103e-01	-1.315179668384177381e-01	6.922697771958845336e-02	-1.528541441168900783e-01	1.411488839310749144e-01	-1.386820984579321125e-01	7.488555789384498951e-02	-5.897985316342807538e-02	9.957311322388878727e-02	-1.215108559771166524e-01	9.546733882095531643e-02	-7.050525822081274430e-02	5.577054632739537193e-02	-9.651424855083637344e-02	9.560085482187669070e-02	-8.419471280449127015e-02	9.261818930712441278e-02	-5.802243146456757816e-02	1.132152168556044558e-01	-8.207111282498608107e-02	1.203517409824174517e-01	-7.255391756585524710e-02
5.453232240383345392e-02	-5.449726440831026419e-02	1.597046224112799451e-01	-1.232920350675692500e-01	1.490772218568321428e-01	-1.721836823949687845e-01	1.660800377252618087e-01	-3.577023766951701322e-01	2.163730859651981919e-01	-1.569842455684442584e-01	2.443199471485087704e-01	-3.952870211082029628e-01	1.000000000000002442e+00	-4.007878553531186716e-01	2.661087089447936038e-01	-2.262069192035224829e-01	2.437243688889338677e-01	-4.859477915331720799e-01	2.796736960362871671e-01	-2.071232683367040250e-01	2.102954252919848610e-01	-1.964727365196562159e-01	2.195246216651705329e-01	-2.536508543023360818e-01	1.888989656200077694e-01	-8.232631855100099039e-02	1.725900302950515997e-01	-1.878003580442763887e-01	1.826182882816545505e-01	-1.001886930607770732e-01	6.998764080072326921e-02	-1.191689366054942967e-01	1.518618765620460553e-01	-1.241515212800445300e-01	9.309439987572652730e-02	-6.810059076561250646e-02	1.161423891183921142e-01	-1.205365953753794600e-01	1.083298076373862273e-01	-1.203477460466221144e-01	7.069610593360207973e-02	-1.420956482822788303e-01	1.033669551389440749e-01	-1.555035417346151694e-01	9.356940225999416105e-02
-3.873070764138050043e-02	3.819923511550242512e-02	-1.301080808728912741e-01	1.014584051081831584e-01	-1.283312405419889113e-01	1.115097125430755398e-01	-1.107796573776236165e-01	1.928827279301144337e-01	-2.096969701594978974e-01	1.345785262470172994e-01	-1.576489590883692060e-01	1.667077471842023095e-01	-4.007878553531186716e-01	1.000000000000001554e+00	-7.085228392185846102e-01	1.487854749142924760e-01	-1.726646392615530379e-01	2.550092276090347720e-01	-4.055012256279650340e-01	2.272355779504567908e-01	-1.584255351442729054e-01	1.399585770176624833e-01	-1.665174694966113922e-01	2.192626221494032857e-01	-2.022066295292696270e-01	6.272712222931683956e-02	-1.325850965981035523e-01	1.401054509382586577e-01	-1.515166157947781811e-01	8.340365418647797957e-02	-5.382214187239767883e-02	9.117676391398325808e-02	-1.200686086360303051e-01	9.831977211851485043e-02	-7.804353313831770278e-02	5.228564231257533390e-02	-9.024947518870002350e-02	9.367327752885651337e-02	-8.627329978280127987e-02	9.430036195627002071e-02	-5.459109161740045152e-02	1.090411779995133779e-01	-8.037664858505935706e-02	1.201605368814482599e-01	-7.358814786945350184e-02
4.184983034951025860e-02	-4.150321397025499154e-02	1.307322755046855800e-01	-1.045774056496205778e-01	1.320671266156981383e-01	-1.217367089236532501e-01	1.147961369364779161e-01	-1.911700832161359886e-01	1.719523974008820011e-01	-1.514784446013821007e-01	1.575949974592388281e-01	-1.693935646051262511e-01	2.661087089447936038e-01	-7.085228392185846102e-01	1.000000000000000888e+00	-1.718178156116007271e-01	1.848673127242820846e-01	-2.565688033250554945e-01	2.808112028619728640e-01	-3.593581903643542352e-01	1.815241535266043926e-01	-1.595138465299119901e-01	1.787414623769007227e-01	-2.677474107872276354e-01	2.381623161037624004e-01	-7.649028853436623532e-02	1.523343289113895938e-01	-1.624187282702388158e-01	1.754737166380530566e-01	-1.044460447205702580e-01	6.515676268466245868e-02	-1.099514230158411821e-01	1.451994888413326856e-01	-1.213435877677781771e-01	9.574285083830132159e-02	-6.459550482616774336e-02	1.087302163298718566e-01	-1.163229433287577413e-01	1.058723948835844780e-01	-1.197836009710604582e-01	6.709986951779770004e-02	-1.373653526876597031e-01	1.002405040557572541e-01	-1.544565279444359840e-01	9.266513442291228475e-02
-5.052543907376964849e-02	4.844707745323213050e-02	-1.109073725064767257e-01	7.914409883326307960e-02	-1.028063658060077712e-01	1.543784304818733577e-01	-1.528039149335674585e-01	1.397629385021639525e-01	-1.223973887314980941e-01	9.597664585503735968e-02	-4.724970497139322489e-01	2.742789184165637106e-01	-2.262069192035224829e-01	1.487854749142924760e-01	-1.718178156116007271e-01	1.000000000000001776e+00	-4.639040689041666332e-01	1.846747243047452414e-01	-1.695803602571885893e-01	1.375842392438313966e-01	-5.998916741504685124e-01	2.522998966047568792e-01	-1.961431934884426131e-01	1.958204972545069811e-01	-1.515449342857318193e-01	9.490542925538401897e-02	-2.056956462146608822e-01	1.736764106368128557e-01	-1.721906856912996664e-01	9.152876134464081603e-02	-8.156695631728440310e-02	1.302223886002396303e-01	-1.573924104989629369e-01	1.190756901603981649e-01	-8.723394006142107249e-02	7.357311722119494468e-02	-1.276262828753493561e-01	1.217094522929715456e-01	-1.060898933004087441e-01	1.150040862362219918e-01	-7.722223354581216059e-02	1.439305946622722043e-01	-1.047899699875115553e-01	1.495975931272355841e-01	-9.087991130160452680e-02
5.098314830452176788e-02	-5.034518687740490578e-02	1.159365098603424710e-01	-8.506009115230649120e-02	1.084442695974897480e-01	-1.641973495692542195e-01	1.515571521585008241e-01	-1.572140036067125879e-01	1.303240264228909540e-01	-1.057345085154453163e-01	2.856272851922325717e-01	-4.231124643765961646e-01	2.437243688889338677e-01	-1.726646392615530379e-01	1.848673127242820846e-01	-4.639040689041666332e-01	9.999999999999993339e-01	-2.426895713667407140e-01	1.974436589851115698e-01	-1.644850443164594389e-01	3.084045734526214555e-01	-4.820974716288957684e-01	2.449562637658505571e-01	-2.526981996838585931e-01	1.724895542278775118e-01	-1.141695129449013663e-01	2.510091583545898675e-01	-2.298913754899863937e-01	2.054497321756077743e-01	-1.128174056251460139e-01	9.475745331163143437e-02	-1.677269834201882970e-01	1.869583956155010107e-01	-1.485246352238870082e-01	1.052168403283646747e-01	-9.032493276621451905e-02	1.535048825277040563e-01	-1.521941875339561656e-01	1.298393796354102570e-01	-1.455390759536704104e-01	9.258428843267596520e-02	-1.837238142621905601e-01	1.300456264558404462e-01	-1.914009980870582939e-01	1.133154738418932911e-01
-4.149316389462736482e-02	4.058651131427664510e-02	-1.259820680666476067e-01	9.173012300530219987e-02	-1.179224191116506615e-01	1.196359914746687320e-01	-1.201788146660752177e-01	1.785095642372845348e-01	-1.565813320178827961e-01	1.133536103200319667e-01	-1.913868948859397678e-01	1.990966899810186208e-01	-4.859477915331720799e-01	2.550092276090347720e-01	-2.565688033250554945e-01	1.846747243047452414e-01	-2.426895713667407140e-01	1.000000000000000222e+00	-5.758321167152337106e-01	2.152162455376489814e-01	-2.082635603132256263e-01	2.123541148556942204e-01	-4.080326922489209696e-01	2.780422156059935146e-01	-2.168869966522762593e-01	8.185876049280331468e-02	-1.968852715636141282e-01	2.219276727970642404e-01	-2.137983212192261506e-01	1.016317965910224913e-01	-7.071997227850332357e-02	1.224995630015084797e-01	-1.581285087115565924e-01	1.267917486333525745e-01	-9.622736669344228444e-02	6.676802323973415887e-02	-1.200878457875310945e-01	1.192496832806313745e-01	-1.109109344392608942e-01	1.158024052388157699e-01	-6.996227169458694994e-02	1.359483505882971288e-01	-1.012256532536154746e-01	1.454396963031086010e-01	-9.099448238498954178e-02
3.814839059306618374e-02	-3.753065392319884785e-02	1.143983423960077406e-01	-8.646998573018471745e-02	1.093919628170316877e-01	-1.103870513667513514e-01	1.065672651277731753e-01	-1.639013272944685740e-01	1.425871241877659235e-01	-1.111601224960849926e-01	1.580456349589183518e-01	-1.669227235018433397e-01	2.796736960362871671e-01	-4.055012256279650340e-01	2.808112028619728640e-01	-1.695803602571885893e-01	1.974436589851115698e-01	-5.758321167152337106e-01	9.999999999999993339e-01	-3.697139874582435759e-01	1.876569654511647256e-01	-1.842406445464953857e-01	2.431505703316371725e-01	-4.263029775846973179e-01	2.575217684352841818e-01	-7.945788503814531223e-02	1.720921068715165481e-01	-2.014513273411017713e-01	2.113318346280024240e-01	-1.092665740127795881e-01	6.799404168446539221e-02	-1.172913151163916257e-01	1.536621846392498547e-01	-1.305606059417706855e-01	1.008872871800282900e-01	-6.606039251404360879e-02	1.148108917189443468e-01	-1.199774065369287046e-01	1.123980404819555634e-01	-1.211272786170527055e-01	6.884120508433091978e-02	-1.380982720970234945e-01	1.021450223144578645e-01	-1.523030905417862846e-01	9.401385467311168531e-02
-3.218126581216820131e-02	3.138804076510001706e-02	-9.964103633731302700e-02	7.301241061615450223e-02	-9.583755410602418090e-02	8.928025678509468599e-02	-8.796234526118527908e-02	1.253234851575254494e-01	-1.165559739117025956e-01	9.309343491775996793e-02	-1.315444878762311309e-01	1.282369526127189463e-01	-2.071232683367040250e-01	2.272355779504567908e-01	-3.593581903643542352e-01	1.375842392438313966e-01	-1.644850443164594389e-01	2.152162455376489814e-01	-3.697139874582435759e-01	1.000000000000000222e+00	-1.622143060533425274e-01	1.398760533683651441e-01	-1.709971461406261939e-01	2.573490080164085314e-01	-7.563594968467406421e-01	6.634787710927318727e-02	-1.403084697672322689e-01	1.468715113495822344e-01	-1.764600875343520781e-01	1.209516201300028237e-01	-5.744000368814029811e-02	9.723150399263338906e-02	-1.333348952251215691e-01	1.107377293380959193e-01	-1.140780617986141832e-01	5.584946938775225272e-02	-9.761425173547831624e-02	1.022498774241729219e-01	-9.807705484569946564e-02	1.067702446528025900e-01	-5.868248796678543489e-02	1.167194559956485078e-01	-8.782686076948556519e-02	1.307292794323270668e-01	-8.349923441594103712e-02
4.683356934009125228e-02	-4.577783981060943447e-02	1.137530416796999067e-01	-8.234091186298478360e-02	1.064703332355326909e-01	-1.417207030853464000e-01	1.305626854803288994e-01	-1.422061786422224028e-01	1.229574660151977333e-01	-1.017683245964872557e-01	2.443729897605285695e-01	-2.229041429891130688e-01	2.102954252919848610e-01	-1.584255351442729054e-01	1.815241535266043926e-01	-5.998916741504685124e-01	3.084045734526214555e-01	-2.082635603132256263e-01	1.876569654511647256e-01	-1.622143060533425274e-01	1.000000000000000888e+00	-3.916474529726686749e-01	2.299164969332185837e-01	-2.518865892615083646e-01	1.765202507341648019e-01	-1.375326070530120126e-01	2.439735999411359046e-01	-2.234188367678460463e-01	2.118033749351563577e-01	-1.208309826350810051e-01	1.102400853715012063e-01	-1.743113794224367685e-01	2.012007607859111202e-01	-1.591390842654391569e-01	1.130854589594898901e-01	-1.021078413226073622e-01	1.629665787442188263e-01	-1.659650232698145211e-01	1.403754404667679478e-01	-1.605065603460455459e-01	1.044122734087097881e-01	-2.041002968389179495e-01	1.432247854890962291e-01	-2.142714703492663852e-01	1.251144188361396070e-01
-3.609562508916457774e-02	3.516607560790573767e-02	-9.257748415218615412e-02	6.674731421372696871e-02	-8.658942978388242673e-02	1.066916247180053623e-01	-1.035796338594153071e-01	1.176640225754795321e-01	-1.030293084626778266e-01	8.210127072595699294e-02	-1.887059260898349133e-01	1.903855689841186805e-01	-1.964727365196562159e-01	1.399585770176624833e-01	-1.595138465299119901e-01	2.522998966047568792e-01	-4.820974716288957684e-01	2.123541148556942204e-01	-1.842406445464953857e-01	1.398760533683651441e-01	-3.916474529726686749e-01	1.000000000000004663e+00	-4.422356825860265794e-01	2.334920925406908654e-01	-1.557131246369395094e-01	1.200439658845409707e-01	-5.179588761801021679e-01	2.808579594932354984e-01	-2.202441255257147901e-01	1.028393130022281915e-01	-1.038417866531092665e-01	1.916406378591685999e-01	-1.921611264996626323e-01	1.414104814743926408e-01	-9.737040751588373066e-02	8.914589083689637705e-02	-1.780471995086513048e-01	1.454256434238060114e-01	-1.239109671966062837e-01	1.288871022834491009e-01	-9.310307112391240369e-02	1.682036118875438191e-01	-1.226951355689215456e-01	1.651698362101933215e-01	-1.017940056148572553e-01
3.489325982457380099e-02	-3.411708869569217428e-02	9.665771767878381104e-02	-7.046002678027146748e-02	9.087848415266000512e-02	-1.011982853385702957e-01	9.758721885191112833e-02	-1.275072529159043677e-01	1.100614838905798060e-01	-8.760570637234277314e-02	1.583123336318824070e-01	-1.633595138358539811e-01	2.195246216651705329e-01	-1.665174694966113922e-01	1.787414623769007227e-01	-1.961431934884426131e-01	2.449562637658505571e-01	-4.080326922489209696e-01	2.431505703316371725e-01	-1.709971461406261939e-01	2.299164969332185837e-01	-4.422356825860265794e-01	1.000000000000002442e+00	-3.847454199591132107e-01	1.832652967325583970e-01	-1.047103488013821082e-01	2.856812268650729680e-01	-5.602613052528292448e-01	2.694167250940237013e-01	-1.169987851083998109e-01	8.861222409201113814e-02	-1.650341144067486998e-01	1.927993676759467423e-01	-1.592000624077272442e-01	1.080517277161002487e-01	-8.235045494115575404e-02	1.508652474296185431e-01	-1.472893610203715453e-01	1.331611746060278878e-01	-1.378275341009152499e-01	8.529388929238884698e-02	-1.660870519608323159e-01	1.220482642264446582e-01	-1.721566485556385029e-01	1.070206089771192359e-01
-4.137740398004521869e-02	4.013771212397695964e-02	-1.225924336365760564e-01	8.789321273764599818e-02	-1.156579113690106297e-01	1.143275390296788624e-01	-1.136902463204975677e-01	1.494822331185054753e-01	-1.376295469717568054e-01	1.084167491027867442e-01	-1.800089895215936653e-01	1.713085595291866103e-01	-2.536508543023360818e-01	2.192626221494032857e-01	-2.677474107872276354e-01	1.958204972545069811e-01	-2.526981996838585931e-01	2.780422156059935146e-01	-4.263029775846973179e-01	2.573490080164085314e-01	-2.518865892615083646e-01	2.334920925406908654e-01	-3.847454199591132107e-01	1.000000000000001554e+00	-3.733127232516785798e-01	1.042206011329478432e-01	-2.473880673808446229e-01	2.756571116991199388e-01	-4.830400504821942276e-01	1.569966429362871507e-01	-9.147461693413637407e-02	1.585944071295213031e-01	-2.252965497717851762e-01	1.973338651245365449e-01	-1.520220132554114811e-01	8.662330122943104338e-02	-1.595979424519284595e-01	1.632706862953883509e-01	-1.730780835358304293e-01	1.619206328130723405e-01	-9.180228191242102709e-02	1.770258054870010311e-01	-1.375062968794882323e-01	1.921869016953834941e-01	-1.288492629785413790e-01
3.344190661218163912e-02	-3.273276835168228982e-02	9.806452876566175425e-02	-7.258129447946122526e-02	9.373492413472706009e-02	-9.387497456294498221e-02	9.019180208685678712e-02	-1.249387866023069227e-01	1.113212584530001437e-01	-9.278981835632282849e-02	1.338721434434631818e-01	-1.315179668384177381e-01	1.888989656200077694e-01	-2.022066295292696270e-01	2.381623161037624004e-01	-1.515449342857318193e-01	1.724895542278775118e-01	-2.168869966522762593e-01	2.575217684352841818e-01	-7.563594968467406421e-01	1.765202507341648019e-01	-1.557131246369395094e-01	1.832652967325583970e-01	-3.733127232516785798e-01	1.000000000000000000e+00	-7.810515469091311447e-02	1.560733660846148618e-01	-1.692549635990509560e-01	2.031037021157465761e-01	-1.728073271001867584e-01	6.690974014286917015e-02	-1.136844971503993135e-01	1.552251057861087358e-01	-1.358868462951918765e-01	1.398212242274875505e-01	-6.671517169085265653e-02	1.133959550399142174e-01	-1.238195861206203702e-01	1.179395257468506542e-01	-1.350963167759039463e-01	6.954999060626708418e-02	-1.432930128531350600e-01	1.065365099034178420e-01	-1.659047244899333751e-01	1.032348098930793157e-01
-1.636705525954802731e-02	1.583488739024159833e-02	-4.489518593799562973e-02	3.183219405509086358e-02	-4.195738740433278824e-02	4.557839775335267851e-02	-4.471744372166445297e-02	5.273305295760543493e-02	-4.772166395480986062e-02	3.876166557312126643e-02	-7.476481393365690120e-02	6.922697771958845336e-02	-8.232631855100099039e-02	6.272712222931683956e-02	-7.649028853436623532e-02	9.490542925538401897e-02	-1.141695129449013663e-01	8.185876049280331468e-02	-7.945788503814531223e-02	6.634787710927318727e-02	-1.375326070530120126e-01	1.200439658845409707e-01	-1.047103488013821082e-01	1.042206011329478432e-01	-7.810515469091311447e-02	9.999999999999996669e-01	-1.944958849977293236e-01	1.169957839676641631e-01	-1.148572106148017941e-01	5.880543664596406955e-02	-8.685383688023432525e-01	1.582385502041869507e-01	-1.476771788285004272e-01	8.829497956283632876e-02	-5.819592813155639865e-02	2.361961353001568176e-01	-1.618735667069739759e-01	1.120629570275238768e-01	-8.301025181012483545e-02	8.186153353396910526e-02	-2.788276068037372490e-01	1.529367385770085686e-01	-1.082509132863067602e-01	1.089351451665833137e-01	-6.927823338563712796e-02
3.312084681626015215e-02	-3.229250942325346402e-02	8.826940187747805977e-02	-6.366071507327175638e-02	8.277510208500056532e-02	-9.566386214213025430e-02	9.159498884159320009e-02	-1.097119051089522346e-01	9.643007882093559968e-02	-7.856317383977604041e-02	1.525219091781545855e-01	-1.528541441168900783e-01	1.725900302950515997e-01	-1.325850965981035523e-01	1.523343289113895938e-01	-2.056956462146608822e-01	2.510091583545898675e-01	-1.968852715636141282e-01	1.720921068715165481e-01	-1.403084697672322689e-01	2.439735999411359046e-01	-5.179588761801021679e-01	2.856812268650729680e-01	-2.473880673808446229e-01	1.560733660846148618e-01	-1.944958849977293236e-01	1.000000000000001110e+00	-4.790777778011901522e-01	2.477895949160319466e-01	-1.202751792776847878e-01	1.487392521454158067e-01	-3.977738583324679222e-01	2.362128363491499128e-01	-1.753053079042417306e-01	1.117434054286399747e-01	-1.235909296739939184e-01	2.446350355177406566e-01	-1.912810214165889255e-01	1.496176345015128306e-01	-1.578152695492388291e-01	1.242736323748785399e-01	-2.262410205955466824e-01	1.568221175381264709e-01	-2.041581904830282179e-01	1.235329109565461159e-01
-3.174203315122134383e-02	3.085770921444824441e-02	-8.867923822496291686e-02	6.367124745182982382e-02	-8.315356151610436841e-02	8.995008608736389244e-02	-8.813317785540208948e-02	1.101849808697204502e-01	-9.851694187644098599e-02	7.827276745915411060e-02	-1.453526327066490542e-01	1.411488839310749144e-01	-1.878003580442763887e-01	1.401054509382586577e-01	-1.624187282702388158e-01	1.736764106368128557e-01	-2.298913754899863937e-01	2.219276727970642404e-01	-2.014513273411017713e-01	1.468715113495822344e-01	-2.234188367678460463e-01	2.808579594932354984e-01	-5.602613052528292448e-01	2.756571116991199388e-01	-1.692549635990509560e-01	1.169957839676641631e-01	-4.790777778011901522e-01	1.000000000000001998e+00	-4.659521087751120061e-01	1.296780268836893735e-01	-1.025998973926053603e-01	1.955783027848511935e-01	-2.556659333790839428e-01	1.895614091225954756e-01	-1.224813200325270413e-01	9.091985460445457801e-02	-1.844853657976159578e-01	1.678633508386465911e-01	-1.587149651743219314e-01	1.482767964612479727e-01	-9.554222585637991982e-02	1.783019874807037219e-01	-1.361930271097006595e-01	1.790477526721520329e-01	-1.166652875584082705e-01
3.354955341996080503e-02	-3.263431442722226211e-02	9.477775547438763160e-02	-6.828369372405238003e-02	8.917063374144945653e-02	-9.389298946183714800e-02	9.117251833509182335e-02	-1.160526593510845528e-01	1.035782946528884529e-01	-8.448385311178174817e-02	1.440482114795727242e-01	-1.386820984579321125e-01	1.826182882816545505e-01	-1.515166157947781811e-01	1.754737166380530566e-01	-1.721906856912996664e-01	2.054497321756077743e-01	-2.137983212192261506e-01	2.113318346280024240e-01	-1.764600875343520781e-01	2.118033749351563577e-01	-2.202441255257147901e-01	2.694167250940237013e-01	-4.830400504821942276e-01	2.031037021157465761e-01	-1.148572106148017941e-01	2.477895949160319466e-01	-4.659521087751120061e-01	1.000000000000003997e+00	-2.479141306509531351e-01	9.757147942205780800e-02	-1.811929953781323543e-01	2.540899862827569189e-01	-4.049397198476498705e-01	1.927526186222997540e-01	-9.798282642227709727e-02	1.727655509781760856e-01	-2.074906429958853493e-01	2.382808447434591748e-01	-2.286401187161580806e-01	1.015706854512805901e-01	-2.154543162747619145e-01	1.662381160814129510e-01	-2.524789325406369134e-01	1.652077726161301219e-01
-1.892518774793980688e-02	1.830761942679129395e-02	-5.479981401116523071e-02	3.894770699566983685e-02	-5.146429636603940677e-02	5.158596090196445466e-02	-5.095209915589164057e-02	6.404967590726315385e-02	-5.865114304351633223e-02	4.772242080554692928e-02	-8.055945293503442850e-02	7.488555789384498951e-02	-1.001886930607770732e-01	8.340365418647797957e-02	-1.044460447205702580e-01	9.152876134464081603e-02	-1.128174056251460139e-01	1.016317965910224913e-01	-1.092665740127795881e-01	1.209516201300028237e-01	-1.208309826350810051e-01	1.028393130022281915e-01	-1.169987851083998109e-01	1.569966429362871507e-01	-1.728073271001867584e-01	5.880543664596406955e-02	-1.202751792776847878e-01	1.296780268836893735e-01	-2.479141306509531351e-01	9.999999999999993339e-01	-5.202127569557202236e-02	9.100686378441007196e-02	-1.487861053222944707e-01	1.507460880316790763e-01	-8.904351239580844402e-01	5.231335105215160347e-02	-9.521592091020499027e-02	1.126586668662402368e-01	-1.436262801606796036e-01	1.841540092558077157e-01	-5.609502473118439803e-02	1.146243078653673003e-01	-9.816541988036980859e-02	1.513213072904922851e-01	-1.418181672648034242e-01
1.400590675282571695e-02	-1.357002712506235644e-02	3.833147648953566522e-02	-2.725507045401445727e-02	3.585224224278431987e-02	-3.913869124730576937e-02	3.814841211733634163e-02	-4.524662963951166933e-02	4.076594558182075612e-02	-3.327722164101820645e-02	6.310937536562878647e-02	-5.897985316342807538e-02	6.998764080072326921e-02	-5.382214187239767883e-02	6.515676268466245868e-02	-8.156695631728440310e-02	9.475745331163143437e-02	-7.071997227850332357e-02	6.799404168446539221e-02	-5.744000368814029811e-02	1.102400853715012063e-01	-1.038417866531092665e-01	8.861222409201113814e-02	-9.147461693413637407e-02	6.690974014286917015e-02	-8.685383688023432525e-01	1.487392521454158067e-01	-1.025998973926053603e-01	9.757147942205780800e-02	-5.202127569557202236e-02	1.000000000000002887e+00	-1.675592271959309154e-01	1.264338255160869229e-01	-7.869765209871458500e-02	5.085228210053588382e-02	-3.374519447823584040e-01	1.469258371222166015e-01	-1.032076804031356182e-01	7.325353389788780145e-02	-7.444915337064227090e-02	2.306951551033145642e-01	-1.477809448837106021e-01	9.669763354742377803e-02	-1.007480417343177559e-01	6.210150986712749399e-02
-2.319313402161076593e-02	2.247170083651382766e-02	-6.370657698860633655e-02	4.533044906021942155e-02	-5.960119415679529520e-02	6.488574411452406598e-02	-6.351368221265842051e-02	7.573089657667274321e-02	-6.822089980821115229e-02	5.536989926691171515e-02	-1.055381414755769826e-01	9.957311322388878727e-02	-1.191689366054942967e-01	9.117676391398325808e-02	-1.099514230158411821e-01	1.302223886002396303e-01	-1.677269834201882970e-01	1.224995630015084797e-01	-1.172913151163916257e-01	9.723150399263338906e-02	-1.743113794224367685e-01	1.916406378591685999e-01	-1.650341144067486998e-01	1.585944071295213031e-01	-1.136844971503993135e-01	1.582385502041869507e-01	-3.977738583324679222e-01	1.955783027848511935e-01	-1.811929953781323543e-01	9.100686378441007196e-02	-1.675592271959309154e-01	1.000000000000005773e+00	-3.393045095746483053e-01	1.533200869239280950e-01	-8.954846396910119688e-02	1.441207892979246286e-01	-7.388996048928827554e-01	2.216332392386552996e-01	-1.426758375720122429e-01	1.314929127357183369e-01	-1.469776075425670570e-01	2.375033351356040656e-01	-1.799697113251614577e-01	1.711743863291356194e-01	-1.095597457748453407e-01
3.003405989381826083e-02	-2.910583648994723160e-02	8.407724415867019740e-02	-5.984906690312463001e-02	7.876393759552312301e-02	-8.300065357605461436e-02	8.094816975183083407e-02	-9.885962014584839808e-02	8.923434528647750108e-02	-7.325923975082100637e-02	1.295522742336755184e-01	-1.215108559771166524e-01	1.518618765620460553e-01	-1.200686086360303051e-01	1.451994888413326856e-01	-1.573924104989629369e-01	1.869583956155010107e-01	-1.581285087115565924e-01	1.536621846392498547e-01	-1.333348952251215691e-01	2.012007607859111202e-01	-1.921611264996626323e-01	1.927993676759467423e-01	-2.252965497717851762e-01	1.552251057861087358e-01	-1.476771788285004272e-01	2.362128363491499128e-01	-2.556659333790839428e-01	2.540899862827569189e-01	-1.487861053222944707e-01	1.264338255160869229e-01	-3.393045095746483053e-01	1.000000000000000000e+00	-3.721939798660457432e-01	1.429418407024441173e-01	-1.429543617704768232e-01	2.692200440593385258e-01	-5.335313048238444766e-01	2.670374350704800004e-01	-2.474271894746329914e-01	1.447264460638849060e-01	-3.641325897596418004e-01	2.812996963720386101e-01	-3.157052453334864839e-01	1.910008100734736924e-01
-2.366935434206227443e-02	2.288073078043915964e-02	-6.760583213242893352e-02	4.788584767003711828e-02	-6.331330097209975083e-02	6.473027048590955512e-02	-6.396882693790313656e-02	7.880255674463294835e-02	-7.197476235050075111e-02	5.837860139950028227e-02	-1.028542977586451995e-01	9.546733882095531643e-02	-1.241515212800445300e-01	9.831977211851485043e-02	-1.213435877677781771e-01	1.190756901603981649e-01	-1.485246352238870082e-01	1.267917486333525745e-01	-1.305606059417706855e-01	1.107377293380959193e-01	-1.591390842654391569e-01	1.414104814743926408e-01	-1.592000624077272442e-01	1.973338651245365449e-01	-1.358868462951918765e-01	8.829497956283632876e-02	-1.753053079042417306e-01	1.895614091225954756e-01	-4.049397198476498705e-01	1.507460880316790763e-01	-7.869765209871458500e-02	1.533200869239280950e-01	-3.721939798660457432e-01	1.000000000000001110e+00	-1.658184450668698795e-01	8.174313642321477669e-02	-1.612489329765479928e-01	2.392333661490377295e-01	-7.041358638163903727e-01	2.461467803179296365e-01	-8.771918059792861710e-02	1.870158799955470852e-01	-1.780551748903022313e-01	2.153739709441470085e-01	-1.967864518471243995e-01
