1.000000000000000000e+00	-6.847947743849664981e-01	1.294981158498698937e-01	-9.806381371759681498e-02	8.572868098745135834e-02	-6.267110687892003540e-01	3.036208405054421355e-01	-1.466256148933336445e-01	1.170237830018012043e-01	-6.453241132522875845e-02	1.514484500419573110e-01	-1.265017552486725760e-01	1.178402897859763959e-01	-7.304900664154082013e-02	7.909617077735101032e-02	-9.879161991228203876e-02	9.259900233850451579e-02	-1.012059609185839704e-01	6.881548401722571706e-02	-4.450124274536682023e-02	8.038343117028803886e-02	-7.211061681750183250e-02	6.285855996008095359e-02	-6.750645238936682502e-02	4.796646206368942317e-02	-4.663043605326754049e-02	4.375612147454167183e-02	-5.273644978325395943e-02	5.108081651091121028e-02	-6.742736781659962320e-02	4.766169249736333657e-02	-4.215641825075683302e-02	4.760315973557886771e-02	-4.596625913500677202e-02	4.575790826992341687e-02	-3.548578315991491455e-02	3.267378290710213490e-02	-5.532893926445103805e-02	4.401108563625662912e-02	-3.483826558496659620e-02	2.953076927439596266e-02	-2.706035810284824344e-02	3.778228066242809990e-02	-3.414746736585292514e-02	4.697002285646814657e-02
-6.847947743849664981e-01	1.000000000000000000e+00	-1.948573459553283038e-01	1.299898327737800119e-01	-1.118553375165981245e-01	3.272211137539278170e-01	-5.635351292300120329e-01	1.959731282104821282e-01	-1.659095978160614604e-01	8.374171872228221292e-02	-1.657807620793288472e-01	1.439963198982605608e-01	-1.474934638196009062e-01	8.883871400408181740e-02	-1.001516027344625109e-01	1.043779239426510796e-01	-1.078429048140413099e-01	1.150243506854929931e-01	-8.364218143581865494e-02	5.390490210099320445e-02	-9.286347673671928316e-02	8.180338380733377657e-02	-7.265518063059681064e-02	7.834374875896692181e-02	-5.821730456084242555e-02	5.310754441459945852e-02	-5.031331269382864624e-02	6.038830444713193246e-02	-5.949127469404864171e-02	7.737148429372806002e-02	-5.510806802792138359e-02	4.822161953682570223e-02	-5.495263736929122123e-02	5.313255495888184743e-02	-5.307781705148397616e-02	4.066053041676129243e-02	-3.756867305450502931e-02	6.327793752941474059e-02	-5.113675540670230280e-02	4.034263697846264540e-02	-3.407151985281441781e-02	3.112675363483536142e-02	-4.370425838165061666e-02	3.939778073139917763e-02	-5.458734116545334303e-02
1.294981158498698937e-01	-1.948573459553283038e-01	1.000000000000000000e+00	-6.295033465343822243e-01	2.017366295830710921e-01	-1.918241969920420897e-01	2.136189589927775800e-01	-5.939312171575206190e-01	3.172610953264323186e-01	-1.605889796424872784e-01	1.403434738601590792e-01	-1.375393030068238487e-01	1.679124562211856964e-01	-1.386341998078537974e-01	1.593239110406172998e-01	-1.120458304678141753e-01	1.183848401153370644e-01	-1.548223036181204382e-01	1.214618862588182496e-01	-8.242796077194318449e-02	1.100602998955141909e-01	-1.036911050991294464e-01	9.625652728490595444e-02	-1.133536726650786336e-01	8.611234008851761934e-02	-6.752465015525811742e-02	6.464013875587044933e-02	-8.269575877517708340e-02	8.456483945808837555e-02	-1.148910209933126786e-01	7.149509866174243167e-02	-6.357468187931737680e-02	7.524474737562877880e-02	-7.602992806992661667e-02	7.592668826151965922e-02	-5.551799987587207469e-02	5.113045267258538307e-02	-8.874350089687094156e-02	7.233942091990437639e-02	-5.748361675337760462e-02	4.669266477280353128e-02	-4.284484416924697753e-02	6.098431813956111530e-02	-5.551628171226728747e-02	7.694280112875909183e-02
-9.806381371759681498e-02	1.299898327737800119e-01	-6.295033465343822243e-01	1.000000000000000222e+00	-3.350683044715051517e-01	1.355160991286975258e-01	-1.650193372509918543e-01	3.071174670006913687e-01	-5.758610697406837398e-01	2.171893466147227225e-01	-1.291448839838513496e-01	1.192970746729373338e-01	-1.593500063359552243e-01	1.555258955042007063e-01	-2.066388068235750219e-01	1.022199770400003122e-01	-1.127985702722313632e-01	1.465224154020911274e-01	-1.365260617497991158e-01	9.283261532108509628e-02	-1.068721980142883221e-01	9.914573890375427689e-02	-9.451820804367240536e-02	1.143729004466445681e-01	-9.721738744490600326e-02	6.496239506200224278e-02	-6.269687048872391033e-02	8.040066539569026838e-02	-8.512011097566966888e-02	1.121142445164137330e-01	-6.975358547939380927e-02	6.141284866335847831e-02	-7.387242359224947819e-02	7.524836995986813881e-02	-7.528406261493340856e-02	5.378328150722429257e-02	-4.974801708857026078e-02	8.596398413316493070e-02	-7.173933348436030422e-02	5.673810105711111357e-02	-4.563446727711785444e-02	4.173808777170249368e-02	-5.991580122846696527e-02	5.440583192944868640e-02	-7.609041375587938250e-02
8.572868098745135834e-02	-1.118553375165981245e-01	2.017366295830710921e-01	-3.350683044715051517e-01	1.000000000000000000e+00	-1.249487618863065336e-01	1.318073887752140849e-01	-2.095644749241135085e-01	2.681012847677171074e-01	-6.642586013810219958e-01	1.502168476386556706e-01	-1.375712658006424671e-01	1.806817908842840714e-01	-2.366662046407899400e-01	3.065995961724437557e-01	-1.326039936696546406e-01	1.477476433222179586e-01	-2.111603514728128128e-01	1.861720745295253610e-01	-1.497947347997551359e-01	1.477841132211923647e-01	-1.437720820485373918e-01	1.391208159429434821e-01	-1.833092229495889847e-01	1.422698739705489379e-01	-9.442688686930550412e-02	9.157840278384345167e-02	-1.229675095219720377e-01	1.319892993508879064e-01	-1.873431922426794516e-01	1.023492350727606970e-01	-9.158592129458723030e-02	1.123891553446504099e-01	-1.195866485763066173e-01	1.188798433294334794e-01	-8.245309184360773147e-02	7.588319401908787121e-02	-1.347635204259839958e-01	1.117514111272536886e-01	-8.950100955974074624e-02	6.977229115113338376e-02	-6.419376408805610446e-02	9.264381625073535298e-02	-8.510315532471594835e-02	1.182198903920493871e-01
-6.267110687892003540e-01	3.272211137539278170e-01	-1.918241969920420897e-01	1.355160991286975258e-01	-1.249487618863065336e-01	1.000000000000000666e+00	-5.609324518956766426e-01	2.026526901369932465e-01	-1.771704277546989337e-01	9.313531226575866295e-02	-2.779946094465872153e-01	1.840605691587018089e-01	-1.781054363216158509e-01	1.038105865172904013e-01	-1.144733630110348205e-01	1.419792937843758207e-01	-1.372581817506678403e-01	1.408708679402918273e-01	-9.852272862787085639e-02	6.313137479174910083e-02	-1.176723769580638457e-01	1.018255723200353902e-01	-8.885398607159139539e-02	9.411004364964647984e-02	-6.833573018112608366e-02	6.606825981386239832e-02	-6.215597179681692924e-02	7.358765707628024677e-02	-7.146724170348493776e-02	9.279062267930190955e-02	-6.773565647856016891e-02	5.929950167267854927e-02	-6.672946864734805028e-02	6.395267929122419592e-02	-6.375067323028522914e-02	4.956354242308768504e-02	-4.576169318823901377e-02	7.673682613104780559e-02	-6.148340113404464347e-02	4.851984367980260310e-02	-4.136774001715369520e-02	3.780801732509418700e-02	-5.278856184879639896e-02	4.754947021145831260e-02	-6.565724568943420714e-02
3.036208405054421355e-01	-5.635351292300120329e-01	2.136189589927775800e-01	-1.650193372509918543e-01	1.318073887752140849e-01	-5.609324518956766426e-01	1.000000000000000222e+00	-3.785121910131816203e-01	1.982972303321651475e-01	-1.031045965633752975e-01	2.024932149428474715e-01	-2.311783418317580052e-01	1.862183704842914622e-01	-1.132279546266948961e-01	1.205953542101337456e-01	-1.375878423098851056e-01	1.364893758411354630e-01	-1.518686995135326567e-01	1.041297979879178826e-01	-6.727040350629304166e-02	1.150738883625711945e-01	-1.055057933916539598e-01	9.257539733834038720e-02	-1.004058006813581122e-01	7.191206141049259759e-02	-6.747711793704577743e-02	6.358422417174718067e-02	-7.756848585228007242e-02	7.554628714561864578e-02	-9.987044607202491542e-02	6.920494983573463599e-02	-6.140097778276971258e-02	6.994892466378722917e-02	-6.790400662472380333e-02	6.750627082082720498e-02	-5.189537168826982572e-02	4.778837812187351763e-02	-8.130632151894667814e-02	6.480002220930772272e-02	-5.133418602795848662e-02	4.322565346807152875e-02	-3.963484913972310786e-02	5.547714866652130039e-02	-5.020187630963039715e-02	6.906131590334181614e-02
-1.466256148933336445e-01	1.959731282104821282e-01	-5.939312171575206190e-01	3.071174670006913687e-01	-2.095644749241135085e-01	2.026526901369932465e-01	-3.785121910131816203e-01	1.000000000000001332e+00	-5.344795049796886577e-01	1.709239866219632864e-01	-1.599694381455784298e-01	1.589619055600233477e-01	-2.237260854019397505e-01	1.480384171645292846e-01	-1.744116449149702708e-01	1.178345663185120518e-01	-1.275113181147539687e-01	1.586795160542221195e-01	-1.308408425369962658e-01	8.499748636290202497e-02	-1.141219918389628774e-01	1.052869570587853798e-01	-9.775891560393190627e-02	1.124299576281627272e-01	-8.964738525961758742e-02	6.809651974820989107e-02	-6.524135859561865092e-02	8.204480409678296948e-02	-8.396917961186350920e-02	1.100435800932319380e-01	-7.188401958707524297e-02	6.340437935471406050e-02	-7.482191134654082865e-02	7.453579989648193016e-02	-7.434302950960880452e-02	5.466443120619347146e-02	-5.051156332991517395e-02	8.666454286951232044e-02	-7.107439772013021684e-02	5.620718297661771862e-02	-4.606933265917385195e-02	4.216243639405617416e-02	-5.993952591899698312e-02	5.431299194382341322e-02	-7.550071624597473607e-02
1.170237830018012043e-01	-1.659095978160614604e-01	3.172610953264323186e-01	-5.758610697406837398e-01	2.681012847677171074e-01	-1.771704277546989337e-01	1.982972303321651475e-01	-5.344795049796886577e-01	1.000000000000000222e+00	-3.320035254145772829e-01	1.494115706895883522e-01	-1.449183167881877288e-01	1.842175488104378644e-01	-2.158796686706932477e-01	2.274010495554878164e-01	-1.222931424849593440e-01	1.323158131175029284e-01	-1.802959362515374753e-01	1.622524052754825419e-01	-1.100637538440439878e-01	1.245324686616854915e-01	-1.186201867869149662e-01	1.124833658850373092e-01	-1.383819147212723144e-01	1.106132636972381317e-01	-7.694849688200341986e-02	7.407090008159876449e-02	-9.639002173721375466e-02	1.010470197934894426e-01	-1.357304545876260315e-01	8.198843125276274180e-02	-7.296064023624386496e-02	8.780263965991874642e-02	-9.005910650568826892e-02	8.948099535814328653e-02	-6.406065389912285468e-02	5.908105742682758649e-02	-1.030682715726515541e-01	8.486641773394561217e-02	-6.745891183401350744e-02	5.404340998307560762e-02	-4.960034275283454336e-02	7.096922521735973821e-02	-6.470788992545119245e-02	8.983205904539937059e-02
-6.453241132522875845e-02	8.374171872228221292e-02	-1.605889796424872784e-01	2.171893466147227225e-01	-6.642586013810219958e-01	9.313531226575866295e-02	-1.031045965633752975e-01	1.709239866219632864e-01	-3.320035254145772829e-01	9.999999999999994449e-01	-1.113297487540768349e-01	1.026643000480376433e-01	-1.406952053119902568e-01	2.036319374566337992e-01	-5.611277460366007608e-01	9.529532503127702281e-02	-1.077451870971126019e-01	1.523839322227261428e-01	-1.657840423988276579e-01	1.352141333669024670e-01	-1.051310162459998809e-01	1.012719409642752061e-01	-9.979141322158970040e-02	1.318232102301537256e-01	-1.326812490572419345e-01	6.582733788723027502e-02	-6.402416253672840729e-02	8.550939025341398880e-02	-9.450227850020448406e-02	1.246061948961545152e-01	-7.119641754164392211e-02	6.330742350984719380e-02	-7.843333180585547459e-02	8.270010762853691189e-02	-8.189982253499117348e-02	5.630369375948741234e-02	-5.205835043768793080e-02	9.155984540564524043e-02	-7.712419656831998038e-02	6.127827165104712814e-02	-4.784173754768817483e-02	4.389733693740037468e-02	-6.350694843063858785e-02	5.805325591031110233e-02	-8.104881698798981071e-02
1.514484500419573110e-01	-1.657807620793288472e-01	1.403434738601590792e-01	-1.291448839838513496e-01	1.502168476386556706e-01	-2.779946094465872153e-01	2.024932149428474715e-01	-1.599694381455784298e-01	1.494115706895883522e-01	-1.113297487540768349e-01	9.999999999999985567e-01	-5.682670787379269228e-01	2.942273303108492444e-01	-1.676226280432704663e-01	1.565860226895115226e-01	-5.088915845347148359e-01	2.927200359213535386e-01	-2.918566072625078944e-01	1.602119484241303626e-01	-1.012778237469339482e-01	2.394985975110508203e-01	-2.160100192872329294e-01	1.718603381518201689e-01	-1.738583137413872992e-01	1.091682290138503569e-01	-1.364992147663468547e-01	1.226213279279678714e-01	-1.433908043138997224e-01	1.297846123624073478e-01	-1.716904582268118651e-01	1.294702604845508476e-01	-1.173814587931142628e-01	1.259611585281485424e-01	-1.181241667012025154e-01	1.157030436121016248e-01	-9.543201920186422660e-02	8.725201711535206239e-02	-1.469558241841184276e-01	1.112687016936585171e-01	-8.854615450900021889e-02	7.758733797342914906e-02	-7.155923353314339042e-02	9.736108243919629202e-02	-8.810691360477371226e-02	1.185338505942880871e-01
-1.265017552486725760e-01	1.439963198982605608e-01	-1.375393030068238487e-01	1.192970746729373338e-01	-1.375712658006424671e-01	1.840605691587018089e-01	-2.311783418317580052e-01	1.589619055600233477e-01	-1.449183167881877288e-01	1.026643000480376433e-01	-5.682670787379269228e-01	9.999999999999988898e-01	-6.108875108053981595e-01	1.632619764129847051e-01	-1.466254878694664698e-01	2.604572771992396674e-01	-3.488908392710611261e-01	2.576065679099126537e-01	-1.553860002807152807e-01	9.112369792178784400e-02	-1.970566813743386547e-01	1.802478433329490759e-01	-1.503724383302004475e-01	1.454024517455910492e-01	-9.860286537131955631e-02	1.076490081489092365e-01	-1.014909473956143449e-01	1.178674800009466422e-01	-1.093654777120451893e-01	1.377537567655655881e-01	-1.072170408551631898e-01	9.473592787306804597e-02	-1.053534494154743373e-01	9.731765120516303047e-02	-9.581651765354609607e-02	7.686391053177561716e-02	-7.107539697048072258e-02	1.180776302873202677e-01	-9.248915127049366081e-02	7.294699615208598276e-02	-6.357030207551769840e-02	5.818875920892412762e-02	-8.018860586209261565e-02	7.198583704530867045e-02	-9.841514065470489958e-02
1.178402897859763959e-01	-1.474934638196009062e-01	1.679124562211856964e-01	-1.593500063359552243e-01	1.806817908842840714e-01	-1.781054363216158509e-01	1.862183704842914622e-01	-2.237260854019397505e-01	1.842175488104378644e-01	-1.406952053119902568e-01	2.942273303108492444e-01	-6.108875108053981595e-01	1.000000000000000666e+00	-2.873165288058882605e-01	1.997258760828800606e-01	-2.536712405211001276e-01	2.676214774512650774e-01	-4.382064595275184660e-01	2.235825870023025741e-01	-1.295346545248129422e-01	2.100510815908788742e-01	-2.141195893107550874e-01	1.935233518722988544e-01	-2.022154767022699418e-01	1.356064300768747288e-01	-1.285352352775459284e-01	1.218170990323885483e-01	-1.567671530408625835e-01	1.475966864363035813e-01	-1.915964582749052347e-01	1.301895899235802900e-01	-1.181709070063067107e-01	1.379286524723931928e-01	-1.321545768039122659e-01	1.292228834820555450e-01	-9.951360729438296637e-02	9.156412801768210041e-02	-1.583308392156372868e-01	1.234792949752757663e-01	-9.809702574053133506e-02	8.233978419127428727e-02	-7.587239515069187090e-02	1.059075115215420415e-01	-9.607253688409631009e-02	1.306938261888653807e-01
-7.304900664154082013e-02	8.883871400408181740e-02	-1.386341998078537974e-01	1.555258955042007063e-01	-2.366662046407899400e-01	1.038105865172904013e-01	-1.132279546266948961e-01	1.480384171645292846e-01	-2.158796686706932477e-01	2.036319374566337992e-01	-1.676226280432704663e-01	1.632619764129847051e-01	-2.873165288058882605e-01	1.000000000000000666e+00	-4.384978227824756769e-01	1.400963347327177366e-01	-1.703080468130081793e-01	2.520441779798787141e-01	-6.984951475682815714e-01	2.093738014352380106e-01	-1.537687754725599876e-01	1.478022575532051130e-01	-1.556560241758164764e-01	2.054504626748256679e-01	-2.124932116581302044e-01	9.294444877901472668e-02	-9.138101688969538228e-02	1.222863981126916244e-01	-1.452473937650023972e-01	1.603982503583800678e-01	-1.001755770772542603e-01	8.815881374214305788e-02	-1.129829674468390138e-01	1.164862155085203549e-01	-1.141825062308469418e-01	7.649768514783247819e-02	-7.148602209922652606e-02	1.235796635072985150e-01	-1.076782299777722940e-01	8.410799434976695688e-02	-6.556623387846091666e-02	5.986435211157511982e-02	-8.716682116519114398e-02	7.890205251357480798e-02	-1.112434463814606922e-01
7.909617077735101032e-02	-1.001516027344625109e-01	1.593239110406172998e-01	-2.066388068235750219e-01	3.065995961724437557e-01	-1.144733630110348205e-01	1.205953542101337456e-01	-1.744116449149702708e-01	2.274010495554878164e-01	-5.611277460366007608e-01	1.565860226895115226e-01	-1.466254878694664698e-01	1.997258760828800606e-01	-4.384978227824756769e-01	9.999999999999980016e-01	-1.403291462264733003e-01	1.597780248848229001e-01	-2.414769832529065352e-01	2.628029305434390062e-01	-2.742476244780364114e-01	1.572019154803628860e-01	-1.559735028444807770e-01	1.550583954346234361e-01	-2.175078750482294376e-01	2.089630477522465002e-01	-1.001867170543831315e-01	9.766260456307397642e-02	-1.336467563348821552e-01	1.484943106200743712e-01	-1.984803497885840318e-01	1.082663149487159970e-01	-9.708537815876258636e-02	1.216484292773117593e-01	-1.308496880882365210e-01	1.278781207691923882e-01	-8.678431527056082451e-02	8.015069833462079574e-02	-1.425188120482397958e-01	1.195243513479560538e-01	-9.548285253290050845e-02	7.356098405194093359e-02	-6.768947251285512001e-02	9.798461428166306553e-02	-8.998349045779097111e-02	1.249515858929398648e-01
-9.879161991228203876e-02	1.043779239426510796e-01	-1.120458304678141753e-01	1.022199770400003122e-01	-1.326039936696546406e-01	1.419792937843758207e-01	-1.375878423098851056e-01	1.178345663185120518e-01	-1.222931424849593440e-01	9.529532503127702281e-02	-5.088915845347148359e-01	2.604572771992396674e-01	-2.536712405211001276e-01	1.400963347327177366e-01	-1.403291462264733003e-01	1.000000000000002887e+00	-5.684172602322908885e-01	2.590091457121526664e-01	-1.474560247129012014e-01	9.150286243049127188e-02	-4.745544069760934125e-01	2.555504868762744075e-01	-1.881145174270877629e-01	1.633488407132365761e-01	-1.014118263014319732e-01	1.704431739999691942e-01	-1.515142283450675031e-01	1.443355135373257381e-01	-1.253208416304179562e-01	1.540606430607223687e-01	-1.568632776611696145e-01	1.318631986393707101e-01	-1.289136893772616643e-01	1.122476539910561705e-01	-1.101605264230373221e-01	9.915826700685362316e-02	-9.183956485013093640e-02	1.419471982496791351e-01	-1.077495739129987889e-01	8.465285814181558455e-02	-8.043568696986178046e-02	7.315791175868728569e-02	-9.647208022436279395e-02	8.544603171453933610e-02	-1.155513690926807807e-01
9.259900233850451579e-02	-1.078429048140413099e-01	1.183848401153370644e-01	-1.127985702722313632e-01	1.477476433222179586e-01	-1.372581817506678403e-01	1.364893758411354630e-01	-1.275113181147539687e-01	1.323158131175029284e-01	-1.077451870971126019e-01	2.927200359213535386e-01	-3.488908392710611261e-01	2.676214774512650774e-01	-1.703080468130081793e-01	1.597780248848229001e-01	-5.684172602322908885e-01	9.999999999999998890e-01	-4.479254834341241942e-01	1.799570137318346752e-01	-1.098231598554242211e-01	2.917153152087821333e-01	-4.120026339721736819e-01	2.396856775832766073e-01	-2.036791076927220723e-01	1.196667622406483583e-01	-1.677614005738755909e-01	1.578381536319669320e-01	-1.787581024813152120e-01	1.493711852924631545e-01	-1.831014602244837031e-01	1.547628348210871307e-01	-1.440294157439483136e-01	1.521940961586051022e-01	-1.336394254040556562e-01	1.287292207743140349e-01	-1.096117112824451928e-01	1.012926241676507799e-01	-1.663347629162688079e-01	1.244638587019675779e-01	-9.833407033866271851e-02	8.881873123340147669e-02	-8.180080901291125750e-02	1.099666428396541551e-01	-9.834201835206510256e-02	1.319927935725395685e-01
-1.012059609185839704e-01	1.150243506854929931e-01	-1.548223036181204382e-01	1.465224154020911274e-01	-2.111603514728128128e-01	1.408708679402918273e-01	-1.518686995135326567e-01	1.586795160542221195e-01	-1.802959362515374753e-01	1.523839322227261428e-01	-2.918566072625078944e-01	2.576065679099126537e-01	-4.382064595275184660e-01	2.520441779798787141e-01	-2.414769832529065352e-01	2.590091457121526664e-01	-4.479254834341241942e-01	1.000000000000002220e+00	-3.700581526757248385e-01	1.640116262201279373e-01	-2.842134053991128839e-01	2.756871563917401291e-01	-3.727334221289876903e-01	2.500416495407499773e-01	-1.850859831009251943e-01	1.588054851907752252e-01	-1.597125547386585576e-01	2.071531158828995023e-01	-1.932578806313487996e-01	2.103828369800131437e-01	-1.689395821920596230e-01	1.457434894969737438e-01	-1.917523875649365106e-01	1.618488040431370067e-01	-1.602946772275588017e-01	1.194075574699919179e-01	-1.132088478079522620e-01	1.869874796874069767e-01	-1.561115835443757371e-01	1.203987912372065650e-01	-1.026167565009520888e-01	9.276189433706430454e-02	-1.329630558258128037e-01	1.169390247331880683e-01	-1.651123060243012697e-01
6.881548401722571706e-02	-8.364218143581865494e-02	1.214618862588182496e-01	-1.365260617497991158e-01	1.861720745295253610e-01	-9.852272862787085639e-02	1.041297979879178826e-01	-1.308408425369962658e-01	1.622524052754825419e-01	-1.657840423988276579e-01	1.602119484241303626e-01	-1.553860002807152807e-01	2.235825870023025741e-01	-6.984951475682815714e-01	2.628029305434390062e-01	-1.474560247129012014e-01	1.799570137318346752e-01	-3.700581526757248385e-01	9.999999999999985567e-01	-3.128761301050836385e-01	1.628039926883584898e-01	-1.681287712036903803e-01	1.818046550582092802e-01	-2.948212240884275359e-01	2.301169067007693692e-01	-1.011928306184453619e-01	9.990491261400896716e-02	-1.415806350962093008e-01	1.677968522074531343e-01	-1.851434143153517231e-01	1.081446255098213322e-01	-9.688853370471126047e-02	1.271451143106156756e-01	-1.359567146893828904e-01	1.277648476595879823e-01	-8.413699628926844809e-02	7.855248952367223370e-02	-1.385050371484100873e-01	1.189824934432671538e-01	-9.387858766245803233e-02	7.167407289564711736e-02	-6.580222663674067940e-02	9.570688331068002985e-02	-8.725515019463037092e-02	1.215092660790459828e-01
-4.450124274536682023e-02	5.390490210099320445e-02	-8.242796077194318449e-02	9.283261532108509628e-02	-1.497947347997551359e-01	6.313137479174910083e-02	-6.727040350629304166e-02	8.499748636290202497e-02	-1.100637538440439878e-01	1.352141333669024670e-01	-1.012778237469339482e-01	9.112369792178784400e-02	-1.295346545248129422e-01	2.093738014352380106e-01	-2.742476244780364114e-01	9.150286243049127188e-02	-1.098231598554242211e-01	1.640116262201279373e-01	-3.128761301050836385e-01	9.999999999999991118e-01	-1.093952453930155805e-01	1.086062060456045447e-01	-1.224192502089205409e-01	1.994890405653530485e-01	-8.473622138176762908e-01	6.797752482003197039e-02	-6.770271680902463507e-02	9.594126457955541587e-02	-1.313817613276906937e-01	1.318431118828862214e-01	-7.427441758375699643e-02	6.577090858796426354e-02	-8.927782471231365813e-02	9.811815466108056438e-02	-9.485704380739604091e-02	5.798527471930197547e-02	-5.443797113341190125e-02	9.568811590581510762e-02	-8.752414820490139746e-02	6.810260388616506955e-02	-5.017503332365279983e-02	4.588482787203829877e-02	-6.811962335292906512e-02	6.203662559452765429e-02	-8.813162872826366123e-02
8.038343117028803886e-02	-9.286347673671928316e-02	1.100602998955141909e-01	-1.068721980142883221e-01	1.477841132211923647e-01	-1.176723769580638457e-01	1.150738883625711945e-01	-1.141219918389628774e-01	1.245324686616854915e-01	-1.051310162459998809e-01	2.394985975110508203e-01	-1.970566813743386547e-01	2.100510815908788742e-01	-1.537687754725599876e-01	1.572019154803628860e-01	-4.745544069760934125e-01	2.917153152087821333e-01	-2.842134053991128839e-01	1.628039926883584898e-01	-1.093952453930155805e-01	1.000000000000000000e+00	-4.708477449286089800e-01	2.513071824527552955e-01	-2.268687126138849708e-01	1.206881154332622164e-01	-4.121932894965801841e-01	2.466674886624915519e-01	-2.153312882534942907e-01	1.683251097854831513e-01	-2.166193131381257964e-01	2.399235739015786462e-01	-2.236473590656733179e-01	1.806912919522000172e-01	-1.561240145834692783e-01	1.490727828905998309e-01	-1.552971977961788985e-01	1.391135426042454659e-01	-2.120381053690671980e-01	1.453918422269785959e-01	-1.160215906847647943e-01	1.176482376228593918e-01	-1.094229640265977632e-01	1.352042046894711413e-01	-1.209511118329132523e-01	1.557937594254527047e-01
-7.211061681750183250e-02	8.180338380733377657e-02	-1.036911050991294464e-01	9.914573890375427689e-02	-1.437720820485373918e-01	1.018255723200353902e-01	-1.055057933916539598e-01	1.052869570587853798e-01	-1.186201867869149662e-01	1.012719409642752061e-01	-2.160100192872329294e-01	1.802478433329490759e-01	-2.141195893107550874e-01	1.478022575532051130e-01	-1.559735028444807770e-01	2.555504868762744075e-01	-4.120026339721736819e-01	2.756871563917401291e-01	-1.681287712036903803e-01	1.086062060456045447e-01	-4.708477449286089800e-01	1.000000000000003109e+00	-5.502323000578949186e-01	2.337003785165632785e-01	-1.252631608314607459e-01	2.261250032769864804e-01	-2.899359836980909266e-01	2.378183413409865332e-01	-1.827702841605595430e-01	1.905367319857809161e-01	-2.152743877269923667e-01	1.956227544802469631e-01	-2.120741259902926557e-01	1.542835182447521436e-01	-1.488483452106518501e-01	1.331057262578984601e-01	-1.282536216406849894e-01	1.916028030107788105e-01	-1.462122836596526088e-01	1.128267093879803673e-01	-1.096891551143721055e-01	9.936513335138680292e-02	-1.316186417482923254e-01	1.136759226452167121e-01	-1.547595676110727070e-01
6.285855996008095359e-02	-7.265518063059681064e-02	9.625652728490595444e-02	-9.451820804367240536e-02	1.391208159429434821e-01	-8.885398607159139539e-02	9.257539733834038720e-02	-9.775891560393190627e-02	1.124833658850373092e-01	-9.979141322158970040e-02	1.718603381518201689e-01	-1.503724383302004475e-01	1.935233518722988544e-01	-1.556560241758164764e-01	1.550583954346234361e-01	-1.881145174270877629e-01	2.396856775832766073e-01	-3.727334221289876903e-01	1.818046550582092802e-01	-1.224192502089205409e-01	2.513071824527552955e-01	-5.502323000578949186e-01	1.000000000000000666e+00	-4.009959626227277973e-01	1.385965830145535482e-01	-1.665980448646997569e-01	1.787420048361646197e-01	-4.566026809030108158e-01	2.208079469028979280e-01	-2.126533184693623624e-01	1.640284023459445129e-01	-1.606236311592954269e-01	2.503887778420658128e-01	-1.850143831494762414e-01	1.619047087657583261e-01	-1.233987466884171047e-01	1.183352173860565126e-01	-2.192523496854186793e-01	1.548970915647263358e-01	-1.211461915557240643e-01	1.027818494902797419e-01	-9.536559879175385279e-02	1.351050973106105724e-01	-1.191472047088714958e-01	1.584350116412979459e-01
-6.750645238936682502e-02	7.834374875896692181e-02	-1.133536726650786336e-01	1.143729004466445681e-01	-1.833092229495889847e-01	9.411004364964647984e-02	-1.004058006813581122e-01	1.124299576281627272e-01	-1.383819147212723144e-01	1.318232102301537256e-01	-1.738583137413872992e-01	1.454024517455910492e-01	-2.022154767022699418e-01	2.054504626748256679e-01	-2.175078750482294376e-01	1.633488407132365761e-01	-2.036791076927220723e-01	2.500416495407499773e-01	-2.948212240884275359e-01	1.994890405653530485e-01	-2.268687126138849708e-01	2.337003785165632785e-01	-4.009959626227277973e-01	9.999999999999968914e-01	-2.829823426827962618e-01	1.387059506654347296e-01	-1.446625766021558124e-01	2.290452210118039400e-01	-5.705607736537124941e-01	2.649812263763066666e-01	-1.544807820156175737e-01	1.357864676518324709e-01	-2.198590891610749110e-01	2.575920443323788667e-01	-2.354528729420154454e-01	1.185329834342247063e-01	-1.141392766722601343e-01	2.004971526512044633e-01	-2.120499437508347185e-01	1.574250532638521438e-01	-1.056284462294120319e-01	9.610643828114678877e-02	-1.487837143985151489e-01	1.347178856095482824e-01	-1.963080389074580712e-01
4.796646206368942317e-02	-5.821730456084242555e-02	8.611234008851761934e-02	-9.721738744490600326e-02	1.422698739705489379e-01	-6.833573018112608366e-02	7.191206141049259759e-02	-8.964738525961758742e-02	1.106132636972381317e-01	-1.326812490572419345e-01	1.091682290138503569e-01	-9.860286537131955631e-02	1.356064300768747288e-01	-2.124932116581302044e-01	2.089630477522465002e-01	-1.014118263014319732e-01	1.196667622406483583e-01	-1.850859831009251943e-01	2.301169067007693692e-01	-8.473622138176762908e-01	1.206881154332622164e-01	-1.252631608314607459e-01	1.385965830145535482e-01	-2.829823426827962618e-01	9.999999999999971134e-01	-7.675968065276617125e-02	7.630245429923718237e-02	-1.116551583256969460e-01	1.495204824011330536e-01	-1.603566360741718599e-01	8.326583078743168831e-02	-7.479923540648994451e-02	1.014770764536300912e-01	-1.164647557314844317e-01	1.087618021571823274e-01	-6.622505362093851489e-02	6.192842117020103121e-02	-1.107094008500137394e-01	9.913697345312318110e-02	-7.828288471161384821e-02	5.684141081842791071e-02	-5.225467671430182592e-02	7.718502768221026378e-02	-7.091097036030136191e-02	9.941586905004697050e-02
-4.663043605326754049e-02	5.310754441459945852e-02	-6.752465015525811742e-02	6.496239506200224278e-02	-9.442688686930550412e-02	6.606825981386239832e-02	-6.747711793704577743e-02	6.809651974820989107e-02	-7.694849688200341986e-02	6.582733788723027502e-02	-1.364992147663468547e-01	1.076490081489092365e-01	-1.285352352775459284e-01	9.294444877901472668e-02	-1.001867170543831315e-01	1.704431739999691942e-01	-1.677614005738755909e-01	1.588054851907752252e-01	-1.011928306184453619e-01	6.797752482003197039e-02	-4.121932894965801841e-01	2.261250032769864804e-01	-1.665980448646997569e-01	1.387059506654347296e-01	-7.675968065276617125e-02	9.999999999999971134e-01	-6.028318072562660612e-01	1.564103062949929457e-01	-1.143258268601213407e-01	1.381474068146973655e-01	-5.488131548662376069e-01	3.100954755142723562e-01	-1.451509970442365349e-01	1.069182481571951254e-01	-1.044572817016277966e-01	1.710416119458073869e-01	-1.600002937162352257e-01	1.621390365933253752e-01	-1.077234495350312127e-01	8.424479515483540570e-02	-1.252042712919888556e-01	1.103317210488686806e-01	-1.132751277617263658e-01	9.472026717127224327e-02	-1.204498160555340647e-01
4.375612147454167183e-02	-5.031331269382864624e-02	6.464013875587044933e-02	-6.269687048872391033e-02	9.157840278384345167e-02	-6.215597179681692924e-02	6.358422417174718067e-02	-6.524135859561865092e-02	7.407090008159876449e-02	-6.402416253672840729e-02	1.226213279279678714e-01	-1.014909473956143449e-01	1.218170990323885483e-01	-9.138101688969538228e-02	9.766260456307397642e-02	-1.515142283450675031e-01	1.578381536319669320e-01	-1.597125547386585576e-01	9.990491261400896716e-02	-6.770271680902463507e-02	2.466674886624915519e-01	-2.899359836980909266e-01	1.787420048361646197e-01	-1.446625766021558124e-01	7.630245429923718237e-02	-6.028318072562660612e-01	9.999999999999963363e-01	-1.965587945513054269e-01	1.177850508098868543e-01	-1.405751434499948882e-01	3.199033679077117887e-01	-5.974656397368833805e-01	1.613528542187477877e-01	-1.114593455890030421e-01	1.060194104894941897e-01	-1.801053088715086903e-01	1.734376107889951946e-01	-1.765068541367233457e-01	1.086964991441982803e-01	-8.546951670975527771e-02	1.240392830670300484e-01	-1.197215886898368720e-01	1.161267789110616011e-01	-9.749241155752928767e-02	1.204907927872929663e-01
-5.273644978325395943e-02	6.038830444713193246e-02	-8.269575877517708340e-02	8.040066539569026838e-02	-1.229675095219720377e-01	7.358765707628024677e-02	-7.756848585228007242e-02	8.204480409678296948e-02	-9.639002173721375466e-02	8.550939025341398880e-02	-1.433908043138997224e-01	1.178674800009466422e-01	-1.567671530408625835e-01	1.222863981126916244e-01	-1.336467563348821552e-01	1.443355135373257381e-01	-1.787581024813152120e-01	2.071531158828995023e-01	-1.415806350962093008e-01	9.594126457955541587e-02	-2.153312882534942907e-01	2.378183413409865332e-01	-4.566026809030108158e-01	2.290452210118039400e-01	-1.116551583256969460e-01	1.564103062949929457e-01	-1.965587945513054269e-01	9.999999999999970024e-01	-2.388389108303220210e-01	2.013883168988677419e-01	-1.721412941759501158e-01	1.668059353527727162e-01	-6.855220964796344685e-01	2.071664677371035934e-01	-1.811259320115454763e-01	1.328076181693701452e-01	-1.377330753725636014e-01	2.620171831431369336e-01	-1.794902147298368944e-01	1.348716326493483164e-01	-1.189327594933369397e-01	1.085623155180805849e-01	-1.686431306443249289e-01	1.359870496348451196e-01	-1.861733544895210479e-01
5.108081651091121028e-02	-5.949127469404864171e-02	8.456483945808837555e-02	-8.512011097566966888e-02	1.319892993508879064e-01	-7.146724170348493776e-02	7.554628714561864578e-02	-8.396917961186350920e-02	1.010470197934894426e-01	-9.450227850020448406e-02	1.297846123624073478e-01	-1.093654777120451893e-01	1.475966864363035813e-01	-1.452473937650023972e-01	1.484943106200743712e-01	-1.253208416304179562e-01	1.493711852924631545e-01	-1.932578806313487996e-01	1.677968522074531343e-01	-1.313817613276906937e-01	1.683251097854831513e-01	-1.827702841605595430e-01	2.208079469028979280e-01	-5.705607736537124941e-01	1.495204824011330536e-01	-1.143258268601213407e-01	1.177850508098868543e-01	-2.388389108303220210e-01	9.999999999999983347e-01	-4.006711908839274416e-01	1.269929777273179072e-01	-1.177537741545777727e-01	2.087953686711562229e-01	-5.484418924610997559e-01	2.745330613761599592e-01	-1.087132099902385074e-01	1.036408901806430971e-01	-2.024804092807415690e-01	2.239570269988991058e-01	-1.822883473541342114e-01	9.506988090193546626e-02	-8.895200317404855506e-02	1.390534969552799649e-01	-1.360393448965696306e-01	1.869124907277499581e-01
-6.742736781659962320e-02	7.737148429372806002e-02	-1.148910209933126786e-01	1.121142445164137330e-01	-1.873431922426794516e-01	9.279062267930190955e-02	-9.987044607202491542e-02	1.100435800932319380e-01	-1.357304545876260315e-01	1.246061948961545152e-01	-1.716904582268118651e-01	1.377537567655655881e-01	-1.915964582749052347e-01	1.603982503583800678e-01	-1.984803497885840318e-01	1.540606430607223687e-01	-1.831014602244837031e-01	2.103828369800131437e-01	-1.851434143153517231e-01	1.318431118828862214e-01	-2.166193131381257964e-01	1.905367319857809161e-01	-2.126533184693623624e-01	2.649812263763066666e-01	-1.603566360741718599e-01	1.381474068146973655e-01	-1.405751434499948882e-01	2.013883168988677419e-01	-4.006711908839274416e-01	1.000000000000000222e+00	-1.642304597179601033e-01	1.404947728654844519e-01	-2.165309019904450571e-01	3.100789098868985127e-01	-5.855172409271718337e-01	1.361533573567398347e-01	-1.316018819244779703e-01	2.291468779303186265e-01	-3.253899115681184173e-01	2.571142239853196343e-01	-1.295564747153701568e-01	1.169997763621568876e-01	-1.996973908238514339e-01	1.875844511122177760e-01	-3.147934699774309619e-01
4.766169249736333657e-02	-5.510806802792138359e-02	7.149509866174243167e-02	-6.975358547939380927e-02	1.023492350727606970e-01	-6.773565647856016891e-02	6.920494983573463599e-02	-7.188401958707524297e-02	8.198843125276274180e-02	-7.119641754164392211e-02	1.294702604845508476e-01	-1.072170408551631898e-01	1.301895899235802900e-01	-1.001755770772542603e-01	1.082663149487159970e-01	-1.568632776611696145e-01	1.547628348210871307e-01	-1.689395821920596230e-01	1.081446255098213322e-01	-7.427441758375699643e-02	2.399235739015786462e-01	-2.152743877269923667e-01	1.640284023459445129e-01	-1.544807820156175737e-01	8.326583078743168831e-02	-5.488131548662376069e-01	3.199033679077117887e-01	-1.721412941759501158e-01	1.269929777273179072e-01	-1.642304597179601033e-01	1.000000000000001110e+00	-5.853381537579467331e-01	1.629294782543775355e-01	-1.236718031433953480e-01	1.198035162651618774e-01	-3.274005667258262919e-01	2.305113137028051151e-01	-2.138610497713265557e-01	1.247959982056722206e-01	-9.928778369788310298e-02	1.737008983913266580e-01	-1.629325382617632656e-01	1.416622526970253981e-01	-1.195671236591058922e-01	1.412175013608398810e-01
-4.215641825075683302e-02	4.822161953682570223e-02	-6.357468187931737680e-02	6.141284866335847831e-02	-9.158592129458723030e-02	5.929950167267854927e-02	-6.140097778276971258e-02	6.340437935471406050e-02	-7.296064023624386496e-02	6.330742350984719380e-02	-1.173814587931142628e-01	9.473592787306804597e-02	-1.181709070063067107e-01	8.815881374214305788e-02	-9.708537815876258636e-02	1.318631986393707101e-01	-1.440294157439483136e-01	1.457434894969737438e-01	-9.688853370471126047e-02	6.577090858796426354e-02	-2.236473590656733179e-01	1.956227544802469631e-01	-1.606236311592954269e-01	1.357864676518324709e-01	-7.479923540648994451e-02	3.100954755142723562e-01	-5.974656397368833805e-01	1.668059353527727162e-01	-1.177537741545777727e-01	1.404947728654844519e-01	-5.853381537579467331e-01	9.999999999999964473e-01	-1.801854412266041539e-01	1.135714551550603829e-01	-1.109372364656413396e-01	2.331818768239288242e-01	-3.109840433045056862e-01	1.935862793631406842e-01	-1.184755735194202853e-01	9.214076401251652948e-02	-1.736491404022977580e-01	1.591117759224955075e-01	-1.396232377306002026e-01	1.109222535651730734e-01	-1.359566888443077270e-01
4.760315973557886771e-02	-5.495263736929122123e-02	7.524474737562877880e-02	-7.387242359224947819e-02	1.123891553446504099e-01	-6.672946864734805028e-02	6.994892466378722917e-02	-7.482191134654082865e-02	8.780263965991874642e-02	-7.843333180585547459e-02	1.259611585281485424e-01	-1.053534494154743373e-01	1.379286524723931928e-01	-1.129829674468390138e-01	1.216484292773117593e-01	-1.289136893772616643e-01	1.521940961586051022e-01	-1.917523875649365106e-01	1.271451143106156756e-01	-8.927782471231365813e-02	1.806912919522000172e-01	-2.120741259902926557e-01	2.503887778420658128e-01	-2.198590891610749110e-01	1.014770764536300912e-01	-1.451509970442365349e-01	1.613528542187477877e-01	-6.855220964796344685e-01	2.087953686711562229e-01	-2.165309019904450571e-01	1.629294782543775355e-01	-1.801854412266041539e-01	9.999999999999971134e-01	-2.779963338133144557e-01	1.863729755301039848e-01	-1.489091923606900292e-01	1.538520536547652029e-01	-4.683871252795673845e-01	1.831566406197387975e-01	-1.431445185154593680e-01	1.254543154942291960e-01	-1.210206350383424695e-01	1.831867736403325064e-01	-1.530712381341741424e-01	1.853860566340309601e-01
-4.596625913500677202e-02	5.313255495888184743e-02	-7.602992806992661667e-02	7.524836995986813881e-02	-1.195866485763066173e-01	6.395267929122419592e-02	-6.790400662472380333e-02	7.453579989648193016e-02	-9.005910650568826892e-02	8.270010762853691189e-02	-1.181241667012025154e-01	9.731765120516303047e-02	-1.321545768039122659e-01	1.164862155085203549e-01	-1.308496880882365210e-01	1.122476539910561705e-01	-1.336394254040556562e-01	1.618488040431370067e-01	-1.359567146893828904e-01	9.811815466108056438e-02	-1.561240145834692783e-01	1.542835182447521436e-01	-1.850143831494762414e-01	2.575920443323788667e-01	-1.164647557314844317e-01	1.069182481571951254e-01	-1.114593455890030421e-01	2.071664677371035934e-01	-5.484418924610997559e-01	3.100789098868985127e-01	-1.236718031433953480e-01	1.135714551550603829e-01	-2.779963338133144557e-01	9.999999999999984457e-01	-5.389201595292153479e-01	1.094004530764685623e-01	-1.064774208042915532e-01	2.097512966879965524e-01	-3.947325054039371728e-01	2.483442360986903019e-01	-9.935560113441610497e-02	9.307441823957342264e-02	-1.566070630298031507e-01	1.580074596408770904e-01	-2.263262974797464744e-01
