1.000000000000000000e+00	-3.049763317721996825e-01	1.646952667301045392e-01	-1.180655434839288087e-01	1.350245613881567996e-01	-8.980536744209703937e-01	1.808084369564556815e-01	-1.202138244176851611e-01	1.003810943065524958e-01	-9.746537420924776540e-02	1.243102811288619297e-01	-1.235188669691339863e-01	1.176104670665417823e-01	-7.266248599482202919e-02	7.764237743505743305e-02	-7.751898989766542458e-02	8.471802116030183183e-02	-6.663547403601223496e-02	5.478650715724404929e-02	-6.359107223034002332e-02	6.361789134460410500e-02	-8.258666452824080240e-02	6.367106331905356131e-02	-3.657964149002400356e-02	3.378431022978636150e-02	-3.823425996701089458e-02	3.276006496834459047e-02	-2.941284617135889526e-02	2.423479818438406194e-02	-1.889112857197648362e-02	1.816142224053649348e-02	-2.540477424966752426e-02	2.647452236921586655e-02	-2.378650146936579779e-02	1.781918144259850637e-02	-2.170883288248664361e-02	2.556877962744182053e-02	-1.981635064375299182e-02	1.340738995675224213e-02	-1.016471133015134191e-02	2.248898422212380205e-02	-1.651333087113518797e-02	2.391987648928894927e-02	-1.065219020579270121e-02	1.030000258616373815e-02
-3.049763317721996825e-01	1.000000000000000222e+00	-6.824440459179359486e-01	2.740515546873860675e-01	-3.384969087389098075e-01	2.220451046812426388e-01	-3.387863188645706125e-01	2.543006415065640069e-01	-2.331538974282965637e-01	2.010953441158202515e-01	-1.586170134125409192e-01	1.851409045816415910e-01	-2.590938047605762518e-01	1.442335840368509925e-01	-1.591999863708906116e-01	1.086075221725230078e-01	-1.351236257169179389e-01	1.103324236410875014e-01	-9.953928930662463148e-02	1.113076038755217850e-01	-9.537257046706627828e-02	1.234533226685444185e-01	-1.064713138408281828e-01	6.138635667699602477e-02	-5.772411704860391096e-02	5.699874194663562960e-02	-4.984193548372595900e-02	4.703252506619805262e-02	-3.903745366902813124e-02	2.966518634831531026e-02	-2.765217857444425900e-02	3.888333035244425501e-02	-4.214089701941685362e-02	3.763074777221973172e-02	-2.815165762100003966e-02	3.290248523915469819e-02	-3.938445630441177181e-02	3.073501111307551381e-02	-2.081572268453427479e-02	1.579447496321929531e-02	-3.458689737313058732e-02	2.541438594767457537e-02	-3.714878753443123793e-02	1.652116056165853913e-02	-1.602341212975864904e-02
1.646952667301045392e-01	-6.824440459179359486e-01	9.999999999999998890e-01	-4.770689886706634408e-01	2.752482967539336967e-01	-1.771204200156127895e-01	2.300836134843183001e-01	-3.536329324374230532e-01	2.343746384671332450e-01	-2.102873805742619395e-01	1.287146718138370005e-01	-1.636037642544349024e-01	2.272723224247816531e-01	-1.383068004163811593e-01	1.415061849894912183e-01	-9.502288853455101436e-02	1.123962595872663728e-01	-1.001394154981253143e-01	8.968579642938576124e-02	-1.033850945986532904e-01	8.163371233661316506e-02	-1.100473665493277714e-01	9.292473577323503986e-02	-5.563422961487967527e-02	5.152326782884220774e-02	-5.044800138571805398e-02	4.360159562488204188e-02	-4.154831281931282289e-02	3.434691453867066979e-02	-2.631853775515118760e-02	2.437434072097811877e-02	-3.429010337414309384e-02	3.700417513121694035e-02	-3.327723545710774278e-02	2.483958894925483718e-02	-2.911629344271318004e-02	3.454667796993014101e-02	-2.703823777806302342e-02	1.829363504328986381e-02	-1.392528234157405440e-02	3.032228923240048307e-02	-2.232764031715906566e-02	3.256842691696985870e-02	-1.452954320405515885e-02	1.410809196025583981e-02
-1.180655434839288087e-01	2.740515546873860675e-01	-4.770689886706634408e-01	9.999999999999998890e-01	-6.321869940370928864e-01	1.210155565201934263e-01	-2.064357624698543447e-01	2.412219891957921580e-01	-4.487748515372314562e-01	2.836710205347938718e-01	-1.269238583109520424e-01	1.450701440302627210e-01	-2.283526927874784951e-01	1.537896672698730316e-01	-1.682390101295303808e-01	9.030891264054549672e-02	-1.075718158592385704e-01	1.006709981446127083e-01	-9.640072025748708251e-02	1.095820358781354475e-01	-7.936859014807363943e-02	1.044440465197149503e-01	-9.473926145923890207e-02	5.766917615221676952e-02	-5.393827514645276044e-02	4.976143940603611898e-02	-4.334154451514376366e-02	4.205461262413250079e-02	-3.493619518262475881e-02	2.660810832428786923e-02	-2.430708845373827712e-02	3.425757642779390238e-02	-3.748953053872013802e-02	3.364609141077339743e-02	-2.518986890271325899e-02	2.900701008721441251e-02	-3.468349464796591231e-02	2.720177971242905904e-02	-1.843771592756747110e-02	1.403546905873253453e-02	-3.045935808823960200e-02	2.241742775213659278e-02	-3.281777914718898154e-02	1.463454721710880958e-02	-1.423028471261073014e-02
1.350245613881567996e-01	-3.384969087389098075e-01	2.752482967539336967e-01	-6.321869940370928864e-01	1.000000000000000444e+00	-1.554767433265231147e-01	2.183023421623107863e-01	-2.416187710990249371e-01	3.031621782894733386e-01	-4.681185758150919751e-01	1.664873933970855979e-01	-1.844980933857620353e-01	2.262225854569955286e-01	-1.879848010285396775e-01	1.963034004184969483e-01	-1.210845016324631485e-01	1.344942586166399945e-01	-1.319807394975728854e-01	1.209063121019791492e-01	-1.465774877749515537e-01	1.040138697285149239e-01	-1.398728903103481913e-01	1.207664042403010785e-01	-7.722241432741706879e-02	7.054398455155841408e-02	-6.833558219200522310e-02	5.850685455789233352e-02	-5.594377640139752694e-02	4.622235606913541878e-02	-3.598001534393618916e-02	3.305104852512137648e-02	-4.649374690292868567e-02	4.978177758724746521e-02	-4.512844999158165810e-02	3.381269676020014214e-02	-3.966996794311073576e-02	4.678723677941248188e-02	-3.666699131553067398e-02	2.483762887453410187e-02	-1.895173931606246656e-02	4.111934518621044449e-02	-3.029887297339074748e-02	4.410060249482406630e-02	-1.973254848727532332e-02	1.918584654651902394e-02
-8.980536744209703937e-01	2.220451046812426388e-01	-1.771204200156127895e-01	1.210155565201934263e-01	-1.554767433265231147e-01	1.000000000000000444e+00	-2.348148188647809498e-01	1.286238992363597788e-01	-1.108435482935123395e-01	1.043022521938123948e-01	-1.512552161101209380e-01	1.313007011693384241e-01	-1.335777073881179722e-01	7.921200517644094719e-02	-8.643556610244777783e-02	8.369540729399528589e-02	-9.429905518713717349e-02	7.132858540110670331e-02	-5.961393606746125118e-02	6.805623222611628664e-02	-6.973547726099656174e-02	8.785045365895056968e-02	-6.936803950113813733e-02	3.924420175862212284e-02	-3.656527188851810273e-02	4.085033413404013519e-02	-3.528950783982866962e-02	3.168423725256375861e-02	-2.617842767946692087e-02	2.025510711146333298e-02	-1.947597947622157349e-02	2.724923084935223019e-02	-2.857877159115229659e-02	2.557511849485404748e-02	-1.916706029178300366e-02	2.321624746814360263e-02	-2.751003171354910598e-02	2.130422301133520421e-02	-1.441866935507831772e-02	1.091491854155948911e-02	-2.419241954738402672e-02	1.774842689114801420e-02	-2.575984442037842007e-02	1.145081089591259635e-02	-1.106880163139097387e-02
1.808084369564556815e-01	-3.387863188645706125e-01	2.300836134843183001e-01	-2.064357624698543447e-01	2.183023421623107863e-01	-2.348148188647809498e-01	1.000000000000000222e+00	-3.986575580786779205e-01	2.078753262589621842e-01	-2.112582552350794896e-01	2.152941511949854891e-01	-5.815856507252585850e-01	2.732220473424215590e-01	-1.697908743284231303e-01	1.694246697951972136e-01	-2.008824085605304954e-01	2.543872443827275287e-01	-1.748086389659387341e-01	1.311897204738850520e-01	-1.550660043033792457e-01	1.623964156873358433e-01	-2.419205964606069015e-01	1.605109032579734307e-01	-8.880525570943503810e-02	8.061759922955048785e-02	-9.120212298438262755e-02	7.804934361365928330e-02	-7.099136650681257821e-02	5.793854021981414970e-02	-4.432348416779322009e-02	4.274979509339544431e-02	-5.990722401799318531e-02	6.293487212260527597e-02	-5.655935564940181570e-02	4.166022399702706824e-02	-5.091496965106588612e-02	5.959444674576802603e-02	-4.635450805146488357e-02	3.115288583194639541e-02	-2.366242380202911860e-02	5.211472753314397993e-02	-3.841657309035696743e-02	5.565466316405953684e-02	-2.477821154365209347e-02	2.394547785146117561e-02
-1.202138244176851611e-01	2.543006415065640069e-01	-3.536329324374230532e-01	2.412219891957921580e-01	-2.416187710990249371e-01	1.286238992363597788e-01	-3.986575580786779205e-01	1.000000000000000888e+00	-4.140475602161909352e-01	2.560320155983226709e-01	-1.415394407689576639e-01	2.150761180477330226e-01	-6.252200057937948863e-01	2.139540264864484287e-01	-2.162731810166722557e-01	1.124488601054710324e-01	-1.443785682042244556e-01	1.322484078749818215e-01	-1.257498242476734474e-01	1.365204005208211502e-01	-9.799522217993887618e-02	1.341007857628297162e-01	-1.213975799640594211e-01	7.066478133181608445e-02	-6.636740638596373698e-02	5.882210683945305468e-02	-5.141149893797919423e-02	5.121651312882540691e-02	-4.245868543900385012e-02	3.171082715715630579e-02	-2.875272169582831702e-02	4.061987943125517503e-02	-4.529341542801895715e-02	4.047569037744346010e-02	-3.004287029683407398e-02	3.421734804233946686e-02	-4.100432560765627371e-02	3.230310078105738669e-02	-2.184507755900505152e-02	1.664949445859537774e-02	-3.591485192255381570e-02	2.648351716245610915e-02	-3.889763175697442260e-02	1.734204058928907888e-02	-1.687450645570599123e-02
1.003810943065524958e-01	-2.331538974282965637e-01	2.343746384671332450e-01	-4.487748515372314562e-01	3.031621782894733386e-01	-1.108435482935123395e-01	2.078753262589621842e-01	-4.140475602161909352e-01	1.000000000000001110e+00	-6.444883717374073617e-01	1.255366053270882687e-01	-1.605006193318197771e-01	2.632987659310007666e-01	-2.399287519778735833e-01	2.261015148365355387e-01	-9.605861548722006982e-02	1.140879924038093185e-01	-1.181373044279973306e-01	1.208622143373544455e-01	-1.394139126588413435e-01	8.380555349039586766e-02	-1.138822593984408216e-01	1.067748149006287617e-01	-6.811398455384683193e-02	6.326227249226290539e-02	-5.289384632201752506e-02	4.602147865779024349e-02	-4.651676327199575495e-02	3.863185283442552992e-02	-2.916879546953521363e-02	2.600453744859544669e-02	-3.677800983675304225e-02	4.103912798994623079e-02	-3.696732806792493026e-02	2.754677308748110925e-02	-3.105711596557162932e-02	3.714284036066715228e-02	-2.934275501545843823e-02	1.987502357003241224e-02	-1.519053056256677858e-02	3.256224963476962719e-02	-2.403089762379947633e-02	3.529124495356789071e-02	-1.577839191728503190e-02	1.538817258568115146e-02
-9.746537420924776540e-02	2.010953441158202515e-01	-2.102873805742619395e-01	2.836710205347938718e-01	-4.681185758150919751e-01	1.043022521938123948e-01	-2.112582552350794896e-01	2.560320155983226709e-01	-6.444883717374073617e-01	1.000000000000000888e+00	-1.341382450838804752e-01	1.549676210412263833e-01	-2.929555266562275939e-01	2.399906643484722157e-01	-3.751292634477134125e-01	9.808858975418681403e-02	-1.188048684852501119e-01	1.249664235327534040e-01	-1.373130189717833016e-01	1.527073071120896852e-01	-8.785373051055493654e-02	1.159516202094441617e-01	-1.177515698269716304e-01	7.391320062076492392e-02	-7.048494342523826950e-02	5.563932423881187000e-02	-4.896701576196127448e-02	5.036217264493635798e-02	-4.212839049907238231e-02	3.143726578702486091e-02	-2.771516933787881998e-02	3.927277484910740579e-02	-4.463101831098442718e-02	3.992270929095673854e-02	-2.988678516984743377e-02	3.301404297531789628e-02	-3.997274120873169079e-02	3.161766059869242085e-02	-2.147277983734692877e-02	1.638746054491213924e-02	-3.507886074571207186e-02	2.584930358804553990e-02	-3.815980876365698132e-02	1.702882880513274105e-02	-1.662472996624721894e-02
1.243102811288619297e-01	-1.586170134125409192e-01	1.287146718138370005e-01	-1.269238583109520424e-01	1.664873933970855979e-01	-1.512552161101209380e-01	2.152941511949854891e-01	-1.415394407689576639e-01	1.255366053270882687e-01	-1.341382450838804752e-01	1.000000000000001332e+00	-2.485994451796319504e-01	1.695402625104578398e-01	-1.179192873412257397e-01	1.268420469302284914e-01	-4.029522426395661383e-01	2.202100923901323948e-01	-1.598389953749012604e-01	1.135365079750067924e-01	-1.356064463331083381e-01	2.361822693635229342e-01	-2.486560857604356856e-01	1.602630999687887359e-01	-8.787057876678777690e-02	7.969820047710934885e-02	-1.390925969239564519e-01	1.122567991010319371e-01	-8.568296444587690519e-02	6.974943960047351454e-02	-5.898482097655892431e-02	6.257425910340441710e-02	-8.598746236950213784e-02	7.964073328085781445e-02	-7.220864966909550098e-02	5.506045247702003737e-02	-7.573896457922180137e-02	8.595630599921616488e-02	-6.501629000929594338e-02	4.411169715589791790e-02	-3.324387088799632406e-02	7.627965736783909323e-02	-5.566680761308732267e-02	7.867335501560675237e-02	-3.510991651621406945e-02	3.362712480368681978e-02
-1.235188669691339863e-01	1.851409045816415910e-01	-1.636037642544349024e-01	1.450701440302627210e-01	-1.844980933857620353e-01	1.313007011693384241e-01	-5.815856507252585850e-01	2.150761180477330226e-01	-1.605006193318197771e-01	1.549676210412263833e-01	-2.485994451796319504e-01	1.000000000000000888e+00	-2.774194549298997781e-01	1.442597647312482967e-01	-1.545668961379362272e-01	2.117022942180521172e-01	-5.720443797437351208e-01	1.689899379508325028e-01	-1.247094208724122549e-01	1.355793468590955342e-01	-1.953198314296918925e-01	2.518934630435081812e-01	-1.755736819751074207e-01	8.173284315984308268e-02	-7.671940127521642561e-02	8.848024107844959518e-02	-7.931531366891732271e-02	7.072294337690067378e-02	-5.808631209876653073e-02	4.230585263624779546e-02	-4.184245173611109148e-02	5.859601702156543718e-02	-6.316824888115091241e-02	5.530462842496006171e-02	-4.041251757024673374e-02	4.891888526019436828e-02	-5.897376332250966330e-02	4.553308511116829077e-02	-3.056308958526956013e-02	2.298468217602750094e-02	-5.146214308375234719e-02	3.774924361330470740e-02	-5.511845055091933732e-02	2.426958852884871648e-02	-2.334333483819179059e-02
1.176104670665417823e-01	-2.590938047605762518e-01	2.272723224247816531e-01	-2.283526927874784951e-01	2.262225854569955286e-01	-1.335777073881179722e-01	2.732220473424215590e-01	-6.252200057937948863e-01	2.632987659310007666e-01	-2.929555266562275939e-01	1.695402625104578398e-01	-2.774194549298997781e-01	1.000000000000000666e+00	-4.019652818779218539e-01	2.589521559451632982e-01	-1.432029116346158482e-01	1.725704463405374200e-01	-1.943982095672155963e-01	1.734134222810220227e-01	-1.950882737461112071e-01	1.224332181542508446e-01	-1.746999041456153978e-01	1.586487081677006306e-01	-9.643341497217013114e-02	8.858067065634529780e-02	-7.550025618019166884e-02	6.537122374952759885e-02	-6.679922684886988038e-02	5.505623107541313122e-02	-4.126978777190860176e-02	3.686728713838039601e-02	-5.218254415279682812e-02	5.838350847366127055e-02	-5.262020438242216019e-02	3.882362287160368713e-02	-4.403336075027119295e-02	5.231027994998845715e-02	-4.144581900199331009e-02	2.797213844112969930e-02	-2.142052971624511595e-02	4.574029552789300040e-02	-3.384292115600140427e-02	4.965297093190644551e-02	-2.222595357852207715e-02	2.167083157644603131e-02
-7.266248599482202919e-02	1.442335840368509925e-01	-1.383068004163811593e-01	1.537896672698730316e-01	-1.879848010285396775e-01	7.921200517644094719e-02	-1.697908743284231303e-01	2.139540264864484287e-01	-2.399287519778735833e-01	2.399906643484722157e-01	-1.179192873412257397e-01	1.442597647312482967e-01	-4.019652818779218539e-01	1.000000000000001332e+00	-7.346090066599476609e-01	9.411303277329645389e-02	-1.179901526574040349e-01	1.733183398999719460e-01	-3.271667967656618492e-01	2.469298492294797753e-01	-8.700064112152426643e-02	1.183722258550913842e-01	-1.532028327870872120e-01	1.004418035620736754e-01	-9.825096114181955387e-02	5.518225498216676461e-02	-4.925105973488188432e-02	5.826010151651976610e-02	-4.900295537609983265e-02	3.456126438849982385e-02	-2.835424078434881437e-02	4.066336087320392839e-02	-5.028446175964482873e-02	4.473132144120213483e-02	-3.292406360211208582e-02	3.361485157631213111e-02	-4.140535737424635987e-02	3.348053061855446599e-02	-2.270810910251966352e-02	1.747301004351619474e-02	-3.613621670960764920e-02	2.679325620738200880e-02	-4.020505403179805426e-02	1.799889256591062289e-02	-1.771256815873017282e-02
7.764237743505743305e-02	-1.591999863708906116e-01	1.415061849894912183e-01	-1.682390101295303808e-01	1.963034004184969483e-01	-8.643556610244777783e-02	1.694246697951972136e-01	-2.162731810166722557e-01	2.261015148365355387e-01	-3.751292634477134125e-01	1.268420469302284914e-01	-1.545668961379362272e-01	2.589521559451632982e-01	-7.346090066599476609e-01	1.000000000000001554e+00	-1.024483707801366328e-01	1.217124670360622274e-01	-1.776572365893865357e-01	2.386204786079369200e-01	-3.256761562681686484e-01	9.228019276959610606e-02	-1.278924711951108795e-01	1.498387548588677176e-01	-1.147206977184248994e-01	1.070233116223842512e-01	-6.001351868796624134e-02	5.284853855310767123e-02	-6.127267047397724070e-02	5.139985697536967463e-02	-3.725810645559247958e-02	3.050170252745831520e-02	-4.364743504501935462e-02	5.263398692105394211e-02	-4.766452811799196804e-02	3.515715620051743789e-02	-3.633737685808164503e-02	4.415466398810224957e-02	-3.565709985676922961e-02	2.417778899509961943e-02	-1.867042104228767638e-02	3.854274727348956653e-02	-2.861700620913777693e-02	4.266553705843745964e-02	-1.918125702082703471e-02	1.889636634409156551e-02
-7.751898989766542458e-02	1.086075221725230078e-01	-9.502288853455101436e-02	9.030891264054549672e-02	-1.210845016324631485e-01	8.369540729399528589e-02	-2.008824085605304954e-01	1.124488601054710324e-01	-9.605861548722006982e-02	9.808858975418681403e-02	-4.029522426395661383e-01	2.117022942180521172e-01	-1.432029116346158482e-01	9.411303277329645389e-02	-1.024483707801366328e-01	1.000000000000001554e+00	-3.783658432825076079e-01	1.491525188222175280e-01	-9.883515537296198861e-02	1.103483094375160289e-01	-7.090843901749648293e-01	2.993245050772622706e-01	-1.720755644018176489e-01	7.305549299932266594e-02	-6.797333206099610836e-02	1.229819097638298886e-01	-1.085935831253988099e-01	7.342841320853035758e-02	-5.970482753731746334e-02	4.360099687728446333e-02	-5.217709103623904832e-02	7.030399811705854984e-02	-6.758588940981098692e-02	5.831602054874688440e-02	-4.170859703216020509e-02	5.845762254597705598e-02	-7.036784909295015766e-02	5.171061223358831838e-02	-3.425329411916028244e-02	2.516238516117813226e-02	-6.100066466048967989e-02	4.423269660465122682e-02	-6.312435074492740716e-02	2.724535999567764127e-02	-2.560933744732573833e-02
8.471802116030183183e-02	-1.351236257169179389e-01	1.123962595872663728e-01	-1.075718158592385704e-01	1.344942586166399945e-01	-9.429905518713717349e-02	2.543872443827275287e-01	-1.443785682042244556e-01	1.140879924038093185e-01	-1.188048684852501119e-01	2.202100923901323948e-01	-5.720443797437351208e-01	1.725704463405374200e-01	-1.179901526574040349e-01	1.217124670360622274e-01	-3.783658432825076079e-01	1.000000000000000888e+00	-2.374343261733054544e-01	1.292459778564116757e-01	-1.458741863746112477e-01	2.676869621429336932e-01	-5.383821907046281163e-01	2.134177908662723000e-01	-9.079125227735380943e-02	8.221063798946096068e-02	-1.053059880853122743e-01	9.295177552785106878e-02	-8.159914161347613104e-02	6.489610923921716734e-02	-4.562668439830468159e-02	4.717034828540763586e-02	-6.625703824510960349e-02	7.041146349842353214e-02	-6.165586954441761719e-02	4.324387777361856505e-02	-5.470182026332727487e-02	6.451435473075893545e-02	-4.984180389133484324e-02	3.293635493516099133e-02	-2.479557815223414410e-02	5.565990426868171193e-02	-4.111524365937902631e-02	5.966477214790452677e-02	-2.623217694955117668e-02	2.509912862954512963e-02
-6.663547403601223496e-02	1.103324236410875014e-01	-1.001394154981253143e-01	1.006709981446127083e-01	-1.319807394975728854e-01	7.132858540110670331e-02	-1.748086389659387341e-01	1.322484078749818215e-01	-1.181373044279973306e-01	1.249664235327534040e-01	-1.598389953749012604e-01	1.689899379508325028e-01	-1.943982095672155963e-01	1.733183398999719460e-01	-1.776572365893865357e-01	1.491525188222175280e-01	-2.374343261733054544e-01	1.000000000000001998e+00	-4.413293673980123177e-01	2.693374863332546609e-01	-1.618777232023385637e-01	2.286748170008640058e-01	-7.002560354229532269e-01	1.651670093061146372e-01	-1.671945336606834864e-01	9.407316679543534232e-02	-8.920381968146083584e-02	1.458483560495325015e-01	-1.189230253801187714e-01	6.613899398558079068e-02	-5.218942171209495912e-02	7.689725853291512481e-02	-1.193742990027720358e-01	9.659345626238190208e-02	-6.477388290042092323e-02	6.018783524465454865e-02	-7.873652447023649081e-02	6.650241077035298765e-02	-4.410901097351228872e-02	3.374788434213658178e-02	-6.740758220475673301e-02	5.051144639777307987e-02	-7.940056771621174792e-02	3.494469295377235912e-02	-3.424391572889264046e-02
5.478650715724404929e-02	-9.953928930662463148e-02	8.968579642938576124e-02	-9.640072025748708251e-02	1.209063121019791492e-01	-5.961393606746125118e-02	1.311897204738850520e-01	-1.257498242476734474e-01	1.208622143373544455e-01	-1.373130189717833016e-01	1.135365079750067924e-01	-1.247094208724122549e-01	1.734134222810220227e-01	-3.271667967656618492e-01	2.386204786079369200e-01	-9.883515537296198861e-02	1.292459778564116757e-01	-4.413293673980123177e-01	1.000000000000002442e+00	-7.265465533130204268e-01	9.749201995379017105e-02	-1.389480885583914416e-01	2.447553753368665042e-01	-1.913832941035269464e-01	1.754072319300187255e-01	-6.315570083244775867e-02	5.772424374265010955e-02	-8.432174544096940338e-02	7.066908165536399389e-02	-4.653181126624267305e-02	3.406439406396254838e-02	-4.979272239914681042e-02	6.903472779185615416e-02	-6.186827179370255059e-02	4.418373498539557992e-02	-4.003882757419777866e-02	5.062050608461337448e-02	-4.231687617237422927e-02	2.860915558814786097e-02	-2.232414854664273654e-02	4.375012451659281848e-02	-3.277452430253610660e-02	5.031769056215594504e-02	-2.266818248308130959e-02	2.258652215557431162e-02
-6.359107223034002332e-02	1.113076038755217850e-01	-1.033850945986532904e-01	1.095820358781354475e-01	-1.465774877749515537e-01	6.805623222611628664e-02	-1.550660043033792457e-01	1.365204005208211502e-01	-1.394139126588413435e-01	1.527073071120896852e-01	-1.356064463331083381e-01	1.355793468590955342e-01	-1.950882737461112071e-01	2.469298492294797753e-01	-3.256761562681686484e-01	1.103483094375160289e-01	-1.458741863746112477e-01	2.693374863332546609e-01	-7.265465533130204268e-01	1.000000000000001110e+00	-1.134893128272663754e-01	1.500349893953510927e-01	-2.881337648302687571e-01	2.119878279897894902e-01	-2.877912766984015436e-01	7.375060190778744140e-02	-6.869346064813601493e-02	9.732374989281326882e-02	-8.529144844289500427e-02	5.628876873840549244e-02	-4.058486081628318032e-02	5.922940442450688042e-02	-8.351549139368870389e-02	7.312179986498004713e-02	-5.450893658032130579e-02	4.745287480933645802e-02	-6.135105053970286992e-02	5.104901231339342010e-02	-3.495538889140149125e-02	2.717691678107036005e-02	-5.332254293438769277e-02	3.968679546116594958e-02	-6.147202615618989341e-02	2.760437549759605508e-02	-2.762017481254112200e-02
6.361789134460410500e-02	-9.537257046706627828e-02	8.163371233661316506e-02	-7.936859014807363943e-02	1.040138697285149239e-01	-6.973547726099656174e-02	1.623964156873358433e-01	-9.799522217993887618e-02	8.380555349039586766e-02	-8.785373051055493654e-02	2.361822693635229342e-01	-1.953198314296918925e-01	1.224332181542508446e-01	-8.700064112152426643e-02	9.228019276959610606e-02	-7.090843901749648293e-01	2.676869621429336932e-01	-1.618777232023385637e-01	9.749201995379017105e-02	-1.134893128272663754e-01	1.000000000000001332e+00	-5.290733673558197792e-01	1.773412017330660562e-01	-7.571236664695388252e-02	6.795554383582415314e-02	-1.587963810947577992e-01	1.203595018069143069e-01	-7.689854096385781435e-02	6.077489022834309251e-02	-4.411625070569881457e-02	5.705346530159582236e-02	-7.581904761029702178e-02	6.923412967485366443e-02	-6.020932866212314050e-02	4.178186618562695909e-02	-6.332721892717042833e-02	7.307964865236989127e-02	-5.332434923208568406e-02	3.476059763186185869e-02	-2.555199502543554699e-02	6.263819032947987031e-02	-4.571122735608614679e-02	6.435040927438118175e-02	-2.774710946236460737e-02	2.591156947273759795e-02
-8.258666452824080240e-02	1.234533226685444185e-01	-1.100473665493277714e-01	1.044440465197149503e-01	-1.398728903103481913e-01	8.785045365895056968e-02	-2.419205964606069015e-01	1.341007857628297162e-01	-1.138822593984408216e-01	1.159516202094441617e-01	-2.486560857604356856e-01	2.518934630435081812e-01	-1.746999041456153978e-01	1.183722258550913842e-01	-1.278924711951108795e-01	2.993245050772622706e-01	-5.383821907046281163e-01	2.286748170008640058e-01	-1.389480885583914416e-01	1.500349893953510927e-01	-5.290733673558197792e-01	1.000000000000001110e+00	-3.674726257559478015e-01	1.041963725847731004e-01	-9.664824135112248804e-02	1.341683662561090340e-01	-1.329694570782409269e-01	1.056460239087939901e-01	-8.411420222324357543e-02	5.459110455464734335e-02	-5.996498465081228496e-02	8.450575341814611785e-02	-9.137997442553243144e-02	7.687329663203330832e-02	-5.249633813067814542e-02	6.751994245742727607e-02	-8.163593942203412057e-02	6.228888232944310155e-02	-4.071438706485779047e-02	3.026525157673594021e-02	-6.972278768666748117e-02	5.136244472652936460e-02	-7.487081460488868856e-02	3.241580760700439601e-02	-3.072571151349784424e-02
6.367106331905356131e-02	-1.064713138408281828e-01	9.292473577323503986e-02	-9.473926145923890207e-02	1.207664042403010785e-01	-6.936803950113813733e-02	1.605109032579734307e-01	-1.213975799640594211e-01	1.067748149006287617e-01	-1.177515698269716304e-01	1.602630999687887359e-01	-1.755736819751074207e-01	1.586487081677006306e-01	-1.532028327870872120e-01	1.498387548588677176e-01	-1.720755644018176489e-01	2.134177908662723000e-01	-7.002560354229532269e-01	2.447553753368665042e-01	-2.881337648302687571e-01	1.773412017330660562e-01	-3.674726257559478015e-01	1.000000000000000222e+00	-2.248849689448036981e-01	1.734993866429254961e-01	-1.089967904875487198e-01	1.003693728420516629e-01	-2.294000400034650056e-01	1.415208541794787389e-01	-7.773374933990025160e-02	5.956476468949712527e-02	-8.960612894567297759e-02	1.399636601148313286e-01	-1.203780099656793917e-01	7.321674871996204648e-02	-6.937147907904490929e-02	8.762578023523139026e-02	-7.628978823280317678e-02	4.905823971993113902e-02	-3.825709911709321981e-02	7.372893017800159765e-02	-5.647595810701826202e-02	8.773311962007782072e-02	-3.917491917106417226e-02	3.834853554756666172e-02
-3.657964149002400356e-02	6.138635667699602477e-02	-5.563422961487967527e-02	5.766917615221676952e-02	-7.722241432741706879e-02	3.924420175862212284e-02	-8.880525570943503810e-02	7.066478133181608445e-02	-6.811398455384683193e-02	7.391320062076492392e-02	-8.787057876678777690e-02	8.173284315984308268e-02	-9.643341497217013114e-02	1.004418035620736754e-01	-1.147206977184248994e-01	7.305549299932266594e-02	-9.079125227735380943e-02	1.651670093061146372e-01	-1.913832941035269464e-01	2.119878279897894902e-01	-7.571236664695388252e-02	1.041963725847731004e-01	-2.248849689448036981e-01	1.000000000000001110e+00	-9.030362461565265564e-01	5.818051232852641808e-02	-5.455722409755007357e-02	9.958968864432801715e-02	-1.107556143066401877e-01	7.063152017200763355e-02	-3.401975470944414159e-02	5.079737561444872679e-02	-7.995383284788501466e-02	8.439849346707821443e-02	-6.696837757697261806e-02	3.985529032606617561e-02	-5.214775219211003482e-02	4.567818064723126043e-02	-3.269253975172230209e-02	2.734932250979343199e-02	-4.473674611323441574e-02	3.388906466190533262e-02	-5.379704354007431438e-02	2.567462336592338593e-02	-2.767143511442879400e-02
3.378431022978636150e-02	-5.772411704860391096e-02	5.152326782884220774e-02	-5.393827514645276044e-02	7.054398455155841408e-02	-3.656527188851810273e-02	8.061759922955048785e-02	-6.636740638596373698e-02	6.326227249226290539e-02	-7.048494342523826950e-02	7.969820047710934885e-02	-7.671940127521642561e-02	8.858067065634529780e-02	-9.825096114181955387e-02	1.070233116223842512e-01	-6.797333206099610836e-02	8.221063798946096068e-02	-1.671945336606834864e-01	1.754072319300187255e-01	-2.877912766984015436e-01	6.795554383582415314e-02	-9.664824135112248804e-02	1.734993866429254961e-01	-9.030362461565265564e-01	1.000000000000000666e+00	-5.373723446770193451e-02	4.937320198008952193e-02	-9.068508626782381676e-02	9.188501953691836921e-02	-7.119993296109979053e-02	3.096120762732924858e-02	-4.628875240811231723e-02	7.057212186632245976e-02	-7.844196663886769672e-02	6.254353033674683870e-02	-3.658929351112008566e-02	4.681084585105710349e-02	-4.127082966959026711e-02	2.956904103947726944e-02	-2.512262364655277677e-02	4.004719716152404380e-02	-3.055190800737950588e-02	4.799348379706579182e-02	-2.326930586562133210e-02	2.530365737176380747e-02
-3.823425996701089458e-02	5.699874194663562960e-02	-5.044800138571805398e-02	4.976143940603611898e-02	-6.833558219200522310e-02	4.085033413404013519e-02	-9.120212298438262755e-02	5.882210683945305468e-02	-5.289384632201752506e-02	5.563932423881187000e-02	-1.390925969239564519e-01	8.848024107844959518e-02	-7.550025618019166884e-02	5.518225498216676461e-02	-6.001351868796624134e-02	1.229819097638298886e-01	-1.053059880853122743e-01	9.407316679543534232e-02	-6.315570083244775867e-02	7.375060190778744140e-02	-1.587963810947577992e-01	1.341683662561090340e-01	-1.089967904875487198e-01	5.818051232852641808e-02	-5.373723446770193451e-02	1.000000000000001554e+00	-7.703612725493355073e-01	1.349076862234536989e-01	-1.074140972468607125e-01	8.413134921102669028e-02	-2.844644276509008529e-01	2.886131426818489554e-01	-1.601558164449673749e-01	1.270166516757737507e-01	-8.174882671181024629e-02	2.304243169326699592e-01	-2.836070123074834193e-01	1.658811059610142691e-01	-1.020441074218372685e-01	6.612947661758124263e-02	-2.344374550053193729e-01	1.622604924343809540e-01	-2.105097640616525601e-01	8.177740129587687812e-02	-6.835621400084120058e-02
3.276006496834459047e-02	-4.984193548372595900e-02	4.360159562488204188e-02	-4.334154451514376366e-02	5.850685455789233352e-02	-3.528950783982866962e-02	7.804934361365928330e-02	-5.141149893797919423e-02	4.602147865779024349e-02	-4.896701576196127448e-02	1.122567991010319371e-01	-7.931531366891732271e-02	6.537122374952759885e-02	-4.925105973488188432e-02	5.284853855310767123e-02	-1.085935831253988099e-01	9.295177552785106878e-02	-8.920381968146083584e-02	5.772424374265010955e-02	-6.869346064813601493e-02	1.203595018069143069e-01	-1.329694570782409269e-01	1.003693728420516629e-01	-5.455722409755007357e-02	4.937320198008952193e-02	-7.703612725493355073e-01	1.000000000000000666e+00	-1.466969272238102806e-01	1.059099353462035625e-01	-7.935488770148950433e-02	2.316070974995297627e-01	-4.469198541388546553e-01	1.592484260067069390e-01	-1.338286186273398015e-01	7.369940349791453960e-02	-2.554675801283338710e-01	2.300555006830540261e-01	-1.488498208848410831e-01	8.015911415087763336e-02	-5.568752976773561070e-02	1.696023493687577877e-01	-1.362163404889822627e-01	1.624884197193455782e-01	-6.621682370591391864e-02	5.566337500243900838e-02
-2.941284617135889526e-02	4.703252506619805262e-02	-4.154831281931282289e-02	4.205461262413250079e-02	-5.594377640139752694e-02	3.168423725256375861e-02	-7.099136650681257821e-02	5.121651312882540691e-02	-4.651676327199575495e-02	5.036217264493635798e-02	-8.568296444587690519e-02	7.072294337690067378e-02	-6.679922684886988038e-02	5.826010151651976610e-02	-6.127267047397724070e-02	7.342841320853035758e-02	-8.159914161347613104e-02	1.458483560495325015e-01	-8.432174544096940338e-02	9.732374989281326882e-02	-7.689854096385781435e-02	1.056460239087939901e-01	-2.294000400034650056e-01	9.958968864432801715e-02	-9.068508626782381676e-02	1.349076862234536989e-01	-1.466969272238102806e-01	1.000000000000001776e+00	-6.196519579073788142e-01	1.514291820993418081e-01	-1.043986734737971100e-01	1.700936045380992967e-01	-5.785684340884608146e-01	3.245893806839603712e-01	-1.525420114439261787e-01	1.131501113773564354e-01	-1.719343618843570953e-01	1.722266068449172793e-01	-9.786072175799270800e-02	7.306538994528792574e-02	-1.297938791332617081e-01	1.028509733847052521e-01	-1.927130192337428438e-01	7.810912319061386055e-02	-7.380781460078776612e-02
2.423479818438406194e-02	-3.903745366902813124e-02	3.434691453867066979e-02	-3.493619518262475881e-02	4.622235606913541878e-02	-2.617842767946692087e-02	5.793854021981414970e-02	-4.245868543900385012e-02	3.863185283442552992e-02	-4.212839049907238231e-02	6.974943960047351454e-02	-5.808631209876653073e-02	5.505623107541313122e-02	-4.900295537609983265e-02	5.139985697536967463e-02	-5.970482753731746334e-02	6.489610923921716734e-02	-1.189230253801187714e-01	7.066908165536399389e-02	-8.529144844289500427e-02	6.077489022834309251e-02	-8.411420222324357543e-02	1.415208541794787389e-01	-1.107556143066401877e-01	9.188501953691836921e-02	-1.074140972468607125e-01	1.059099353462035625e-01	-6.196519579073788142e-01	1.000000000000002442e+00	-2.268348425142119873e-01	7.810767740174870410e-02	-1.295152781680199428e-01	3.082496102679647687e-01	-6.395887566158336979e-01	1.803653684061389262e-01	-8.944806668883098499e-02	1.236656089499094807e-01	-1.282808540045525247e-01	8.228048817783835400e-02	-7.174804637169271415e-02	9.508097444298570233e-02	-7.675954331741363657e-02	1.353736383098895768e-01	-6.571274337828576784e-02	6.938988727766035036e-02
-1.889112857197648362e-02	2.966518634831531026e-02	-2.631853775515118760e-02	2.660810832428786923e-02	-3.598001534393618916e-02	2.025510711146333298e-02	-4.432348416779322009e-02	3.171082715715630579e-02	-2.916879546953521363e-02	3.143726578702486091e-02	-5.898482097655892431e-02	4.230585263624779546e-02	-4.126978777190860176e-02	3.456126438849982385e-02	-3.725810645559247958e-02	4.360099687728446333e-02	-4.562668439830468159e-02	6.613899398558079068e-02	-4.653181126624267305e-02	5.628876873840549244e-02	-4.411625070569881457e-02	5.459110455464734335e-02	-7.773374933990025160e-02	7.063152017200763355e-02	-7.119993296109979053e-02	8.413134921102669028e-02	-7.935488770148950433e-02	1.514291820993418081e-01	-2.268348425142119873e-01	1.000000000000001776e+00	-5.838535116087783389e-02	8.978851368577143999e-02	-1.522569940412210054e-01	1.928382822554337017e-01	-8.893700775014997673e-01	7.012290474917728944e-02	-9.724110347752720762e-02	9.640701693526068650e-02	-1.473614770865323276e-01	1.857604728699439323e-01	-8.232552587340952188e-02	6.463082188239395454e-02	-1.169987402693718204e-01	1.075085069520447245e-01	-1.905489672749284269e-01
1.816142224053649348e-02	-2.765217857444425900e-02	2.437434072097811877e-02	-2.430708845373827712e-02	3.305104852512137648e-02	-1.947597947622157349e-02	4.274979509339544431e-02	-2.875272169582831702e-02	2.600453744859544669e-02	-2.771516933787881998e-02	6.257425910340441710e-02	-4.184245173611109148e-02	3.686728713838039601e-02	-2.835424078434881437e-02	3.050170252745831520e-02	-5.217709103623904832e-02	4.717034828540763586e-02	-5.218942171209495912e-02	3.406439406396254838e-02	-4.058486081628318032e-02	5.705346530159582236e-02	-5.996498465081228496e-02	5.956476468949712527e-02	-3.401975470944414159e-02	3.096120762732924858e-02	-2.844644276509008529e-01	2.316070974995297627e-01	-1.043986734737971100e-01	7.810767740174870410e-02	-5.838535116087783389e-02	1.000000000000001998e+00	-4.579695486174480967e-01	1.325457598192074371e-01	-1.032742069773357613e-01	5.512307605965867385e-02	-7.839178458122071369e-01	2.367229577529713080e-01	-1.332327166661347873e-01	6.782042793465886676e-02	-4.440282898329691447e-02	1.680153574425846674e-01	-1.323441268423862782e-01	1.474107026515783236e-01	-5.608110111910791923e-02	4.503681857237272490e-02
-2.540477424966752426e-02	3.888333035244425501e-02	-3.429010337414309384e-02	3.425757642779390238e-02	-4.649374690292868567e-02	2.724923084935223019e-02	-5.990722401799318531e-02	4.061987943125517503e-02	-3.677800983675304225e-02	3.927277484910740579e-02	-8.598746236950213784e-02	5.859601702156543718e-02	-5.218254415279682812e-02	4.066336087320392839e-02	-4.364743504501935462e-02	7.030399811705854984e-02	-6.625703824510960349e-02	7.689725853291512481e-02	-4.979272239914681042e-02	5.922940442450688042e-02	-7.581904761029702178e-02	8.450575341814611785e-02	-8.960612894567297759e-02	5.079737561444872679e-02	-4.628875240811231723e-02	2.886131426818489554e-01	-4.469198541388546553e-01	1.700936045380992967e-01	-1.295152781680199428e-01	8.978851368577143999e-02	-4.579695486174480967e-01	1.000000000000001998e+00	-2.797647534528636126e-01	1.678700036849959942e-01	-8.598476357045857499e-02	2.962549969325685706e-01	-5.145043382556847567e-01	2.203874385493725940e-01	-1.073051746179120303e-01	6.841830803007409312e-02	-2.601246488934624845e-01	2.019741945596352506e-01	-2.458545004423720037e-01	8.849376396417163448e-02	-6.987612910516854958e-02
2.647452236921586655e-02	-4.214089701941685362e-02	3.700417513121694035e-02	-3.748953053872013802e-02	4.978177758724746521e-02	-2.857877159115229659e-02	6.293487212260527597e-02	-4.529341542801895715e-02	4.103912798994623079e-02	-4.463101831098442718e-02	7.964073328085781445e-02	-6.316824888115091241e-02	5.838350847366127055e-02	-5.028446175964482873e-02	5.263398692105394211e-02	-6.758588940981098692e-02	7.041146349842353214e-02	-1.193742990027720358e-01	6.903472779185615416e-02	-8.351549139368870389e-02	6.923412967485366443e-02	-9.137997442553243144e-02	1.399636601148313286e-01	-7.995383284788501466e-02	7.057212186632245976e-02	-1.601558164449673749e-01	1.592484260067069390e-01	-5.785684340884608146e-01	3.082496102679647687e-01	-1.522569940412210054e-01	1.325457598192074371e-01	-2.797647534528636126e-01	1.000000000000002887e+00	-5.708507444436395906e-01	1.410203535197048219e-01	-1.483307417453590960e-01	2.076791314878984329e-01	-2.921534866364978722e-01	1.050199725349215407e-01	-7.752275273462089222e-02	1.423511333079224284e-01	-1.227327692875303383e-01	2.183241428457264599e-01	-8.825881133847490734e-02	7.545731315472037348e-02
-2.378650146936579779e-02	3.763074777221973172e-02	-3.327723545710774278e-02	3.364609141077339743e-02	-4.512844999158165810e-02	2.557511849485404748e-02	-5.655935564940181570e-02	4.047569037744346010e-02	-3.696732806792493026e-02	3.992270929095673854e-02	-7.220864966909550098e-02	5.530462842496006171e-02	-5.262020438242216019e-02	4.473132144120213483e-02	-4.766452811799196804e-02	5.831602054874688440e-02	-6.165586954441761719e-02	9.659345626238190208e-02	-6.186827179370255059e-02	7.312179986498004713e-02	-6.020932866212314050e-02	7.687329663203330832e-02	-1.203780099656793917e-01	8.439849346707821443e-02	-7.844196663886769672e-02	1.270166516757737507e-01	-1.338286186273398015e-01	3.245893806839603712e-01	-6.395887566158336979e-01	1.928382822554337017e-01	-1.032742069773357613e-01	1.678700036849959942e-01	-5.708507444436395906e-01	1.000000000000002220e+00	-2.281657893415221516e-01	1.122820988927964447e-01	-1.732997439435735310e-01	1.752976511104270829e-01	-1.119619244819754222e-01	8.834623723569018372e-02	-1.313588932371584361e-01	1.042407629486893084e-01	-1.984025304197293837e-01	8.763988733582192547e-02	-8.688944629103553807e-02
