1.000000000000000000e+00	-7.163405840859873308e-01	2.649838828139916558e-01	-6.476994475854595812e-02	6.191889598403874789e-02	-3.445515917547988249e-01	2.860230671041159578e-01	-2.804350763016054682e-01	1.781482613476179089e-01	-1.744706520766886038e-01	2.067975544940591770e-01	-2.331869960817961607e-01	1.426471003011339223e-01	-1.744803226751283354e-01	1.297673160716147633e-01	-2.587104396526885841e-01	1.814475264000194599e-01	-1.334394718686784109e-01	1.379665014885033680e-01	-1.508591624524141805e-01	1.582114012031026196e-01	-1.358201315456451508e-01	1.557518021933093078e-01	-1.160261883275477968e-01	1.214295328929060752e-01	-1.415353245692068385e-01	1.313466754735074515e-01	-1.159049209020980298e-01	1.013684437954822382e-01	-1.243868824837357501e-01	8.223225742850250042e-02	-1.023572979599256250e-01	8.605492027152304713e-02	-1.013124284069537584e-01	7.959986638508555201e-02	-9.900929310642267445e-02	8.034057342848843764e-02	-8.942722409687982321e-02	7.860517188793492149e-02	-9.884650242314894919e-02	9.212472595244396156e-02	-6.451612688415550578e-02	6.758681751549464045e-02	-5.038568074047186651e-02	5.600160874048328019e-02
-7.163405840859873308e-01	9.999999999999997780e-01	-4.372391277976231394e-01	5.653689262687185135e-02	-5.560678725300234604e-02	2.337292013658911483e-01	-3.883047857835182914e-01	2.527668577022800234e-01	-1.623831225631315323e-01	1.315402152664997548e-01	-1.713427795454394720e-01	1.877885663676113481e-01	-1.169625121614872726e-01	1.367664451044238172e-01	-1.026030264050588198e-01	1.773490534355852966e-01	-1.505862379061408962e-01	1.043786692700111179e-01	-1.072633896035514733e-01	1.111466599477488604e-01	-1.202232896161452569e-01	1.026343725845815097e-01	-1.196126070567144623e-01	8.644921643057952576e-02	-9.092929287196847843e-02	1.004835154686258697e-01	-9.875655045561167189e-02	8.392395904063391920e-02	-7.452609183101831236e-02	8.840949725245419999e-02	-5.874176652527168807e-02	7.278436519186511078e-02	-6.170383480880883148e-02	7.168027233617814409e-02	-5.679299051725184705e-02	6.975090071558519289e-02	-5.743870934460051925e-02	6.343374960204618829e-02	-5.605171931589424811e-02	6.959433332264192140e-02	-6.514904573164502499e-02	4.578451754102907251e-02	-4.839589430580169827e-02	3.586688251915284842e-02	-4.015394744671758887e-02
2.649838828139916558e-01	-4.372391277976231394e-01	9.999999999999996669e-01	-9.660387002407416768e-02	8.702677163804317662e-02	-1.797180825331335663e-01	2.191238517467568314e-01	-7.314963695866589788e-01	2.478229487606105064e-01	-2.100475088023582848e-01	1.321883753669960415e-01	-1.553586069989139340e-01	1.243021856291505328e-01	-2.168095114727285333e-01	1.457795286289559344e-01	-1.678877929922134582e-01	1.337406259239865836e-01	-1.130703887467960356e-01	1.341922691902608100e-01	-1.465513038003431745e-01	1.156897253109220314e-01	-1.007526689949556492e-01	1.246303221660924748e-01	-1.003007407698343345e-01	1.051845411570131866e-01	-1.031847185941456579e-01	9.914088948817102731e-02	-9.143504454795978176e-02	8.227989028555524054e-02	-9.969801293135753528e-02	6.100906550249936278e-02	-7.665370019431494431e-02	6.646533198033977019e-02	-7.902825764551930920e-02	6.302592519331227938e-02	-7.315774769784268161e-02	6.057404999865964590e-02	-6.855173881051866702e-02	6.123037050583040458e-02	-7.715080278243037493e-02	6.825365050633586117e-02	-4.880067852822320834e-02	5.143480623149021547e-02	-3.890828194037022902e-02	4.340117204847560028e-02
-6.476994475854595812e-02	5.653689262687185135e-02	-9.660387002407416768e-02	9.999999999999997780e-01	-9.719243806724899848e-01	4.175071726464835847e-02	-4.875691865335184116e-02	8.557455697196653110e-02	-1.353765449540112187e-01	1.197603097191563132e-01	-3.604032399874742415e-02	4.056830024671248536e-02	-4.900426176620400337e-02	9.156957939590823492e-02	-8.939403862786594879e-02	5.148484296837853302e-02	-4.414554153434104011e-02	4.191824852115708794e-02	-6.261072898901087758e-02	6.491695888637287470e-02	-4.129138589873025678e-02	3.584019924466232132e-02	-5.016758349610736523e-02	4.188615543158826643e-02	-4.583350777392424663e-02	3.700462422688332448e-02	-3.678589674974461210e-02	3.545537376909036614e-02	-3.314572699156716901e-02	3.919223860021212730e-02	-2.244088391358417187e-02	2.841152577915795341e-02	-2.549301550001093278e-02	3.041964790336826319e-02	-2.470790861813269845e-02	2.680451243097858871e-02	-2.271884423901355393e-02	2.602802628072308638e-02	-2.370056762084800372e-02	2.968515600251944719e-02	-2.594031732252854300e-02	1.837522537752558915e-02	-1.955313977263664973e-02	1.497884868811454571e-02	-1.683513625180458814e-02
6.191889598403874789e-02	-5.560678725300234604e-02	8.702677163804317662e-02	-9.719243806724899848e-01	1.000000000000000000e+00	-4.182530155233840641e-02	4.788428833519626365e-02	-8.488535815232958748e-02	1.203652682126841733e-01	-1.375943664164882008e-01	3.604951231745163326e-02	-4.082318692233870283e-02	4.912133438029445132e-02	-9.504725454246550076e-02	8.929687879699760300e-02	-5.271420729046594894e-02	4.436155306452512631e-02	-4.277649620070213266e-02	6.280243622143463766e-02	-6.782478517151187269e-02	4.174425391865596580e-02	-3.634925868161940909e-02	5.050649803643516428e-02	-4.276604586762150495e-02	4.650226880046159916e-02	-3.794536591111606627e-02	3.732678722388997616e-02	-3.635827074864986241e-02	3.380925187387383984e-02	-4.045172389253787887e-02	2.299172042772098731e-02	-2.916938948676375126e-02	2.615103106778458170e-02	-3.137024343540985999e-02	2.541980491088523253e-02	-2.754860588654368947e-02	2.328695351575352582e-02	-2.677906520548092167e-02	2.435920210999089133e-02	-3.066399228944783478e-02	2.653077951636175630e-02	-1.887435215350941747e-02	2.003372045040180405e-02	-1.538918438593594486e-02	1.725446638008242689e-02
-3.445515917547988249e-01	2.337292013658911483e-01	-1.797180825331335663e-01	4.175071726464835847e-02	-4.182530155233840641e-02	1.000000000000000222e+00	-5.921776437186846431e-01	1.675394318027871587e-01	-1.282899223349737161e-01	1.067316330473446623e-01	-5.940378354886259871e-01	3.031018688409510831e-01	-1.407095663297094068e-01	1.163732164265284530e-01	-9.026527780652537913e-02	2.473200843453042808e-01	-2.173974372642224762e-01	1.257656298131728800e-01	-1.058478543255757937e-01	1.052981264617383617e-01	-1.605013201681893820e-01	1.305764781657147433e-01	-1.393847870030165137e-01	9.151490315356565486e-02	-9.510528316221422696e-02	1.170551321566984521e-01	-1.202327098698963842e-01	9.264073041258652497e-02	-8.127235320695842813e-02	9.323676679437413461e-02	-6.729268174661895419e-02	8.195412199684544430e-02	-6.798009413829077252e-02	7.677262773136470098e-02	-6.061449547339579913e-02	7.837277298344159926e-02	-6.450088069607168295e-02	6.933307577210677530e-02	-6.058832271355015647e-02	7.390866613249733041e-02	-7.051679742208835644e-02	5.054874258995249725e-02	-5.371568894617710643e-02	3.887823099293606643e-02	-4.373844313360646108e-02
2.860230671041159578e-01	-3.883047857835182914e-01	2.191238517467568314e-01	-4.875691865335184116e-02	4.788428833519626365e-02	-5.921776437186846431e-01	9.999999999999996669e-01	-2.630175807845708258e-01	1.505016930048434787e-01	-1.272888422744292980e-01	3.004729780900077252e-01	-4.789489958545520287e-01	1.443123975057534480e-01	-1.375065332805476548e-01	1.024292898294962006e-01	-2.681351607283762317e-01	2.227310958281740194e-01	-1.397449227761072832e-01	1.154798433667357238e-01	-1.186820275988072909e-01	1.571359345147907705e-01	-1.405056661406049179e-01	1.432102649778536629e-01	-9.925016495438677977e-02	1.022890743337406816e-01	-1.273759249148966322e-01	1.246083521111094744e-01	-1.005132458652790994e-01	8.727899415971716868e-02	-1.026481666140334481e-01	7.249608782092677173e-02	-8.911712798821527781e-02	7.356339599745359559e-02	-8.421671359029622717e-02	6.622877370869820202e-02	-8.561618869604308013e-02	6.957934378478217163e-02	-7.565105846149723645e-02	6.589861501644503350e-02	-8.136158792140388285e-02	7.529889158287179918e-02	-5.488059728970866996e-02	5.783797040985354243e-02	-4.220727330220152423e-02	4.718344766205227053e-02
-2.804350763016054682e-01	2.527668577022800234e-01	-7.314963695866589788e-01	8.557455697196653110e-02	-8.488535815232958748e-02	1.675394318027871587e-01	-2.630175807845708258e-01	1.000000000000000000e+00	-4.301235298832062348e-01	1.936454397080764611e-01	-1.310057790918769394e-01	1.484441035728303604e-01	-1.281969333500595776e-01	2.117480476321807470e-01	-1.511675208270830129e-01	1.519830592583055751e-01	-1.334593402911961879e-01	1.094863962893039971e-01	-1.363051247149634770e-01	1.359890826684817255e-01	-1.111480735394177466e-01	9.623276629449280251e-02	-1.217736598991992492e-01	9.574603583517198035e-02	-1.013733771240426518e-01	9.517036752452816273e-02	-9.471216485976023669e-02	8.531675055588534839e-02	-7.793587359957919458e-02	9.169874626957613684e-02	-5.650885674063817199e-02	7.073483335531614846e-02	-6.169149373718369606e-02	7.253657614740195714e-02	-5.825589614016983553e-02	6.715450190403614295e-02	-5.613999193070316751e-02	6.311124725236877397e-02	-5.659832223639813670e-02	7.053244447063160283e-02	-6.317098328514436645e-02	4.499591418231065065e-02	-4.774377103362173469e-02	3.594110197921527444e-02	-4.032766296089673741e-02
1.781482613476179089e-01	-1.623831225631315323e-01	2.478229487606105064e-01	-1.353765449540112187e-01	1.203652682126841733e-01	-1.282899223349737161e-01	1.505016930048434787e-01	-4.301235298832062348e-01	1.000000000000001332e+00	-4.653027865328853707e-01	1.097203995267853616e-01	-1.281081841017683298e-01	1.722489759247216867e-01	-5.887821280599718765e-01	2.834754322859472375e-01	-1.606281340655348611e-01	1.380182118610776831e-01	-1.522524644215477174e-01	2.169046860039519076e-01	-2.301655838858233660e-01	1.242516805333170604e-01	-1.108582588741562069e-01	1.516587884924099905e-01	-1.392016000929309494e-01	1.440673884866557342e-01	-1.136521736243366332e-01	1.117581392966082582e-01	-1.114791746505906789e-01	1.039410039135195141e-01	-1.241536881007453963e-01	6.849214445708154408e-02	-8.726257631223252598e-02	7.861941411741171781e-02	-9.489350080576666735e-02	7.708858966462460438e-02	-8.205223650524370860e-02	6.938987904180098087e-02	-8.045848539139631439e-02	7.322069299007212539e-02	-9.270541362012481301e-02	7.604792358701448207e-02	-5.620209587816449304e-02	5.954444707804010251e-02	-4.595943343608424603e-02	5.140696514459532074e-02
-1.744706520766886038e-01	1.315402152664997548e-01	-2.100475088023582848e-01	1.197603097191563132e-01	-1.375943664164882008e-01	1.067316330473446623e-01	-1.272888422744292980e-01	1.936454397080764611e-01	-4.653027865328853707e-01	1.000000000000000444e+00	-9.745285697634567534e-02	1.087652733450590742e-01	-1.575351996288267276e-01	3.066608686460314259e-01	-7.117535550214549867e-01	1.395073610524146246e-01	-1.288873394130604644e-01	1.276394855030033026e-01	-2.369034696440406318e-01	2.365584641004332134e-01	-1.214774600431541146e-01	1.062582572716610080e-01	-1.601424260118802234e-01	1.390503664822658469e-01	-1.622722382497045757e-01	1.062011061992529926e-01	-1.099778631862185913e-01	1.079846113713555517e-01	-1.053060481071748516e-01	1.196166663172796296e-01	-6.509593681701837664e-02	8.267767945948623076e-02	-7.621627022579377519e-02	9.044801348114987760e-02	-7.524477662346021334e-02	7.703045221475492144e-02	-6.660951599260314659e-02	7.670718177899327195e-02	-7.103409191423225300e-02	8.788372572234806612e-02	-7.418006479663108443e-02	5.369570822697774387e-02	-5.773322024452798296e-02	4.450621316269379873e-02	-5.047769379423873437e-02
2.067975544940591770e-01	-1.713427795454394720e-01	1.321883753669960415e-01	-3.604032399874742415e-02	3.604951231745163326e-02	-5.940378354886259871e-01	3.004729780900077252e-01	-1.310057790918769394e-01	1.097203995267853616e-01	-9.745285697634567534e-02	9.999999999999994449e-01	-5.593876080484816438e-01	1.467772191128440540e-01	-1.084661051282087701e-01	8.410555691092269637e-02	-4.230611373402954900e-01	2.504571828499186359e-01	-1.423381638672576444e-01	1.041496069165972482e-01	-1.041794336862980203e-01	1.797507289538854414e-01	-1.516309890575565922e-01	1.448864747928646501e-01	-9.446102816502247035e-02	9.658662523687418233e-02	-1.312711241869590761e-01	1.301106180109321830e-01	-9.872658461186804846e-02	8.491760192879289904e-02	-9.783122445291889124e-02	7.345239689575372433e-02	-8.909249126986869272e-02	7.226732096329038790e-02	-8.117673177057209422e-02	6.363642399054877941e-02	-8.567765494241420809e-02	6.936035609235324806e-02	-7.398825578730075514e-02	6.388856567622964999e-02	-7.797414137734841322e-02	7.310804969846161627e-02	-5.407135394277864937e-02	5.713788579407796941e-02	-4.100218689157965335e-02	4.596341774277396680e-02
-2.331869960817961607e-01	1.877885663676113481e-01	-1.553586069989139340e-01	4.056830024671248536e-02	-4.082318692233870283e-02	3.031018688409510831e-01	-4.789489958545520287e-01	1.484441035728303604e-01	-1.281081841017683298e-01	1.087652733450590742e-01	-5.593876080484816438e-01	1.000000000000002220e+00	-1.995895112312214004e-01	1.248090662889891900e-01	-9.613145302318157337e-02	2.863841287984724704e-01	-4.795609662899230075e-01	1.834214191191745336e-01	-1.196422133881749061e-01	1.164484246953318425e-01	-1.950451521523454967e-01	1.799208953819567969e-01	-1.684206766799403454e-01	1.060937336028473371e-01	-1.079658875697312170e-01	1.401065066974287177e-01	-1.526354875949607059e-01	1.092684647347403198e-01	-9.457681793748856647e-02	1.067659886936624253e-01	-7.932413058681647700e-02	9.652727988227742528e-02	-7.892996883761271842e-02	8.814365856174501135e-02	-6.940814589330322748e-02	9.164920638257165186e-02	-7.530775617345086825e-02	8.023724826423149492e-02	-6.950136006583615411e-02	8.447922820495015750e-02	-7.834011654588549090e-02	5.844424960084133175e-02	-6.204124772215031947e-02	4.447328015010301033e-02	-4.998062243515666303e-02
1.426471003011339223e-01	-1.169625121614872726e-01	1.243021856291505328e-01	-4.900426176620400337e-02	4.912133438029445132e-02	-1.407095663297094068e-01	1.443123975057534480e-01	-1.281969333500595776e-01	1.722489759247216867e-01	-1.575351996288267276e-01	1.467772191128440540e-01	-1.995895112312214004e-01	1.000000000000000888e+00	-2.786717899304726465e-01	1.517327178265939214e-01	-2.643491244634521564e-01	2.655452176188634050e-01	-7.966298294764573296e-01	1.865933735593655329e-01	-1.803451716633155399e-01	1.722929393713532042e-01	-1.740194585440072161e-01	1.880688216948673830e-01	-1.427553573077506854e-01	1.394344183351723387e-01	-1.557049065628177964e-01	1.500408603250231454e-01	-1.328125154984328982e-01	1.155448135073754018e-01	-1.373771652209214711e-01	8.896676096647145038e-02	-1.114660234826832241e-01	9.386097730687770202e-02	-1.098119386213149973e-01	8.679606905155186347e-02	-1.061886342676046646e-01	8.658095827928233290e-02	-9.682883912524022085e-02	8.480936454229770494e-02	-1.064149438550895388e-01	8.969844899470838517e-02	-6.887099669036980676e-02	7.219662970769075150e-02	-5.372822829634825437e-02	5.973011363207422764e-02
-1.744803226751283354e-01	1.367664451044238172e-01	-2.168095114727285333e-01	9.156957939590823492e-02	-9.504725454246550076e-02	1.163732164265284530e-01	-1.375065332805476548e-01	2.117480476321807470e-01	-5.887821280599718765e-01	3.066608686460314259e-01	-1.084661051282087701e-01	1.248090662889891900e-01	-2.786717899304726465e-01	1.000000000000001998e+00	-4.690992506381058136e-01	1.610099472799693954e-01	-1.547391708088304563e-01	1.869504158450834286e-01	-3.795887528447816073e-01	2.609389731411547175e-01	-1.340058219621426405e-01	1.212616801868580951e-01	-1.770197133071056694e-01	1.677390454661068508e-01	-1.731856861730443620e-01	1.190979478227626315e-01	-1.221082771760743646e-01	1.222311538655897201e-01	-1.192524682922024987e-01	1.338591225798952955e-01	-7.221160211918030425e-02	9.200843063976203717e-02	-8.441387470510230973e-02	1.007569918733305786e-01	-8.320427670898719597e-02	8.568624963700088859e-02	-7.352811851473681215e-02	8.523641027457351527e-02	-7.828518787576693727e-02	9.781981883432701308e-02	-7.899371142915180555e-02	5.923068903896881732e-02	-6.327480501695041670e-02	4.882524245993167394e-02	-5.501054352893037375e-02
1.297673160716147633e-01	-1.026030264050588198e-01	1.457795286289559344e-01	-8.939403862786594879e-02	8.929687879699760300e-02	-9.026527780652537913e-02	1.024292898294962006e-01	-1.511675208270830129e-01	2.834754322859472375e-01	-7.117535550214549867e-01	8.410555691092269637e-02	-9.613145302318157337e-02	1.517327178265939214e-01	-4.690992506381058136e-01	1.000000000000003109e+00	-1.302884540468540187e-01	1.166139505334448240e-01	-1.312717006931805597e-01	2.419684957413671955e-01	-3.656568401970958226e-01	1.106817395943336252e-01	-9.923234199160058111e-02	1.477540707345827153e-01	-1.443720784161616755e-01	1.630393364708337400e-01	-1.012972339024983404e-01	1.024336178888224508e-01	-1.067513195610707843e-01	1.032972248851386637e-01	-1.223722326156498064e-01	6.204415005488291002e-02	-7.965663672990926092e-02	7.408392190416202006e-02	-9.006317100768004846e-02	7.489267653144136838e-02	-7.399637068048196820e-02	6.383067941827040570e-02	-7.504941866680314710e-02	6.963098229327345512e-02	-8.799043755042768034e-02	6.868304760605221937e-02	-5.176912037858361071e-02	5.527678569820984600e-02	-4.326058327109483931e-02	4.866773935677964902e-02
-2.587104396526885841e-01	1.773490534355852966e-01	-1.678877929922134582e-01	5.148484296837853302e-02	-5.271420729046594894e-02	2.473200843453042808e-01	-2.681351607283762317e-01	1.519830592583055751e-01	-1.606281340655348611e-01	1.395073610524146246e-01	-4.230611373402954900e-01	2.863841287984724704e-01	-2.643491244634521564e-01	1.610099472799693954e-01	-1.302884540468540187e-01	1.000000000000001998e+00	-4.577785923869854834e-01	2.184183739286233161e-01	-1.730813106245704669e-01	1.632393868813261928e-01	-4.737275750436527044e-01	2.675011744234193078e-01	-2.731070685301092427e-01	1.598870429543690630e-01	-1.656183359694090862e-01	2.272965746198833126e-01	-2.452669123618394231e-01	1.669395388079122911e-01	-1.465202182254044805e-01	1.593340617909764778e-01	-1.288065672820290775e-01	1.509034274711773260e-01	-1.229648483631625017e-01	1.333709416185630547e-01	-1.054011194754785191e-01	1.439913544591254757e-01	-1.195996619230910302e-01	1.234590301056555650e-01	-1.070457155457590903e-01	1.268942530117279643e-01	-1.263290733844873448e-01	9.140307851557724628e-02	-9.846035217477827617e-02	6.894981958074303252e-02	-7.839426206554221677e-02
1.814475264000194599e-01	-1.505862379061408962e-01	1.337406259239865836e-01	-4.414554153434104011e-02	4.436155306452512631e-02	-2.173974372642224762e-01	2.227310958281740194e-01	-1.334593402911961879e-01	1.380182118610776831e-01	-1.288873394130604644e-01	2.504571828499186359e-01	-4.795609662899230075e-01	2.655452176188634050e-01	-1.547391708088304563e-01	1.166139505334448240e-01	-4.577785923869854834e-01	1.000000000000004219e+00	-4.151908710594088281e-01	1.568791237170538422e-01	-1.550036801318770141e-01	2.620633194810989552e-01	-3.870096150379540023e-01	2.305035125962552611e-01	-1.483563093745824679e-01	1.448375219675640535e-01	-2.116647430939939678e-01	2.214382884378810479e-01	-1.588032171369487544e-01	1.319067879622443928e-01	-1.508296173116526750e-01	1.151187542396842622e-01	-1.416385881049104511e-01	1.121001847528390605e-01	-1.251211229040085637e-01	9.751389839704141527e-02	-1.341309425808826228e-01	1.077859251378213007e-01	-1.148161969199597426e-01	9.776914945279636948e-02	-1.196242969186913918e-01	1.059042212421173607e-01	-8.335159139961433039e-02	8.748549178994118047e-02	-6.239211509325874594e-02	6.959138779544141173e-02
-1.334394718686784109e-01	1.043786692700111179e-01	-1.130703887467960356e-01	4.191824852115708794e-02	-4.277649620070213266e-02	1.257656298131728800e-01	-1.397449227761072832e-01	1.094863962893039971e-01	-1.522524644215477174e-01	1.276394855030033026e-01	-1.423381638672576444e-01	1.834214191191745336e-01	-7.966298294764573296e-01	1.869504158450834286e-01	-1.312717006931805597e-01	2.184183739286233161e-01	-4.151908710594088281e-01	1.000000000000001332e+00	-1.899205216753329650e-01	1.541182719541111801e-01	-1.668852680372965858e-01	1.710765437473553141e-01	-1.975917047468294663e-01	1.306748890923757067e-01	-1.271979456335343983e-01	1.361278351980074741e-01	-1.461198498729622541e-01	1.184306243460681168e-01	-1.049404346824447942e-01	1.184874567230349007e-01	-7.825473469869240195e-02	9.736033762101165001e-02	-8.248748961169048710e-02	9.457122094267653156e-02	-7.536202289673304966e-02	9.159285251572758801e-02	-7.600273463848754296e-02	8.390276402706126069e-02	-7.369801193883722401e-02	9.102575813928022452e-02	-7.760676676270965302e-02	5.975773223121486066e-02	-6.325834561176700566e-02	4.659145036460903000e-02	-5.218051149849016468e-02
1.379665014885033680e-01	-1.072633896035514733e-01	1.341922691902608100e-01	-6.261072898901087758e-02	6.280243622143463766e-02	-1.058478543255757937e-01	1.154798433667357238e-01	-1.363051247149634770e-01	2.169046860039519076e-01	-2.369034696440406318e-01	1.041496069165972482e-01	-1.196422133881749061e-01	1.865933735593655329e-01	-3.795887528447816073e-01	2.419684957413671955e-01	-1.730813106245704669e-01	1.568791237170538422e-01	-1.899205216753329650e-01	1.000000000000004219e+00	-6.458357539325999541e-01	1.595182923661229990e-01	-1.507031006789740224e-01	2.426338289431103357e-01	-4.233171450872998953e-01	2.881555985679956633e-01	-1.544135299318099841e-01	1.573272580099077111e-01	-1.952374337376860669e-01	1.949553640178600389e-01	-2.183130890066383722e-01	9.588078870311031454e-02	-1.260498037508556435e-01	1.229117127823159822e-01	-1.531470719997594931e-01	1.281073492532571190e-01	-1.147417759894008571e-01	1.007677756332619190e-01	-1.237544975356538041e-01	1.156461914808173397e-01	-1.487105877279292776e-01	1.006991482214849576e-01	-8.226039272777804778e-02	8.765468777043239346e-02	-7.031287611841234575e-02	7.861161149494949596e-02
-1.508591624524141805e-01	1.111466599477488604e-01	-1.465513038003431745e-01	6.491695888637287470e-02	-6.782478517151187269e-02	1.052981264617383617e-01	-1.186820275988072909e-01	1.359890826684817255e-01	-2.301655838858233660e-01	2.365584641004332134e-01	-1.041794336862980203e-01	1.164484246953318425e-01	-1.803451716633155399e-01	2.609389731411547175e-01	-3.656568401970958226e-01	1.632393868813261928e-01	-1.550036801318770141e-01	1.541182719541111801e-01	-6.458357539325999541e-01	1.000000000000001554e+00	-1.628236205253692226e-01	1.468504481999724220e-01	-2.581324097106377224e-01	2.780684994153340694e-01	-4.389029685240616874e-01	1.459564193411365673e-01	-1.575093308061378261e-01	1.740144241572640360e-01	-1.863147584861657713e-01	2.068653982657670531e-01	-9.190342149588748288e-02	1.191023779375226799e-01	-1.175474620906216267e-01	1.423183902430221193e-01	-1.261282388534104293e-01	1.082075473687392486e-01	-9.698332823055050289e-02	1.158350871911921626e-01	-1.117272416496472576e-01	1.382339508647359994e-01	-1.004317893031362596e-01	7.844563149310559980e-02	-8.528163425962798083e-02	6.797276316528474971e-02	-7.769024085984746475e-02
1.582114012031026196e-01	-1.202232896161452569e-01	1.156897253109220314e-01	-4.129138589873025678e-02	4.174425391865596580e-02	-1.605013201681893820e-01	1.571359345147907705e-01	-1.111480735394177466e-01	1.242516805333170604e-01	-1.214774600431541146e-01	1.797507289538854414e-01	-1.950451521523454967e-01	1.722929393713532042e-01	-1.340058219621426405e-01	1.106817395943336252e-01	-4.737275750436527044e-01	2.620633194810989552e-01	-1.668852680372965858e-01	1.595182923661229990e-01	-1.628236205253692226e-01	1.000000000000001776e+00	-5.141982056257033973e-01	2.758328125143015841e-01	-1.767073758966578589e-01	1.725844213957369033e-01	-4.638584387822359267e-01	3.069123489131963534e-01	-2.113715371611933347e-01	1.692603883323819669e-01	-1.937384083672034074e-01	1.985924058636493184e-01	-2.212117427281874993e-01	1.575615959302678615e-01	-1.681425641783348968e-01	1.282273612743281277e-01	-2.260851020061732941e-01	1.644063973552466196e-01	-1.627598831377693456e-01	1.326339815668024780e-01	-1.587418921304835917e-01	1.456626183331598823e-01	-1.224025355420967076e-01	1.269088767528305239e-01	-8.546076838357889727e-02	9.506230476518078010e-02
-1.358201315456451508e-01	1.026343725845815097e-01	-1.007526689949556492e-01	3.584019924466232132e-02	-3.634925868161940909e-02	1.305764781657147433e-01	-1.405056661406049179e-01	9.623276629449280251e-02	-1.108582588741562069e-01	1.062582572716610080e-01	-1.516309890575565922e-01	1.799208953819567969e-01	-1.740194585440072161e-01	1.212616801868580951e-01	-9.923234199160058111e-02	2.675011744234193078e-01	-3.870096150379540023e-01	1.710765437473553141e-01	-1.507031006789740224e-01	1.468504481999724220e-01	-5.141982056257033973e-01	1.000000000000001110e+00	-4.166095274989551900e-01	1.770131743125692436e-01	-1.638592762025183613e-01	2.772791854355347585e-01	-5.412280791841946881e-01	2.063159200332061738e-01	-1.669486982661312346e-01	1.690675191648008391e-01	-1.482597490128026163e-01	1.795578581339988267e-01	-1.371095327446661960e-01	1.424160398270112871e-01	-1.108847648130637797e-01	1.609397580139863282e-01	-1.345171597714291956e-01	1.353208728442693021e-01	-1.126168976057711907e-01	1.332396503333985183e-01	-1.142350934103477378e-01	9.845052773096883703e-02	-1.047552910682729155e-01	7.121680701297292138e-02	-7.998406112353773079e-02
1.557518021933093078e-01	-1.196126070567144623e-01	1.246303221660924748e-01	-5.016758349610736523e-02	5.050649803643516428e-02	-1.393847870030165137e-01	1.432102649778536629e-01	-1.217736598991992492e-01	1.516587884924099905e-01	-1.601424260118802234e-01	1.448864747928646501e-01	-1.684206766799403454e-01	1.880688216948673830e-01	-1.770197133071056694e-01	1.477540707345827153e-01	-2.731070685301092427e-01	2.305035125962552611e-01	-1.975917047468294663e-01	2.426338289431103357e-01	-2.581324097106377224e-01	2.758328125143015841e-01	-4.166095274989551900e-01	1.000000000000000666e+00	-4.445441578381280623e-01	2.796892653086809899e-01	-2.887147060230624840e-01	2.854332794244312521e-01	-3.564811446043286147e-01	2.699908205885768742e-01	-3.116410318805412638e-01	1.684066979918983908e-01	-2.223041416126343151e-01	2.006992841265837213e-01	-2.399673760984077642e-01	1.880354291562889579e-01	-2.032406145782205964e-01	1.705140644708755537e-01	-2.071658814971892304e-01	1.789538476928692334e-01	-2.313109202098051764e-01	1.579292803809017876e-01	-1.381284780748034402e-01	1.432775693294379149e-01	-1.102846199153941775e-01	1.208683207792981967e-01
-1.160261883275477968e-01	8.644921643057952576e-02	-1.003007407698343345e-01	4.188615543158826643e-02	-4.276604586762150495e-02	9.151490315356565486e-02	-9.925016495438677977e-02	9.574603583517198035e-02	-1.392016000929309494e-01	1.390503664822658469e-01	-9.446102816502247035e-02	1.060937336028473371e-01	-1.427553573077506854e-01	1.677390454661068508e-01	-1.443720784161616755e-01	1.598870429543690630e-01	-1.483563093745824679e-01	1.306748890923757067e-01	-4.233171450872998953e-01	2.780684994153340694e-01	-1.767073758966578589e-01	1.770131743125692436e-01	-4.445441578381280623e-01	1.000000000000000222e+00	-5.688076114335925970e-01	1.659601805465102664e-01	-1.892646725771199856e-01	2.590676203253722276e-01	-4.088585855495949772e-01	2.633018625760687459e-01	-1.049727101281233144e-01	1.392347948274446634e-01	-1.475426692349902091e-01	1.754259800455144069e-01	-1.554937477925263101e-01	1.230892712311879994e-01	-1.125898249472459256e-01	1.403051317870699644e-01	-1.340953442595307354e-01	1.647657990452464360e-01	-1.039665604445533797e-01	9.060500654327800774e-02	-9.841269758496561104e-02	7.888324354356415768e-02	-8.957484630095491340e-02
1.214295328929060752e-01	-9.092929287196847843e-02	1.051845411570131866e-01	-4.583350777392424663e-02	4.650226880046159916e-02	-9.510528316221422696e-02	1.022890743337406816e-01	-1.013733771240426518e-01	1.440673884866557342e-01	-1.622722382497045757e-01	9.658662523687418233e-02	-1.079658875697312170e-01	1.394344183351723387e-01	-1.731856861730443620e-01	1.630393364708337400e-01	-1.656183359694090862e-01	1.448375219675640535e-01	-1.271979456335343983e-01	2.881555985679956633e-01	-4.389029685240616874e-01	1.725844213957369033e-01	-1.638592762025183613e-01	2.796892653086809899e-01	-5.688076114335925970e-01	1.000000000000001776e+00	-1.749408316480899062e-01	1.808204627465902492e-01	-2.537223689749425470e-01	2.624468267334251204e-01	-4.533675089773001043e-01	1.130769857463570088e-01	-1.533927926078382520e-01	1.618833737048008259e-01	-2.234125020375961057e-01	2.055743777528415417e-01	-1.356004848282180986e-01	1.240544866052795403e-01	-1.622073201988258051e-01	1.630410847643903316e-01	-2.247492892627847572e-01	1.148933276406515214e-01	-1.026624574761890452e-01	1.101259832917601822e-01	-9.455541456263513722e-02	1.053353728028865177e-01
-1.415353245692068385e-01	1.004835154686258697e-01	-1.031847185941456579e-01	3.700462422688332448e-02	-3.794536591111606627e-02	1.170551321566984521e-01	-1.273759249148966322e-01	9.517036752452816273e-02	-1.136521736243366332e-01	1.062011061992529926e-01	-1.312711241869590761e-01	1.401065066974287177e-01	-1.557049065628177964e-01	1.190979478227626315e-01	-1.012972339024983404e-01	2.272965746198833126e-01	-2.116647430939939678e-01	1.361278351980074741e-01	-1.544135299318099841e-01	1.459564193411365673e-01	-4.638584387822359267e-01	2.772791854355347585e-01	-2.887147060230624840e-01	1.659601805465102664e-01	-1.749408316480899062e-01	1.000000000000000222e+00	-5.022218176216112218e-01	2.083714646573265050e-01	-1.798849564278249824e-01	1.752355504012160781e-01	-4.690727868160647906e-01	2.616848751050926958e-01	-1.801115440997202444e-01	1.624995509804143257e-01	-1.253891178600472778e-01	2.745853102689617686e-01	-2.204673643528721749e-01	1.721718516730247894e-01	-1.390541947591104888e-01	1.481223143903730721e-01	-1.732087542414401382e-01	1.405094056228297361e-01	-1.578789201113471874e-01	9.124795405019402172e-02	-1.060403121210052590e-01
1.313466754735074515e-01	-9.875655045561167189e-02	9.914088948817102731e-02	-3.678589674974461210e-02	3.732678722388997616e-02	-1.202327098698963842e-01	1.246083521111094744e-01	-9.471216485976023669e-02	1.117581392966082582e-01	-1.099778631862185913e-01	1.301106180109321830e-01	-1.526354875949607059e-01	1.500408603250231454e-01	-1.221082771760743646e-01	1.024336178888224508e-01	-2.452669123618394231e-01	2.214382884378810479e-01	-1.461198498729622541e-01	1.573272580099077111e-01	-1.575093308061378261e-01	3.069123489131963534e-01	-5.412280791841946881e-01	2.854332794244312521e-01	-1.892646725771199856e-01	1.808204627465902492e-01	-5.022218176216112218e-01	1.000000000000001554e+00	-3.392670233717856587e-01	2.115862899160269872e-01	-2.069003864398376580e-01	2.223756806215873016e-01	-3.089109160736882020e-01	1.892286617573607499e-01	-1.832800508142869433e-01	1.383811621442740669e-01	-2.395881180298410629e-01	1.940801086879298254e-01	-1.859001571518035245e-01	1.448136440358062382e-01	-1.662745661751416082e-01	1.414239477269045309e-01	-1.364787088664104753e-01	1.424370730864277790e-01	-9.160263622813771822e-02	1.024306710768040085e-01
-1.159049209020980298e-01	8.392395904063391920e-02	-9.143504454795978176e-02	3.545537376909036614e-02	-3.635827074864986241e-02	9.264073041258652497e-02	-1.005132458652790994e-01	8.531675055588534839e-02	-1.114791746505906789e-01	1.079846113713555517e-01	-9.872658461186804846e-02	1.092684647347403198e-01	-1.328125154984328982e-01	1.222311538655897201e-01	-1.067513195610707843e-01	1.669395388079122911e-01	-1.588032171369487544e-01	1.184306243460681168e-01	-1.952374337376860669e-01	1.740144241572640360e-01	-2.113715371611933347e-01	2.063159200332061738e-01	-3.564811446043286147e-01	2.590676203253722276e-01	-2.537223689749425470e-01	2.083714646573265050e-01	-3.392670233717856587e-01	9.999999999999988898e-01	-6.830207691673459980e-01	2.549009761057841605e-01	-1.394863176356356815e-01	1.916090783050262147e-01	-3.063576025612194664e-01	2.172559008820753035e-01	-1.781117882240573769e-01	1.553862698741366455e-01	-1.571426750687979768e-01	2.077252668578415673e-01	-1.739278144458690500e-01	1.816581181215496665e-01	-1.224798179751146743e-01	1.201573175597140247e-01	-1.355749689593956364e-01	9.892748375727325461e-02	-1.145129390859708496e-01
1.013684437954822382e-01	-7.452609183101831236e-02	8.227989028555524054e-02	-3.314572699156716901e-02	3.380925187387383984e-02	-8.127235320695842813e-02	8.727899415971716868e-02	-7.793587359957919458e-02	1.039410039135195141e-01	-1.053060481071748516e-01	8.491760192879289904e-02	-9.457681793748856647e-02	1.155448135073754018e-01	-1.192524682922024987e-01	1.032972248851386637e-01	-1.465202182254044805e-01	1.319067879622443928e-01	-1.049404346824447942e-01	1.949553640178600389e-01	-1.863147584861657713e-01	1.692603883323819669e-01	-1.669486982661312346e-01	2.699908205885768742e-01	-4.088585855495949772e-01	2.624468267334251204e-01	-1.798849564278249824e-01	2.115862899160269872e-01	-6.830207691673459980e-01	1.000000000000002220e+00	-3.898048969409612097e-01	1.173645990966542818e-01	-1.648919972945409318e-01	2.041121082683975407e-01	-2.477595094558979472e-01	1.963859742482977344e-01	-1.371425655074011707e-01	1.318318861799717412e-01	-1.853917135263835336e-01	1.679074299337322829e-01	-1.998370724405084120e-01	1.063725639330445616e-01	-1.059146625975016520e-01	1.153090041630538548e-01	-9.374056326801041839e-02	1.056167880635247996e-01
-1.243868824837357501e-01	8.840949725245419999e-02	-9.969801293135753528e-02	3.919223860021212730e-02	-4.045172389253787887e-02	9.323676679437413461e-02	-1.026481666140334481e-01	9.169874626957613684e-02	-1.241536881007453963e-01	1.196166663172796296e-01	-9.783122445291889124e-02	1.067659886936624253e-01	-1.373771652209214711e-01	1.338591225798952955e-01	-1.223722326156498064e-01	1.593340617909764778e-01	-1.508296173116526750e-01	1.184874567230349007e-01	-2.183130890066383722e-01	2.068653982657670531e-01	-1.937384083672034074e-01	1.690675191648008391e-01	-3.116410318805412638e-01	2.633018625760687459e-01	-4.533675089773001043e-01	1.752355504012160781e-01	-2.069003864398376580e-01	2.549009761057841605e-01	-3.898048969409612097e-01	1.000000000000002442e+00	-1.216995449625628417e-01	1.635617201840927626e-01	-2.022141640409002572e-01	2.712869939699111277e-01	-5.338634709362594100e-01	1.401846279466406331e-01	-1.417750721587615614e-01	1.821790904450538151e-01	-2.311864653694341576e-01	2.738860071851744737e-01	-1.289733336975414368e-01	1.151215367777750492e-01	-1.325335625829445751e-01	1.208814367578322085e-01	-1.455893062723936648e-01
8.223225742850250042e-02	-5.874176652527168807e-02	6.100906550249936278e-02	-2.244088391358417187e-02	2.299172042772098731e-02	-6.729268174661895419e-02	7.249608782092677173e-02	-5.650885674063817199e-02	6.849214445708154408e-02	-6.509593681701837664e-02	7.345239689575372433e-02	-7.932413058681647700e-02	8.896676096647145038e-02	-7.221160211918030425e-02	6.204415005488291002e-02	-1.288065672820290775e-01	1.151187542396842622e-01	-7.825473469869240195e-02	9.588078870311031454e-02	-9.190342149588748288e-02	1.985924058636493184e-01	-1.482597490128026163e-01	1.684066979918983908e-01	-1.049727101281233144e-01	1.130769857463570088e-01	-4.690727868160647906e-01	2.223756806215873016e-01	-1.394863176356356815e-01	1.173645990966542818e-01	-1.216995449625628417e-01	1.000000000000001332e+00	-4.401647293727439236e-01	1.669028039544827313e-01	-1.300811161656441894e-01	9.379376721210119783e-02	-6.729399707729900593e-01	2.684705724498115398e-01	-1.671357827974382926e-01	1.132210366136055663e-01	-1.128539753513038146e-01	1.344579237658453941e-01	-1.494193694701304309e-01	1.531420581961682736e-01	-7.532981455162574003e-02	8.571505084467999358e-02
-1.023572979599256250e-01	7.278436519186511078e-02	-7.665370019431494431e-02	2.841152577915795341e-02	-2.916938948676375126e-02	8.195412199684544430e-02	-8.911712798821527781e-02	7.073483335531614846e-02	-8.726257631223252598e-02	8.267767945948623076e-02	-8.909249126986869272e-02	9.652727988227742528e-02	-1.114660234826832241e-01	9.200843063976203717e-02	-7.965663672990926092e-02	1.509034274711773260e-01	-1.416385881049104511e-01	9.736033762101165001e-02	-1.260498037508556435e-01	1.191023779375226799e-01	-2.212117427281874993e-01	1.795578581339988267e-01	-2.223041416126343151e-01	1.392347948274446634e-01	-1.533927926078382520e-01	2.616848751050926958e-01	-3.089109160736882020e-01	1.916090783050262147e-01	-1.648919972945409318e-01	1.635617201840927626e-01	-4.401647293727439236e-01	1.000000000000001110e+00	-3.496968213561620908e-01	1.913007766556991951e-01	-1.361274673733310625e-01	3.096661317102658018e-01	-5.796597541114667518e-01	2.620647224469722647e-01	-1.742495263121801863e-01	1.584215034895295471e-01	-1.498346037662256769e-01	2.268132112934965194e-01	-2.618858715456194308e-01	1.133966929940725676e-01	-1.314722722226748242e-01
8.605492027152304713e-02	-6.170383480880883148e-02	6.646533198033977019e-02	-2.549301550001093278e-02	2.615103106778458170e-02	-6.798009413829077252e-02	7.356339599745359559e-02	-6.169149373718369606e-02	7.861941411741171781e-02	-7.621627022579377519e-02	7.226732096329038790e-02	-7.892996883761271842e-02	9.386097730687770202e-02	-8.441387470510230973e-02	7.408392190416202006e-02	-1.229648483631625017e-01	1.121001847528390605e-01	-8.248748961169048710e-02	1.229117127823159822e-01	-1.175474620906216267e-01	1.575615959302678615e-01	-1.371095327446661960e-01	2.006992841265837213e-01	-1.475426692349902091e-01	1.618833737048008259e-01	-1.801115440997202444e-01	1.892286617573607499e-01	-3.063576025612194664e-01	2.041121082683975407e-01	-2.022141640409002572e-01	1.669028039544827313e-01	-3.496968213561620908e-01	1.000000000000001110e+00	-4.011956551274959981e-01	1.918370236705454757e-01	-1.946224949854269692e-01	2.404608056348894185e-01	-6.769198817756226783e-01	2.528370785561293022e-01	-2.207556861986997299e-01	1.133651607669019512e-01	-1.879495888899663514e-01	2.005202838925647102e-01	-1.320854027002748565e-01	1.419648235554470395e-01
-1.013124284069537584e-01	7.168027233617814409e-02	-7.902825764551930920e-02	3.041964790336826319e-02	-3.137024343540985999e-02	7.677262773136470098e-02	-8.421671359029622717e-02	7.253657614740195714e-02	-9.489350080576666735e-02	9.044801348114987760e-02	-8.117673177057209422e-02	8.814365856174501135e-02	-1.098119386213149973e-01	1.007569918733305786e-01	-9.006317100768004846e-02	1.333709416185630547e-01	-1.251211229040085637e-01	9.457122094267653156e-02	-1.531470719997594931e-01	1.423183902430221193e-01	-1.681425641783348968e-01	1.424160398270112871e-01	-2.399673760984077642e-01	1.754259800455144069e-01	-2.234125020375961057e-01	1.624995509804143257e-01	-1.832800508142869433e-01	2.172559008820753035e-01	-2.477595094558979472e-01	2.712869939699111277e-01	-1.300811161656441894e-01	1.913007766556991951e-01	-4.011956551274959981e-01	1.000000000000003331e+00	-4.875685241247813551e-01	1.487628292604268321e-01	-1.726143590262715910e-01	2.705452785346701972e-01	-5.264637280481626602e-01	3.188117247678147193e-01	-1.200654737309132247e-01	1.400312414372651137e-01	-1.660229269641302352e-01	1.833234346500115519e-01	-2.200281340020309728e-01
