1.000000000000000000e+00	-5.377985050244694643e-01	2.382769140323282853e-01	-3.079346376736609159e-01	1.236445368780126897e-01	-5.400965580102955466e-01	2.865288720061897609e-01	-1.937963147914214534e-01	7.418869258422697288e-02	-8.214970876243860021e-02	2.745674477419745019e-01	-2.860819288914525083e-01	1.610969883914412926e-01	-9.162827964408938597e-02	7.767283293090450347e-02	-1.926920165997070000e-01	1.913137266173144113e-01	-1.535219027698123406e-01	7.924827173368455269e-02	-7.901948443618649065e-02	1.491018178455275067e-01	-1.990910932486036344e-01	1.254982253555634863e-01	-9.134304512151647515e-02	6.840397556042127070e-02	-1.173300553174491112e-01	1.263851446969933012e-01	-1.350401039626321353e-01	9.925467566781980000e-02	-6.434956678080150372e-02	1.162715075421653088e-01	-1.107163045027355491e-01	1.029617959308694458e-01	-8.506186787770581015e-02	1.036642718080485331e-01	-4.260198161908294173e-02	4.285040784959234100e-02	-5.882314316910975532e-02	4.516081762770252084e-02	-4.276150217355209615e-02	4.436928897015007117e-02	-3.927209862565151505e-02	6.063740996063662902e-02	-3.582616352797882153e-02	4.178362048368056136e-02
-5.377985050244694643e-01	9.999999999999997780e-01	-4.394575744354036195e-01	2.741685250683743025e-01	-1.034135747087641527e-01	2.276642094373523273e-01	-5.658170869722770613e-01	1.516537260451428781e-01	-6.025462166031350653e-02	6.469660609102517723e-02	-2.123581550345511604e-01	2.414501738845085121e-01	-1.382545914503755802e-01	7.199180789626884180e-02	-6.209644908695313020e-02	1.353019935511732830e-01	-1.638623857829392683e-01	1.143401336738774782e-01	-6.187179424796619004e-02	6.063404315478153339e-02	-1.154214908742930007e-01	1.452462513523888610e-01	-9.673644322232322068e-02	6.914564256435258571e-02	-5.337741324087472150e-02	8.681074002412743351e-02	-9.704777211285380012e-02	9.985587275334727175e-02	-7.677606687503664429e-02	4.939723778850167030e-02	-9.004459092936940856e-02	8.241313445741560439e-02	-7.927733464515387962e-02	6.481626486123769071e-02	-8.135105429018073264e-02	3.248679789245319943e-02	-3.288818975664532102e-02	4.500049120972701017e-02	-3.503687440390206020e-02	3.290668083318706860e-02	-3.426277017170643868e-02	3.006713892641148245e-02	-4.698616154075586915e-02	2.766396915976879201e-02	-3.245673218449104946e-02
2.382769140323282853e-01	-4.394575744354036195e-01	1.000000000000000222e+00	-7.968366526967753938e-01	1.507044707702581143e-01	-1.522452940323453241e-01	2.204492794184958748e-01	-1.464004871652496986e-01	8.108199576173731604e-02	-8.604268420175419096e-02	1.370068571086659748e-01	-1.598395267788380869e-01	1.212142846276363511e-01	-7.458859098840814328e-02	6.406032408175210691e-02	-1.026860948629476217e-01	1.164841926226933416e-01	-9.579947730393295613e-02	6.011810208394743199e-02	-5.955183708576060331e-02	8.804748336750750637e-02	-1.139152179219480449e-01	8.101372325162391197e-02	-6.431926923895138482e-02	5.069125635906925748e-02	-7.002627812735652546e-02	7.863546320096188869e-02	-8.866904892743598943e-02	7.119761777943628411e-02	-4.666993883952540861e-02	7.412519688111081362e-02	-6.906378822045586285e-02	7.006567142233634249e-02	-5.889338196915706869e-02	7.456346848680778239e-02	-2.823244425527436652e-02	2.866215862216625263e-02	-4.022160691477566496e-02	3.197836471101112021e-02	-3.025120372351728856e-02	3.020871831299814375e-02	-2.658061006230647352e-02	4.205458653947422021e-02	-2.516905700985508365e-02	2.973389416776264088e-02
-3.079346376736609159e-01	2.741685250683743025e-01	-7.968366526967753938e-01	1.000000000000000222e+00	-2.324407051338259755e-01	1.632783789944019792e-01	-2.544052352787159466e-01	1.465304058954654820e-01	-1.055805313086514291e-01	1.004322815985240341e-01	-1.659435676216881039e-01	1.651653234481617605e-01	-1.375647478084413011e-01	8.616151143009986857e-02	-7.619747688771570659e-02	1.154608220787089051e-01	-1.337640914243493073e-01	1.055873035831014634e-01	-7.075680764006665735e-02	6.898086881245983626e-02	-1.046749960604953233e-01	1.240273441842309893e-01	-9.243994683715682503e-02	7.403691073411275414e-02	-6.046826626704109031e-02	8.067851404898331025e-02	-9.193022904809432239e-02	1.009632598082855631e-01	-8.388512646160847797e-02	5.490306647793345013e-02	-8.837382602392516995e-02	7.971829082521431076e-02	-8.301601578218069377e-02	6.931498044596261232e-02	-9.009478755014001250e-02	3.338915115122603749e-02	-3.405864360139837510e-02	4.759894915937896293e-02	-3.836685058296280398e-02	3.605524419048148493e-02	-3.611061224513629347e-02	3.154707327565457742e-02	-5.031202360123567668e-02	3.007257797401863969e-02	-3.572597516213579100e-02
1.236445368780126897e-01	-1.034135747087641527e-01	1.507044707702581143e-01	-2.324407051338259755e-01	1.000000000000000666e+00	-8.424300107867162268e-02	1.031614820456971671e-01	-1.082696376943653033e-01	8.031842807984522492e-02	-9.658538330864376020e-02	8.314579090558951724e-02	-8.758103620977514270e-02	9.280237900775227533e-02	-7.450777870275412940e-02	6.545515376736094071e-02	-7.325487060348119528e-02	8.095529019627989431e-02	-8.074006317743043226e-02	6.231131761333515151e-02	-6.328492905314739292e-02	6.651688442600375839e-02	-8.456598087827439658e-02	6.988805154823279908e-02	-6.663166462152859959e-02	5.524392599513862356e-02	-5.741502689466513459e-02	6.619126770079114541e-02	-8.841704209364138756e-02	7.385416121744579898e-02	-5.094351564951913464e-02	6.493226196762920399e-02	-6.156571153423522069e-02	7.074496789187666168e-02	-6.284063573729303798e-02	8.180978951413282740e-02	-2.795077791982648885e-02	2.858939419340756835e-02	-4.212635148927715290e-02	3.559749403304893894e-02	-3.422409809476071457e-02	3.108637782241710501e-02	-2.740093882397571373e-02	4.437002892109006419e-02	-2.777402337730533466e-02	3.347070458778596269e-02
-5.400965580102955466e-01	2.276642094373523273e-01	-1.522452940323453241e-01	1.632783789944019792e-01	-8.424300107867162268e-02	1.000000000000000888e+00	-2.736429613885096868e-01	1.456780954972695663e-01	-5.410980696905275805e-02	5.921979202465962183e-02	-6.717547164966999329e-01	2.564242424026408895e-01	-1.414451628036828001e-01	7.340306323804066113e-02	-6.347250931600999235e-02	2.092962104677726087e-01	-1.942404854781368262e-01	1.286699659537273166e-01	-6.637978164212254839e-02	6.476696891670430389e-02	-1.824686102395566278e-01	1.699601380969807951e-01	-1.115786850942475372e-01	7.665277737165528127e-02	-5.912836192343712965e-02	1.166481240151845400e-01	-1.262889585978658469e-01	1.156810223261523357e-01	-8.596146943331486878e-02	5.495339613913412247e-02	-1.207529549132453639e-01	1.033720652259675771e-01	-9.435843122909433334e-02	7.522346368968135799e-02	-9.403002368663027077e-02	4.025521722698623128e-02	-4.059678544284233553e-02	5.338481077883102527e-02	-4.091224233280774808e-02	3.815379755507519038e-02	-4.183375092152585850e-02	3.643795715688177839e-02	-5.579707220332955075e-02	3.239154593994231224e-02	-3.779513131262667025e-02
2.865288720061897609e-01	-5.658170869722770613e-01	2.204492794184958748e-01	-2.544052352787159466e-01	1.031614820456971671e-01	-2.736429613885096868e-01	1.000000000000001776e+00	-2.313483310299234430e-01	7.254351608482507985e-02	-7.899291735710751994e-02	2.414102906255555792e-01	-5.546521386166327616e-01	1.889780283483424583e-01	-9.358415986446047552e-02	7.876938075295943087e-02	-1.794017341324606885e-01	2.266690783756148408e-01	-1.617302455774743131e-01	7.878490902739652968e-02	-7.762237097416582743e-02	1.419010288643086093e-01	-2.155122161311778528e-01	1.299872382004078064e-01	-8.933673953112233890e-02	6.650069992846734113e-02	-1.122492225209347078e-01	1.243990338801255618e-01	-1.299521298549110582e-01	9.733970551717399666e-02	-6.203003711989154428e-02	1.115330157766820235e-01	-1.066324994729784398e-01	9.954552566686492021e-02	-8.124379094699792081e-02	9.988526369563489882e-02	-4.045801933500355052e-02	4.082621936552862513e-02	-5.613241325767085593e-02	4.300251180016390062e-02	-4.048043172945173934e-02	4.222889816140450170e-02	-3.730548430792304110e-02	5.810199410516186935e-02	-3.406971093712794080e-02	3.974245040345388003e-02
-1.937963147914214534e-01	1.516537260451428781e-01	-1.464004871652496986e-01	1.465304058954654820e-01	-1.082696376943653033e-01	1.456780954972695663e-01	-2.313483310299234430e-01	1.000000000000001110e+00	-1.779078916679236733e-01	1.558203003306300460e-01	-1.642429695426505520e-01	2.111538649306635984e-01	-8.089071300511336826e-01	2.083005303774920214e-01	-1.918993207372365617e-01	1.337955481046796402e-01	-1.802663952512952306e-01	1.867335565590200752e-01	-1.521425308581108027e-01	1.405019944969635448e-01	-1.245541747833983220e-01	1.636821976140484525e-01	-1.663370997064821388e-01	1.344132787067608970e-01	-1.125322030506512999e-01	1.028848746347745396e-01	-1.228125148920755499e-01	1.546390279449073868e-01	-1.562604005137420426e-01	9.755272828879342495e-02	-1.173266547098641144e-01	1.083911361086119379e-01	-1.289537413810479816e-01	1.087899327072735095e-01	-1.469197789245371144e-01	4.694509311405743734e-02	-4.859946199762175262e-02	7.160804939160424210e-02	-5.883543985174412988e-02	5.494261053081744145e-02	-5.227051327473877795e-02	4.568101889844747993e-02	-7.676225596788502359e-02	4.574787918800453379e-02	-5.480869929443956540e-02
7.418869258422697288e-02	-6.025462166031350653e-02	8.108199576173731604e-02	-1.055805313086514291e-01	8.031842807984522492e-02	-5.410980696905275805e-02	7.254351608482507985e-02	-1.779078916679236733e-01	1.000000000000001998e+00	-8.962754541745724390e-01	5.730623455518627646e-02	-6.809617140692952875e-02	1.488007555082335176e-01	-3.037415856673901238e-01	2.008712158231424627e-01	-5.137122318117188363e-02	6.361461599031152658e-02	-7.248258030504431404e-02	1.207436122798979244e-01	-1.218100329156483336e-01	4.770204190351982898e-02	-6.407664784054095675e-02	6.557718684781946306e-02	-8.564963601078422195e-02	7.020909164017773152e-02	-4.198387284688372828e-02	5.046233834075179031e-02	-7.401901660487547607e-02	9.265985943100335520e-02	-6.040305143294202872e-02	4.847753043853645499e-02	-4.645966250210404463e-02	5.909327064445480532e-02	-5.378561303315823605e-02	7.113461414172746189e-02	-2.054226543588378445e-02	2.131975481996763871e-02	-3.276256270705596441e-02	2.714772452641950329e-02	-2.578915667246785975e-02	2.303089471583101566e-02	-2.032786379616252984e-02	3.474731270021524931e-02	-2.108677195408164770e-02	2.530794957213539434e-02
-8.214970876243860021e-02	6.469660609102517723e-02	-8.604268420175419096e-02	1.004322815985240341e-01	-9.658538330864376020e-02	5.921979202465962183e-02	-7.899291735710751994e-02	1.558203003306300460e-01	-8.962754541745724390e-01	1.000000000000001332e+00	-6.329533566975503733e-02	7.352241466850231721e-02	-1.580931560430784977e-01	2.317133703980044368e-01	-2.507776238153965331e-01	5.702881832191829953e-02	-7.065548363020261735e-02	7.959406955743900114e-02	-1.413632896928423144e-01	1.329559237612255029e-01	-5.356422236567252859e-02	7.099496851949374521e-02	-7.373404077273411350e-02	9.621653660939273600e-02	-8.320679270769924807e-02	4.735120928742649060e-02	-5.725934160873775297e-02	8.403551383602585190e-02	-1.103301601899845941e-01	6.955209330586691052e-02	-5.539667175667493254e-02	5.284928855752336202e-02	-6.865483115690383664e-02	6.237194887024970907e-02	-8.403151216776626187e-02	2.364614163755034831e-02	-2.461199027972739775e-02	3.797277730797132128e-02	-3.174609073090881028e-02	3.007024321253318547e-02	-2.668894127779468731e-02	2.350757315890892804e-02	-4.050040165208300402e-02	2.459121307095843076e-02	-2.962428425383308722e-02
2.745674477419745019e-01	-2.123581550345511604e-01	1.370068571086659748e-01	-1.659435676216881039e-01	8.314579090558951724e-02	-6.717547164966999329e-01	2.414102906255555792e-01	-1.642429695426505520e-01	5.730623455518627646e-02	-6.329533566975503733e-02	1.000000000000003331e+00	-4.385467297807641995e-01	1.511417470208636926e-01	-7.914464355286415786e-02	6.693881042331449593e-02	-3.505451486605025702e-01	2.256073575139072862e-01	-1.494488943074547826e-01	7.045047977577781340e-02	-6.927092668486820037e-02	2.035401883246736598e-01	-2.091987241171363587e-01	1.239757472734175359e-01	-8.282746623501989480e-02	6.163355241618781455e-02	-1.357111908946944945e-01	1.381789021504131743e-01	-1.269683607458118313e-01	9.107427044950222594e-02	-5.787048802771622286e-02	1.278798395100244067e-01	-1.145852253907658630e-01	9.960181167852860673e-02	-7.953177169840039418e-02	9.677774987783722971e-02	-4.265110393683078233e-02	4.271344923524735687e-02	-5.619762659057090520e-02	4.225105419672383483e-02	-3.956928733284422600e-02	4.357977548842271315e-02	-3.827749095171456561e-02	5.802625963927039721e-02	-3.360530548462465489e-02	3.893836624000857061e-02
-2.860819288914525083e-01	2.414501738845085121e-01	-1.598395267788380869e-01	1.651653234481617605e-01	-8.758103620977514270e-02	2.564242424026408895e-01	-5.546521386166327616e-01	2.111538649306635984e-01	-6.809617140692952875e-02	7.352241466850231721e-02	-4.385467297807641995e-01	1.000000000000001776e+00	-2.582100390660370115e-01	9.835531106031029924e-02	-8.307678748943496394e-02	2.135584170680667193e-01	-4.506691323847488162e-01	1.802736964942793785e-01	-8.367035158120618432e-02	8.075208556265928150e-02	-1.776643076657582199e-01	2.423953390739057023e-01	-1.521753899357920770e-01	9.455613186582249863e-02	-7.073591754136716869e-02	1.274473382955971790e-01	-1.462916115066972556e-01	1.378585336256354654e-01	-1.047849524937705251e-01	6.544123382085402507e-02	-1.289553091635249615e-01	1.175995582387363847e-01	-1.094125165703880992e-01	8.698137367949972110e-02	-1.084899187901029738e-01	4.447441784944945048e-02	-4.502210353229272460e-02	6.082037302612683383e-02	-4.643742732721047733e-02	4.328836667161025525e-02	-4.641253679306996116e-02	4.068043389304915047e-02	-6.348088494124334846e-02	3.674621496545599220e-02	-4.284825958505459470e-02
1.610969883914412926e-01	-1.382545914503755802e-01	1.212142846276363511e-01	-1.375647478084413011e-01	9.280237900775227533e-02	-1.414451628036828001e-01	1.889780283483424583e-01	-8.089071300511336826e-01	1.488007555082335176e-01	-1.580931560430784977e-01	1.511417470208636926e-01	-2.582100390660370115e-01	1.000000000000001776e+00	-2.761115604284104519e-01	1.794271444132962412e-01	-1.304840300447605572e-01	1.742182343947718537e-01	-2.292957670754788846e-01	1.418297797069419663e-01	-1.421129538941351134e-01	1.142392104400312136e-01	-1.676265620661210598e-01	1.635172047796513706e-01	-1.316928038342620455e-01	9.883514676612104033e-02	-9.647561340736152125e-02	1.133637484150560593e-01	-1.498831519373408361e-01	1.395943009787458389e-01	-8.914513607205330759e-02	1.048281884107121059e-01	-1.005445809820338515e-01	1.140866190334369201e-01	-9.728223033101422723e-02	1.243711581115653358e-01	-4.165790762691459065e-02	4.280322817953222114e-02	-6.321624003793092916e-02	5.038607447115349414e-02	-4.751375467473584191e-02	4.545379034267436891e-02	-4.013731403718882179e-02	6.643586025988397481e-02	-3.949444348595808341e-02	4.675367328904583147e-02
-9.162827964408938597e-02	7.199180789626884180e-02	-7.458859098840814328e-02	8.616151143009986857e-02	-7.450777870275412940e-02	7.340306323804066113e-02	-9.358415986446047552e-02	2.083005303774920214e-01	-3.037415856673901238e-01	2.317133703980044368e-01	-7.914464355286415786e-02	9.835531106031029924e-02	-2.761115604284104519e-01	1.000000000000001998e+00	-7.249002593905918834e-01	7.643371882079161295e-02	-9.675860300857841434e-02	1.207166915276320363e-01	-3.372587922806453697e-01	2.793035221043830840e-01	-7.172514707743860018e-02	9.966946036568437306e-02	-1.129426804321595618e-01	1.768946296757184511e-01	-1.456842431729149789e-01	6.581046141844901221e-02	-8.077549924484242472e-02	1.287322914977782340e-01	-1.940160295788712630e-01	1.196128244106957617e-01	-7.735424570179760817e-02	7.545622158916598377e-02	-1.022983600999172599e-01	9.557517862313311130e-02	-1.270324252634319195e-01	3.362506532756171646e-02	-3.512018294966197385e-02	5.552728590333098901e-02	-4.612516327923271708e-02	4.389470756395510292e-02	-3.801018696849392531e-02	3.365164108213422600e-02	-5.893547808953240874e-02	3.572816875913016610e-02	-4.294118211725848899e-02
7.767283293090450347e-02	-6.209644908695313020e-02	6.406032408175210691e-02	-7.619747688771570659e-02	6.545515376736094071e-02	-6.347250931600999235e-02	7.876938075295943087e-02	-1.918993207372365617e-01	2.008712158231424627e-01	-2.507776238153965331e-01	6.693881042331449593e-02	-8.307678748943496394e-02	1.794271444132962412e-01	-7.249002593905918834e-01	1.000000000000001332e+00	-6.641097351532451731e-02	8.231874312400862259e-02	-1.072580368224271552e-01	2.630038323022310665e-01	-4.878330055540005539e-01	6.158921912202843657e-02	-8.755247134723324887e-02	9.752513803510348689e-02	-1.682759366942458978e-01	1.379089657616582032e-01	-5.710652134127385676e-02	6.960375780356195530e-02	-1.152690631029737733e-01	1.606097789037056189e-01	-1.216641883653111489e-01	6.616504110381542236e-02	-6.558027420667579543e-02	8.745962668264452289e-02	-8.428103094122145478e-02	1.079026409927129476e-01	-2.887072432108535314e-02	3.004188549786836540e-02	-4.774395445648235009e-02	3.923798804959880565e-02	-3.775765442419419526e-02	3.236650439242565180e-02	-2.881863784492543282e-02	5.005555768708991327e-02	-3.051837578222058381e-02	3.648383908761898553e-02
-1.926920165997070000e-01	1.353019935511732830e-01	-1.026860948629476217e-01	1.154608220787089051e-01	-7.325487060348119528e-02	2.092962104677726087e-01	-1.794017341324606885e-01	1.337955481046796402e-01	-5.137122318117188363e-02	5.702881832191829953e-02	-3.505451486605025702e-01	2.135584170680667193e-01	-1.304840300447605572e-01	7.643371882079161295e-02	-6.641097351532451731e-02	1.000000000000001776e+00	-3.351330982680792991e-01	1.658603789747166157e-01	-7.658117873675800158e-02	7.406683421750574758e-02	-7.088911059575365714e-01	2.538732385367896138e-01	-1.520189622772272209e-01	9.461885686034168796e-02	-7.183107623438204914e-02	2.513851842812613868e-01	-2.438043213739206350e-01	1.590785885383487197e-01	-1.079656591922775188e-01	6.762784992027018327e-02	-2.404423413323515946e-01	1.767031297766403497e-01	-1.360485438795756841e-01	1.018915040194424693e-01	-1.236807803560246166e-01	6.435646585178532442e-02	-6.397012827075056196e-02	7.572455351157082737e-02	-5.496233718987462991e-02	5.052055910059904953e-02	-6.344643133854868666e-02	5.449920840621053086e-02	-7.857416595566775463e-02	4.395252645342061920e-02	-5.032838699387434667e-02
1.913137266173144113e-01	-1.638623857829392683e-01	1.164841926226933416e-01	-1.337640914243493073e-01	8.095529019627989431e-02	-1.942404854781368262e-01	2.266690783756148408e-01	-1.802663952512952306e-01	6.361461599031152658e-02	-7.065548363020261735e-02	2.256073575139072862e-01	-4.506691323847488162e-01	1.742182343947718537e-01	-9.675860300857841434e-02	8.231874312400862259e-02	-3.351330982680792991e-01	1.000000000000002220e+00	-3.423603221448416889e-01	9.578580946116081740e-02	-9.159701789781857229e-02	2.296133944841390606e-01	-6.141635903359221604e-01	2.390419450282459668e-01	-1.209653727384580324e-01	8.293164051469596731e-02	-1.840744217514698466e-01	2.122516016555137663e-01	-1.901078265460924566e-01	1.301487080505428773e-01	-7.824927938532555416e-02	1.685444039153135565e-01	-1.683095215730160965e-01	1.421281091165632060e-01	-1.097002339777013308e-01	1.319567508865230610e-01	-5.711638856340962161e-02	5.752276885142700025e-02	-7.732650564073277610e-02	5.681796408419449024e-02	-5.278391558101364067e-02	5.817166678274027919e-02	-5.147409604958236296e-02	7.958219914533981587e-02	-4.526563039789309462e-02	5.211749302210914175e-02
-1.535219027698123406e-01	1.143401336738774782e-01	-9.579947730393295613e-02	1.055873035831014634e-01	-8.074006317743043226e-02	1.286699659537273166e-01	-1.617302455774743131e-01	1.867335565590200752e-01	-7.248258030504431404e-02	7.959406955743900114e-02	-1.494488943074547826e-01	1.802736964942793785e-01	-2.292957670754788846e-01	1.207166915276320363e-01	-1.072580368224271552e-01	1.658603789747166157e-01	-3.423603221448416889e-01	9.999999999999971134e-01	-1.483084704505683860e-01	1.248681407370312302e-01	-1.629923643174116255e-01	2.699194147993773663e-01	-7.531780076206676666e-01	1.866804738569149691e-01	-1.197976733156450729e-01	1.393213321539217286e-01	-1.803205388862686720e-01	2.485468940997527243e-01	-2.050149608082194874e-01	1.089350167418951382e-01	-1.590055688442969239e-01	1.499696558351711617e-01	-1.923292244414524510e-01	1.424776925620825641e-01	-1.875394137317596965e-01	6.182870773883859111e-02	-6.465541417703411786e-02	9.772475608883444964e-02	-7.572894318454373441e-02	6.906644655287312584e-02	-6.870052197268528005e-02	6.021920633975718501e-02	-1.052095053601018598e-01	5.930703092333571708e-02	-6.966976024520402100e-02
7.924827173368455269e-02	-6.187179424796619004e-02	6.011810208394743199e-02	-7.075680764006665735e-02	6.231131761333515151e-02	-6.637978164212254839e-02	7.878490902739652968e-02	-1.521425308581108027e-01	1.207436122798979244e-01	-1.413632896928423144e-01	7.045047977577781340e-02	-8.367035158120618432e-02	1.418297797069419663e-01	-3.372587922806453697e-01	2.630038323022310665e-01	-7.658117873675800158e-02	9.578580946116081740e-02	-1.483084704505683860e-01	1.000000000000004663e+00	-6.578836456810971400e-01	7.214895498817153197e-02	-1.077688286609671114e-01	1.417483463075323580e-01	-4.937006721082318750e-01	1.828935262380165516e-01	-6.990363281307847287e-02	8.699239844452212600e-02	-1.650246253833078103e-01	2.621535814143186038e-01	-1.759729596024391662e-01	8.157365170039683477e-02	-8.297195069914338472e-02	1.161687276443860162e-01	-1.165290332804994750e-01	1.412414587780403130e-01	-3.622901718042832037e-02	3.782822379536898011e-02	-6.192931961223552273e-02	5.004000986681476221e-02	-4.834960886698029536e-02	4.060193220167046535e-02	-3.637906611391377582e-02	6.427045302501249724e-02	-3.900207491883785071e-02	4.631902449320082771e-02
-7.901948443618649065e-02	6.063404315478153339e-02	-5.955183708576060331e-02	6.898086881245983626e-02	-6.328492905314739292e-02	6.476696891670430389e-02	-7.762237097416582743e-02	1.405019944969635448e-01	-1.218100329156483336e-01	1.329559237612255029e-01	-6.927092668486820037e-02	8.075208556265928150e-02	-1.421129538941351134e-01	2.793035221043830840e-01	-4.878330055540005539e-01	7.406683421750574758e-02	-9.159701789781857229e-02	1.248681407370312302e-01	-6.578836456810971400e-01	1.000000000000000000e+00	-7.085378516722387610e-02	1.001216110888878963e-01	-1.254482768595246711e-01	2.522690165711746757e-01	-2.754163361959240386e-01	6.849831215603910395e-02	-8.578059789719791328e-02	1.518469079277036671e-01	-2.708091433903749290e-01	1.906734686870562578e-01	-8.223628490536760705e-02	8.207464019311797032e-02	-1.189751067361964759e-01	1.172623277002127207e-01	-1.551485642567599632e-01	3.695484048137911981e-02	-3.879909249850134467e-02	6.341212968435068487e-02	-5.281558746779511926e-02	5.079773514604780937e-02	-4.201588895830152270e-02	3.741422372720927536e-02	-6.697764445828588431e-02	4.083511614400620049e-02	-4.910224115875700540e-02
1.491018178455275067e-01	-1.154214908742930007e-01	8.804748336750750637e-02	-1.046749960604953233e-01	6.651688442600375839e-02	-1.824686102395566278e-01	1.419010288643086093e-01	-1.245541747833983220e-01	4.770204190351982898e-02	-5.356422236567252859e-02	2.035401883246736598e-01	-1.776643076657582199e-01	1.142392104400312136e-01	-7.172514707743860018e-02	6.158921912202843657e-02	-7.088911059575365714e-01	2.296133944841390606e-01	-1.629923643174116255e-01	7.214895498817153197e-02	-7.085378516722387610e-02	1.000000000000003775e+00	-3.009742147760339770e-01	1.440033206869512916e-01	-9.207787534412910369e-02	6.688986117562514822e-02	-4.572243784430239932e-01	2.444044965797725344e-01	-1.641096917606884587e-01	1.025079287447052540e-01	-6.423518403939897092e-02	2.315683458254802485e-01	-1.976386509229891564e-01	1.311302288142166816e-01	-9.957232658962625327e-02	1.138519468093427273e-01	-6.438998130762231542e-02	6.224225221587862539e-02	-7.363144101041228795e-02	5.140246072156143264e-02	-4.773916985906531685e-02	6.039327864765235698e-02	-5.312979663182756246e-02	7.411812634428414925e-02	-4.152143637945839710e-02	4.688990639245914360e-02
-1.990910932486036344e-01	1.452462513523888610e-01	-1.139152179219480449e-01	1.240273441842309893e-01	-8.456598087827439658e-02	1.699601380969807951e-01	-2.155122161311778528e-01	1.636821976140484525e-01	-6.407664784054095675e-02	7.099496851949374521e-02	-2.091987241171363587e-01	2.423953390739057023e-01	-1.676265620661210598e-01	9.966946036568437306e-02	-8.755247134723324887e-02	2.538732385367896138e-01	-6.141635903359221604e-01	2.699194147993773663e-01	-1.077688286609671114e-01	1.001216110888878963e-01	-3.009742147760339770e-01	1.000000000000002665e+00	-3.505284912783488971e-01	1.383260723821930493e-01	-9.756193838862489698e-02	2.263156530277972145e-01	-3.814985721802214291e-01	2.206616320229934369e-01	-1.558307446453660872e-01	9.100469523823168094e-02	-2.257266630169908195e-01	2.111617786932983853e-01	-1.807111691196775505e-01	1.322509441687167997e-01	-1.637940897745246149e-01	7.136497090641205632e-02	-7.268223831397076229e-02	9.538692524227859737e-02	-7.017652175216040900e-02	6.426265690059818070e-02	-7.319683765335445458e-02	6.394712516869811847e-02	-9.985808774233398410e-02	5.574316316093479162e-02	-6.425918546248363117e-02
1.254982253555634863e-01	-9.673644322232322068e-02	8.101372325162391197e-02	-9.243994683715682503e-02	6.988805154823279908e-02	-1.115786850942475372e-01	1.299872382004078064e-01	-1.663370997064821388e-01	6.557718684781946306e-02	-7.373404077273411350e-02	1.239757472734175359e-01	-1.521753899357920770e-01	1.635172047796513706e-01	-1.129426804321595618e-01	9.752513803510348689e-02	-1.520189622772272209e-01	2.390419450282459668e-01	-7.531780076206676666e-01	1.417483463075323580e-01	-1.254482768595246711e-01	1.440033206869512916e-01	-3.505284912783488971e-01	1.000000000000000666e+00	-2.443887156119385617e-01	1.101252637961061820e-01	-1.342092655127121170e-01	1.738621187833460091e-01	-3.558450381270564233e-01	2.055073210441006604e-01	-1.046053815771010725e-01	1.433871461151286497e-01	-1.471697554077524561e-01	1.813281354076142493e-01	-1.366942956664991549e-01	1.641084324297861774e-01	-5.631499699142240856e-02	5.846942691403946707e-02	-9.107028980639853000e-02	6.687756267570332813e-02	-6.166641729027054486e-02	6.109235180335403914e-02	-5.445516318741390471e-02	9.414467951423728664e-02	-5.294153528235141792e-02	6.116058344137836889e-02
-9.134304512151647515e-02	6.914564256435258571e-02	-6.431926923895138482e-02	7.403691073411275414e-02	-6.663166462152859959e-02	7.665277737165528127e-02	-8.933673953112233890e-02	1.344132787067608970e-01	-8.564963601078422195e-02	9.621653660939273600e-02	-8.282746623501989480e-02	9.455613186582249863e-02	-1.316928038342620455e-01	1.768946296757184511e-01	-1.682759366942458978e-01	9.461885686034168796e-02	-1.209653727384580324e-01	1.866804738569149691e-01	-4.937006721082318750e-01	2.522690165711746757e-01	-9.207787534412910369e-02	1.383260723821930493e-01	-2.443887156119385617e-01	1.000000000000002665e+00	-2.099934618999259595e-01	9.110633780287913375e-02	-1.177212860960764329e-01	2.303417084477759058e-01	-6.792943834885597498e-01	1.864122030806467378e-01	-1.096772247267438910e-01	1.106572915829148046e-01	-1.682443039806187646e-01	1.599246764829763690e-01	-1.991349305883037824e-01	4.876156872300101142e-02	-5.143806439305581568e-02	8.532136362950958064e-02	-6.879732384295907111e-02	6.510676133274459487e-02	-5.538576414013197946e-02	4.940320344748184295e-02	-8.999437325027329071e-02	5.334116937561141775e-02	-6.346656980104403711e-02
6.840397556042127070e-02	-5.337741324087472150e-02	5.069125635906925748e-02	-6.046826626704109031e-02	5.524392599513862356e-02	-5.912836192343712965e-02	6.650069992846734113e-02	-1.125322030506512999e-01	7.020909164017773152e-02	-8.320679270769924807e-02	6.163355241618781455e-02	-7.073591754136716869e-02	9.883514676612104033e-02	-1.456842431729149789e-01	1.379089657616582032e-01	-7.183107623438204914e-02	8.293164051469596731e-02	-1.197976733156450729e-01	1.828935262380165516e-01	-2.754163361959240386e-01	6.688986117562514822e-02	-9.756193838862489698e-02	1.101252637961061820e-01	-2.099934618999259595e-01	1.000000000000001332e+00	-6.848452445242786402e-02	8.384041488337180825e-02	-1.699121989684913292e-01	2.188013158262667734e-01	-8.557901365098009583e-01	7.975026133158313879e-02	-8.605554297884063231e-02	1.236012780427086233e-01	-1.627389685400520980e-01	1.964456127815483732e-01	-3.781057723202359278e-02	3.923862897449186676e-02	-6.782934848763733093e-02	5.682909308078229471e-02	-6.016200280931967986e-02	4.179070441473926867e-02	-3.834734330204031538e-02	6.754816377324583676e-02	-4.430847087914935312e-02	5.287497761965649634e-02
-1.173300553174491112e-01	8.681074002412743351e-02	-7.002627812735652546e-02	8.067851404898331025e-02	-5.741502689466513459e-02	1.166481240151845400e-01	-1.122492225209347078e-01	1.028848746347745396e-01	-4.198387284688372828e-02	4.735120928742649060e-02	-1.357111908946944945e-01	1.274473382955971790e-01	-9.647561340736152125e-02	6.581046141844901221e-02	-5.710652134127385676e-02	2.513851842812613868e-01	-1.840744217514698466e-01	1.393213321539217286e-01	-6.990363281307847287e-02	6.849831215603910395e-02	-4.572243784430239932e-01	2.263156530277972145e-01	-1.342092655127121170e-01	9.110633780287913375e-02	-6.848452445242786402e-02	1.000000000000005107e+00	-5.527442222654751491e-01	1.821817497234365646e-01	-1.064405964964310058e-01	6.619049877273822102e-02	-5.521272300654344045e-01	2.941722863989181813e-01	-1.638011667116061609e-01	1.131900851132398994e-01	-1.267618159220676166e-01	9.068259267166124682e-02	-8.707759022306621466e-02	8.847828081680396417e-02	-5.844764999108986725e-02	5.323707086278080258e-02	-7.995146290129954980e-02	6.812298314441055103e-02	-8.899177355840326431e-02	4.759745141566910226e-02	-5.280976841135526928e-02
1.263851446969933012e-01	-9.704777211285380012e-02	7.863546320096188869e-02	-9.193022904809432239e-02	6.619126770079114541e-02	-1.262889585978658469e-01	1.243990338801255618e-01	-1.228125148920755499e-01	5.046233834075179031e-02	-5.725934160873775297e-02	1.381789021504131743e-01	-1.462916115066972556e-01	1.133637484150560593e-01	-8.077549924484242472e-02	6.960375780356195530e-02	-2.438043213739206350e-01	2.122516016555137663e-01	-1.803205388862686720e-01	8.699239844452212600e-02	-8.578059789719791328e-02	2.444044965797725344e-01	-3.814985721802214291e-01	1.738621187833460091e-01	-1.177212860960764329e-01	8.384041488337180825e-02	-5.527442222654751491e-01	1.000000000000002442e+00	-2.851134654089891307e-01	1.359172473264569359e-01	-8.243635574310499703e-02	3.194484159297594217e-01	-5.303912465108778784e-01	2.104622651886821072e-01	-1.457749436770842955e-01	1.529824077149231076e-01	-9.232823609441526136e-02	9.126655862155506893e-02	-1.088992450922651317e-01	6.952188790589486356e-02	-6.387850871972522437e-02	8.308938545353747318e-02	-7.563720628170367277e-02	1.053825051661582135e-01	-5.681770011711202717e-02	6.262085976675797749e-02
-1.350401039626321353e-01	9.985587275334727175e-02	-8.866904892743598943e-02	1.009632598082855631e-01	-8.841704209364138756e-02	1.156810223261523357e-01	-1.299521298549110582e-01	1.546390279449073868e-01	-7.401901660487547607e-02	8.403551383602585190e-02	-1.269683607458118313e-01	1.378585336256354654e-01	-1.498831519373408361e-01	1.287322914977782340e-01	-1.152690631029737733e-01	1.590785885383487197e-01	-1.901078265460924566e-01	2.485468940997527243e-01	-1.650246253833078103e-01	1.518469079277036671e-01	-1.641096917606884587e-01	2.206616320229934369e-01	-3.558450381270564233e-01	2.303417084477759058e-01	-1.699121989684913292e-01	1.821817497234365646e-01	-2.851134654089891307e-01	1.000000000000000444e+00	-3.844840278825074620e-01	1.633537392740175287e-01	-2.315986282054610934e-01	2.379611436608242980e-01	-5.235288530535547880e-01	2.645998483406312163e-01	-3.308774971534772513e-01	9.980656530983887664e-02	-1.081524731037140225e-01	1.901340899511809179e-01	-1.330435099737078131e-01	1.173293814445233729e-01	-1.149080409616011350e-01	1.024191798603744236e-01	-2.041772039312014786e-01	1.050125024473737845e-01	-1.198974616336925120e-01
9.925467566781980000e-02	-7.677606687503664429e-02	7.119761777943628411e-02	-8.388512646160847797e-02	7.385416121744579898e-02	-8.596146943331486878e-02	9.733970551717399666e-02	-1.562604005137420426e-01	9.265985943100335520e-02	-1.103301601899845941e-01	9.107427044950222594e-02	-1.047849524937705251e-01	1.395943009787458389e-01	-1.940160295788712630e-01	1.606097789037056189e-01	-1.079656591922775188e-01	1.301487080505428773e-01	-2.050149608082194874e-01	2.621535814143186038e-01	-2.708091433903749290e-01	1.025079287447052540e-01	-1.558307446453660872e-01	2.055073210441006604e-01	-6.792943834885597498e-01	2.188013158262667734e-01	-1.064405964964310058e-01	1.359172473264569359e-01	-3.844840278825074620e-01	1.000000000000002220e+00	-2.829331161844092501e-01	1.239181382275012233e-01	-1.329149739987198209e-01	2.014340570694433119e-01	-2.296541949015608319e-01	2.211831737389495234e-01	-5.611578254287238193e-02	5.877167278488008156e-02	-1.016759921952585383e-01	7.753905714276528027e-02	-7.488985145988244496e-02	6.234097239852415262e-02	-5.664196071541565541e-02	1.021685603044992091e-01	-6.093814500813832941e-02	7.078258371194003085e-02
-6.434956678080150372e-02	4.939723778850167030e-02	-4.666993883952540861e-02	5.490306647793345013e-02	-5.094351564951913464e-02	5.495339613913412247e-02	-6.203003711989154428e-02	9.755272828879342495e-02	-6.040305143294202872e-02	6.955209330586691052e-02	-5.787048802771622286e-02	6.544123382085402507e-02	-8.914513607205330759e-02	1.196128244106957617e-01	-1.216641883653111489e-01	6.762784992027018327e-02	-7.824927938532555416e-02	1.089350167418951382e-01	-1.759729596024391662e-01	1.906734686870562578e-01	-6.423518403939897092e-02	9.100469523823168094e-02	-1.046053815771010725e-01	1.864122030806467378e-01	-8.557901365098009583e-01	6.619049877273822102e-02	-8.243635574310499703e-02	1.633537392740175287e-01	-2.829331161844092501e-01	1.000000000000002887e+00	-7.963038081802138735e-02	8.451875475042040786e-02	-1.305686768054083458e-01	1.660022091967957580e-01	-2.701291206294009761e-01	3.798963203761833440e-02	-3.981899032141924394e-02	6.942089934179798694e-02	-6.018170601037899775e-02	6.294351357683271309e-02	-4.270719471880392304e-02	3.892614421569171729e-02	-7.065429345877063949e-02	4.618891860184759501e-02	-5.632298255118324548e-02
1.162715075421653088e-01	-9.004459092936940856e-02	7.412519688111081362e-02	-8.837382602392516995e-02	6.493226196762920399e-02	-1.207529549132453639e-01	1.115330157766820235e-01	-1.173266547098641144e-01	4.847753043853645499e-02	-5.539667175667493254e-02	1.278798395100244067e-01	-1.289553091635249615e-01	1.048281884107121059e-01	-7.735424570179760817e-02	6.616504110381542236e-02	-2.404423413323515946e-01	1.685444039153135565e-01	-1.590055688442969239e-01	8.157365170039683477e-02	-8.223628490536760705e-02	2.315683458254802485e-01	-2.257266630169908195e-01	1.433871461151286497e-01	-1.096772247267438910e-01	7.975026133158313879e-02	-5.521272300654344045e-01	3.194484159297594217e-01	-2.315986282054610934e-01	1.239181382275012233e-01	-7.963038081802138735e-02	1.000000000000005551e+00	-6.222978852490319568e-01	2.097760449364375335e-01	-1.508741006932294293e-01	1.480711132346413383e-01	-1.606901469181214182e-01	1.305127229324438698e-01	-1.203737600409576225e-01	7.214718458698837766e-02	-6.668099664172126573e-02	1.126199183959383510e-01	-9.964716785424147794e-02	1.131072563873223719e-01	-6.020614624561258094e-02	6.460830840093741145e-02
-1.107163045027355491e-01	8.241313445741560439e-02	-6.906378822045586285e-02	7.971829082521431076e-02	-6.156571153423522069e-02	1.033720652259675771e-01	-1.066324994729784398e-01	1.083911361086119379e-01	-4.645966250210404463e-02	5.284928855752336202e-02	-1.145852253907658630e-01	1.175995582387363847e-01	-1.005445809820338515e-01	7.545622158916598377e-02	-6.558027420667579543e-02	1.767031297766403497e-01	-1.683095215730160965e-01	1.499696558351711617e-01	-8.297195069914338472e-02	8.207464019311797032e-02	-1.976386509229891564e-01	2.111617786932983853e-01	-1.471697554077524561e-01	1.106572915829148046e-01	-8.605554297884063231e-02	2.941722863989181813e-01	-5.303912465108778784e-01	2.379611436608242980e-01	-1.329149739987198209e-01	8.451875475042040786e-02	-6.222978852490319568e-01	1.000000000000004219e+00	-3.497392090350788241e-01	1.724857846275409112e-01	-1.799147212697670417e-01	1.284300742001181217e-01	-1.396369760624211753e-01	1.397925607924095093e-01	-8.328122401384907558e-02	7.422393408879361665e-02	-1.126060617157332855e-01	1.006570618330605710e-01	-1.370136466296918709e-01	6.848912319599882725e-02	-7.392781573367389336e-02
1.029617959308694458e-01	-7.927733464515387962e-02	7.006567142233634249e-02	-8.301601578218069377e-02	7.074496789187666168e-02	-9.435843122909433334e-02	9.954552566686492021e-02	-1.289537413810479816e-01	5.909327064445480532e-02	-6.865483115690383664e-02	9.960181167852860673e-02	-1.094125165703880992e-01	1.140866190334369201e-01	-1.022983600999172599e-01	8.745962668264452289e-02	-1.360485438795756841e-01	1.421281091165632060e-01	-1.923292244414524510e-01	1.161687276443860162e-01	-1.189751067361964759e-01	1.311302288142166816e-01	-1.807111691196775505e-01	1.813281354076142493e-01	-1.682443039806187646e-01	1.236012780427086233e-01	-1.638011667116061609e-01	2.104622651886821072e-01	-5.235288530535547880e-01	2.014340570694433119e-01	-1.305686768054083458e-01	2.097760449364375335e-01	-3.497392090350788241e-01	1.000000000000004219e+00	-4.939623317173004180e-01	2.828303305351751451e-01	-1.070744381598353751e-01	1.149948461553059603e-01	-3.434946743993258500e-01	1.302722213078191804e-01	-1.179194783706806471e-01	1.125282803286200284e-01	-1.111910696655091513e-01	2.229919778303724176e-01	-1.110091734118966722e-01	1.117751391467650957e-01
-8.506186787770581015e-02	6.481626486123769071e-02	-5.889338196915706869e-02	6.931498044596261232e-02	-6.284063573729303798e-02	7.522346368968135799e-02	-8.124379094699792081e-02	1.087899327072735095e-01	-5.378561303315823605e-02	6.237194887024970907e-02	-7.953177169840039418e-02	8.698137367949972110e-02	-9.728223033101422723e-02	9.557517862313311130e-02	-8.428103094122145478e-02	1.018915040194424693e-01	-1.097002339777013308e-01	1.424776925620825641e-01	-1.165290332804994750e-01	1.172623277002127207e-01	-9.957232658962625327e-02	1.322509441687167997e-01	-1.366942956664991549e-01	1.599246764829763690e-01	-1.627389685400520980e-01	1.131900851132398994e-01	-1.457749436770842955e-01	2.645998483406312163e-01	-2.296541949015608319e-01	1.660022091967957580e-01	-1.508741006932294293e-01	1.724857846275409112e-01	-4.939623317173004180e-01	1.000000000000002442e+00	-7.198769392880871587e-01	7.586790333620375970e-02	-8.224360338390751535e-02	1.678854505522081597e-01	-1.423280615137621774e-01	1.350870919225229116e-01	-8.594514592423808941e-02	8.036676517779356432e-02	-1.664709979367788029e-01	1.040027648256320603e-01	-1.213372602318087828e-01
