1.000000000000000222e+00	-6.961628487525390874e-01	3.249105890744838909e-01	-1.824666743573743199e-01	1.619634656838805364e-01	-4.110435545457786777e-01	1.982598146608824385e-01	-2.277302316221671841e-01	1.688784131922901888e-01	-9.016006771668594322e-02	1.867756749100570324e-01	-1.915209826984283215e-01	1.597285078795931679e-01	-1.519792695304760799e-01	8.318319888905009729e-02	-1.777970039547125958e-01	1.581151638796022274e-01	-1.616482351913082760e-01	1.220847435331274128e-01	-1.711270178929069352e-01	1.078473572585774698e-01	-1.018096198347387404e-01	1.138234237803570081e-01	-1.538379322294355922e-01	1.175744575330665426e-01	-1.121596910308323980e-01	1.029510218354490192e-01	-9.106524012499365994e-02	1.080054308976710065e-01	-1.631176837876077146e-01	8.831963694090837202e-02	-9.271800478879550778e-02	1.422451048963738196e-01	-9.335305412450767282e-02	7.037086735939955540e-02	-1.433026601011472972e-02	3.133166191253931171e-02	-3.722944973136717295e-02	8.232145599160452243e-02	-6.730573130257049008e-02	1.555449354376864379e-02	-3.012400536174487942e-02	3.705933911269355951e-02	-6.249198160908651933e-02	1.350997825140300423e-01
-6.961628487525390874e-01	1.000000000000000000e+00	-6.042260858384995714e-01	1.437331457625394271e-01	-1.301288588930995804e-01	2.300560411139686290e-01	-2.028061976535981970e-01	1.757234254111583183e-01	-1.236975623744600572e-01	6.289428849930057963e-02	-1.279612734055805834e-01	1.420616859227022966e-01	-1.165419363923464180e-01	1.066945990421895030e-01	-5.835482250371527846e-02	1.169985357465381376e-01	-1.122173533850794463e-01	1.092142535297314088e-01	-8.295708066252234503e-02	1.129854162886197028e-01	-7.242861416255588769e-02	6.975817901862130244e-02	-7.771755636249318144e-02	1.016471540492315390e-01	-7.804671049454472986e-02	7.427827950907439636e-02	-7.006709188878372518e-02	6.141367097878824843e-02	-7.107496910196225981e-02	1.057523320765090813e-01	-5.870357903979145364e-02	6.123056507185381525e-02	-9.400787747855725296e-02	6.119691126212074145e-02	-4.590164927678168361e-02	9.378338763703796335e-03	-2.051963793415647469e-02	2.433515217415503987e-02	-5.345587163871048930e-02	4.382918111755382956e-02	-1.017655714332463615e-02	1.970942139262772674e-02	-2.421560043115372068e-02	4.056857792666360152e-02	-8.742497494273047953e-02
3.249105890744838909e-01	-6.042260858384995714e-01	9.999999999999998890e-01	-3.056765988738331385e-01	2.206256090026709749e-01	-3.808862143790823773e-01	2.103801392229009137e-01	-2.681873285128854034e-01	2.063788197039226613e-01	-1.099867237297476874e-01	1.907151215478482265e-01	-2.014578755004581279e-01	1.836780096296517506e-01	-1.801730946292086910e-01	1.006653781391030900e-01	-1.883021551088784329e-01	1.690776821184858947e-01	-1.868923139625378871e-01	1.415176191222430602e-01	-1.994987208080090946e-01	1.156106375801463221e-01	-1.095570858078867005e-01	1.231879103329665132e-01	-1.775081311171660403e-01	1.357896730638691596e-01	-1.209818307552639888e-01	1.113249791855271675e-01	-9.897522686499357625e-02	1.220918530018968856e-01	-1.857196161334472850e-01	9.620600028024209327e-02	-1.012364528657644785e-01	1.583687291532441255e-01	-1.048687790755693933e-01	7.890478332507921966e-02	-1.587062468625409159e-02	3.469432661876641066e-02	-4.145075776871976619e-02	9.201836020018386297e-02	-7.546835608646546012e-02	1.724114571664506212e-02	-3.336643535531291782e-02	4.127027293194951429e-02	-6.986339772050735586e-02	1.509251001134610803e-01
-1.824666743573743199e-01	1.437331457625394271e-01	-3.056765988738331385e-01	9.999999999999996669e-01	-7.846947037844546058e-01	1.812771286257333914e-01	-1.230834347052602862e-01	1.526384399077774789e-01	-3.850226709753380439e-01	1.579700158856876535e-01	-1.116754131916045112e-01	1.164006411014579384e-01	-1.626615607523254625e-01	1.947479688693471989e-01	-1.461255385392222217e-01	1.088899199365533366e-01	-1.085225039900851035e-01	1.546169612812829386e-01	-1.280823195249579938e-01	1.769926268111352008e-01	-7.265037400935121792e-02	7.033658352841958006e-02	-8.249948317162414391e-02	1.474687332021459851e-01	-1.184285242990688047e-01	7.476993710010547411e-02	-7.347938850923896315e-02	6.571892139706408953e-02	-9.438317245369043373e-02	1.394749995911898910e-01	-6.415508140303725904e-02	6.630665570744505299e-02	-1.169977051670164636e-01	7.776888208894522370e-02	-5.768674626015620616e-02	1.101635143404540960e-02	-2.414345790383844170e-02	2.955698526608773954e-02	-6.585124204939682424e-02	5.468613276397304990e-02	-1.202525480349617842e-02	2.314052393581756198e-02	-2.948019325765498938e-02	4.986619795243447950e-02	-1.069144342181552049e-01
1.619634656838805364e-01	-1.301288588930995804e-01	2.206256090026709749e-01	-7.846947037844546058e-01	9.999999999999995559e-01	-2.141959865612073632e-01	1.306653327547384336e-01	-1.688655190210823498e-01	2.683385858271853941e-01	-2.325891428479362755e-01	1.261792962694368025e-01	-1.309020702861817542e-01	1.714402251653136255e-01	-2.125523560793349531e-01	1.724241595763335855e-01	-1.271741543498954574e-01	1.226157490532488875e-01	-1.905677028305618470e-01	1.520747465672069032e-01	-2.383699384581715597e-01	8.430112161554043082e-02	-8.113326909909379658e-02	9.517843762538696906e-02	-1.890293826440214153e-01	1.490081543802121433e-01	-8.781404449355895148e-02	8.500813191645774369e-02	-7.684621123491212902e-02	1.162242043594188257e-01	-1.801385447933353812e-01	7.546888440201207637e-02	-7.865686983276598543e-02	1.400121302035211845e-01	-9.563534600195502944e-02	7.040420807530212155e-02	-1.323876289491605213e-02	2.897968300803762179e-02	-3.564075415706034755e-02	7.973532151295856241e-02	-6.703977598350134570e-02	1.445388967645240552e-02	-2.782944358490818670e-02	3.551750210677886987e-02	-6.052287097569776508e-02	1.291889048599883516e-01
-4.110435545457786777e-01	2.300560411139686290e-01	-3.808862143790823773e-01	1.812771286257333914e-01	-2.141959865612073632e-01	9.999999999999997780e-01	-2.714312473457951014e-01	2.387210261110485898e-01	-2.249008948911179473e-01	1.022921437784740650e-01	-5.239773138792406248e-01	2.691006771302191236e-01	-2.085509701837822416e-01	1.758920766992595197e-01	-9.824987289676671842e-02	2.701137987930863349e-01	-2.769709357742349276e-01	1.761045966254270456e-01	-1.400422500436983020e-01	1.794319164211697071e-01	-1.799260231359678108e-01	1.648309796913348391e-01	-1.922445763643838568e-01	1.677585355389829003e-01	-1.325422904886863762e-01	1.656583149624832330e-01	-1.703525849470639286e-01	1.421317067598505957e-01	-1.377209560871983651e-01	1.832409520922730350e-01	-1.375095302380544282e-01	1.345892729701390345e-01	-2.052406978166047835e-01	1.215017892156758234e-01	-9.323313882595472835e-02	2.006588719877803670e-02	-4.413083450940245150e-02	5.156334454067068584e-02	-1.114199532858420327e-01	8.797613431151452001e-02	-2.179368236877847476e-02	4.201256639928633435e-02	-5.148794261376721942e-02	8.396123535716033814e-02	-1.832824277387201106e-01
1.982598146608824385e-01	-2.028061976535981970e-01	2.103801392229009137e-01	-1.230834347052602862e-01	1.306653327547384336e-01	-2.714312473457951014e-01	9.999999999999998890e-01	-6.528474138975660646e-01	1.733031449168929150e-01	-7.874887220187178072e-02	2.368768957472261738e-01	-5.429191095964963631e-01	2.300707394469846678e-01	-1.751962529361191789e-01	7.469817387852821511e-02	-2.033952932482150644e-01	2.231000374432144662e-01	-1.712984645043993392e-01	1.241287809805881048e-01	-1.469460389323170579e-01	1.208026096087158746e-01	-1.273591465592537331e-01	1.296378370392813062e-01	-1.383234912522551818e-01	1.047119366514370764e-01	-1.208365322729783031e-01	1.175389354974017281e-01	-1.009566964001493150e-01	9.527368835377005019e-02	-1.346673603869661118e-01	8.941711319633227628e-02	-9.309600092488364009e-02	1.297522956323272081e-01	-8.215953256649284608e-02	5.967358533596871240e-02	-1.286757746086634145e-02	2.818777164171701669e-02	-3.240495533592537697e-02	6.784660131994364740e-02	-5.693623454655648980e-02	1.386606124069621540e-02	-2.705461718305026894e-02	3.207044349079583162e-02	-5.162779123992976282e-02	1.087596920511283843e-01
-2.277302316221671841e-01	1.757234254111583183e-01	-2.681873285128854034e-01	1.526384399077774789e-01	-1.688655190210823498e-01	2.387210261110485898e-01	-6.528474138975660646e-01	1.000000000000000444e+00	-2.542831685262834651e-01	9.719108344767944663e-02	-2.352855475576440536e-01	2.815249335516868956e-01	-4.320235790570006174e-01	2.252756983113131939e-01	-9.409073820310459579e-02	1.877000281702502771e-01	-2.349901083039074301e-01	2.050068237963632301e-01	-1.576526001482959904e-01	1.692706241311310311e-01	-1.259843134424806499e-01	1.293433189656064686e-01	-1.455159512090804241e-01	1.599943729207522758e-01	-1.242447222894923764e-01	1.219798285394949888e-01	-1.291009973388846932e-01	1.084990016263885915e-01	-1.118244320316080787e-01	1.523704962317677380e-01	-9.794708588871318955e-02	9.927371869908468982e-02	-1.522325294015185737e-01	9.484117950924982055e-02	-6.988443030294094749e-02	1.458099530966546799e-02	-3.201341084581678376e-02	3.757229750267485763e-02	-8.010319370750496049e-02	6.613972537785049732e-02	-1.580039488932787062e-02	3.060257103803289830e-02	-3.734471488639364012e-02	6.066616390151692573e-02	-1.291557862716896377e-01
1.688784131922901888e-01	-1.236975623744600572e-01	2.063788197039226613e-01	-3.850226709753380439e-01	2.683385858271853941e-01	-2.249008948911179473e-01	1.733031449168929150e-01	-2.542831685262834651e-01	9.999999999999997780e-01	-2.321416170671881385e-01	1.513854187667397488e-01	-1.699389035058808395e-01	2.875801113777097240e-01	-5.988421649499711119e-01	1.854764070769511497e-01	-1.499112696735842298e-01	1.522279081483636498e-01	-2.907051052026954907e-01	2.363250910831693752e-01	-2.997810603534087903e-01	1.009118225714169398e-01	-9.909015333448412122e-02	1.160361522776848231e-01	-2.610055545954893530e-01	1.924349141292356069e-01	-1.041882277773205773e-01	1.031449840405945922e-01	-9.316301971794027637e-02	1.442301697714900022e-01	-2.159249783221610375e-01	8.997450725302982844e-02	-9.340006285062218971e-02	1.689627860062521969e-01	-1.162259538815970245e-01	8.351164643849109948e-02	-1.552852612172444385e-02	3.402807954875951280e-02	-4.189939105784195456e-02	9.246348120973432727e-02	-7.929223859431740185e-02	1.694496321163228153e-02	-3.264942693764746190e-02	4.168732418910122556e-02	-7.022810420470199100e-02	1.478223906241585839e-01
-9.016006771668594322e-02	6.289428849930057963e-02	-1.099867237297476874e-01	1.579700158856876535e-01	-2.325891428479362755e-01	1.022921437784740650e-01	-7.874887220187178072e-02	9.719108344767944663e-02	-2.321416170671881385e-01	9.999999999999996669e-01	-7.211845280992265628e-02	7.512743826678569548e-02	-1.264169320458853885e-01	1.532694908479767526e-01	-8.876734896084216286e-01	7.083698943669486381e-02	-7.561009435957834202e-02	1.224526798451108928e-01	-1.205841675288046588e-01	2.134918700305828976e-01	-5.080510928580794089e-02	4.987548411677134724e-02	-6.086568019065717594e-02	1.288875389054160436e-01	-1.426698937361637887e-01	5.176146437522582272e-02	-5.363898610502279563e-02	4.857869118633253297e-02	-8.324317491923048651e-02	1.155186415981851317e-01	-4.804198975609130784e-02	4.885163545297794424e-02	-9.849594043514238451e-02	6.463988955366152533e-02	-4.752226862561033383e-02	8.584634362512827757e-03	-1.888537710448926280e-02	2.373539124722844409e-02	-5.299512308062974408e-02	4.429037280234420643e-02	-9.415737564401820830e-03	1.802088887389613134e-02	-2.372622620937659549e-02	3.991873079194309393e-02	-8.501696770331415576e-02
1.867756749100570324e-01	-1.279612734055805834e-01	1.907151215478482265e-01	-1.116754131916045112e-01	1.261792962694368025e-01	-5.239773138792406248e-01	2.368768957472261738e-01	-2.352855475576440536e-01	1.513854187667397488e-01	-7.211845280992265628e-02	1.000000000000001332e+00	-4.847878407765192632e-01	1.669026395820971953e-01	-1.393308841596027914e-01	6.861969005294091262e-02	-5.351104809251564509e-01	2.786752427009774880e-01	-1.441723740725263103e-01	1.084956886866121628e-01	-1.368972942511944568e-01	1.949192529867174450e-01	-1.672561473616117622e-01	1.659041988854860206e-01	-1.296891371903020618e-01	9.973832285156025712e-02	-1.868125243963407456e-01	1.539527326942963792e-01	-1.292274872212495207e-01	1.000265793257282543e-01	-1.390018262405887939e-01	1.200069430703418483e-01	-1.237939212545434708e-01	1.468576090594599648e-01	-8.955619903192013620e-02	6.454884567190949385e-02	-1.526584143576063812e-02	3.344927456836450236e-02	-3.669985973491336068e-02	7.363691305873788784e-02	-6.184878984342191688e-02	1.630384165019435616e-02	-3.211613820126328622e-02	3.614572498942449086e-02	-5.619566682195178964e-02	1.173232378640235163e-01
-1.915209826984283215e-01	1.420616859227022966e-01	-2.014578755004581279e-01	1.164006411014579384e-01	-1.309020702861817542e-01	2.691006771302191236e-01	-5.429191095964963631e-01	2.815249335516868956e-01	-1.699389035058808395e-01	7.512743826678569548e-02	-4.847878407765192632e-01	1.000000000000000222e+00	-2.325279216808769367e-01	1.567808577325107422e-01	-7.209135967114096988e-02	2.713114240952339551e-01	-4.505029587393664658e-01	1.557598464012895645e-01	-1.178636484444950672e-01	1.388394045326265813e-01	-1.657680359659169378e-01	1.842657228355689958e-01	-1.821750640577539382e-01	1.322020549058757211e-01	-1.020456558242888168e-01	1.543356821445352189e-01	-1.653024851892571090e-01	1.332778127077183516e-01	-9.973512678878522497e-02	1.366771173684053764e-01	-1.107472179505859106e-01	1.132616931394183485e-01	-1.449159678586380007e-01	8.821111053195639096e-02	-6.340520329408667888e-02	1.450453038762844309e-02	-3.182637095198189575e-02	3.555594928031124979e-02	-7.198667577319677047e-02	6.056452130762088326e-02	-1.554950129679150833e-02	3.048894707437467197e-02	-3.507218994224536174e-02	5.486068470643155892e-02	-1.145932635038361680e-01
1.597285078795931679e-01	-1.165419363923464180e-01	1.836780096296517506e-01	-1.626615607523254625e-01	1.714402251653136255e-01	-2.085509701837822416e-01	2.300707394469846678e-01	-4.320235790570006174e-01	2.875801113777097240e-01	-1.264169320458853885e-01	1.669026395820971953e-01	-2.325279216808769367e-01	9.999999999999965583e-01	-5.669634541544608108e-01	1.217571889172843619e-01	-1.547657421781589437e-01	1.691740656288497069e-01	-4.599644932832162580e-01	2.610584408520119082e-01	-2.357518726803760900e-01	1.023000278660007173e-01	-1.037784462740170832e-01	1.178237285436440768e-01	-2.316445172754959536e-01	1.665367620882014510e-01	-1.035305566235251301e-01	1.044936559416910771e-01	-9.262230460475902316e-02	1.276438458977409152e-01	-1.774057220549301872e-01	8.636547572494240876e-02	-8.907741346364787816e-02	1.535543350200269108e-01	-1.024529091826766186e-01	7.326831825044485824e-02	-1.405458006131911006e-02	3.084193920281225187e-02	-3.741552600089793901e-02	8.108718055664621005e-02	-6.922879921891551824e-02	1.529416083838879697e-02	-2.954067490871637586e-02	3.718761873043396893e-02	-6.150177685787054649e-02	1.291014106644319537e-01
-1.519792695304760799e-01	1.066945990421895030e-01	-1.801730946292086910e-01	1.947479688693471989e-01	-2.125523560793349531e-01	1.758920766992595197e-01	-1.751962529361191789e-01	2.252756983113131939e-01	-5.988421649499711119e-01	1.532694908479767526e-01	-1.393308841596027914e-01	1.567808577325107422e-01	-5.669634541544608108e-01	9.999999999999924505e-01	-1.628377558743990261e-01	1.287603045334240748e-01	-1.443872402150149503e-01	2.808795911818983693e-01	-3.292829180509192488e-01	2.218046071529506114e-01	-8.967669864532538948e-02	8.968353136362447464e-02	-1.061914232690621268e-01	2.135360148040933437e-01	-1.674953583222914821e-01	9.015560441228893940e-02	-9.353425559323814975e-02	8.298614783199292910e-02	-1.247426902207443428e-01	1.665191770572669594e-01	-7.916829071870450096e-02	8.073279711147089699e-02	-1.492470175123064013e-01	9.813765064514788639e-02	-7.117225226073477240e-02	1.334009765095138002e-02	-2.931723420224329260e-02	3.609905268269490014e-02	-7.925963185155121549e-02	6.673010454271326164e-02	-1.456983068476483401e-02	2.801471215224953654e-02	-3.598460373412534774e-02	5.988055404403098275e-02	-1.267478192230143130e-01
8.318319888905009729e-02	-5.835482250371527846e-02	1.006653781391030900e-01	-1.461255385392222217e-01	1.724241595763335855e-01	-9.824987289676671842e-02	7.469817387852821511e-02	-9.409073820310459579e-02	1.854764070769511497e-01	-8.876734896084216286e-01	6.861969005294091262e-02	-7.209135967114096988e-02	1.217571889172843619e-01	-1.628377558743990261e-01	1.000000000000002220e+00	-6.789042848438578415e-02	7.181897206277809698e-02	-1.285072096248265072e-01	1.237308649522487480e-01	-2.983792193733945108e-01	4.843485385962068013e-02	-4.757628387995634089e-02	5.790843364239105923e-02	-1.367951643328717548e-01	1.446556167664361792e-01	-4.953819950014148182e-02	5.106417228994364343e-02	-4.645423586743844396e-02	8.191082166930363506e-02	-1.190339983512005984e-01	4.578980372797107623e-02	-4.677065574066381626e-02	9.419467666681843876e-02	-6.330816680827479337e-02	4.580135345794768970e-02	-8.185054315222739171e-03	1.799799302945516780e-02	-2.264213927366367715e-02	5.038741779781298613e-02	-4.282460479023021682e-02	8.971942350012234585e-03	-1.719383612841586875e-02	2.259927399794495889e-02	-3.804282260786759351e-02	8.034379191740956272e-02
-1.777970039547125958e-01	1.169985357465381376e-01	-1.883021551088784329e-01	1.088899199365533366e-01	-1.271741543498954574e-01	2.701137987930863349e-01	-2.033952932482150644e-01	1.877000281702502771e-01	-1.499112696735842298e-01	7.083698943669486381e-02	-5.351104809251564509e-01	2.713114240952339551e-01	-1.547657421781589437e-01	1.287603045334240748e-01	-6.789042848438578415e-02	1.000000000000005551e+00	-4.791692565235680656e-01	1.366550752825325676e-01	-1.063122894502581961e-01	1.347829092089739556e-01	-4.263437360896066286e-01	2.471224728427501294e-01	-2.514800296384156475e-01	1.300737812743487376e-01	-1.015130653935627930e-01	2.575738660581493034e-01	-2.341995356634658798e-01	1.797978339235161982e-01	-1.113272882787364193e-01	1.480305466919649149e-01	-1.724629630140378511e-01	1.614712183511747001e-01	-1.776391487519522749e-01	1.023045478845196338e-01	-7.207367310712668729e-02	1.837854497476104632e-02	-4.044650478013448597e-02	4.273339065963459305e-02	-8.131673004065070876e-02	6.907321608406055691e-02	-1.952625031110045983e-02	3.859954961127116946e-02	-4.192165891843825654e-02	6.220792192864346704e-02	-1.275362689201120503e-01
1.581151638796022274e-01	-1.122173533850794463e-01	1.690776821184858947e-01	-1.085225039900851035e-01	1.226157490532488875e-01	-2.769709357742349276e-01	2.231000374432144662e-01	-2.349901083039074301e-01	1.522279081483636498e-01	-7.561009435957834202e-02	2.786752427009774880e-01	-4.505029587393664658e-01	1.691740656288497069e-01	-1.443872402150149503e-01	7.181897206277809698e-02	-4.791692565235680656e-01	1.000000000000003553e+00	-1.627686762604599047e-01	1.192923810082462538e-01	-1.508160840966166483e-01	2.487872935764855187e-01	-4.802329782458971130e-01	2.560500535915520848e-01	-1.458204767312652750e-01	1.112043095677302806e-01	-2.567904849664431333e-01	2.468001205560605427e-01	-2.191767908973096812e-01	1.147691517437523651e-01	-1.622515478040994219e-01	1.543511012938014182e-01	-1.708418267894301623e-01	1.722888651014244099e-01	-1.064073200452571172e-01	7.286556896784635029e-02	-1.859560162337686728e-02	4.064702297834196787e-02	-4.269331698046680695e-02	8.040281909247010139e-02	-7.085893924940264710e-02	1.961402961163451197e-02	-3.927902443049444831e-02	4.153893813964792264e-02	-6.206302104169758582e-02	1.248226072203832554e-01
-1.616482351913082760e-01	1.092142535297314088e-01	-1.868923139625378871e-01	1.546169612812829386e-01	-1.905677028305618470e-01	1.761045966254270456e-01	-1.712984645043993392e-01	2.050068237963632301e-01	-2.907051052026954907e-01	1.224526798451108928e-01	-1.441723740725263103e-01	1.557598464012895645e-01	-4.599644932832162580e-01	2.808795911818983693e-01	-1.285072096248265072e-01	1.366550752825325676e-01	-1.627686762604599047e-01	1.000000000000004219e+00	-6.620617451804930997e-01	2.495354824125824156e-01	-9.960158486912690234e-02	1.014199158007159512e-01	-1.242985347220576103e-01	2.706266098717807767e-01	-2.210374224830569390e-01	9.962473028368803996e-02	-1.069753117610209164e-01	9.609308554006205927e-02	-1.588371039462809775e-01	1.906416838902153521e-01	-9.136293190346744808e-02	9.229064108773124553e-02	-1.843069339393975103e-01	1.192604684423146377e-01	-8.631216157542546952e-02	1.571121595616859976e-02	-3.462213772165998599e-02	4.327620291622506776e-02	-9.524384880902599104e-02	7.987309806695518100e-02	-1.720733113043675794e-02	3.298093871324719178e-02	-4.321513233435698986e-02	7.163026336806792294e-02	-1.515446177262911032e-01
1.220847435331274128e-01	-8.295708066252234503e-02	1.415176191222430602e-01	-1.280823195249579938e-01	1.520747465672069032e-01	-1.400422500436983020e-01	1.241287809805881048e-01	-1.576526001482959904e-01	2.363250910831693752e-01	-1.205841675288046588e-01	1.084956886866121628e-01	-1.178636484444950672e-01	2.610584408520119082e-01	-3.292829180509192488e-01	1.237308649522487480e-01	-1.063122894502581961e-01	1.192923810082462538e-01	-6.620617451804930997e-01	1.000000000000005551e+00	-3.539086307760344607e-01	7.747086198852970451e-02	-7.822465694666584646e-02	9.601807961182061424e-02	-4.729355621099146090e-01	2.447249215729860039e-01	-7.867191638855797198e-02	8.332220145695289071e-02	-7.662748609571728986e-02	1.514052131896923281e-01	-1.893033460502015763e-01	7.340946416759334958e-02	-7.494286462343638378e-02	1.559115985796966919e-01	-1.109794182234452725e-01	7.507615961364411117e-02	-1.295656476071484729e-02	2.854352143163679106e-02	-3.613834068558594015e-02	7.928970686375798327e-02	-6.990925692855630424e-02	1.419085735372831863e-02	-2.725099964740528014e-02	3.595784894839879064e-02	-5.995035201973983319e-02	1.237608516784498847e-01
-1.711270178929069352e-01	1.129854162886197028e-01	-1.994987208080090946e-01	1.769926268111352008e-01	-2.383699384581715597e-01	1.794319164211697071e-01	-1.469460389323170579e-01	1.692706241311310311e-01	-2.997810603534087903e-01	2.134918700305828976e-01	-1.368972942511944568e-01	1.388394045326265813e-01	-2.357518726803760900e-01	2.218046071529506114e-01	-2.983792193733945108e-01	1.347829092089739556e-01	-1.508160840966166483e-01	2.495354824125824156e-01	-3.539086307760344607e-01	1.000000000000000000e+00	-1.024222377073938095e-01	1.012389663466807810e-01	-1.276837933166768413e-01	3.119321240024604536e-01	-5.895497538289128370e-01	1.034860740952533026e-01	-1.116129559487884643e-01	1.021069521501128813e-01	-2.032517747082974169e-01	2.649782751386497437e-01	-1.021798806881505511e-01	1.025699916097433939e-01	-2.283149658313385066e-01	1.481293604283532295e-01	-1.081522107195347360e-01	1.869170152608528451e-02	-4.126405008817280590e-02	5.284611787193064375e-02	-1.180239915452802879e-01	9.897873568507324638e-02	-2.056316686882653927e-02	3.923392191526390432e-02	-5.290284074285092619e-02	8.842230476671979200e-02	-1.872907002521416731e-01
1.078473572585774698e-01	-7.242861416255588769e-02	1.156106375801463221e-01	-7.265037400935121792e-02	8.430112161554043082e-02	-1.799260231359678108e-01	1.208026096087158746e-01	-1.259843134424806499e-01	1.009118225714169398e-01	-5.080510928580794089e-02	1.949192529867174450e-01	-1.657680359659169378e-01	1.023000278660007173e-01	-8.967669864532538948e-02	4.843485385962068013e-02	-4.263437360896066286e-01	2.487872935764855187e-01	-9.960158486912690234e-02	7.747086198852970451e-02	-1.024222377073938095e-01	1.000000000000001110e+00	-3.417027073926692804e-01	2.211580135810919390e-01	-1.007445697305612425e-01	7.818045641259357970e-02	-7.183647480012204101e-01	2.371752906365641733e-01	-1.908385681861988481e-01	8.983925441423847025e-02	-1.235250835343058157e-01	2.076882517380168880e-01	-2.150202061533080244e-01	1.485490860282467629e-01	-8.742031623042599564e-02	5.777880382495365064e-02	-1.816367916389720685e-02	3.989506556305818380e-02	-3.732437593326051045e-02	6.291448023234649800e-02	-5.657805365244514967e-02	1.871113410061995067e-02	-3.849744120372990130e-02	3.584374333755100533e-02	-4.896851413445497264e-02	9.502155269993929620e-02
-1.018096198347387404e-01	6.975817901862130244e-02	-1.095570858078867005e-01	7.033658352841958006e-02	-8.113326909909379658e-02	1.648309796913348391e-01	-1.273591465592537331e-01	1.293433189656064686e-01	-9.909015333448412122e-02	4.987548411677134724e-02	-1.672561473616117622e-01	1.842657228355689958e-01	-1.037784462740170832e-01	8.968353136362447464e-02	-4.757628387995634089e-02	2.471224728427501294e-01	-4.802329782458971130e-01	1.014199158007159512e-01	-7.822465694666584646e-02	1.012389663466807810e-01	-3.417027073926692804e-01	1.000000000000001776e+00	-5.198022642385715653e-01	1.008418861591818677e-01	-7.767342231595983360e-02	2.503210633771697502e-01	-5.157601798144272331e-01	2.952731516811117340e-01	-8.978749667063365414e-02	1.212602919829343928e-01	-1.517434953519587182e-01	1.604064788975780587e-01	-1.508806078009674589e-01	8.740153799228729536e-02	-5.632380973223693327e-02	1.544358499571450022e-02	-3.403266402054509754e-02	3.450640796657757081e-02	-6.011153674659034524e-02	5.515109147731190459e-02	-1.615496243136294377e-02	3.262779072032558070e-02	-3.322544319945915786e-02	4.677202473149952300e-02	-9.052494290295053092e-02
1.138234237803570081e-01	-7.771755636249318144e-02	1.231879103329665132e-01	-8.249948317162414391e-02	9.517843762538696906e-02	-1.922445763643838568e-01	1.296378370392813062e-01	-1.455159512090804241e-01	1.160361522776848231e-01	-6.086568019065717594e-02	1.659041988854860206e-01	-1.821750640577539382e-01	1.178237285436440768e-01	-1.061914232690621268e-01	5.790843364239105923e-02	-2.514800296384156475e-01	2.560500535915520848e-01	-1.242985347220576103e-01	9.601807961182061424e-02	-1.276837933166768413e-01	2.211580135810919390e-01	-5.198022642385715653e-01	1.000000000000002665e+00	-1.305776652232915891e-01	9.905272083427249519e-02	-2.548122660284636853e-01	3.293560437515705153e-01	-6.357266759240389753e-01	1.163228885330916812e-01	-1.613720686106039914e-01	1.554030298877457639e-01	-1.805675740954025832e-01	1.918475193418192615e-01	-1.175564643429052175e-01	7.239488673615677994e-02	-1.862961802633238129e-02	4.077123763625664643e-02	-4.320328751437132325e-02	7.519623249199462733e-02	-7.202506119576357335e-02	1.953066246037078735e-02	-3.953437105354457720e-02	4.126898274146502399e-02	-5.904030448471336151e-02	1.118073150115694026e-01
-1.538379322294355922e-01	1.016471540492315390e-01	-1.775081311171660403e-01	1.474687332021459851e-01	-1.890293826440214153e-01	1.677585355389829003e-01	-1.383234912522551818e-01	1.599943729207522758e-01	-2.610055545954893530e-01	1.288875389054160436e-01	-1.296891371903020618e-01	1.322020549058757211e-01	-2.316445172754959536e-01	2.135360148040933437e-01	-1.367951643328717548e-01	1.300737812743487376e-01	-1.458204767312652750e-01	2.706266098717807767e-01	-4.729355621099146090e-01	3.119321240024604536e-01	-1.007445697305612425e-01	1.008418861591818677e-01	-1.305776652232915891e-01	1.000000000000002887e+00	-5.667713031789951561e-01	1.024876153228747311e-01	-1.121255203347574225e-01	1.055439250587716649e-01	-3.067293490962202385e-01	2.836629621518002020e-01	-1.033417811707087602e-01	1.047871896345626413e-01	-2.505173726261760159e-01	1.820616242817343633e-01	-1.186612265196270583e-01	1.892941620825849824e-02	-4.187837837575215244e-02	5.448787779553899285e-02	-1.191870278841411224e-01	1.075728087366647212e-01	-2.079102867660945209e-02	3.987126760718621293e-02	-5.418368704729911028e-02	8.960782470914718800e-02	-1.814677454322672356e-01
1.175744575330665426e-01	-7.804671049454472986e-02	1.357896730638691596e-01	-1.184285242990688047e-01	1.490081543802121433e-01	-1.325422904886863762e-01	1.047119366514370764e-01	-1.242447222894923764e-01	1.924349141292356069e-01	-1.426698937361637887e-01	9.973832285156025712e-02	-1.020456558242888168e-01	1.665367620882014510e-01	-1.674953583222914821e-01	1.446556167664361792e-01	-1.015130653935627930e-01	1.112043095677302806e-01	-2.210374224830569390e-01	2.447249215729860039e-01	-5.895497538289128370e-01	7.818045641259357970e-02	-7.767342231595983360e-02	9.905272083427249519e-02	-5.667713031789951561e-01	1.000000000000006217e+00	-8.015594677685254632e-02	8.649085210762423592e-02	-8.180747495120829771e-02	2.119408110009318169e-01	-4.279865019895006117e-01	8.098397157796174972e-02	-8.265271865446832678e-02	1.948343864008158510e-01	-1.469515725282373453e-01	9.621054830314566819e-02	-1.507717539017356875e-02	3.329828933867187007e-02	-4.338268499857921706e-02	9.511068488387716680e-02	-8.877622829964683382e-02	1.655709469951093665e-02	-3.177145365200929883e-02	4.307134260057166736e-02	-7.203539816048074029e-02	1.444799500236101097e-01
-1.121596910308323980e-01	7.427827950907439636e-02	-1.209818307552639888e-01	7.476993710010547411e-02	-8.781404449355895148e-02	1.656583149624832330e-01	-1.208365322729783031e-01	1.219798285394949888e-01	-1.041882277773205773e-01	5.176146437522582272e-02	-1.868125243963407456e-01	1.543356821445352189e-01	-1.035305566235251301e-01	9.015560441228893940e-02	-4.953819950014148182e-02	2.575738660581493034e-01	-2.567904849664431333e-01	9.962473028368803996e-02	-7.867191638855797198e-02	1.034860740952533026e-01	-7.183647480012204101e-01	2.503210633771697502e-01	-2.548122660284636853e-01	1.024876153228747311e-01	-8.015594677685254632e-02	1.000000000000003997e+00	-3.141029841846205706e-01	1.988096362766815783e-01	-9.682712316625133320e-02	1.269236673641842006e-01	-3.630339567409648915e-01	2.394127661126738416e-01	-1.706209722069975676e-01	9.397933633407663800e-02	-6.206879480374609404e-02	2.006797077197249035e-02	-4.457449162754549554e-02	4.099169823045013816e-02	-6.759447376262286977e-02	6.025037345688353391e-02	-2.073579499178447930e-02	4.228192543520300356e-02	-3.949681031035452011e-02	5.242285068876632176e-02	-1.014939517009485481e-01
1.029510218354490192e-01	-7.006709188878372518e-02	1.113249791855271675e-01	-7.347938850923896315e-02	8.500813191645774369e-02	-1.703525849470639286e-01	1.175389354974017281e-01	-1.291009973388846932e-01	1.031449840405945922e-01	-5.363898610502279563e-02	1.539527326942963792e-01	-1.653024851892571090e-01	1.044936559416910771e-01	-9.353425559323814975e-02	5.106417228994364343e-02	-2.341995356634658798e-01	2.468001205560605427e-01	-1.069753117610209164e-01	8.332220145695289071e-02	-1.116129559487884643e-01	2.371752906365641733e-01	-5.157601798144272331e-01	3.293560437515705153e-01	-1.121255203347574225e-01	8.649085210762423592e-02	-3.141029841846205706e-01	1.000000000000002220e+00	-6.224786790632984568e-01	1.054693646130606677e-01	-1.426285306503191352e-01	1.858616619365748568e-01	-2.379943843560593797e-01	1.836639781406309291e-01	-1.076678495903457544e-01	6.572419887065106270e-02	-1.892697535580220927e-02	4.192150761703501011e-02	-4.132831810115709242e-02	6.839527351682403444e-02	-6.518149796424846376e-02	1.956158839747557110e-02	-4.015314916165285686e-02	3.930285596659671005e-02	-5.371621880279855293e-02	1.008803242295514546e-01
-9.106524012499365994e-02	6.141367097878824843e-02	-9.897522686499357625e-02	6.571892139706408953e-02	-7.684621123491212902e-02	1.421317067598505957e-01	-1.009566964001493150e-01	1.084990016263885915e-01	-9.316301971794027637e-02	4.857869118633253297e-02	-1.292274872212495207e-01	1.332778127077183516e-01	-9.262230460475902316e-02	8.298614783199292910e-02	-4.645423586743844396e-02	1.797978339235161982e-01	-2.191767908973096812e-01	9.609308554006205927e-02	-7.662748609571728986e-02	1.021069521501128813e-01	-1.908385681861988481e-01	2.952731516811117340e-01	-6.357266759240389753e-01	1.055439250587716649e-01	-8.180747495120829771e-02	1.988096362766815783e-01	-6.224786790632984568e-01	1.000000000000002442e+00	-1.133714862989396860e-01	1.382000352740042903e-01	-1.507143643045415482e-01	1.636535296084093150e-01	-2.373425550009123364e-01	1.154983171421518628e-01	-6.665213222295959805e-02	1.673831318219553069e-02	-3.716354296619654024e-02	4.075197927242568685e-02	-6.652079539290267629e-02	6.553301728142020555e-02	-1.760157627815668244e-02	3.548856785431285521e-02	-3.875446240652885566e-02	5.223169804139366629e-02	-9.587226549032638878e-02
1.080054308976710065e-01	-7.107496910196225981e-02	1.220918530018968856e-01	-9.438317245369043373e-02	1.162242043594188257e-01	-1.377209560871983651e-01	9.527368835377005019e-02	-1.118244320316080787e-01	1.442301697714900022e-01	-8.324317491923048651e-02	1.000265793257282543e-01	-9.973512678878522497e-02	1.276438458977409152e-01	-1.247426902207443428e-01	8.191082166930363506e-02	-1.113272882787364193e-01	1.147691517437523651e-01	-1.588371039462809775e-01	1.514052131896923281e-01	-2.032517747082974169e-01	8.983925441423847025e-02	-8.978749667063365414e-02	1.163228885330916812e-01	-3.067293490962202385e-01	2.119408110009318169e-01	-9.682712316625133320e-02	1.054693646130606677e-01	-1.133714862989396860e-01	1.000000000000002442e+00	-5.216242827064394572e-01	1.031345962688180462e-01	-1.155317227090269100e-01	2.993392182531380841e-01	-6.478612409829515029e-01	1.906754731368035249e-01	-2.099095131132575412e-02	4.628752277868222048e-02	-6.468769974152782654e-02	1.400719149587468515e-01	-1.891032591043213251e-01	2.287783507292139029e-02	-4.500383742907792389e-02	6.171086724899432774e-02	-1.119504651996196948e-01	1.776894057582542596e-01
-1.631176837876077146e-01	1.057523320765090813e-01	-1.857196161334472850e-01	1.394749995911898910e-01	-1.801385447933353812e-01	1.832409520922730350e-01	-1.346673603869661118e-01	1.523704962317677380e-01	-2.159249783221610375e-01	1.155186415981851317e-01	-1.390018262405887939e-01	1.366771173684053764e-01	-1.774057220549301872e-01	1.665191770572669594e-01	-1.190339983512005984e-01	1.480305466919649149e-01	-1.622515478040994219e-01	1.906416838902153521e-01	-1.893033460502015763e-01	2.649782751386497437e-01	-1.235250835343058157e-01	1.212602919829343928e-01	-1.613720686106039914e-01	2.836629621518002020e-01	-4.279865019895006117e-01	1.269236673641842006e-01	-1.426285306503191352e-01	1.382000352740042903e-01	-5.216242827064394572e-01	1.000000000000003553e+00	-1.434375735125383300e-01	1.438527223013151835e-01	-4.079359538743415059e-01	2.780964124072594079e-01	-1.946819644788309045e-01	2.758659149781256259e-02	-6.136815131342775870e-02	8.243786526257351754e-02	-1.789925337852165677e-01	1.662766272434046955e-01	-3.042013775887867505e-02	5.818772625934486714e-02	-8.202413395385392547e-02	1.332653672907051501e-01	-2.646947843354798824e-01
8.831963694090837202e-02	-5.870357903979145364e-02	9.620600028024209327e-02	-6.415508140303725904e-02	7.546888440201207637e-02	-1.375095302380544282e-01	8.941711319633227628e-02	-9.794708588871318955e-02	8.997450725302982844e-02	-4.804198975609130784e-02	1.200069430703418483e-01	-1.107472179505859106e-01	8.636547572494240876e-02	-7.916829071870450096e-02	4.578980372797107623e-02	-1.724629630140378511e-01	1.543511012938014182e-01	-9.136293190346744808e-02	7.340946416759334958e-02	-1.021798806881505511e-01	2.076882517380168880e-01	-1.517434953519587182e-01	1.554030298877457639e-01	-1.033417811707087602e-01	8.098397157796174972e-02	-3.630339567409648915e-01	1.858616619365748568e-01	-1.507143643045415482e-01	1.031345962688180462e-01	-1.434375735125383300e-01	1.000000000000004885e+00	-8.289338989049115369e-01	1.935611701363160742e-01	-1.117108964068052879e-01	6.778666748425059285e-02	-3.607086245364073129e-02	8.062398139300945565e-02	-5.703718509140867643e-02	7.218563989754886445e-02	-6.810914222399362672e-02	3.478540008604139727e-02	-7.751767672403794829e-02	5.265503622823648061e-02	-5.771906533914947235e-02	1.015344286744115920e-01
-9.271800478879550778e-02	6.123056507185381525e-02	-1.012364528657644785e-01	6.630665570744505299e-02	-7.865686983276598543e-02	1.345892729701390345e-01	-9.309600092488364009e-02	9.927371869908468982e-02	-9.340006285062218971e-02	4.885163545297794424e-02	-1.237939212545434708e-01	1.132616931394183485e-01	-8.907741346364787816e-02	8.073279711147089699e-02	-4.677065574066381626e-02	1.614712183511747001e-01	-1.708418267894301623e-01	9.229064108773124553e-02	-7.494286462343638378e-02	1.025699916097433939e-01	-2.150202061533080244e-01	1.604064788975780587e-01	-1.805675740954025832e-01	1.047871896345626413e-01	-8.265271865446832678e-02	2.394127661126738416e-01	-2.379943843560593797e-01	1.636535296084093150e-01	-1.155317227090269100e-01	1.438527223013151835e-01	-8.289338989049115369e-01	1.000000000000004885e+00	-2.728176946406756231e-01	1.229460133721170245e-01	-7.424148749061142138e-02	4.114986156943358647e-02	-1.027934273490272582e-01	6.491421624219596842e-02	-7.886406247318655804e-02	7.261981103707376706e-02	-4.047177865169499650e-02	8.568473001991729066e-02	-6.086095178025596047e-02	6.229394947611452404e-02	-1.092117458440433342e-01
1.422451048963738196e-01	-9.400787747855725296e-02	1.583687291532441255e-01	-1.169977051670164636e-01	1.400121302035211845e-01	-2.052406978166047835e-01	1.297522956323272081e-01	-1.522325294015185737e-01	1.689627860062521969e-01	-9.849594043514238451e-02	1.468576090594599648e-01	-1.449159678586380007e-01	1.535543350200269108e-01	-1.492470175123064013e-01	9.419467666681843876e-02	-1.776391487519522749e-01	1.722888651014244099e-01	-1.843069339393975103e-01	1.559115985796966919e-01	-2.283149658313385066e-01	1.485490860282467629e-01	-1.508806078009674589e-01	1.918475193418192615e-01	-2.505173726261760159e-01	1.948343864008158510e-01	-1.706209722069975676e-01	1.836639781406309291e-01	-2.373425550009123364e-01	2.993392182531380841e-01	-4.079359538743415059e-01	1.935611701363160742e-01	-2.728176946406756231e-01	1.000000000000004885e+00	-5.348428402741635113e-01	1.981325536298893242e-01	-3.697766397535935667e-02	8.212427839500549553e-02	-1.264966176520506413e-01	1.699120170407716068e-01	-2.100941482804831728e-01	3.953648965720479164e-02	-8.051670323158384435e-02	1.076130861758972379e-01	-1.405107350814848444e-01	2.195821964224066447e-01
-9.335305412450767282e-02	6.119691126212074145e-02	-1.048687790755693933e-01	7.776888208894522370e-02	-9.563534600195502944e-02	1.215017892156758234e-01	-8.215953256649284608e-02	9.484117950924982055e-02	-1.162259538815970245e-01	6.463988955366152533e-02	-8.955619903192013620e-02	8.821111053195639096e-02	-1.024529091826766186e-01	9.813765064514788639e-02	-6.330816680827479337e-02	1.023045478845196338e-01	-1.064073200452571172e-01	1.192604684423146377e-01	-1.109794182234452725e-01	1.481293604283532295e-01	-8.742031623042599564e-02	8.740153799228729536e-02	-1.175564643429052175e-01	1.820616242817343633e-01	-1.469515725282373453e-01	9.397933633407663800e-02	-1.076678495903457544e-01	1.154983171421518628e-01	-6.478612409829515029e-01	2.780964124072594079e-01	-1.117108964068052879e-01	1.229460133721170245e-01	-5.348428402741635113e-01	1.000000000000004885e+00	-3.166960233305269323e-01	2.249564722434195876e-02	-5.058731145635177173e-02	7.571326623986382454e-02	-1.718928279655082547e-01	2.167718047701245321e-01	-2.456856163700298773e-02	4.856864433433027289e-02	-7.209785070141780383e-02	1.247370663862870377e-01	-1.864874021870662479e-01
