1.000000000000000000e+00	-3.155589567023889264e-01	1.934607400049294657e-01	-1.101586698848056600e-01	1.264159531279584470e-01	-7.922668235929170022e-01	2.388923242278421233e-01	-2.393838425677707049e-01	1.037106295917081811e-01	-1.050591625576387245e-01	2.194858319886532627e-01	-8.319822005494613426e-02	6.464126509286062527e-02	-8.917062083903311287e-02	7.026544782637152153e-02	-2.778623336940210797e-01	7.838906278080050305e-02	-7.383035334750497058e-02	7.365604547798941526e-02	-7.385412381789797920e-02	3.834034211984683332e-02	-4.146756707996825803e-02	3.363916670019481692e-02	-5.472091339841899521e-02	5.735540253361265384e-02	-3.551833011877255503e-02	3.454178992528927211e-02	-3.258643203376113129e-02	4.109450990479006360e-02	-3.704084950643437429e-02	2.454946038486386165e-02	-2.951013433780072526e-02	3.325012408992667617e-02	-2.592347788207607223e-02	3.887690028540993770e-02	-2.283750945831902746e-02	3.476124823863719487e-02	-2.557194593739256158e-02	2.439400002973787784e-02	-2.419362918683527069e-02	1.563501068055649090e-02	-1.750750498048942241e-02	3.571707417811382373e-02	-3.588475430906568064e-02	2.812465736704016991e-02
-3.155589567023889264e-01	1.000000000000000000e+00	-7.857723133854459530e-01	2.364359307156210233e-01	-3.057336818255059763e-01	1.973476068588030097e-01	-2.779040555653777278e-01	2.283420827051462210e-01	-1.175862112148329530e-01	1.081356873999504420e-01	-8.264009652010720353e-02	5.880275686672631341e-02	-4.974441127758386094e-02	8.427954995807897254e-02	-7.151224139551155823e-02	9.588080911336441248e-02	-4.844429605507521996e-02	4.687236787963008910e-02	-7.173300382111119644e-02	7.005301249696188615e-02	-1.832118209427074582e-02	2.576991559411251700e-02	-2.267973699333444837e-02	4.721415734195111985e-02	-5.047955392407634662e-02	1.667524286824604782e-02	-2.178468387854824023e-02	2.173800360839306736e-02	-3.475432047322279255e-02	3.093602372861274305e-02	-1.430616303720123363e-02	1.907800173363735641e-02	-2.249660496430317888e-02	1.810476965370474631e-02	-3.016863770264504793e-02	1.305730919860189319e-02	-2.305653235030443240e-02	1.736155519098732045e-02	-1.710956501908486582e-02	1.839966454547196581e-02	-9.667682808014331150e-03	1.064016734515560274e-02	-2.470562864954124749e-02	2.572830219262300586e-02	-2.100721931955035204e-02
1.934607400049294657e-01	-7.857723133854459530e-01	1.000000000000000000e+00	-3.752366617197866461e-01	2.597405995479688534e-01	-1.789988245250036802e-01	2.165451827244179450e-01	-2.941133754728600946e-01	1.246520034154030704e-01	-1.164920191063860827e-01	7.384144428796034221e-02	-5.774269995929488808e-02	4.899577089676620395e-02	-8.855762157322943917e-02	7.252578211273848219e-02	-9.032228132732486592e-02	4.639001912719259435e-02	-4.600025315588367192e-02	7.206778021249402033e-02	-7.265149524382183421e-02	1.732803071578528989e-02	-2.479138720384221894e-02	2.191989857691424223e-02	-4.688369080078837875e-02	4.924769346465397019e-02	-1.581788344304216332e-02	2.087639609141145325e-02	-2.104766144145433365e-02	3.390659001360386837e-02	-3.031147304963742115e-02	1.361602236710631429e-02	-1.826780543571564219e-02	2.152237479073443316e-02	-1.740130184909796998e-02	2.899925505399106665e-02	-1.244137817477751311e-02	2.201712032745197639e-02	-1.661811555633176118e-02	1.640997626507823340e-02	-1.775090181303354275e-02	9.214941059458829284e-03	-1.014953670067019961e-02	2.359524506602952293e-02	-2.479335231771943523e-02	2.015104108022658727e-02
-1.101586698848056600e-01	2.364359307156210233e-01	-3.752366617197866461e-01	1.000000000000000222e+00	-8.633915616364691292e-01	9.645310757422524695e-02	-1.387536731572241167e-01	1.558062106937812552e-01	-1.568255335248106008e-01	1.300991971255375246e-01	-4.464500168042475486e-02	4.778013516223129920e-02	-4.263086452677553040e-02	8.943467093289823866e-02	-7.759288151040938386e-02	5.325490569108867756e-02	-3.655155755727652889e-02	3.743274162359472995e-02	-7.337887399486343887e-02	7.240736145240937727e-02	-1.213279861681974478e-02	1.945995287953307049e-02	-1.793473955151515462e-02	4.308667679851078264e-02	-4.536086998235059481e-02	1.100533716893117159e-02	-1.645028658948069489e-02	1.715327515639589184e-02	-3.066207167511225337e-02	2.712486661891206491e-02	-1.033103004793947503e-02	1.444363004986164677e-02	-1.724303746670566295e-02	1.416916503124514108e-02	-2.453630399786426580e-02	9.383674171247254059e-03	-1.747741518973209077e-02	1.332454048699263476e-02	-1.334018903895045800e-02	1.494834771329888595e-02	-7.129550103440707512e-03	7.814018869387243452e-03	-1.893928233073554138e-02	2.036392188359701858e-02	-1.671172107421037278e-02
1.264159531279584470e-01	-3.057336818255059763e-01	2.597405995479688534e-01	-8.633915616364691292e-01	1.000000000000000888e+00	-1.232007162655118226e-01	1.531036234049561739e-01	-1.911470430721068925e-01	1.525086724363424739e-01	-1.648506338735394039e-01	5.589320055008774324e-02	-5.790964609023830506e-02	5.044504601565681645e-02	-1.049741052335782798e-01	9.000759758996859650e-02	-6.867174080934392022e-02	4.410301867021684807e-02	-4.551724525104582780e-02	8.390458487997146109e-02	-8.807127529418355694e-02	1.510905294217269011e-02	-2.380980332986699227e-02	2.172238169886386155e-02	-5.166904525457179792e-02	5.350528739644898335e-02	-1.374534761451176069e-02	2.005236966311993441e-02	-2.084622335426257467e-02	3.636911474352176599e-02	-3.250567259659505742e-02	1.268650617847979188e-02	-1.762103816582586552e-02	2.096450925284861974e-02	-1.721929080020316583e-02	2.950060199649243153e-02	-1.154663729174238047e-02	2.127709450159222596e-02	-1.621084081721752695e-02	1.619730951486810303e-02	-1.805781879773373302e-02	8.727950290033233485e-03	-9.580931403755255787e-03	2.301984054899645915e-02	-2.476277012382727474e-02	2.019458630000823054e-02
-7.922668235929170022e-01	1.973476068588030097e-01	-1.789988245250036802e-01	9.645310757422524695e-02	-1.232007162655118226e-01	1.000000000000000666e+00	-3.233190279878928597e-01	2.002226226414403065e-01	-9.061702410956549991e-02	8.816208060250525780e-02	-3.352948389521183126e-01	7.298557437733790842e-02	-5.754173250139300866e-02	7.593395828522078728e-02	-6.087136258502194586e-02	2.381632335131229350e-01	-7.107286494609833805e-02	6.386601724627105625e-02	-6.435723389233692637e-02	6.238621086333711457e-02	-3.384695540969238220e-02	3.590488504217836246e-02	-2.936740082641005681e-02	4.701503271886632584e-02	-5.024209062414964483e-02	3.068006731869701159e-02	-3.024747113895544931e-02	2.824738340491630625e-02	-3.585952479254150838e-02	3.207174344565370816e-02	-2.147463623378019493e-02	2.572268483367147127e-02	-2.909799894458260650e-02	2.253087013883292924e-02	-3.396460590269403251e-02	1.983320585620245574e-02	-3.046828764651043908e-02	2.232828712896913273e-02	-2.126901849066688624e-02	2.102330785943160377e-02	-1.364155916793154989e-02	1.521840921279810424e-02	-3.126790741156069975e-02	3.105606846320888015e-02	-2.453013522908814234e-02
2.388923242278421233e-01	-2.779040555653777278e-01	2.165451827244179450e-01	-1.387536731572241167e-01	1.531036234049561739e-01	-3.233190279878928597e-01	1.000000000000000666e+00	-7.547879973735126535e-01	2.225180026227499552e-01	-2.252688450521684871e-01	1.235606970564551016e-01	-1.356434636152861473e-01	1.066059626724881193e-01	-1.799554707974324874e-01	1.381024798162104605e-01	-1.448592156860313562e-01	9.629278513401043349e-02	-9.569333117170919500e-02	1.393909322746690049e-01	-1.477502856029882239e-01	3.091420540424331606e-02	-4.872735794702565126e-02	4.367107088084255101e-02	-9.438474293036591689e-02	9.649911668464850045e-02	-2.810699991379692411e-02	4.082925009364213320e-02	-4.190520101396107838e-02	6.687152311463720467e-02	-6.056029190628894887e-02	2.573444391455638469e-02	-3.564201698397728713e-02	4.220932905382353273e-02	-3.432003302242660897e-02	5.740015313183741141e-02	-2.342795551727976794e-02	4.297891790190892097e-02	-3.259599419490321476e-02	3.232347717794864517e-02	-3.529266687331648195e-02	1.767141729713519321e-02	-1.940548965478502280e-02	4.630321839812534535e-02	-4.922037636161460256e-02	3.988923132234784702e-02
-2.393838425677707049e-01	2.283420827051462210e-01	-2.941133754728600946e-01	1.558062106937812552e-01	-1.911470430721068925e-01	2.002226226414403065e-01	-7.547879973735126535e-01	1.000000000000001332e+00	-3.434933492312773895e-01	2.134331092509691441e-01	-9.637504883325161142e-02	1.108382760554608992e-01	-1.006267639090973331e-01	1.751714607508334243e-01	-1.475537187433436370e-01	1.044282287869380543e-01	-8.577555926127450325e-02	8.327453083026938041e-02	-1.499575776401669003e-01	1.378695509628089788e-01	-2.603273926589412188e-02	4.323580985061648702e-02	-3.989214788976962883e-02	8.995479478085172120e-02	-9.771493448824149219e-02	2.343205926502126349e-02	-3.681218573116135095e-02	3.789120262461306149e-02	-6.612980554426130253e-02	5.823487259572941721e-02	-2.290979265537475273e-02	3.231474589545507009e-02	-3.883467116233513261e-02	3.161884734435911615e-02	-5.507326930065363502e-02	2.070100190306906063e-02	-3.941159569418291320e-02	2.995969627011136824e-02	-2.992285696293915664e-02	3.325774595390913746e-02	-1.593488735193647823e-02	1.739110656455330334e-02	-4.285979229847891592e-02	4.530575392158790737e-02	-3.766766022875904507e-02
1.037106295917081811e-01	-1.175862112148329530e-01	1.246520034154030704e-01	-1.568255335248106008e-01	1.525086724363424739e-01	-9.061702410956549991e-02	2.225180026227499552e-01	-3.434933492312773895e-01	1.000000000000001110e+00	-6.683499247763717843e-01	5.300862957668665137e-02	-1.348549671483028622e-01	1.301925014304099737e-01	-4.549301708358823859e-01	2.610183691592991018e-01	-5.954211210402662879e-02	8.833628915929464531e-02	-1.005926530191686707e-01	2.463312589959078813e-01	-2.539602394956042009e-01	2.059312402289574517e-02	-4.183961872460410097e-02	4.209779463203842942e-02	-1.200852949840116590e-01	1.199663610289246340e-01	-1.849556761980379951e-02	3.521510089920140696e-02	-3.994467497027687913e-02	7.974398778050154069e-02	-7.000849174408070585e-02	1.997948846914607973e-02	-3.020716836769741370e-02	3.641862745063100676e-02	-3.071145939331664659e-02	5.567517050234208759e-02	-1.800542455298604141e-02	3.622523987334987788e-02	-2.805494950515434807e-02	2.865499717964578585e-02	-3.400322962869418986e-02	1.410373001172938838e-02	-1.538054624120322941e-02	3.937745528862364452e-02	-4.453919084175302079e-02	3.656163797153551276e-02
-1.050591625576387245e-01	1.081356873999504420e-01	-1.164920191063860827e-01	1.300991971255375246e-01	-1.648506338735394039e-01	8.816208060250525780e-02	-2.252688450521684871e-01	2.134331092509691441e-01	-6.683499247763717843e-01	1.000000000000001776e+00	-5.154573818226196313e-02	1.095607575402597067e-01	-1.087302494050425006e-01	2.702957722448473543e-01	-5.051089431325178625e-01	5.706269865596628327e-02	-7.915116040704751887e-02	8.428461435764553200e-02	-2.789900176260327602e-01	2.624035105386561817e-01	-2.064244371261501898e-02	4.108834786227464481e-02	-4.142811015609862424e-02	1.247158223499826996e-01	-1.389635089194482809e-01	1.849146925091709609e-02	-3.510181490522459868e-02	3.923802019112573175e-02	-8.854913600050022537e-02	7.556888849777886052e-02	-2.043405870976089389e-02	3.078625384712247240e-02	-3.756981783808903408e-02	3.202275480900647342e-02	-6.024361103138763107e-02	1.837894351475608673e-02	-3.733968779172221891e-02	2.905533564169105604e-02	-2.997909216596767942e-02	3.623916762342907494e-02	-1.453298389136552585e-02	1.580995958359133341e-02	-4.112591623474227270e-02	4.660863616035482160e-02	-3.902958583403411813e-02
2.194858319886532627e-01	-8.264009652010720353e-02	7.384144428796034221e-02	-4.464500168042475486e-02	5.589320055008774324e-02	-3.352948389521183126e-01	1.235606970564551016e-01	-9.637504883325161142e-02	5.300862957668665137e-02	-5.154573818226196313e-02	1.000000000000001998e+00	-9.502970730616179529e-02	6.687974735406269911e-02	-5.451182046311745660e-02	4.012816333531554758e-02	-8.874431255213547365e-01	1.153379947646686471e-01	-9.973545121621833764e-02	4.677488611168427457e-02	-4.097157874642894798e-02	6.623555645528907132e-02	-4.905045790931104183e-02	3.685741470081195514e-02	-3.672547207932111424e-02	3.886269997287228328e-02	-6.191156834754818483e-02	4.024620435021749459e-02	-3.573686660404346016e-02	2.956752347611900020e-02	-2.609367061712610653e-02	3.068116937857715346e-02	-3.158410842118346967e-02	3.251486117282040289e-02	-2.382443342129613936e-02	2.960739629478880211e-02	-2.927032523836457095e-02	3.502326823927304211e-02	-2.462590920931914326e-02	2.212183882577019312e-02	-1.900306509806703320e-02	1.751473264572539837e-02	-2.015086729488283976e-02	3.252326988425270626e-02	-3.087752468530866393e-02	2.245250038579932328e-02
-8.319822005494613426e-02	5.880275686672631341e-02	-5.774269995929488808e-02	4.778013516223129920e-02	-5.790964609023830506e-02	7.298557437733790842e-02	-1.356434636152861473e-01	1.108382760554608992e-01	-1.348549671483028622e-01	1.095607575402597067e-01	-9.502970730616179529e-02	1.000000000000002665e+00	-7.173944972274977072e-01	1.944976893851128041e-01	-1.201152028387009463e-01	9.929643358727810454e-02	-5.256424981717959799e-01	3.182719552352490378e-01	-1.746589326505148532e-01	1.073479943467342546e-01	-3.375403348601006132e-02	8.476733660808469240e-02	-8.364680325316375953e-02	8.623832304762438228e-02	-9.076399996351408594e-02	2.991530467961534337e-02	-6.972098392746266249e-02	7.346593543944240912e-02	-6.670946384153021713e-02	5.478207513292797370e-02	-2.891286848334536502e-02	4.618280814870696221e-02	-5.103842309054397453e-02	3.658073459214498946e-02	-5.110204946462652831e-02	2.588000260535628858e-02	-5.164909263259691297e-02	3.685506316995489084e-02	-3.400863574932480593e-02	3.187246193249001353e-02	-1.890934233254364105e-02	2.074557663069183377e-02	-4.778104606809070037e-02	4.706102029175895235e-02	-3.597745564041125721e-02
6.464126509286062527e-02	-4.974441127758386094e-02	4.899577089676620395e-02	-4.263086452677553040e-02	5.044504601565681645e-02	-5.754173250139300866e-02	1.066059626724881193e-01	-1.006267639090973331e-01	1.301925014304099737e-01	-1.087302494050425006e-01	6.687974735406269911e-02	-7.173944972274977072e-01	9.999999999999994449e-01	-2.801775805143071896e-01	1.119454728878595678e-01	-7.402050785951243272e-02	3.075917144159482919e-01	-5.192417692654416328e-01	1.655584738447567206e-01	-1.057250495691186010e-01	2.726854912969902886e-02	-7.309377791808482905e-02	8.192020326500197569e-02	-8.114052830523703352e-02	8.054209697340201923e-02	-2.444073830655277974e-02	5.795389656859667449e-02	-7.443484143601553082e-02	5.985051641002649137e-02	-4.942627977828617514e-02	2.411104922146028659e-02	-3.954508467227766527e-02	4.383108987976683246e-02	-3.178103027143175385e-02	4.440086842157486141e-02	-2.169212544352605576e-02	4.338395671734344289e-02	-3.165599856331546835e-02	2.926556406326447091e-02	-2.785011462400743820e-02	1.589294399573817559e-02	-1.748938990172777333e-02	4.061035794980964730e-02	-4.096933125368133061e-02	3.108929640683291001e-02
-8.917062083903311287e-02	8.427954995807897254e-02	-8.855762157322943917e-02	8.943467093289823866e-02	-1.049741052335782798e-01	7.593395828522078728e-02	-1.799554707974324874e-01	1.751714607508334243e-01	-4.549301708358823859e-01	2.702957722448473543e-01	-5.451182046311745660e-02	1.944976893851128041e-01	-2.801775805143071896e-01	1.000000000000000444e+00	-3.318049133125151595e-01	5.997591857399149629e-02	-1.334495562677272262e-01	1.499382169344977977e-01	-6.353054377497709959e-01	2.727281630303161064e-01	-2.476532044148673992e-02	5.459734711454766742e-02	-5.833587791455174115e-02	1.665248875433226750e-01	-1.677446835627642574e-01	2.214244191148493149e-02	-4.620358185515201915e-02	5.407290787122064762e-02	-1.158706721703989112e-01	9.215662392545538595e-02	-2.466610249902401533e-02	3.831837354203191520e-02	-4.617277241251166453e-02	3.870221614560921675e-02	-7.139137822748549411e-02	2.215448875333143192e-02	-4.558278877973961918e-02	3.524585634392801009e-02	-3.604386585747294119e-02	4.290922217464374078e-02	-1.738318254364977500e-02	1.893184505676623330e-02	-4.891177102994069548e-02	5.522696117231014334e-02	-4.585644397663951599e-02
7.026544782637152153e-02	-7.151224139551155823e-02	7.252578211273848219e-02	-7.759288151040938386e-02	9.000759758996859650e-02	-6.087136258502194586e-02	1.381024798162104605e-01	-1.475537187433436370e-01	2.610183691592991018e-01	-5.051089431325178625e-01	4.012816333531554758e-02	-1.201152028387009463e-01	1.119454728878595678e-01	-3.318049133125151595e-01	1.000000000000002442e+00	-4.507916223559101793e-02	7.847958700861566717e-02	-9.003839888591558260e-02	2.806514802523822349e-01	-6.904357887237621005e-01	1.926934233175321004e-02	-4.127062094055838209e-02	4.227311980396996488e-02	-1.439335596993078226e-01	1.493882778510800258e-01	-1.727865610093462165e-02	3.486466938711334923e-02	-4.043001989701793669e-02	9.151437351362894101e-02	-8.562799997800805973e-02	1.983634900854053945e-02	-3.060875528829747061e-02	3.733114535212484625e-02	-3.259355182374543136e-02	6.139981971418647516e-02	-1.785891661678868508e-02	3.682945723180276743e-02	-2.898667518096860463e-02	3.023661037232698579e-02	-3.789775381383625463e-02	1.420833801649897324e-02	-1.547322082804402504e-02	4.072209375295139655e-02	-4.825165633017643174e-02	3.945989425392539690e-02
-2.778623336940210797e-01	9.588080911336441248e-02	-9.032228132732486592e-02	5.325490569108867756e-02	-6.867174080934392022e-02	2.381632335131229350e-01	-1.448592156860313562e-01	1.044282287869380543e-01	-5.954211210402662879e-02	5.706269865596628327e-02	-8.874431255213547365e-01	9.929643358727810454e-02	-7.402050785951243272e-02	5.997591857399149629e-02	-4.507916223559101793e-02	1.000000000000001332e+00	-1.501553256031716022e-01	1.054221843790918711e-01	-5.259566548083374760e-02	4.544498023366262685e-02	-8.201709745630268722e-02	5.399068803275879069e-02	-4.103343825140342432e-02	4.101275573607151420e-02	-4.409587481522363878e-02	6.776302133944217543e-02	-4.548114544001412990e-02	3.918034335125634288e-02	-3.339033225046461606e-02	2.936376829828066942e-02	-3.467318680477590037e-02	3.539123845023914999e-02	-3.680293988343148748e-02	2.675187786571999252e-02	-3.361991888184034938e-02	3.240065319320245552e-02	-3.975952270295515095e-02	2.779549735563746973e-02	-2.498208003228178514e-02	2.145400104554256657e-02	-1.965312650704905545e-02	2.240943390086808443e-02	-3.698048328502696186e-02	3.460627805011040614e-02	-2.544201457707507413e-02
7.838906278080050305e-02	-4.844429605507521996e-02	4.639001912719259435e-02	-3.655155755727652889e-02	4.410301867021684807e-02	-7.107286494609833805e-02	9.629278513401043349e-02	-8.577555926127450325e-02	8.833628915929464531e-02	-7.915116040704751887e-02	1.153379947646686471e-01	-5.256424981717959799e-01	3.075917144159482919e-01	-1.334495562677272262e-01	7.847958700861566717e-02	-1.501553256031716022e-01	1.000000000000002887e+00	-7.386557988158847232e-01	1.089355814654533045e-01	-7.630190369173833753e-02	4.241533311622491115e-02	-1.326236036420854469e-01	1.188917526420971288e-01	-7.196606964242364957e-02	7.186680355853156121e-02	-3.809087362315580899e-02	9.374560845900337114e-02	-1.103164772668751709e-01	5.735371429541018251e-02	-4.798791915751941112e-02	3.446143316872044005e-02	-5.766506645107787737e-02	6.056979211008248210e-02	-4.109669944486769866e-02	4.811009083641865081e-02	-3.106185269544042143e-02	6.074044266241035439e-02	-4.275727427744945713e-02	3.759221523801327403e-02	-3.114498229066667290e-02	2.182203616744505387e-02	-2.417327751828543189e-02	5.253735699861662722e-02	-4.994615156435339848e-02	3.567995376137261115e-02
-7.383035334750497058e-02	4.687236787963008910e-02	-4.600025315588367192e-02	3.743274162359472995e-02	-4.551724525104582780e-02	6.386601724627105625e-02	-9.569333117170919500e-02	8.327453083026938041e-02	-1.005926530191686707e-01	8.428461435764553200e-02	-9.973545121621833764e-02	3.182719552352490378e-01	-5.192417692654416328e-01	1.499382169344977977e-01	-9.003839888591558260e-02	1.054221843790918711e-01	-7.386557988158847232e-01	1.000000000000000666e+00	-1.315747841421357478e-01	8.338255636494475154e-02	-3.853989952574499861e-02	1.094423077291298563e-01	-1.461548473801694004e-01	7.567989598884021507e-02	-7.711970348079991155e-02	3.429784271498641929e-02	-8.843364084042391882e-02	1.123134478890397275e-01	-6.085713365089241017e-02	4.981121492624166619e-02	-3.255264646534966611e-02	5.470403354826369052e-02	-5.926502379967753253e-02	3.996174811616545058e-02	-4.855024092137556757e-02	2.917253497441401819e-02	-5.853245441597955401e-02	4.146725770647974318e-02	-3.669934268082905571e-02	3.106865407250525637e-02	-2.079852980460463602e-02	2.293813257616252738e-02	-5.124945481032862349e-02	4.871953151393536990e-02	-3.541303247313058733e-02
7.365604547798941526e-02	-7.173300382111119644e-02	7.206778021249402033e-02	-7.337887399486343887e-02	8.390458487997146109e-02	-6.435723389233692637e-02	1.393909322746690049e-01	-1.499575776401669003e-01	2.463312589959078813e-01	-2.789900176260327602e-01	4.677488611168427457e-02	-1.746589326505148532e-01	1.655584738447567206e-01	-6.353054377497709959e-01	2.806514802523822349e-01	-5.259566548083374760e-02	1.089355814654533045e-01	-1.315747841421357478e-01	1.000000000000001554e+00	-5.138075897950684645e-01	2.458361654370484067e-02	-5.530448461197244592e-02	5.966285864548817597e-02	-2.782658288042794137e-01	1.972316587281850719e-01	-2.204510191383311432e-02	4.662187418785475324e-02	-5.672497460143863246e-02	1.401077303775490612e-01	-1.157553842113655668e-01	2.553936093116457307e-02	-4.010260823700691202e-02	4.879911921613886566e-02	-4.261050384911128919e-02	8.082012023066446893e-02	-2.298519030361746013e-02	4.779665519523398215e-02	-3.767703113570202572e-02	3.937308768097660949e-02	-4.937120659774014986e-02	1.824952883121725225e-02	-1.988591809780052705e-02	5.238336300180665428e-02	-6.214084971526256940e-02	5.108640232586965368e-02
-7.385412381789797920e-02	7.005301249696188615e-02	-7.265149524382183421e-02	7.240736145240937727e-02	-8.807127529418355694e-02	6.238621086333711457e-02	-1.477502856029882239e-01	1.378695509628089788e-01	-2.539602394956042009e-01	2.624035105386561817e-01	-4.097157874642894798e-02	1.073479943467342546e-01	-1.057250495691186010e-01	2.727281630303161064e-01	-6.904357887237621005e-01	4.544498023366262685e-02	-7.630190369173833753e-02	8.338255636494475154e-02	-5.138075897950684645e-01	1.000000000000002220e+00	-2.097418607741137822e-02	4.446012978844369329e-02	-4.649216405177414996e-02	1.775474500977533843e-01	-2.272595779221491807e-01	1.876687954828222191e-02	-3.815830348265702304e-02	4.432342532846968164e-02	-1.191195580968637119e-01	1.073154733059072663e-01	-2.214585528800963946e-02	3.421238337081092956e-02	-4.227603979071024864e-02	3.759026808410393522e-02	-7.454127473196835163e-02	1.990849199949333223e-02	-4.154085120817110899e-02	3.296287461469916275e-02	-3.491781403203611522e-02	4.515156306161765415e-02	-1.599022123166172690e-02	1.738040450220399921e-02	-4.655277181684695786e-02	5.588520560625500483e-02	-4.665713620043440701e-02
3.834034211984683332e-02	-1.832118209427074582e-02	1.732803071578528989e-02	-1.213279861681974478e-02	1.510905294217269011e-02	-3.384695540969238220e-02	3.091420540424331606e-02	-2.603273926589412188e-02	2.059312402289574517e-02	-2.064244371261501898e-02	6.623555645528907132e-02	-3.375403348601006132e-02	2.726854912969902886e-02	-2.476532044148673992e-02	1.926934233175321004e-02	-8.201709745630268722e-02	4.241533311622491115e-02	-3.853989952574499861e-02	2.458361654370484067e-02	-2.097418607741137822e-02	1.000000000000002442e+00	-1.742764714340419296e-01	7.314926307911756576e-02	-3.734433423308580746e-02	4.087750268571807566e-02	-9.172310854112308842e-01	1.533485127964990813e-01	-7.929848191929958490e-02	3.730775353466699029e-02	-3.362008567706344098e-02	1.927375571755670924e-01	-1.187396335806345793e-01	9.303229077240328382e-02	-6.447320779176642092e-02	5.088994291638867379e-02	-1.958382471209918763e-01	1.140087898807697619e-01	-7.275459301849068749e-02	5.767278059883920033e-02	-3.669065698953147964e-02	8.431076825378425177e-02	-1.030790325289014930e-01	8.546182067771679325e-02	-7.553880315662640788e-02	4.468714489776361154e-02
-4.146756707996825803e-02	2.576991559411251700e-02	-2.479138720384221894e-02	1.945995287953307049e-02	-2.380980332986699227e-02	3.590488504217836246e-02	-4.872735794702565126e-02	4.323580985061648702e-02	-4.183961872460410097e-02	4.108834786227464481e-02	-4.905045790931104183e-02	8.476733660808469240e-02	-7.309377791808482905e-02	5.459734711454766742e-02	-4.127062094055838209e-02	5.399068803275879069e-02	-1.326236036420854469e-01	1.094423077291298563e-01	-5.530448461197244592e-02	4.446012978844369329e-02	-1.742764714340419296e-01	1.000000000000002220e+00	-3.547173359765263823e-01	8.627499228290519406e-02	-9.024124870370024698e-02	1.477443916551428038e-01	-7.600149344094003778e-01	2.600238007798140183e-01	-8.732833247211239935e-02	7.320653304186286459e-02	-1.353922038766306735e-01	2.514350070153535954e-01	-2.324580324857898339e-01	1.266827474323799496e-01	-9.980196467655434722e-02	1.156775821017478056e-01	-2.626890006380739884e-01	1.509180581663598364e-01	-1.194797062019160722e-01	6.964881587977581057e-02	-7.728258339138655009e-02	8.424885830266046205e-02	-1.708417980355085575e-01	1.328894004721574151e-01	-8.435102078742362508e-02
3.363916670019481692e-02	-2.267973699333444837e-02	2.191989857691424223e-02	-1.793473955151515462e-02	2.172238169886386155e-02	-2.936740082641005681e-02	4.367107088084255101e-02	-3.989214788976962883e-02	4.209779463203842942e-02	-4.142811015609862424e-02	3.685741470081195514e-02	-8.364680325316375953e-02	8.192020326500197569e-02	-5.833587791455174115e-02	4.227311980396996488e-02	-4.103343825140342432e-02	1.188917526420971288e-01	-1.461548473801694004e-01	5.966285864548817597e-02	-4.649216405177414996e-02	7.314926307911756576e-02	-3.547173359765263823e-01	1.000000000000003553e+00	-1.157755497238592696e-01	9.408247935338978629e-02	-6.884470857737419458e-02	2.430288270204724599e-01	-8.544100506671868933e-01	1.059568462899214414e-01	-8.261945044056415166e-02	7.001325023427584782e-02	-1.474338313850052651e-01	1.574590711168776247e-01	-9.554328779994741838e-02	8.076661648366707802e-02	-6.376658096960514943e-02	1.325701688006778456e-01	-1.031134988972380317e-01	8.194874929943905817e-02	-5.600352532453182347e-02	4.387168901736483717e-02	-4.931481478291566134e-02	1.074554207736812816e-01	-1.008179608054635967e-01	6.369739249069775178e-02
-5.472091339841899521e-02	4.721415734195111985e-02	-4.688369080078837875e-02	4.308667679851078264e-02	-5.166904525457179792e-02	4.701503271886632584e-02	-9.438474293036591689e-02	8.995479478085172120e-02	-1.200852949840116590e-01	1.247158223499826996e-01	-3.672547207932111424e-02	8.623832304762438228e-02	-8.114052830523703352e-02	1.665248875433226750e-01	-1.439335596993078226e-01	4.101275573607151420e-02	-7.196606964242364957e-02	7.567989598884021507e-02	-2.782658288042794137e-01	1.775474500977533843e-01	-3.734433423308580746e-02	8.627499228290519406e-02	-1.157755497238592696e-01	1.000000000000000666e+00	-6.288639035780507758e-01	3.338414467533244029e-02	-7.732199238908152306e-02	1.054088323987330822e-01	-5.776281117765776907e-01	3.045125018289545626e-01	-4.400791771494762250e-02	7.119051633037802584e-02	-9.122826132314450220e-02	8.656652720413360314e-02	-1.919827526924943739e-01	3.946532548155081560e-02	-8.654701535938495727e-02	7.107487535570181092e-02	-7.959811981150169413e-02	1.096436726506166276e-01	-3.248282525477294569e-02	3.522640634225678025e-02	-9.934509959428786119e-02	1.248299548504014367e-01	-1.097936426403495064e-01
5.735540253361265384e-02	-5.047955392407634662e-02	4.924769346465397019e-02	-4.536086998235059481e-02	5.350528739644898335e-02	-5.024209062414964483e-02	9.649911668464850045e-02	-9.771493448824149219e-02	1.199663610289246340e-01	-1.389635089194482809e-01	3.886269997287228328e-02	-9.076399996351408594e-02	8.054209697340201923e-02	-1.677446835627642574e-01	1.493882778510800258e-01	-4.409587481522363878e-02	7.186680355853156121e-02	-7.711970348079991155e-02	1.972316587281850719e-01	-2.272595779221491807e-01	4.087750268571807566e-02	-9.024124870370024698e-02	9.408247935338978629e-02	-6.288639035780507758e-01	1.000000000000003331e+00	-3.663181992564275985e-02	7.825158572576365601e-02	-9.440473329935715474e-02	3.211547054846336513e-01	-5.181927826485874800e-01	5.022303926206050234e-02	-7.959719526011513335e-02	1.017596031301633425e-01	-1.024840616088698447e-01	2.192278618716836935e-01	-4.532392613784008012e-02	9.824667039068932239e-02	-8.264589830133250992e-02	9.315176207969130817e-02	-1.455441163301843810e-01	3.805079201227773433e-02	-4.139689383805979228e-02	1.179037629370429663e-01	-1.675663501490068652e-01	1.317195546609098156e-01
-3.551833011877255503e-02	1.667524286824604782e-02	-1.581788344304216332e-02	1.100533716893117159e-02	-1.374534761451176069e-02	3.068006731869701159e-02	-2.810699991379692411e-02	2.343205926502126349e-02	-1.849556761980379951e-02	1.849146925091709609e-02	-6.191156834754818483e-02	2.991530467961534337e-02	-2.444073830655277974e-02	2.214244191148493149e-02	-1.727865610093462165e-02	6.776302133944217543e-02	-3.809087362315580899e-02	3.429784271498641929e-02	-2.204510191383311432e-02	1.876687954828222191e-02	-9.172310854112308842e-01	1.477443916551428038e-01	-6.884470857737419458e-02	3.338414467533244029e-02	-3.663181992564275985e-02	1.000000000000000888e+00	-1.731769934363454333e-01	7.289794587351190736e-02	-3.359689134370127256e-02	3.006304747069114824e-02	-2.474694335310831383e-01	1.118989324480890724e-01	-8.857773788817174809e-02	5.812190177770318322e-02	-4.544969521080381714e-02	1.704784027299113547e-01	-1.101387826852590762e-01	6.720427840293556609e-02	-5.276541552743270469e-02	3.261557652579576139e-02	-7.699769914657532410e-02	8.775711170486399926e-02	-7.896906659349504920e-02	6.649769315258052815e-02	-3.982555773037903257e-02
3.454178992528927211e-02	-2.178468387854824023e-02	2.087639609141145325e-02	-1.645028658948069489e-02	2.005236966311993441e-02	-3.024747113895544931e-02	4.082925009364213320e-02	-3.681218573116135095e-02	3.521510089920140696e-02	-3.510181490522459868e-02	4.024620435021749459e-02	-6.972098392746266249e-02	5.795389656859667449e-02	-4.620358185515201915e-02	3.486466938711334923e-02	-4.548114544001412990e-02	9.374560845900337114e-02	-8.843364084042391882e-02	4.662187418785475324e-02	-3.815830348265702304e-02	1.533485127964990813e-01	-7.600149344094003778e-01	2.430288270204724599e-01	-7.732199238908152306e-02	7.825158572576365601e-02	-1.731769934363454333e-01	9.999999999999994449e-01	-3.264998126050231986e-01	7.819080241663831088e-02	-6.674298808552985018e-02	1.278040968383107323e-01	-3.797692439490653049e-01	2.090564177407466806e-01	-1.223011971319317992e-01	8.923547058696958134e-02	-1.156948521108225741e-01	2.258359733926205981e-01	-1.420550561932447386e-01	1.081144334904269172e-01	-6.403988539469804286e-02	7.093899958309204945e-02	-8.040550622762798749e-02	1.469886115304656349e-01	-1.270826033013949807e-01	7.650614662697097224e-02
-3.258643203376113129e-02	2.173800360839306736e-02	-2.104766144145433365e-02	1.715327515639589184e-02	-2.084622335426257467e-02	2.824738340491630625e-02	-4.190520101396107838e-02	3.789120262461306149e-02	-3.994467497027687913e-02	3.923802019112573175e-02	-3.573686660404346016e-02	7.346593543944240912e-02	-7.443484143601553082e-02	5.407290787122064762e-02	-4.043001989701793669e-02	3.918034335125634288e-02	-1.103164772668751709e-01	1.123134478890397275e-01	-5.672497460143863246e-02	4.432342532846968164e-02	-7.929848191929958490e-02	2.600238007798140183e-01	-8.544100506671868933e-01	1.054088323987330822e-01	-9.440473329935715474e-02	7.289794587351190736e-02	-3.264998126050231986e-01	1.000000000000002442e+00	-1.188890196259096144e-01	8.394739186839030032e-02	-7.562513190033633148e-02	1.589047487022624272e-01	-2.015630388237051041e-01	9.985621044513989797e-02	-8.353988982900695248e-02	6.746147556872121587e-02	-1.488032525954221530e-01	1.120226307645173086e-01	-8.823393147818797688e-02	5.734015650035084732e-02	-4.663472782832660951e-02	5.191496877596098874e-02	-1.171747254763735174e-01	1.026843222404261458e-01	-6.565579966332660278e-02
4.109450990479006360e-02	-3.475432047322279255e-02	3.390659001360386837e-02	-3.066207167511225337e-02	3.636911474352176599e-02	-3.585952479254150838e-02	6.687152311463720467e-02	-6.612980554426130253e-02	7.974398778050154069e-02	-8.854913600050022537e-02	2.956752347611900020e-02	-6.670946384153021713e-02	5.985051641002649137e-02	-1.158706721703989112e-01	9.151437351362894101e-02	-3.339033225046461606e-02	5.735371429541018251e-02	-6.085713365089241017e-02	1.401077303775490612e-01	-1.191195580968637119e-01	3.730775353466699029e-02	-8.732833247211239935e-02	1.059568462899214414e-01	-5.776281117765776907e-01	3.211547054846336513e-01	-3.359689134370127256e-02	7.819080241663831088e-02	-1.188890196259096144e-01	9.999999999999996669e-01	-6.608823993247769923e-01	4.568202666698299719e-02	-7.558756532813908080e-02	9.691372064764743055e-02	-1.063484183134368599e-01	2.160502731251556507e-01	-4.131752356734451348e-02	9.048736384813688138e-02	-7.751473183137945477e-02	9.146498812629565156e-02	-1.400808243464219116e-01	3.419385737566875416e-02	-3.734868899647565688e-02	1.060141316594665206e-01	-1.509889882909269676e-01	1.207569600831952389e-01
-3.704084950643437429e-02	3.093602372861274305e-02	-3.031147304963742115e-02	2.712486661891206491e-02	-3.250567259659505742e-02	3.207174344565370816e-02	-6.056029190628894887e-02	5.823487259572941721e-02	-7.000849174408070585e-02	7.556888849777886052e-02	-2.609367061712610653e-02	5.478207513292797370e-02	-4.942627977828617514e-02	9.215662392545538595e-02	-8.562799997800805973e-02	2.936376829828066942e-02	-4.798791915751941112e-02	4.981121492624166619e-02	-1.157553842113655668e-01	1.073154733059072663e-01	-3.362008567706344098e-02	7.320653304186286459e-02	-8.261945044056415166e-02	3.045125018289545626e-01	-5.181927826485874800e-01	3.006304747069114824e-02	-6.674298808552985018e-02	8.394739186839030032e-02	-6.608823993247769923e-01	1.000000000000000000e+00	-4.254108227404968662e-02	6.858133656494119768e-02	-9.043796346319908641e-02	9.686394239603095258e-02	-3.757532179630813096e-01	3.832584954278653311e-02	-8.520219318876598447e-02	7.346250344359779583e-02	-8.867812963193835718e-02	1.620492137714261982e-01	-3.243359785406573631e-02	3.522412714895036684e-02	-1.039485369380158952e-01	1.498035407347184100e-01	-1.438666165815394582e-01
2.454946038486386165e-02	-1.430616303720123363e-02	1.361602236710631429e-02	-1.033103004793947503e-02	1.268650617847979188e-02	-2.147463623378019493e-02	2.573444391455638469e-02	-2.290979265537475273e-02	1.997948846914607973e-02	-2.043405870976089389e-02	3.068116937857715346e-02	-2.891286848334536502e-02	2.411104922146028659e-02	-2.466610249902401533e-02	1.983634900854053945e-02	-3.467318680477590037e-02	3.446143316872044005e-02	-3.255264646534966611e-02	2.553936093116457307e-02	-2.214585528800963946e-02	1.927375571755670924e-01	-1.353922038766306735e-01	7.001325023427584782e-02	-4.400791771494762250e-02	5.022303926206050234e-02	-2.474694335310831383e-01	1.278040968383107323e-01	-7.562513190033633148e-02	4.568202666698299719e-02	-4.254108227404968662e-02	1.000000000000003331e+00	-2.279210438089916135e-01	1.440981973750899425e-01	-1.005892772459632406e-01	7.082552989574909807e-02	-8.275136456269835961e-01	2.044491688287195519e-01	-1.211918299713123232e-01	8.904936488452283583e-02	-5.292327147755198496e-02	2.138265800807968298e-01	-2.585974118975072900e-01	1.358887578078187830e-01	-1.160150938814109300e-01	6.474958645406291013e-02
-2.951013433780072526e-02	1.907800173363735641e-02	-1.826780543571564219e-02	1.444363004986164677e-02	-1.762103816582586552e-02	2.572268483367147127e-02	-3.564201698397728713e-02	3.231474589545507009e-02	-3.020716836769741370e-02	3.078625384712247240e-02	-3.158410842118346967e-02	4.618280814870696221e-02	-3.954508467227766527e-02	3.831837354203191520e-02	-3.060875528829747061e-02	3.539123845023914999e-02	-5.766506645107787737e-02	5.470403354826369052e-02	-4.010260823700691202e-02	3.421238337081092956e-02	-1.187396335806345793e-01	2.514350070153535954e-01	-1.474338313850052651e-01	7.119051633037802584e-02	-7.959719526011513335e-02	1.118989324480890724e-01	-3.797692439490653049e-01	1.589047487022624272e-01	-7.558756532813908080e-02	6.858133656494119768e-02	-2.279210438089916135e-01	1.000000000000001332e+00	-5.087867975459752223e-01	1.923402677372269276e-01	-1.121047150674133464e-01	1.797309823965727027e-01	-6.144780532769665848e-01	2.592388570229842149e-01	-1.777016896813174429e-01	8.410362860582078215e-02	-1.098820291045242009e-01	1.210312152992577134e-01	-2.385791366975864025e-01	1.792007712543554621e-01	-1.023214966524585712e-01
3.325012408992667617e-02	-2.249660496430317888e-02	2.152237479073443316e-02	-1.724303746670566295e-02	2.096450925284861974e-02	-2.909799894458260650e-02	4.220932905382353273e-02	-3.883467116233513261e-02	3.641862745063100676e-02	-3.756981783808903408e-02	3.251486117282040289e-02	-5.103842309054397453e-02	4.383108987976683246e-02	-4.617277241251166453e-02	3.733114535212484625e-02	-3.680293988343148748e-02	6.056979211008248210e-02	-5.926502379967753253e-02	4.879911921613886566e-02	-4.227603979071024864e-02	9.303229077240328382e-02	-2.324580324857898339e-01	1.574590711168776247e-01	-9.122826132314450220e-02	1.017596031301633425e-01	-8.857773788817174809e-02	2.090564177407466806e-01	-2.015630388237051041e-01	9.691372064764743055e-02	-9.043796346319908641e-02	1.440981973750899425e-01	-5.087867975459752223e-01	1.000000000000002220e+00	-3.815662148998030800e-01	1.511126735874119831e-01	-1.391443368252287260e-01	3.168911550195814275e-01	-5.070320623691152440e-01	2.618325483946677967e-01	-1.189257527768942946e-01	9.783187710337419574e-02	-1.144072480392188812e-01	2.877014262112667642e-01	-2.691679635274191740e-01	1.410340692147238340e-01
-2.592347788207607223e-02	1.810476965370474631e-02	-1.740130184909796998e-02	1.416916503124514108e-02	-1.721929080020316583e-02	2.253087013883292924e-02	-3.432003302242660897e-02	3.161884734435911615e-02	-3.071145939331664659e-02	3.202275480900647342e-02	-2.382443342129613936e-02	3.658073459214498946e-02	-3.178103027143175385e-02	3.870221614560921675e-02	-3.259355182374543136e-02	2.675187786571999252e-02	-4.109669944486769866e-02	3.996174811616545058e-02	-4.261050384911128919e-02	3.759026808410393522e-02	-6.447320779176642092e-02	1.266827474323799496e-01	-9.554328779994741838e-02	8.656652720413360314e-02	-1.024840616088698447e-01	5.812190177770318322e-02	-1.223011971319317992e-01	9.985621044513989797e-02	-1.063484183134368599e-01	9.686394239603095258e-02	-1.005892772459632406e-01	1.923402677372269276e-01	-3.815662148998030800e-01	1.000000000000004885e+00	-1.929370259664336673e-01	9.171943096468682111e-02	-2.458303230582828680e-01	2.719369273241910023e-01	-7.788486599551548428e-01	1.422510197729259795e-01	-7.653630618782165940e-02	8.390859944425550776e-02	-2.859751872011597196e-01	2.492583964490034387e-01	-1.690401182208046138e-01
